1700045  0.5494687557220459
1700046  0.5494687557220459
1700047  0.5494687557220459
1700048  0.5494687557220459
1700069  0.5494687557220459
1700070  0.5494687557220459
1700074  0.5494687557220459
1700080  0.5494687557220459
1700086  0.5494687557220459
2000048  0.5494687557220459
2000049  0.5494687557220459
2000050  0.5494687557220459
2600126  0.5494687557220459
2600129  0.5494687557220459
2600139  0.5494687557220459
2600140  0.5494687557220459
2600141  0.5494687557220459
2600149  0.5494687557220459
2600151  0.5494687557220459
2600152  0.5494687557220459
2600153  0.5494687557220459
2600154  0.5494687557220459
2600157  0.5494687557220459
2600158  0.5494687557220459
2600168  0.5494687557220459
2600169  0.5494687557220459
2700044  0.5494687557220459
2700047  0.5494687557220459
2700075  0.5494687557220459
2700079  0.5494687557220459
2700080  0.5494687557220459
2700083  0.5494687557220459
2700088  0.5494687557220459
2700092  0.5494687557220459
2700093  0.5494687557220459
2700099  0.5494687557220459
2700100  0.5494687557220459
2700101  0.5494687557220459
2700103  0.5494687557220459
2700104  0.5494687557220459
2700105  0.5494687557220459
2700106  0.5494687557220459
2700107  0.5494687557220459
2700109  0.5494687557220459
2700110  0.5494687557220459
2700111  0.5494687557220459
2700112  0.5494687557220459
2700116  0.5494687557220459
2700132  0.5494687557220459
3601431  0.5494687557220459
3601456  0.5494687557220459
3601467  0.5494687557220459
3601479  0.5494687557220459
3601503  0.5494687557220459
3601517  0.5494687557220459
3601534  0.5494687557220459
3601535  0.5494687557220459
3601536  0.5494687557220459
3601537  0.5494687557220459
3601538  0.5494687557220459
3601546  0.5494687557220459
3601547  0.5494687557220459
3601551  0.5494687557220459
3601552  0.5494687557220459
3601555  0.5494687557220459
3601556  0.5494687557220459
3601557  0.5494687557220459
3601558  0.5494687557220459
3601561  0.5494687557220459
3601562  0.5494687557220459
3601564  0.5494687557220459
3601565  0.5494687557220459
3601567  0.5494687557220459
3601568  0.5494687557220459
3601569  0.5494687557220459
3601570  0.5494687557220459
3601571  0.5494687557220459
3601572  0.5494687557220459
3601574  0.5494687557220459
3601576  0.5494687557220459
3603002  0.5494687557220459
3603020  0.5494687557220459
3603334  0.5494687557220459
3603338  0.5494687557220459
3603342  0.5494687557220459
3603343  0.5494687557220459
3603347  0.5494687557220459
3603351  0.5494687557220459
3603361  0.5494687557220459
3603365  0.5494687557220459
3603366  0.5494687557220459
3603367  0.5494687557220459
3700029  0.5494687557220459
3701535  0.5494687557220459
3703043  0.5494687557220459
3704074  0.5494687557220459
3705103  0.5494687557220459
3706142  0.5494687557220459
3706150  0.5494687557220459
3706158  0.5494687557220459
3706166  0.5494687557220459
3706174  0.5494687557220459
3803708  0.5494687557220459
3803740  0.5494687557220459
3803741  0.5494687557220459
3803743  0.5494687557220459
3900063  0.5494687557220459
3900070  0.5494687557220459
3900071  0.5494687557220459
3900265  0.5494687557220459
3900301  0.5494687557220459
3900302  0.5494687557220459
3900305  0.5494687557220459
3900308  0.5494687557220459
3900312  0.5494687557220459
3900314  0.5494687557220459
4000257  0.5494687557220459
4000260  0.5494687557220459
4103747  0.5494687557220459
4103773  0.5494687557220459
4103774  0.5494687557220459
4103776  0.5494687557220459
4200062  0.5494687557220459
4300093  0.5494687557220459
4300103  0.5494687557220459
4300109  0.5494687557220459
4300115  0.5494687557220459
4300126  0.5494687557220459
4300134  0.5494687557220459
4300160  0.5494687557220459
4300161  0.5494687557220459
4300162  0.5494687557220459
4300163  0.5494687557220459
4300301  0.5494687557220459
4300302  0.5494687557220459
4300303  0.5494687557220459
4300305  0.5494687557220459
4300306  0.5494687557220459
4300307  0.5494687557220459
4300309  0.5494687557220459
4300432  0.5494687557220459
4300435  0.5494687557220459
4300436  0.5494687557220459
4300439  0.5494687557220459
4300440  0.5494687557220459
4300532  0.5494687557220459
4300533  0.5494687557220459
4300534  0.5494687557220459
4300538  0.5494687557220459
4300541  0.5494687557220459
4300542  0.5494687557220459
4300543  0.5494687557220459
4300599  0.5494687557220459
4300600  0.5494687557220459
4300602  0.5494687557220459
4300755  0.5494687557220459
4300756  0.5494687557220459
4300757  0.5494687557220459
4300758  0.5494687557220459
4300764  0.5494687557220459
4300800  0.5494687557220459
4300801  0.5494687557220459
4500045  0.5494687557220459
4500063  0.5494687557220459
4500095  0.5494687557220459
4500098  0.5494687557220459
4500099  0.5494687557220459
4500100  0.5494687557220459
4500101  0.5494687557220459
4500105  0.5494687557220459
4500350  0.5494687557220459
4500351  0.5494687557220459
4500352  0.5494687557220459
4500354  0.5494687557220459
4600050  0.5494687557220459
4600120  0.5494687557220459
4600128  0.5494687557220459
4600129  0.5494687557220459
4600131  0.5494687557220459
4600154  0.5494687557220459
4600159  0.5494687557220459
4600195  0.5494687557220459
4600201  0.5494687557220459
4600205  0.5494687557220459
4700131  0.5494687557220459
4700137  0.5494687557220459
4700138  0.5494687557220459
4700139  0.5494687557220459
4700142  0.5494687557220459
4700143  0.5494687557220459
4700146  0.5494687557220459
4700151  0.5494687557220459
4800073  0.5494687557220459
4800076  0.5494687557220459
4800077  0.5494687557220459
4800336  0.5494687557220459
4800340  0.5494687557220459
4800354  0.5494687557220459
4800355  0.5494687557220459
4800356  0.5494687557220459
4900053  0.5494687557220459
4900054  0.5494687557220459
4900083  0.5494687557220459
4900084  0.5494687557220459
4900085  0.5494687557220459
4900086  0.5494687557220459
4900088  0.5494687557220459
4900091  0.5494687557220459
4900092  0.5494687557220459
4900097  0.5494687557220459
4900098  0.5494687557220459
4900103  0.5494687557220459
4900108  0.5494687557220459
5000037  0.5494687557220459
5000038  0.5494687557220459
5100049  0.5494687557220459
5100065  0.5494687557220459
5100068  0.5494687557220459
5100092  0.5494687557220459
5100093  0.5494687557220459
5100094  0.5494687557220459
5100095  0.5494687557220459
5100096  0.5494687557220459
5100110  0.5494687557220459
5100116  0.5494687557220459
5100122  0.5494687557220459
5100140  0.5494687557220459
5100153  0.5494687557220459
5100154  0.5494687557220459
5100173  0.5494687557220459
5100176  0.5494687557220459
5100177  0.5494687557220459
5100178  0.5494687557220459
5100179  0.5494687557220459
5100180  0.5494687557220459
5100181  0.5494687557220459
5100182  0.5494687557220459
5100187  0.5494687557220459
5100190  0.5494687557220459
5100195  0.5494687557220459
5100268  0.5494687557220459
5100269  0.5494687557220459
5100294  0.5494687557220459
5100297  0.5494687557220459
5100298  0.5494687557220459
3601426  0.18347646296024323
3400134  0.12251894921064377
3400133  0.11996182799339294
3000218  0.11802095919847488
3300061  0.11781282722949982
3400125  0.11763128638267517
3000260  0.11720094829797745
3400124  0.1171908751130104
3400132  0.1170167401432991
3400128  0.11685314774513245
3100049  0.11678681522607803
3000248  0.11652152240276337
3300053  0.11651138216257095
3100125  0.11597543209791183
3100050  0.11588206142187119
3300068  0.11581829935312271
3100096  0.1158037930727005
3300159  0.11552905291318893
3100059  0.11532291024923325
3100124  0.11522845178842545
3100114  0.11520828306674957
3300150  0.11520286649465561
3100054  0.11502273380756378
3100137  0.11495617777109146
3000233  0.11484885215759277
3300081  0.1147492378950119
3000227  0.11463142931461334
3400046  0.11453419178724289
3300052  0.11450332403182983
3203780  0.11447738856077194
3203796  0.1144477128982544
3300160  0.11431251466274261
3100058  0.11425015330314636
3300153  0.11420928686857224
3100149  0.11394932121038437
3100101  0.11394713073968887
3100098  0.11392370611429214
3300080  0.11383093893527985
3300091  0.11366724222898483
3000229  0.11346380412578583
3000231  0.11336599290370941
3300092  0.11331605166196823
3203794  0.11309054493904114
3000230  0.11298798769712448
3300040  0.11286365985870361
3300078  0.11283637583255768
3100060  0.11274378001689911
3300079  0.11217308789491653
3400045  0.11196892708539963
3000216  0.10688328742980957
2700133  0.09884307533502579
3400135  0.07346610724925995
3000215  0.0711073949933052
3000214  0.07022983580827713
2700134  0.0692129135131836
2900047  0.06912247091531754
3000191  0.06901966035366058
3000194  0.06895392388105392
3000055  0.06872463971376419
2900050  0.06859280914068222
3000193  0.06856383383274078
3000052  0.0685436874628067
3000178  0.0682782232761383
2900053  0.0682181566953659
2900111  0.06821679323911667
2900139  0.06805429607629776
2900107  0.0679987370967865
3000150  0.06799022853374481
3000089  0.06783714890480042
2900121  0.06773750483989716
2900127  0.06764427572488785
2800152  0.06763232499361038
3000148  0.0675591230392456
2900138  0.06755684316158295
2900140  0.06755529344081879
3000172  0.06752108037471771
3000088  0.06751260906457901
2900116  0.06738699972629547
2900156  0.06736671924591064
2900124  0.06732317060232162
3000093  0.06729631870985031
2700143  0.06721542775630951
2900112  0.06718383729457855
3000070  0.0671827420592308
3000100  0.06711449474096298
2900122  0.06708848476409912
3000099  0.06708473712205887
2900149  0.0670747384428978
3000144  0.06705837696790695
3000147  0.06704869121313095
2900117  0.06703615188598633
3000145  0.06693149358034134
3000068  0.06690540909767151
3000154  0.06674522906541824
2700200  0.06673495471477509
2700201  0.06662271916866302
3000098  0.0665464699268341
3000097  0.06639408320188522
3000163  0.0663856640458107
2800149  0.06625548005104065
3601239  0.06621304154396057
3601238  0.06587343662977219
3600857  0.06516564637422562
3601236  0.06494295597076416
3601422  0.06457279622554779
3601230  0.06420747935771942
3601233  0.06409617513418198
3600890  0.0639868751168251
3601420  0.06391800194978714
3601134  0.06388425827026367
3601241  0.06382884830236435
3600899  0.06360863149166107
3601300  0.06341291218996048
3601320  0.06341175734996796
3601321  0.06339125335216522
3601301  0.06327707320451736
3601154  0.06327056884765625
3601234  0.06322812288999557
3600925  0.06308513134717941
3601251  0.06307187676429749
3601256  0.06304892897605896
3600901  0.0629274919629097
3601250  0.06282861530780792
3601255  0.06277742236852646
3601292  0.06273970007896423
3601275  0.0626903846859932
3601314  0.06266308575868607
3600859  0.06265323609113693
3600931  0.0626218393445015
3600884  0.06257740408182144
3600900  0.06254766136407852
3601264  0.06249602884054184
3601222  0.06245555728673935
3601270  0.06243543326854706
3601242  0.06233096495270729
3601112  0.062319111078977585
3601319  0.062317103147506714
3601155  0.06228683888912201
3601324  0.06228076294064522
3601273  0.06228010356426239
3601266  0.06227108836174011
3601315  0.06221238151192665
3601243  0.062204379588365555
3601299  0.06218752637505531
3601223  0.06217281520366669
3600920  0.062117546796798706
3601309  0.0621098056435585
3601312  0.062085241079330444
3601311  0.06205688789486885
3601271  0.06205109506845474
3600910  0.06202370673418045
3601307  0.062008507549762726
3601123  0.061972957104444504
3601229  0.06197042390704155
3600911  0.06196633726358414
3600919  0.06194772571325302
3601274  0.06192734092473984
3601296  0.0619010403752327
3601302  0.06190040335059166
3601293  0.06186835095286369
3600917  0.06186448037624359
3601132  0.06184186041355133
3601297  0.06183432787656784
3601294  0.0618332102894783
3601096  0.06179757043719292
3600922  0.06178249791264534
3601215  0.0617428719997406
3601265  0.06173140928149223
3601272  0.06157904490828514
3600902  0.06155668944120407
3601317  0.06152277812361717
3601218  0.06151502579450607
3601295  0.06149803102016449
3601269  0.06149081885814667
3601306  0.061483513563871384
3601310  0.061479102820158005
3601304  0.061426568776369095
3601246  0.06139256805181503
3600903  0.06139226630330086
3600862  0.061328403651714325
3601220  0.06131608784198761
3601106  0.061301685869693756
3601224  0.06127236410975456
3601227  0.06127161905169487
3601228  0.0612100325524807
3601249  0.061160922050476074
3601109  0.06115291267633438
3600847  0.06109355017542839
3600883  0.061058320105075836
3601221  0.06105069816112518
3601305  0.06103622540831566
3601316  0.06100901588797569
3600860  0.06095350906252861
3601247  0.06081252545118332
3601216  0.06073879078030586
3600882  0.0605071596801281
3601213  0.06042521446943283
3601202  0.060176167637109756
3600837  0.05577666684985161
3600834  0.05504431203007698
3400145  0.05479172617197037
3600829  0.05459893122315407
3400170  0.05459517985582352
3600827  0.05442223325371742
3400136  0.054367732256650925
3600826  0.05436376482248306
3500306  0.05432043969631195
3600830  0.05418965965509415
3400169  0.05417420715093613
3600113  0.05412876978516579
3400144  0.05409722402691841
3500303  0.05400652438402176
3400188  0.05398109555244446
3400189  0.05398052558302879
3400198  0.05396901071071625
3600283  0.05390937626361847
3600286  0.05384981632232666
3600275  0.05380799621343613
3400190  0.05379088222980499
3400185  0.053775664418935776
3400187  0.05374740809202194
3400139  0.05368652939796448
3600254  0.05367285758256912
3400137  0.05366769805550575
3400172  0.05361548811197281
3400177  0.05356999486684799
3400182  0.053524140268564224
3500299  0.05349268391728401
3600196  0.05345315486192703
3400181  0.05343121290206909
3600158  0.053330279886722565
3600216  0.05330805107951164
3400143  0.05324895679950714
3600807  0.053243912756443024
3400186  0.05321227014064789
3400176  0.05320237949490547
3500035  0.05318273603916168
3600126  0.05313330516219139
3600177  0.05312521755695343
3400193  0.05306816101074219
3400191  0.0530494749546051
3600235  0.052878011018037796
3400140  0.05284005403518677
3600139  0.05280415713787079
3400141  0.05274824798107147
3600375  0.052599843591451645
