3400136  0.07200373709201813
3400128  0.07195092737674713
3400198  0.07085756957530975
3900265  0.07085713744163513
3400046  0.07046537101268768
3400193  0.0699039176106453
3400169  0.06981932371854782
3400176  0.06973755359649658
3400139  0.06939585506916046
3400132  0.06920567899942398
3400133  0.06894151121377945
3400125  0.06878211349248886
3400137  0.06833589822053909
3400172  0.06811992824077606
3400124  0.0680214911699295
3900071  0.06789717823266983
3400189  0.06760284304618835
3400134  0.06746213883161545
3900063  0.06737137585878372
3400185  0.06683357059955597
3400182  0.06676191836595535
3900314  0.06662759929895401
3400187  0.06661172211170197
3400135  0.0665164664387703
3400190  0.06601747125387192
3603002  0.06593307107686996
3900312  0.06592591851949692
3400144  0.06591977924108505
3400191  0.06555440276861191
3400170  0.06536778062582016
4700138  0.06533906608819962
3400140  0.06496471911668777
3400045  0.06444796174764633
3400186  0.06386589258909225
3900070  0.06362660974264145
4500100  0.06356725096702576
4500098  0.06301593780517578
3400188  0.06295766681432724
3900308  0.06295143812894821
3900301  0.06285528093576431
3900302  0.06263399869203568
3400145  0.0625724121928215
4300758  0.06223803013563156
4500354  0.061786822974681854
3600830  0.061285991221666336
2700116  0.06105371192097664
4700146  0.06092621758580208
3601562  0.06090517342090607
4700137  0.06068863347172737
4500105  0.06052355840802193
4700151  0.06045477092266083
4500101  0.06043347343802452
3000150  0.060328301042318344
4500352  0.06028946116566658
4600128  0.06009072810411453
4300602  0.06003392115235329
4700131  0.060032423585653305
4600131  0.059978511184453964
4700142  0.0599740669131279
4600201  0.05986276641488075
4500350  0.059779658913612366
3400141  0.05965757369995117
1700086  0.05965099856257439
4800073  0.05962475761771202
3600902  0.059525325894355774
3900305  0.059515196830034256
3600827  0.05945403128862381
3400181  0.05945276468992233
3600917  0.05930871143937111
2700093  0.0591757595539093
3400143  0.059153418987989426
2600141  0.05913736671209335
2600129  0.059047918766736984
5100110  0.05894051119685173
4500099  0.0588737316429615
3601307  0.058794379234313965
5100096  0.0587749220430851
3100060  0.05867825075984001
4500351  0.05865610018372536
3600911  0.058649271726608276
5100182  0.05849730595946312
3803708  0.05848979204893112
4600129  0.05844859778881073
3000229  0.05830426514148712
3601536  0.05825763940811157
3000178  0.058256637305021286
3600899  0.05824219807982445
3601565  0.058239880949258804
4900085  0.05820941925048828
2000050  0.058104511350393295
4103776  0.05808380991220474
3100096  0.05807790532708168
4300302  0.05805293843150139
2800152  0.05800069496035576
3601534  0.057973310351371765
2700132  0.05795268714427948
3706150  0.057944655418395996
3000233  0.05794292688369751
4700139  0.057939477264881134
5100140  0.0578639954328537
4300303  0.05783950164914131
3000154  0.05773978680372238
4600154  0.05771886557340622
2600149  0.05770120769739151
3000248  0.05768124759197235
3601571  0.057668719440698624
4500095  0.057660333812236786
3600884  0.057646360248327255
3706142  0.05761123076081276
2700075  0.05759894475340843
4500063  0.0575692392885685
3600925  0.0575609914958477
4800340  0.057555947452783585
3300061  0.057555876672267914
4500045  0.05753469839692116
4300533  0.05753162503242493
4300093  0.057467471808195114
3000230  0.05745357647538185
3000097  0.05745341256260872
3000214  0.057388968765735626
3000227  0.05738121643662453
4300161  0.057366155087947845
2700109  0.057296473532915115
3000172  0.05729392543435097
3000163  0.057225823402404785
4700143  0.0571756549179554
5100092  0.057170409709215164
3100137  0.05715441331267357
3000144  0.057151179760694504
4300301  0.05713552236557007
3300052  0.057094696909189224
4800077  0.057078853249549866
2800149  0.057063765823841095
3300079  0.057020459324121475
2700099  0.057007431983947754
3601229  0.05691346898674965
1700080  0.05690918117761612
2900053  0.05690190568566322
2700133  0.05683046206831932
3600860  0.0568280965089798
2700047  0.05682804808020592
3803740  0.05681624263525009
3601215  0.05677681416273117
1700047  0.05675175040960312
3600847  0.05674716830253601
2600126  0.05672956630587578
2600157  0.05672864243388176
5100116  0.0567169114947319
3600834  0.05671514943242073
3100114  0.05670671537518501
3000194  0.056692857295274734
2700088  0.05667044594883919
2700134  0.056613922119140625
2600169  0.056576430797576904
4300305  0.056550782173871994
1700046  0.056534554809331894
2900156  0.05649040266871452
3601304  0.05648554861545563
3000260  0.056478213518857956
3600807  0.05646312236785889
3601223  0.056450504809617996
5100190  0.0564500167965889
3601132  0.056430209428071976
3601576  0.05642002075910568
2900116  0.05637841299176216
3600903  0.05631650984287262
3603343  0.05629922077059746
1700074  0.05622771754860878
4300306  0.056206680834293365
2700105  0.05618961155414581
2600152  0.05618620663881302
2700092  0.056185636669397354
3601294  0.056182872503995895
2700143  0.05617470294237137
3706158  0.056171633303165436
2900111  0.056163229048252106
3601569  0.05614197254180908
2900050  0.05611103028059006
2900107  0.05609971284866333
4300755  0.0560879148542881
5100094  0.05608368292450905
2700200  0.056080713868141174
3601319  0.05607723444700241
3603365  0.05607438087463379
3601213  0.05606640502810478
3000148  0.056056663393974304
5100195  0.05604654923081398
3000218  0.056005723774433136
3601227  0.05598542094230652
3601426  0.055982556194067
2700106  0.055956318974494934
3300153  0.055925507098436356
4300115  0.05590684339404106
3601221  0.05590254068374634
4300436  0.05589892715215683
3601456  0.05589523911476135
3601467  0.05589313060045242
3601561  0.05588346719741821
3601255  0.05583235248923302
3000098  0.055777959525585175
4300542  0.0557686910033226
5100179  0.055765554308891296
5100294  0.055760934948921204
3100054  0.05575354024767876
4300103  0.05572378635406494
3601234  0.05569802224636078
4800076  0.05568735674023628
5100181  0.0556473471224308
2700101  0.05564142391085625
3603334  0.05562813952565193
4300309  0.055554818361997604
3000099  0.05553853511810303
3300081  0.05552523210644722
4300756  0.05548344552516937
2700044  0.05545399338006973
3000147  0.05540630593895912
3601479  0.055404145270586014
3601266  0.05536812171339989
3601551  0.05534461885690689
3603342  0.05533396452665329
2700079  0.05530383810400963
3601555  0.055299293249845505
5100173  0.0552976131439209
4300534  0.055294014513492584
2900121  0.05528915673494339
4900098  0.05527535825967789
3603338  0.05527437478303909
2700103  0.05527137219905853
3601222  0.055262621492147446
3600882  0.05521506816148758
3601320  0.05517742037773132
4900053  0.05516670644283295
3600910  0.05516443029046059
3100125  0.05515723675489426
2600139  0.05515372008085251
1700048  0.05514834076166153
4300532  0.05514451116323471
2700107  0.05510539561510086
4900091  0.05509620159864426
3601570  0.055066488683223724
5100065  0.05506502836942673
3000089  0.05506440997123718
5100297  0.055063240230083466
4300801  0.05505552515387535
3600919  0.05501403659582138
3300080  0.05500646308064461
2900138  0.05499713495373726
4900084  0.0549469068646431
1700070  0.054931819438934326
3100059  0.054925717413425446
4103773  0.05492332950234413
5100269  0.054868582636117935
4900092  0.05486220121383667
3601246  0.05485602095723152
3601106  0.05479239672422409
2900124  0.05478324741125107
3500299  0.05477320775389671
3500306  0.05476462095975876
5100180  0.054755453020334244
2600140  0.054705310612916946
4300600  0.054693400859832764
4900108  0.05468789115548134
4300543  0.05467522516846657
2700112  0.05467464402318001
3603366  0.05466315522789955
2600154  0.05465441569685936
3601431  0.05460071936249733
3601249  0.054585471749305725
3601251  0.05458220839500427
5100178  0.05454016849398613
5100049  0.0545329824090004
3000215  0.05449203774333
4300757  0.054487258195877075
4300538  0.05447680503129959
2600151  0.05447481945157051
3300053  0.054461199790239334
3601292  0.05444933846592903
3000068  0.054369278252124786
2900117  0.05434171482920647
4900103  0.0543297715485096
3000231  0.05432172864675522
3300150  0.054319385439157486
4300764  0.05428679287433624
3601242  0.054278310388326645
3000145  0.05427437275648117
3601274  0.054267849773168564
4000257  0.05424947291612625
3203780  0.05424313619732857
3500303  0.05423681065440178
3100049  0.05422789603471756
3100058  0.054217517375946045
5100153  0.054204266518354416
3601517  0.05418818071484566
5100176  0.05409328266978264
3601238  0.0540919154882431
3603020  0.05408864468336105
2900122  0.05408143624663353
4300307  0.05404830724000931
2700083  0.05404260382056236
3000093  0.05401897430419922
3601558  0.05400678142905235
4300800  0.05399850010871887
2900140  0.05399293079972267
4000260  0.05396367982029915
3601233  0.05396362766623497
3600901  0.0539623498916626
3000052  0.05393723398447037
3701535  0.05393257364630699
3601556  0.053932514041662216
3603351  0.05391855910420418
2900139  0.053904931992292404
3000088  0.053890254348516464
5100095  0.0538753904402256
3000100  0.053871795535087585
3601220  0.053813640028238297
3803743  0.05380592867732048
4300163  0.05380293354392052
3601315  0.05378596484661102
3600862  0.053750064224004745
3601264  0.05374870076775551
4900086  0.05371629819273949
3706174  0.05370178446173668
2900149  0.053695861250162125
3601422  0.05368143320083618
2900047  0.05367027968168259
1700069  0.053657762706279755
3601293  0.053650278598070145
3601096  0.05360180512070656
3601216  0.053601253777742386
5100093  0.05359048768877983
4300599  0.05357923358678818
3601296  0.053578250110149384
3400177  0.053568605333566666
3300040  0.05353176221251488
3601321  0.05352284386754036
3601306  0.053515560925006866
4900054  0.053515300154685974
4103747  0.053511761128902435
3601310  0.05349036306142807
4800336  0.05347048118710518
3601236  0.05345398187637329
4300432  0.05342446267604828
3601547  0.0534188337624073
3706166  0.05341322720050812
3300159  0.05340200290083885
3600883  0.0533866249024868
3300091  0.05338055267930031
3300092  0.053370751440525055
3100098  0.05333983898162842
3100124  0.05326876789331436
1700045  0.05325539782643318
3601538  0.05325157940387726
3000055  0.053245291113853455
3100050  0.05321912094950676
3600922  0.053215596824884415
3600826  0.053184449672698975
2000049  0.0531768873333931
2600168  0.05315125361084938
4300541  0.05314628407359123
4800354  0.0530828982591629
4300134  0.05307534709572792
3601299  0.05306919291615486
3601420  0.053067661821842194
3603367  0.0530666783452034
2900112  0.05306120961904526
4300162  0.053016964346170425
3601568  0.053013876080513
2700201  0.053009651601314545
3601537  0.05300556868314743
5100298  0.052996765822172165
3203794  0.052990444004535675
3601574  0.05298871174454689
3600857  0.05295727774500847
3601228  0.05293737351894379
3100101  0.05290815234184265
3601317  0.05289386957883835
3600900  0.05285995826125145
5100122  0.05285241827368736
4900083  0.05285064876079559
3601247  0.05283665284514427
4900088  0.052821531891822815
4300160  0.052815068513154984
3601535  0.05277927592396736
3600890  0.052746374160051346
3601557  0.05274329334497452
3601297  0.052719175815582275
4300440  0.05270810425281525
3100149  0.052707020193338394
3601239  0.05270391330122948
4800356  0.05269245058298111
4300435  0.05267000198364258
3601243  0.05265997350215912
5000038  0.0526445098221302
3600829  0.052640706300735474
4200062  0.052591778337955475
2700080  0.05257592350244522
3300068  0.05255169793963432
3601109  0.05254349857568741
3500035  0.0525338239967823
5000037  0.05253076180815697
3601265  0.05249601602554321
4300439  0.052408065646886826
3601230  0.052401911467313766
3601202  0.05236637219786644
3601309  0.052341509610414505
4800355  0.05224882438778877
3601250  0.052230704575777054
3000193  0.05221332237124443
3601311  0.05220591276884079
3601546  0.05218266323208809
2700100  0.05217108502984047
3300078  0.05213892459869385
3601295  0.05211976543068886
4103774  0.052065931260585785
3603361  0.05204113945364952
3803741  0.05202082172036171
3000191  0.05199284479022026
2700104  0.051985736936330795
3601270  0.05191840976476669
5100268  0.05191512405872345
3000070  0.051910433918237686
2600153  0.0518934465944767
3601564  0.05177850276231766
3601112  0.051710791885852814
5100068  0.05159410089254379
3601134  0.05154607817530632
3601275  0.05153251066803932
4900097  0.051499951630830765
2900127  0.051411695778369904
3601324  0.051362283527851105
3601224  0.051330819725990295
3600920  0.05129555985331535
3601154  0.051253098994493484
3601314  0.0512523427605629
3601273  0.051227424293756485
5100187  0.051219962537288666
3300160  0.05117707699537277
3601302  0.051152344793081284
2700111  0.051132719963788986
3705103  0.05106654018163681
3700029  0.05105416476726532
3600375  0.05104431137442589
3203796  0.05103648453950882
2600158  0.0509689524769783
5100177  0.05096212401986122
3601301  0.05086382105946541
3601300  0.050849445164203644
3601271  0.05082908272743225
3600859  0.0507841520011425
2000048  0.05076304078102112
3603347  0.050690874457359314
3600931  0.05059480294585228
2700110  0.050555434077978134
3601312  0.050478219985961914
4300109  0.050467103719711304
3600837  0.0503813661634922
3601155  0.050290487706661224
3703043  0.05014169588685036
3601305  0.05010950192809105
3601272  0.05008877441287041
5100154  0.04996459186077118
4300126  0.04984921216964722
3601552  0.04974428564310074
3601256  0.049644313752651215
3601503  0.04954218491911888
3601316  0.04951212927699089
3601241  0.049448397010564804
3601218  0.049330051988363266
3704074  0.049302879720926285
3600139  0.04890597611665726
3601567  0.04888386279344559
3601269  0.04867943376302719
3000216  0.04830002412199974
3601572  0.048070263117551804
3601123  0.04805687814950943
3600177  0.04780573770403862
3600235  0.04679490998387337
3600216  0.04667989909648895
3600286  0.0460456945002079
3600254  0.04594931751489639
3600113  0.04558112099766731
3600283  0.04498453810811043
3600158  0.04439934715628624
3600275  0.044310975819826126
3600196  0.043050725013017654
4600159  0.0430481843650341
4600205  0.04244895651936531
4600120  0.04227641597390175
3600126  0.04216347634792328
4600050  0.04085386171936989
4600195  0.04005003347992897
