3400045  1.0
3400046  1.0
3400124  1.0
3400125  1.0
3400128  1.0
3400132  1.0
3400133  1.0
3400134  1.0
3400135  1.0
3400136  1.0
3400137  1.0
3400139  1.0
3400140  1.0
3400141  1.0
3400143  1.0
3400144  1.0
3400145  1.0
3400169  1.0
3400170  1.0
3400172  1.0
3400176  1.0
3400181  1.0
3900265  1.0
3400182  0.9953596037316065
3400193  0.9953596037316065
3400198  0.9953596037316065
3603002  0.9776258038684231
3900301  0.9776258038684231
3900302  0.9776258038684231
3900305  0.9776258038684231
3900308  0.9776258038684231
3900312  0.9776258038684231
3900314  0.9776258038684231
3900063  0.9733285267845752
3900070  0.9733285267845752
3900071  0.9733285267845752
3400185  0.9622504486493763
3400186  0.9622504486493763
3400187  0.9622504486493763
3400188  0.9622504486493763
3400189  0.9622504486493763
3400190  0.9622504486493763
3400191  0.9622504486493763
4500098  0.8764605171429997
4500099  0.8764605171429997
4500100  0.8764605171429997
4500101  0.8764605171429997
4500095  0.8670863383485954
4500105  0.8670863383485954
4500350  0.8378830912273089
4500351  0.8378830912273089
4500352  0.8378830912273089
4500354  0.8378830912273089
4500045  0.8039887575784606
4500063  0.8039887575784606
3603020  0.7994080650317895
3600807  0.7850687248070146
3600922  0.7586593898561748
4600128  0.7391185942027817
4600131  0.7391185942027817
4600154  0.7391185942027817
4700131  0.7391185942027817
4700137  0.7391185942027817
4700142  0.7391185942027817
4700143  0.7391185942027817
4700146  0.7391185942027817
4700151  0.7391185942027817
4600201  0.7269009164386633
4700138  0.693888666488711
4700139  0.693888666488711
4600050  0.6935898555942883
4600120  0.6935898555942883
4600195  0.6935898555942883
4600205  0.6935898555942883
4600159  0.6869800860347447
3600375  0.6597728450302707
3600826  0.6324831544009519
3600827  0.6324831544009519
3600829  0.6324831544009519
3600837  0.627757664824853
3600847  0.627757664824853
3600857  0.627757664824853
3600859  0.627757664824853
3600860  0.627757664824853
3600862  0.627757664824853
3600882  0.627757664824853
3600883  0.627757664824853
3600884  0.627757664824853
3600890  0.627757664824853
3600899  0.627757664824853
3600900  0.627757664824853
3600901  0.627757664824853
3600902  0.627757664824853
3600903  0.627757664824853
3600910  0.627757664824853
3600911  0.627757664824853
3600917  0.627757664824853
3600919  0.627757664824853
3600925  0.627757664824853
3600931  0.627757664824853
3706142  0.627757664824853
3706150  0.627757664824853
3706158  0.627757664824853
3706166  0.627757664824853
3803708  0.627757664824853
3803740  0.627757664824853
3803741  0.627757664824853
3803743  0.627757664824853
4103747  0.627757664824853
4103773  0.627757664824853
4103774  0.627757664824853
4103776  0.627757664824853
3601155  0.6170830072410505
3203780  0.6164101740897528
3203794  0.6164101740897528
3203796  0.6164101740897528
3601096  0.6164101740897528
3601106  0.6164101740897528
3601109  0.6164101740897528
3601112  0.6164101740897528
3601123  0.6164101740897528
3601132  0.6164101740897528
3601134  0.6164101740897528
3601154  0.6164101740897528
3601202  0.6164101740897528
3601213  0.6164101740897528
3601215  0.6164101740897528
3601216  0.6164101740897528
3601218  0.6164101740897528
3601269  0.6164101740897528
3601270  0.6164101740897528
3601271  0.6164101740897528
3601272  0.6164101740897528
3601273  0.6164101740897528
3601274  0.6164101740897528
3601275  0.6164101740897528
3601292  0.6164101740897528
3601293  0.6164101740897528
3601294  0.6164101740897528
3601295  0.6164101740897528
3601296  0.6164101740897528
3601297  0.6164101740897528
3601299  0.6164101740897528
3601300  0.6164101740897528
3601301  0.6164101740897528
3601302  0.6164101740897528
3601304  0.6164101740897528
3601305  0.6164101740897528
3601306  0.6164101740897528
3601307  0.6164101740897528
3601309  0.6164101740897528
3601310  0.6164101740897528
3601311  0.6164101740897528
3601312  0.6164101740897528
3601314  0.6164101740897528
3601315  0.6164101740897528
3601316  0.6164101740897528
3601317  0.6164101740897528
3601319  0.6164101740897528
3601324  0.6164101740897528
3700029  0.6164101740897528
3701535  0.6164101740897528
3703043  0.6164101740897528
3704074  0.6164101740897528
3705103  0.6164101740897528
3706174  0.6164101740897528
4600129  0.6161409170227454
3600113  0.6040404496926219
3600126  0.6040404496926219
3600139  0.6040404496926219
3600158  0.6040404496926219
3600177  0.6040404496926219
3600196  0.6040404496926219
3600216  0.6040404496926219
3600235  0.6040404496926219
3600254  0.6040404496926219
3600275  0.6040404496926219
3600283  0.6040404496926219
3600286  0.6040404496926219
2600126  0.5819143739626463
2600129  0.5819143739626463
2600139  0.5819143739626463
2600140  0.5819143739626463
2600141  0.5819143739626463
2600149  0.5819143739626463
2600151  0.5819143739626463
2600152  0.5819143739626463
2600153  0.5819143739626463
2600154  0.5819143739626463
2600157  0.5819143739626463
2600158  0.5819143739626463
2600168  0.5819143739626463
2600169  0.5819143739626463
3500035  0.5819143739626463
3500299  0.5819143739626463
3500303  0.5819143739626463
3500306  0.5819143739626463
3603334  0.5819143739626463
3603338  0.5819143739626463
3603342  0.5819143739626463
3603343  0.5819143739626463
3603347  0.5819143739626463
3603351  0.5819143739626463
3603361  0.5819143739626463
3603365  0.5819143739626463
3603366  0.5819143739626463
3603367  0.5819143739626463
4300093  0.5819143739626463
4300103  0.5819143739626463
4300109  0.5819143739626463
4300115  0.5819143739626463
4300126  0.5819143739626463
4300134  0.5819143739626463
4300160  0.5819143739626463
4300161  0.5819143739626463
4300162  0.5819143739626463
4300163  0.5819143739626463
4300301  0.5819143739626463
4300302  0.5819143739626463
4300303  0.5819143739626463
4300305  0.5819143739626463
4300306  0.5819143739626463
4300307  0.5819143739626463
4300309  0.5819143739626463
4300432  0.5819143739626463
4300435  0.5819143739626463
4300436  0.5819143739626463
4300439  0.5819143739626463
4300440  0.5819143739626463
4300532  0.5819143739626463
4300533  0.5819143739626463
4300534  0.5819143739626463
4300538  0.5819143739626463
4300541  0.5819143739626463
4300542  0.5819143739626463
4300543  0.5819143739626463
4300599  0.5819143739626463
4300600  0.5819143739626463
4300602  0.5819143739626463
4300755  0.5819143739626463
4300756  0.5819143739626463
4300757  0.5819143739626463
4300758  0.5819143739626463
4300764  0.5819143739626463
4300800  0.5819143739626463
4300801  0.5819143739626463
3600920  0.5807632069125022
3601220  0.5807632069125022
3601221  0.5807632069125022
3601222  0.5807632069125022
3601223  0.5807632069125022
3601224  0.5807632069125022
3601227  0.5807632069125022
3601228  0.5807632069125022
3601229  0.5807632069125022
3601230  0.5807632069125022
3601233  0.5807632069125022
3601234  0.5807632069125022
3601236  0.5807632069125022
3601238  0.5807632069125022
3601239  0.5807632069125022
3601241  0.5807632069125022
3601242  0.5807632069125022
3601243  0.5807632069125022
3601246  0.5807632069125022
3601247  0.5807632069125022
3601249  0.5807632069125022
3601250  0.5807632069125022
3601251  0.5807632069125022
3601255  0.5807632069125022
3601256  0.5807632069125022
3601264  0.5807632069125022
3601265  0.5807632069125022
3601266  0.5807632069125022
3601320  0.5807632069125022
3601321  0.5807632069125022
3601420  0.5807632069125022
3601422  0.5807632069125022
3601426  0.5807632069125022
3601431  0.5807632069125022
3601456  0.5807632069125022
3601467  0.5807632069125022
3601479  0.5807632069125022
3601503  0.5807632069125022
3601517  0.5807632069125022
3601534  0.5807632069125022
3601535  0.5807632069125022
3601536  0.5807632069125022
3601537  0.5807632069125022
3601538  0.5807632069125022
3601546  0.5807632069125022
3601547  0.5807632069125022
3601551  0.5807632069125022
3601552  0.5807632069125022
3601555  0.5807632069125022
3601556  0.5807632069125022
3601557  0.5807632069125022
3601558  0.5807632069125022
3601561  0.5807632069125022
3601562  0.5807632069125022
3601564  0.5807632069125022
3601565  0.5807632069125022
3601567  0.5807632069125022
3601568  0.5807632069125022
3601569  0.5807632069125022
3601570  0.5807632069125022
3601571  0.5807632069125022
3601572  0.5807632069125022
3601574  0.5807632069125022
3601576  0.5807632069125022
2900047  0.5698669072523002
2900050  0.5698669072523002
2900053  0.5698669072523002
4000257  0.4567734398020992
4000260  0.4567734398020992
2900139  0.42135048580019224
2800149  0.4151682458530185
2800152  0.4151682458530185
2900121  0.4151682458530185
2900122  0.4151682458530185
2900124  0.4151682458530185
2900127  0.4151682458530185
2900138  0.4151682458530185
2900149  0.4151682458530185
2900156  0.4151682458530185
3300040  0.4151682458530185
3300052  0.4151682458530185
3300053  0.4151682458530185
3300061  0.4151682458530185
3300068  0.4151682458530185
3300078  0.4151682458530185
3300079  0.4151682458530185
3300080  0.4151682458530185
3300081  0.4151682458530185
3300091  0.4151682458530185
3300092  0.4151682458530185
3300150  0.4151682458530185
3300153  0.4151682458530185
3300159  0.4151682458530185
3300160  0.4151682458530185
4200062  0.4151682458530185
4800073  0.4151682458530185
4800076  0.4151682458530185
4800077  0.4151682458530185
4800336  0.4151682458530185
4800340  0.4151682458530185
4800354  0.4151682458530185
4800355  0.4151682458530185
4800356  0.4151682458530185
4900053  0.4151682458530185
4900054  0.4151682458530185
4900083  0.4151682458530185
4900084  0.4151682458530185
4900085  0.4151682458530185
4900086  0.4151682458530185
4900088  0.4151682458530185
4900091  0.4151682458530185
4900092  0.4151682458530185
4900097  0.4151682458530185
4900098  0.4151682458530185
4900103  0.4151682458530185
5000037  0.4151682458530185
5000038  0.4151682458530185
5100049  0.4151682458530185
5100065  0.4151682458530185
5100068  0.4151682458530185
5100092  0.4151682458530185
5100093  0.4151682458530185
5100094  0.4151682458530185
5100095  0.4151682458530185
5100096  0.4151682458530185
5100110  0.4151682458530185
5100116  0.4151682458530185
5100122  0.4151682458530185
5100140  0.4151682458530185
5100153  0.4151682458530185
5100154  0.4151682458530185
5100173  0.4151682458530185
5100176  0.4151682458530185
5100177  0.4151682458530185
5100178  0.4151682458530185
5100179  0.4151682458530185
5100180  0.4151682458530185
5100181  0.4151682458530185
5100182  0.4151682458530185
5100187  0.4151682458530185
5100190  0.4151682458530185
5100195  0.4151682458530185
5100268  0.4151682458530185
5100269  0.4151682458530185
5100294  0.4151682458530185
5100297  0.4151682458530185
5100298  0.4151682458530185
2900140  0.39896249928751765
2900111  0.38021562140115595
2900112  0.38021562140115595
2900116  0.38021562140115595
2900117  0.38021562140115595
2900107  0.34341479757995447
4900108  0.32673201960653564
3000147  0.3042903097250923
3000148  0.3042903097250923
3000150  0.3042903097250923
3600830  0.2939723678960656
3600834  0.2939723678960656
3000144  0.29012942659282975
3000154  0.29012942659282975
2700079  0.264197974633739
2700080  0.264197974633739
2700083  0.264197974633739
2700088  0.264197974633739
2700092  0.264197974633739
2700093  0.264197974633739
3100096  0.2545875386086578
3100098  0.2545875386086578
3100101  0.2545875386086578
2700099  0.24283093212859136
2700100  0.24283093212859136
2700101  0.24283093212859136
2700103  0.24283093212859136
2700116  0.24283093212859136
2700132  0.24283093212859136
2700044  0.24246432248443597
2700047  0.24246432248443597
2700075  0.2381448361039201
3100137  0.23570226039551584
3100149  0.23570226039551584
3000052  0.23338001400466832
3000055  0.23338001400466832
3000068  0.23338001400466832
3000070  0.23338001400466832
3000088  0.23338001400466832
3000089  0.23338001400466832
3000093  0.23338001400466832
3000097  0.23338001400466832
3000098  0.23338001400466832
3000099  0.23338001400466832
3000100  0.23338001400466832
2700133  0.23145502494313785
2700134  0.23145502494313785
2700143  0.23145502494313785
2700200  0.23145502494313785
2700201  0.23145502494313785
3000178  0.21516574145596762
3100049  0.21300321680756462
3100050  0.21300321680756462
3100054  0.21300321680756462
3100058  0.21300321680756462
3100059  0.21300321680756462
3100060  0.21300321680756462
3000145  0.19641855032959654
3000191  0.19641855032959654
3000193  0.19641855032959654
3000214  0.19641855032959654
3000215  0.19641855032959654
3000216  0.19641855032959654
3000218  0.19641855032959654
3000227  0.19641855032959654
3000229  0.19641855032959654
3000248  0.19641855032959654
3000260  0.19641855032959654
3100114  0.19641855032959654
3100124  0.19641855032959654
3100125  0.19641855032959654
2700104  0.19444444444444445
2700105  0.19444444444444445
2700106  0.19444444444444445
2700107  0.19444444444444445
2700109  0.19444444444444445
2700110  0.19444444444444445
2700111  0.19444444444444445
2700112  0.19444444444444445
3000172  0.181848241863327
3000194  0.17213259316477408
3000230  0.17213259316477408
3000231  0.17213259316477408
3000233  0.17213259316477408
3000163  0.15713484026367722
1700045  0.13608276348795434
1700046  0.13608276348795434
1700047  0.13608276348795434
1700048  0.13608276348795434
1700069  0.13608276348795434
1700070  0.13608276348795434
1700074  0.13608276348795434
2000048  0.13608276348795434
2000049  0.13608276348795434
2000050  0.13608276348795434
3400177  0.13608276348795434
1700080  0.09622504486493763
1700086  0.09622504486493763
