1900544  0.08783558756113052
1800660  0.087325319647789
1900689  0.08711309731006622
1000259  0.0868661180138588
1900429  0.08638197928667068
1800055  0.08631063252687454
1500366  0.08630336076021194
1500365  0.08613000810146332
1100205  0.08605120331048965
1100196  0.08604010194540024
1900426  0.08603672683238983
1800054  0.08603157103061676
1000260  0.08590226620435715
1900184  0.08582086861133575
1900458  0.0856664702296257
8000117  0.08535846322774887
6700046  0.08530539274215698
1200063  0.0852399617433548
1100123  0.08514747023582458
6300531  0.08513591438531876
6600119  0.08505766093730927
1500035  0.08503840118646622
1100187  0.0850137323141098
1500037  0.08500491082668304
1900542  0.08497777581214905
1900183  0.08492392301559448
1900462  0.08492382615804672
6600062  0.08486571162939072
7700051  0.08481701463460922
6600045  0.08478101342916489
6600084  0.08477598428726196
6400044  0.08477183431386948
1900430  0.08476734906435013
7700052  0.0847286581993103
1100076  0.0847185030579567
6500049  0.08471732586622238
1100114  0.0847063660621643
6600082  0.08466657251119614
7900064  0.08465524762868881
1900532  0.08463464677333832
1900469  0.08462761342525482
1900460  0.08461024612188339
1100060  0.08460993319749832
1900182  0.08460064977407455
6600063  0.08458908647298813
7200770  0.08458840847015381
1900529  0.0845586508512497
1900204  0.08455345034599304
6600046  0.08452968299388885
8000080  0.08452951908111572
1900690  0.08450061082839966
6600047  0.08449067175388336
6300533  0.08448397368192673
1900473  0.08447945863008499
6600058  0.08447833359241486
1300030  0.0844598263502121
1100178  0.08445022255182266
1100105  0.08444806188344955
1100096  0.08443738520145416
7900070  0.08441634476184845
6300540  0.0844116061925888
7800060  0.08441127091646194
1900138  0.08441013097763062
6300539  0.08440902084112167
7200772  0.08439664542675018
1900448  0.08437719196081161
8000038  0.08437582850456238
7200771  0.0843423530459404
7000043  0.08431767672300339
7900066  0.0843171626329422
6400045  0.08430766314268112
1100080  0.08429494500160217
1100062  0.08428721874952316
8000071  0.08427663892507553
7100044  0.08426541835069656
6300552  0.08426401764154434
7900084  0.08426214009523392
1900518  0.08426133543252945
1100132  0.08425246179103851
6700047  0.08422720432281494
6600061  0.08419376611709595
1900137  0.08419152349233627
6700174  0.08416996151208878
1900446  0.08414170145988464
7900214  0.08413029462099075
6900041  0.08411475270986557
6300536  0.08407725393772125
7800052  0.08407705277204514
1900175  0.08407648652791977
6700183  0.0840679258108139
6400054  0.08406715095043182
1900178  0.08406185358762741
6400043  0.0840340405702591
1900531  0.08401833474636078
6500046  0.08401396870613098
6300542  0.08401171118021011
1100074  0.08399514853954315
7100042  0.08399063348770142
7400091  0.08398964256048203
6300555  0.08397223800420761
8000045  0.08395980298519135
7400047  0.08394801616668701
1900207  0.08393778651952744
7000041  0.08393620699644089
6500045  0.08393611013889313
7900088  0.08392848819494247
7400087  0.08392354100942612
6300558  0.08388133347034454
1900210  0.08387954533100128
1900466  0.08386173099279404
6600054  0.08385439962148666
1100078  0.08385004103183746
7800053  0.08384858071804047
7900082  0.08384070545434952
7600393  0.0838199108839035
1900415  0.0838121771812439
7800059  0.08380120992660522
6300551  0.08379321545362473
6300543  0.08377297222614288
6700073  0.08375844359397888
6300562  0.08373630791902542
1900181  0.08372814953327179
6700091  0.08372200280427933
1100082  0.0837191492319107
1900514  0.0837128609418869
7800056  0.08370697498321533
6800046  0.08370129764080048
7400046  0.08369828760623932
6400063  0.08368667960166931
1900141  0.08368360251188278
7200773  0.08367369323968887
6900096  0.08366097509860992
1900174  0.0836600810289383
6700058  0.08365443348884583
6900042  0.08365292847156525
7100043  0.08365136384963989
7000042  0.0836339071393013
7700048  0.08362925052642822
1900416  0.08362747728824615
7900219  0.0835966020822525
8000062  0.08356163650751114
6900047  0.08355115354061127
6700086  0.08354930579662323
6300534  0.08348432928323746
1900418  0.08347240090370178
6300549  0.0834360346198082
1900693  0.08339200913906097
6700081  0.08337026834487915
1100064  0.0833529680967331
7700047  0.08335139602422714
7400040  0.08334458619356155
8000044  0.08333422243595123
6400105  0.08331815898418427
6700087  0.08331644535064697
6700079  0.08331424742937088
1900211  0.08330630511045456
6300537  0.08330623060464859
1000261  0.08330059051513672
6300545  0.08330024778842926
1900212  0.08327047526836395
1900136  0.08323561400175095
6800047  0.08322690427303314
1900161  0.0832248106598854
6900055  0.08320137858390808
6300548  0.08316870778799057
1900515  0.08312070369720459
1100094  0.08310900628566742
6700059  0.08310068398714066
1900431  0.0830644741654396
1900419  0.08304854482412338
6700075  0.08304420113563538
6900043  0.08301194757223129
1900147  0.08300893753767014
6300546  0.08293972909450531
1900423  0.08293086290359497
6800048  0.0829189121723175
6700082  0.08276041597127914
1100066  0.08275570720434189
1100095  0.08272764086723328
1100141  0.08264753222465515
1100169  0.08264190703630447
6400104  0.08259392529726028
1900159  0.08258307725191116
1900115  0.08246039599180222
1900694  0.08242973685264587
1900517  0.08242907375097275
1900142  0.08238451927900314
1900148  0.08236348628997803
6300530  0.08230925351381302
1900443  0.08225538581609726
1900157  0.08224104344844818
1900095  0.08207888901233673
1900116  0.08185481280088425
1100072  0.08183401077985764
1900135  0.0818314477801323
1100070  0.0817117914557457
1900117  0.08168460428714752
1900153  0.08166749775409698
1100160  0.08158283680677414
1900134  0.0815596655011177
1900143  0.0814686268568039
1100068  0.08141937851905823
1900154  0.08141087740659714
1100151  0.0813719630241394
1900133  0.08116443455219269
6200059  0.08049491792917252
6200067  0.08023030310869217
6300528  0.08012568205595016
6300498  0.08007868379354477
6200058  0.079648956656456
6100079  0.0796450600028038
6200076  0.07957518845796585
6200066  0.07947976887226105
6300475  0.07946683466434479
6200077  0.07923496514558792
6100078  0.0792008638381958
6200062  0.07916866987943649
6300527  0.07912877202033997
6300509  0.07910580933094025
6100080  0.07889745384454727
6300449  0.07888344675302505
6100063  0.07886616885662079
6300497  0.07885468751192093
6000069  0.07882915437221527
6300473  0.07878201454877853
6300515  0.0787520781159401
6300524  0.07867693901062012
6100062  0.07863901555538177
6300476  0.07856198400259018
6200054  0.07854314148426056
6200052  0.07846958190202713
6100182  0.07842988520860672
6300512  0.07842736691236496
6300506  0.07838019728660583
6100075  0.07837574928998947
6100076  0.07837539166212082
6000134  0.0783655121922493
6300507  0.0783541277050972
6000139  0.07833274453878403
6300492  0.07830417901277542
6300500  0.0782918930053711
6300522  0.07826429605484009
6000196  0.0781756341457367
6100058  0.07817055284976959
6300521  0.07812736928462982
6300470  0.07809025049209595
6300485  0.07797457277774811
6100056  0.07792045921087265
6300513  0.07787659764289856
6300469  0.07785627990961075
6300448  0.07783068716526031
6000195  0.07781316339969635
6000142  0.07780590653419495
6000198  0.07777035236358643
6000123  0.07774517685174942
6000088  0.07770822942256927
6300504  0.07770782709121704
6300446  0.07769781351089478
6300472  0.07769026607275009
6000180  0.07766953110694885
6000188  0.07766242325305939
6300491  0.07764748483896255
6300467  0.07763639092445374
6300495  0.0776304230093956
6300466  0.07759466767311096
6300455  0.07755595445632935
6300451  0.07752614468336105
6300478  0.07752089202404022
6300510  0.07747732847929001
6300516  0.07743872702121735
6000120  0.0773242712020874
6300488  0.07729656994342804
6300489  0.07727605849504471
6200088  0.07724925875663757
6300501  0.07724591344594955
6300525  0.07722050696611404
6300463  0.07707475870847702
6100066  0.07706388831138611
6000093  0.07692253589630127
6300519  0.07692140340805054
6300486  0.07691078633069992
6300464  0.0769069641828537
6200087  0.07682501524686813
6300518  0.07679341733455658
6200089  0.07672437280416489
6000179  0.07668907195329666
6100073  0.07668089866638184
6300454  0.07657347619533539
6300494  0.07651697844266891
6000175  0.07650502026081085
6000176  0.07647965848445892
6300503  0.07643290609121323
6200090  0.0763254165649414
6300461  0.07632114738225937
6200148  0.07621952146291733
6300460  0.07618892937898636
6300445  0.07614360004663467
6300452  0.0761207714676857
6300437  0.07606792449951172
6300458  0.07597322016954422
6100072  0.07591082900762558
6300436  0.07591018080711365
6300457  0.07589161396026611
6200158  0.07575976103544235
6000177  0.07562503218650818
6100070  0.07524711638689041
3200284  0.06359091401100159
3100360  0.06309554725885391
3100359  0.06308533251285553
3100355  0.06296675652265549
3200224  0.06271813809871674
3100357  0.06271756440401077
3100276  0.06267969310283661
3100349  0.06261986494064331
3100356  0.06252560764551163
3100348  0.062452852725982666
3100358  0.062441546469926834
3200150  0.06242091581225395
3100351  0.062331847846508026
3200240  0.06227649375796318
3100350  0.0622476227581501
3200282  0.06223228946328163
3100337  0.062229838222265244
3200152  0.06220708042383194
3100353  0.06218218803405762
3100336  0.062178708612918854
3200276  0.062153175473213196
3200281  0.062144700437784195
3200226  0.06214016303420067
3100354  0.062137432396411896
3200258  0.06212322786450386
3200237  0.06209656596183777
3200253  0.062087930738925934
3100319  0.06204568222165108
3200147  0.06202922388911247
3200083  0.06201402097940445
3200200  0.061916615813970566
3100308  0.0618998184800148
3100346  0.06189373880624771
3200140  0.06188318133354187
3100280  0.061860568821430206
3200260  0.06180299073457718
3100352  0.0617787130177021
3200227  0.06173030287027359
3200153  0.06171243637800217
3200275  0.06170608848333359
3100331  0.06170123070478439
3200252  0.06164184585213661
3100320  0.06163182482123375
3100335  0.061617910861968994
3200106  0.06161540374159813
3200141  0.061589810997247696
3100347  0.06153133884072304
3100332  0.06150300055742264
3200199  0.061464130878448486
3200145  0.061456046998500824
3100362  0.06143740192055702
3200124  0.061426375061273575
3100334  0.06140540540218353
3100361  0.06134983152151108
3100338  0.06130480393767357
3200255  0.06128996983170509
3200154  0.06123209372162819
3100288  0.061227113008499146
3200229  0.061219532042741776
3200236  0.06121379882097244
3100292  0.06118926778435707
3200174  0.06118309125304222
3200136  0.06117970123887062
3200214  0.061162229627370834
3200082  0.06111443042755127
3200205  0.0611100010573864
3100333  0.06107872724533081
3100330  0.06107446551322937
3200121  0.06106002628803253
3200274  0.061052106320858
3200262  0.06104697287082672
3100329  0.06104067340493202
3200277  0.061017073690891266
3100284  0.06097732111811638
3200155  0.06093781441450119
3100386  0.06092079356312752
3100321  0.06091031804680824
3200201  0.06082868203520775
3200196  0.06082417815923691
3100364  0.06081763282418251
3200107  0.06074294075369835
3200118  0.0607232004404068
3200123  0.06070054695010185
3100345  0.06064879894256592
3200111  0.06061222776770592
3200263  0.06057894602417946
3100343  0.06057499721646309
3200115  0.06056532636284828
3200114  0.06055894121527672
3100370  0.0605553463101387
3100363  0.06050125136971474
3200228  0.060494858771562576
3100365  0.06043711677193642
3200110  0.060406267642974854
3100385  0.06038673222064972
3100328  0.06036354601383209
3100323  0.06025379151105881
3100372  0.060151271522045135
3100327  0.0600307323038578
3200117  0.059978779405355453
3100369  0.0599677674472332
3100344  0.05996211618185043
1900545  0.058213382959365845
2200057  0.04942995309829712
2500218  0.049293674528598785
2200056  0.049269430339336395
2701503  0.04922096058726311
1900548  0.04921131581068039
2500227  0.049188729375600815
2000033  0.04916306585073471
2200051  0.04912314563989639
2500125  0.049115151166915894
2200059  0.04910760372877121
2200053  0.04904191568493843
2500273  0.0489831306040287
1900755  0.04893903061747551
2500327  0.04891468212008476
1900753  0.048903170973062515
1900795  0.048874665051698685
2200070  0.04886992275714874
2200071  0.04886027052998543
1900641  0.048841625452041626
2701500  0.04882935434579849
2500291  0.048793334513902664
2200049  0.048765879124403
2500076  0.048757459968328476
2200050  0.04874856024980545
2200055  0.048741694539785385
2500073  0.04873668774962425
2500282  0.048733893781900406
1900793  0.04872870817780495
2200072  0.04872734844684601
2500309  0.048724401742219925
2500122  0.04869253933429718
1900792  0.04867878183722496
2500318  0.04866957291960716
2500363  0.04865862429141998
2500131  0.0486426018178463
1900640  0.048638563603162766
1900744  0.04861690104007721
1900631  0.048615314066410065
2500116  0.048613857477903366
1900747  0.048610977828502655
2500128  0.048604659736156464
2500182  0.04860299453139305
2200092  0.04859725013375282
1900752  0.0485956072807312
1900751  0.048572324216365814
1900784  0.048558309674263
1900748  0.04854146018624306
2500209  0.048504121601581573
1900648  0.048495616763830185
2500106  0.04849232733249664
1900639  0.04849201813340187
2500113  0.04848824813961983
2701502  0.0484725646674633
2500264  0.04846858233213425
2500300  0.048460524529218674
2500354  0.048448145389556885
1900633  0.048428840935230255
2500140  0.04841750115156174
2500119  0.04839911311864853
1900643  0.04838079214096069
2500110  0.048368752002716064
1900706  0.04835120588541031
2500173  0.04835093021392822
2500137  0.04834844172000885
2500103  0.048343900591135025
2701501  0.048341479152441025
2500236  0.0483328253030777
2500254  0.048315804451704025
2500155  0.04831221327185631
2500088  0.04830878973007202
1900632  0.048303619027137756
2500134  0.048302061855793
2500085  0.048301707953214645
2500164  0.048243068158626556
1900787  0.04824189469218254
2400446  0.048232220113277435
2500191  0.04822255298495293
2500336  0.048215705901384354
1900644  0.04820713773369789
2400444  0.048203133046627045
2500100  0.048186611384153366
2400447  0.04818464070558548
2500097  0.04817424342036247
2500154  0.048166099935770035
1900791  0.048163194209337234
2500200  0.04814701899886131
2400445  0.04811295121908188
2400452  0.04810504615306854
2500245  0.04806232452392578
2500345  0.048038143664598465
1900645  0.04802868142724037
2500082  0.04798194020986557
2500079  0.04795847460627556
2500091  0.04793694615364075
2400448  0.047919854521751404
2500153  0.04785331338644028
2400457  0.047838643193244934
1900646  0.04782344028353691
1900647  0.04778764769434929
2500094  0.04776376485824585
1900788  0.0477493554353714
4900552  0.04268995299935341
4900551  0.0425674133002758
4900242  0.042424775660037994
4900143  0.04242449253797531
4900243  0.04225076362490654
4900288  0.04218011349439621
4900108  0.042105533182621
4900244  0.04209741950035095
4900401  0.04201951622962952
4900081  0.04200047627091408
4900448  0.04199088737368584
4900121  0.04197375848889351
4900105  0.04196777194738388
4900102  0.04195893183350563
4900400  0.041911181062459946
4900241  0.041909459978342056
4900286  0.04185483604669571
4900120  0.04181388393044472
4900083  0.04179402440786362
4900146  0.04178846627473831
4800047  0.04178617522120476
4900544  0.04178107529878616
4600069  0.04177389293909073
4900294  0.041726648807525635
4900085  0.041697677224874496
4900117  0.04167719930410385
4900258  0.041667722165584564
4900111  0.04165007546544075
4900281  0.04163798317313194
4900458  0.041617151349782944
4900428  0.04160337522625923
4900534  0.04159026965498924
4900411  0.04158787429332733
4800048  0.04158663749694824
4900099  0.04157102853059769
4900386  0.041549913585186005
4900459  0.04154336452484131
4900265  0.0415336899459362
4900282  0.04152457043528557
4900404  0.04151240736246109
4900284  0.04150409996509552
4900257  0.041501469910144806
4900114  0.04149658977985382
4900468  0.0414951927959919
4900256  0.04148920252919197
4900076  0.04148232564330101
4900486  0.041464973241090775
4900449  0.04144692420959473
4700153  0.04144393280148506
4900385  0.041417986154556274
4900485  0.04139364883303642
4900139  0.04139130562543869
4800051  0.041386932134628296
4900133  0.04138665273785591
4900138  0.04135545343160629
4900283  0.041294485330581665
4900255  0.04127855598926544
4900079  0.041276976466178894
4900247  0.0412539541721344
4900406  0.04125148430466652
4900535  0.04123228043317795
4900450  0.041222453117370605
4900409  0.04122128337621689
4900295  0.04115363955497742
4600253  0.041125163435935974
4900360  0.04112045466899872
4900279  0.04111533984541893
4900096  0.04108509421348572
4900399  0.04106379672884941
4900077  0.0410604327917099
4900296  0.04105936363339424
4900278  0.041058577597141266
4700151  0.04103567823767662
4900297  0.041016507893800735
4700152  0.040947575122117996
4900280  0.04094089940190315
4900087  0.04090176150202751
4900273  0.040891699492931366
4900245  0.040882330387830734
4900407  0.04087168350815773
4900246  0.04086993262171745
4900253  0.04084834083914757
4900298  0.0408424474298954
4900470  0.04083213955163956
4900469  0.0407760813832283
4900254  0.04076492041349411
4900387  0.04069836065173149
4800052  0.04068876430392265
4900126  0.04068685695528984
4900131  0.04067869856953621
4900093  0.04066803678870201
4900251  0.0406576469540596
4900250  0.04063272103667259
4900268  0.04059625044465065
4800066  0.040531519800424576
4900259  0.040510378777980804
4900275  0.04049845412373543
4900264  0.0404723696410656
4900252  0.04042068496346474
4900249  0.04032249376177788
4900270  0.04029570519924164
4900090  0.04006243124604225
4600058  0.03986140713095665
4000049  0.03867996856570244
4000040  0.03865277022123337
4400115  0.038577571511268616
4000053  0.038546156138181686
4000044  0.03851692005991936
4000048  0.03848354145884514
3800202  0.038400549441576004
4600055  0.03838292881846428
4000037  0.038341227918863297
4000043  0.03829234093427658
3800203  0.038281090557575226
3800204  0.03822704032063484
3600152  0.0382237546145916
4600054  0.03813531994819641
4400052  0.03810606896877289
4300038  0.03807227313518524
4400294  0.03804241120815277
4400303  0.03802795708179474
3800188  0.0380232036113739
4400051  0.038010064512491226
4000072  0.037940096110105515
3800205  0.0379345528781414
3800192  0.037907518446445465
4600050  0.037885893136262894
4000039  0.037857577204704285
4400292  0.037848711013793945
4400297  0.03782392293214798
4500137  0.03780508413910866
3600163  0.0377991683781147
3600161  0.03779769316315651
4400136  0.03775685653090477
3800209  0.03772808238863945
3800200  0.037720076739788055
4400104  0.03771180659532547
3800187  0.0376996248960495
4200776  0.03765157237648964
3800201  0.037649042904376984
3600153  0.03763168305158615
3800110  0.03762306645512581
4400053  0.037600740790367126
4200772  0.037597738206386566
4500055  0.037597279995679855
4400296  0.037561435252428055
4400146  0.03752773255109787
4400103  0.03746823966503143
3800098  0.03740762174129486
4400114  0.037396568804979324
4400298  0.03738827630877495
3600160  0.03738541156053543
4400137  0.03738052770495415
3600164  0.037361204624176025
4300037  0.03732481226325035
4200761  0.03732175752520561
4400113  0.03732116147875786
3800119  0.03731599077582359
3800184  0.037293847650289536
4200740  0.03727340325713158
4500058  0.03725656494498253
4000076  0.037252817302942276
4200750  0.03724256530404091
3800193  0.03724018111824989
4600051  0.03722996637225151
4000070  0.03722278028726578
4000058  0.03720870241522789
4400054  0.037201493978500366
4400144  0.037171345204114914
4000069  0.037166908383369446
3800183  0.03714834898710251
4400055  0.03713013604283333
4000057  0.037091054022312164
3600154  0.03706888109445572
4400092  0.037057843059301376
3600156  0.037050843238830566
4400098  0.03704347833991051
3800095  0.036960918456315994
3800196  0.036913055926561356
4500056  0.03689296543598175
4000059  0.03687078878283501
4400112  0.036867544054985046
4000085  0.03681820258498192
3600166  0.0368163175880909
4200751  0.03680957108736038
3600174  0.0367632694542408
4200749  0.036761797964572906
4400138  0.03675445541739464
4000079  0.03675242140889168
4000062  0.036724746227264404
4500057  0.03671063110232353
4000081  0.03668618202209473
4000089  0.036627497524023056
4000068  0.036539919674396515
3600167  0.036535635590553284
4200747  0.03651794418692589
4000063  0.036428820341825485
4000066  0.03641936182975769
4200748  0.036389898508787155
3800195  0.03637586161494255
4000067  0.03631557151675224
3800194  0.036285996437072754
4000064  0.03622451797127724
3600168  0.03619146719574928
2701504  0.03457913175225258
6000067  0.025567252188920975
3100272  0.022608427330851555
3600151  0.02027001604437828
3100268  0.02012411504983902
2701571  0.02009747363626957
2701570  0.020077330991625786
2701521  0.02002009190618992
3100100  0.01997692696750164
2701534  0.019911153241991997
3100188  0.019906966015696526
2701505  0.019885364919900894
2701572  0.01987781934440136
2701515  0.019876491278409958
3100216  0.019863026216626167
2701540  0.019860630854964256
2701371  0.019841833040118217
3100192  0.019839292392134666
2900102  0.019832933321595192
2701533  0.019822293892502785
2701370  0.01981269381940365
3100236  0.019806893542408943
2701514  0.01980091817677021
3100220  0.019793765619397163
2701367  0.01977904699742794
3100212  0.01977876015007496
3100184  0.019765933975577354
2701529  0.01974811963737011
2701347  0.019747985526919365
3100172  0.01973874308168888
3100099  0.019736625254154205
2701543  0.019731732085347176
2701530  0.01973157562315464
3000173  0.01972135901451111
2701524  0.01970861479640007
3100256  0.0197059977799654
3100228  0.019686046987771988
3100208  0.01968088001012802
3100101  0.01967984437942505
2701528  0.019678497686982155
2701343  0.019676532596349716
2701359  0.01967526413500309
2701354  0.019674750044941902
2701344  0.019665570929646492
3100248  0.019655946642160416
3100264  0.019651787355542183
3000175  0.01963927410542965
3100102  0.019639138132333755
2701356  0.019637323915958405
3100252  0.019636990502476692
2701506  0.019635984674096107
3000178  0.01963387429714203
2701355  0.019633028656244278
2701348  0.019631536677479744
2701511  0.019625725224614143
2900089  0.019621659070253372
2701364  0.019613292068243027
3100232  0.0196031853556633
3100260  0.019596321508288383
3000063  0.01959524117410183
3100103  0.019580209627747536
3100224  0.019579317420721054
2701573  0.019571630284190178
3100204  0.01957119256258011
2701360  0.019558943808078766
2900088  0.01955171301960945
3100168  0.019550075754523277
3000065  0.01954452507197857
3000171  0.019544163718819618
3100160  0.019540654495358467
3000180  0.01953241229057312
3100196  0.019532252103090286
3100164  0.019524382427334785
3000169  0.019516227766871452
2900042  0.019515931606292725
3100156  0.019511738792061806
2701341  0.019499246031045914
3100200  0.019481781870126724
3000077  0.019474832341074944
2701583  0.019469819962978363
2701372  0.019469043239951134
2701579  0.01946176029741764
2701349  0.019437607377767563
2701342  0.019426317885518074
3100240  0.01942296326160431
2701510  0.019417887553572655
3100180  0.019401177763938904
2701576  0.019390566274523735
3100244  0.019366631284356117
2701350  0.01936422660946846
2900040  0.01935926266014576
3000067  0.01935293897986412
3000066  0.019334346055984497
3100176  0.01933242566883564
2701509  0.019308889284729958
2900038  0.019298870116472244
2701580  0.019294556230306625
2900041  0.019287163391709328
2900039  0.019282694905996323
3000068  0.0192718543112278
2701375  0.01927150785923004
3000122  0.019265973940491676
2701351  0.019219692796468735
2701353  0.0192143265157938
3000123  0.01915988326072693
3200287  0.014147717505693436
3300719  0.010012620128691196
3600150  0.009962482377886772
3401330  0.009941993281245232
3200289  0.00993838906288147
3300713  0.009933464229106903
3300710  0.009932441636919975
3300672  0.009930931963026524
3300718  0.009930912405252457
3300583  0.009916557930409908
3300720  0.009905599057674408
3300711  0.009903747588396072
3401332  0.009887984953820705
3300567  0.009886079467833042
3500205  0.009885706007480621
3300682  0.00988338328897953
3300565  0.009882360696792603
3600090  0.009877070784568787
3300706  0.00987675879150629
3500204  0.009873284958302975
3300717  0.009866602718830109
3600089  0.009860767982900143
3300578  0.009860330261290073
3401199  0.009860106743872166
3600048  0.009859850630164146
3300512  0.009853712283074856
3300709  0.009850800037384033
3401322  0.009850102476775646
3401311  0.009842952713370323
3600039  0.0098418565467
3300683  0.009839124046266079
3401187  0.00983703788369894
3300560  0.009831693954765797
3500194  0.009831002913415432
3300725  0.00983058474957943
3600061  0.009829600341618061
3300563  0.00982857495546341
3500198  0.009825475513935089
3300504  0.009825174696743488
3600111  0.009824645705521107
3300577  0.009816154837608337
3500188  0.00981591921299696
3600148  0.009812207892537117
3300510  0.009810753166675568
3300513  0.009807352907955647
3300564  0.009805838577449322
3600042  0.009805080480873585
3401306  0.009802978485822678
3401319  0.009801937267184258
3300554  0.0097988685593009
3300558  0.009796366095542908
3600149  0.0097912373021245
3500185  0.009787138551473618
3600045  0.009784610010683537
3500189  0.009778065606951714
3401304  0.009776616469025612
3300511  0.009773182682693005
3600107  0.009769542142748833
3300561  0.009768273681402206
3600071  0.009766539558768272
3500191  0.009766009636223316
3600088  0.009762703441083431
3401166  0.00976253766566515
3500206  0.009760159067809582
3401305  0.009755957871675491
3401183  0.009755897335708141
3600087  0.009755340404808521
3600062  0.009750666096806526
3300551  0.00974974874407053
3500195  0.009748497046530247
3300573  0.009733088314533234
3300726  0.009729073382914066
3500196  0.009728365577757359
3500190  0.009724851697683334
3401200  0.009724783711135387
3401206  0.009721468202769756
3300514  0.009719590656459332
3300509  0.009715933352708817
3300515  0.009714098647236824
3300731  0.009713007137179375
3401208  0.009711099788546562
3500208  0.009706075303256512
3600068  0.009704653173685074
3300505  0.009698258712887764
3500186  0.009692196734249592
3401235  0.009683303534984589
3401223  0.009678956121206284
3300729  0.009678233414888382
3401233  0.009674359112977982
3401176  0.009670477360486984
3401178  0.009666669182479382
3401218  0.009659526869654655
3300574  0.009656636044383049
3401179  0.00965516734868288
3300549  0.009650581516325474
3401180  0.009650454856455326
3300482  0.009642982855439186
3300576  0.009620340541005135
3300575  0.009615653194487095
3401201  0.009613537229597569
3401177  0.009608122520148754
3401221  0.009579619392752647
4900691  0.0045922440476715565
6000066  0.0036523304879665375
5500056  0.0036511316429823637
5500045  0.003640947863459587
5900217  0.0036237577442079782
5900221  0.0036195660941302776
5400046  0.0036176510620862246
5500047  0.0036092421505600214
5600040  0.0036066691391170025
5300141  0.0036055075470358133
5300080  0.0036016125231981277
6000064  0.0035947775468230247
6000075  0.0035911789163947105
4900050  0.0035898652859032154
5900241  0.0035897509660571814
5900129  0.0035890943836420774
5300150  0.0035884787794202566
5900135  0.0035883833188563585
5300078  0.003585603553801775
5600041  0.0035838887561112642
5200131  0.0035824906080961227
5200112  0.003579814452677965
6000053  0.003579438664019108
5400045  0.003573979949578643
5500046  0.003573266789317131
4900738  0.003571365959942341
5400044  0.003571002744138241
5900148  0.0035709806252270937
5900137  0.0035689487121999264
6000059  0.003566812491044402
6000058  0.003566031577065587
6000045  0.003563932841643691
5300048  0.0035620720591396093
5900149  0.0035619691479951143
5200069  0.003559214761480689
5200079  0.0035556145012378693
6000061  0.0035550266038626432
5900045  0.0035543476697057486
4900743  0.0035531437024474144
5900126  0.003552449867129326
6000042  0.0035512568429112434
5900128  0.0035509446170181036
5900122  0.003550335532054305
5300154  0.0035485108382999897
5300060  0.0035482714883983135
5900081  0.003548020264133811
5900225  0.003547500818967819
5900191  0.0035450796131044626
5900202  0.003542545484378934
5900203  0.003541385754942894
6000076  0.003540023462846875
5900118  0.0035391857381910086
5900127  0.0035373365972191095
5900197  0.0035368825774639845
5100750  0.0035362038761377335
5300059  0.0035354176070541143
5900237  0.003534503746777773
5200080  0.0035331721883267164
5700086  0.0035325007047504187
6000062  0.003530938643962145
5200065  0.0035307640209794044
5100751  0.0035304068587720394
5200111  0.0035278559662401676
5600097  0.0035271518863737583
4900741  0.003526967717334628
5200070  0.003525654086843133
4900740  0.003525335807353258
4900739  0.003525021020323038
6000054  0.003522676881402731
5300050  0.0035221229773014784
5900117  0.003521563718095422
5900115  0.0035184528678655624
5900192  0.003518434474244714
5900138  0.0035183157306164503
5900212  0.003516220021992922
5900194  0.0035126430448144674
5900119  0.0035123946145176888
5900068  0.00351144652813673
5900229  0.0035113366320729256
5900211  0.003507447661831975
5200064  0.0035065144766122103
5600042  0.003504559164866805
6000056  0.0035044257529079914
6000057  0.003503936342895031
5900233  0.003501346567645669
5700058  0.0035012236330658197
5600093  0.003499140962958336
5300055  0.003498903475701809
5700070  0.0034926477819681168
5900116  0.003492593066766858
5700062  0.0034860619343817234
5900071  0.0034860337618738413
5200057  0.0034848249051719904
5900072  0.003484755288809538
5900100  0.003482335014268756
5700054  0.003480219515040517
5200063  0.0034769484773278236
5200059  0.003476749872788787
5900111  0.0034650005400180817
5700055  0.0034639074001461267
5700061  0.0034485284704715014
5300054  0.003428370226174593
