1000007  1.0
1100009  1.0
1100012  1.0
1500012  1.0
1500014  1.0
1500015  1.0
1500016  1.0
1500034  1.0
1500035  1.0
1500039  1.0
1500045  1.0
1500050  1.0
1700011  1.0
1700013  1.0
1700016  1.0
1700017  1.0
1700021  1.0
1700022  1.0
1700025  1.0
1700029  1.0
1700033  1.0
1700037  1.0
1700064  1.0
1700068  1.0
1700072  1.0
1700075  1.0
2000029  1.0
2000030  1.0
2000032  1.0
2400019  1.0
2400020  1.0
2400021  1.0
2400022  1.0
2400023  1.0
2400024  1.0
2400025  1.0
2400026  1.0
2400031  1.0
2400032  1.0
2400037  1.0
2400041  1.0
2400044  1.0
2500028  1.0
2500034  1.0
2600014  1.0
2600015  1.0
2600016  1.0
2900014  1.0
2900016  1.0
3900015  1.0
3900017  1.0
3900018  1.0
3900022  1.0
3900025  1.0
3900030  1.0
4700029  1.0
4700030  1.0
4700033  1.0
4700045  1.0
4700046  1.0
4700053  1.0
4700054  1.0
4700069  1.0
5000017  1.0
5000018  1.0
5000019  1.0
5200017  1.0
5200018  1.0
5200019  1.0
5300017  1.0
5300018  1.0
5300019  1.0
5300030  1.0
5300034  1.0
5600023  1.0
5600024  1.0
5600026  1.0
5600027  1.0
5600031  1.0
5600038  1.0
5700022  1.0
5700023  1.0
5700042  1.0
5700043  1.0
5700050  1.0
5800018  1.0
5800019  1.0
5800021  1.0
5800022  1.0
5800023  1.0
6100024  1.0
6100025  1.0
6100026  1.0
6100027  1.0
6100031  1.0
6100032  1.0
6100033  1.0
6100035  1.0
6100036  1.0
6100048  1.0
6100049  1.0
6200019  1.0
6200020  1.0
6200021  1.0
6200036  1.0
6200037  1.0
6200044  1.0
6300019  1.0
6500019  1.0
6500020  1.0
6500021  1.0
6500024  1.0
6500028  1.0
6500029  1.0
6800020  1.0
6800024  1.0
6800025  1.0
6800026  1.0
6800031  1.0
6800032  1.0
6800033  1.0
6800034  1.0
6800042  1.0
6800043  1.0
7000031  1.0
7000032  1.0
7000035  1.0
7000036  1.0
7000037  1.0
7000064  1.0
7000065  1.0
7000066  1.0
7000094  1.0
7000095  1.0
7200056  1.0
7200057  1.0
7300022  1.0
7300023  1.0
7300024  1.0
7300025  1.0
7300026  1.0
7300027  1.0
7300028  1.0
7300029  1.0
7300030  1.0
7300033  1.0
7300035  1.0
7400040  1.0
7400041  1.0
7600040  1.0
7600041  1.0
7600042  1.0
7600045  1.0
7600046  1.0
7600049  1.0
7600050  1.0
7600051  1.0
7600058  1.0
7600059  1.0
7600060  1.0
7600061  1.0
7600063  1.0
7600064  1.0
7600067  1.0
7600069  1.0
7600070  1.0
7600077  1.0
7600078  1.0
7600079  1.0
7600080  1.0
7600081  1.0
7600082  1.0
7600084  1.0
7600085  1.0
7600087  1.0
7600099  1.0
7600103  1.0
7600125  1.0
7700029  1.0
7700030  1.0
7700031  1.0
7700035  1.0
7700042  1.0
7700054  1.0
7800024  1.0
7800025  1.0
7800026  1.0
7800027  1.0
7800028  1.0
7800029  1.0
7800030  1.0
7800031  1.0
7800050  1.0
7800055  1.0
7900025  1.0
7900034  1.0
7900043  1.0
7900052  1.0
7900062  1.0
7900071  1.0
7900076  1.0
7900077  1.0
7900078  1.0
7900081  1.0
8000077  1.0
8100032  1.0
8100036  1.0
8100037  1.0
8100166  1.0
8500038  1.0
8500039  1.0
8500040  1.0
8500049  1.0
8500056  1.0
8500069  1.0
8500081  1.0
8600031  1.0
8600032  1.0
8600033  1.0
8600034  1.0
8600038  1.0
8600049  1.0
8600053  1.0
8600061  1.0
8600099  1.0
8600100  1.0
8600102  1.0
8600104  1.0
8600105  1.0
8600106  1.0
8600107  1.0
8600111  1.0
8600114  1.0
8600122  1.0
8600138  1.0
8700032  1.0
8800046  1.0
8800047  1.0
8800048  1.0
8800050  1.0
8800054  1.0
8800055  1.0
8800057  1.0
8800059  1.0
8800060  1.0
8800061  1.0
8800073  1.0
8800074  1.0
8800075  1.0
8800079  1.0
8800080  1.0
8800082  1.0
8900048  1.0
8900057  1.0
8900059  1.0
8900064  1.0
8900067  1.0
8900082  1.0
8900083  1.0
8900084  1.0
8900087  1.0
8900089  1.0
8900090  1.0
8900091  1.0
8900093  1.0
8900100  1.0
8900101  1.0
8900110  1.0
8900119  1.0
9000036  1.0
9000040  1.0
9000055  1.0
9200040  1.0
9200044  1.0
9200045  1.0
9200048  1.0
9200051  1.0
9200052  1.0
9200053  1.0
9200056  1.0
9200062  1.0
9200063  1.0
9200066  1.0
9200073  1.0
9200087  1.0
9200094  1.0
9200099  1.0
9200104  1.0
9200114  1.0
9200120  1.0
9200127  1.0
9200128  1.0
9400065  1.0
9400066  1.0
9400070  1.0
9400079  1.0
9400080  1.0
9500043  1.0
9500044  1.0
9500045  1.0
9500046  1.0
9500047  1.0
9500048  1.0
9500049  1.0
9500050  1.0
9500051  1.0
9500054  1.0
9500058  1.0
9500062  1.0
9500120  1.0
9500121  1.0
10100062  1.0
10400059  1.0
10400066  1.0
10400070  1.0
10400071  1.0
10400090  1.0
10400094  1.0
10400148  1.0
10400190  1.0
10400193  1.0
10400194  1.0
10400219  1.0
10400220  1.0
10400221  1.0
10400554  1.0
10600107  1.0
10700107  1.0
10800116  1.0
11100244  1.0
11100245  1.0
11100246  1.0
11100247  1.0
11100250  1.0
11100251  1.0
11100252  1.0
11100253  1.0
11100255  1.0
11700444  1.0
11700445  1.0
11700446  1.0
11700450  1.0
12000934  1.0
12000945  1.0
12000977  1.0
12000990  1.0
12001077  1.0
12001111  1.0
12001245  1.0
12001445  1.0
12002209  1.0
4700041  0.9984615384615385
7000055  0.9984177215189873
1300008  0.998003992015968
1300009  0.998003992015968
1300014  0.998003992015968
1300019  0.998003992015968
1300024  0.998003992015968
8000026  0.998003992015968
8000031  0.998003992015968
8000032  0.998003992015968
8000035  0.998003992015968
8100027  0.998003992015968
8100079  0.998003992015968
8100080  0.998003992015968
8100083  0.998003992015968
3300014  0.9979939819458375
3300016  0.9979939819458375
3300019  0.9979939819458375
3300022  0.9979939819458375
3300025  0.9979939819458375
3300029  0.9979939819458375
8100061  0.9979939819458375
8100145  0.9979939819458375
8100147  0.9979939819458375
9400052  0.9979939819458375
9400057  0.9979939819458375
3300034  0.9979919678714859
3300037  0.9979919678714859
8100065  0.9979919678714859
8100148  0.9979919678714859
3300058  0.9979899497487437
8000090  0.9979899497487437
8100149  0.9979899497487437
1600009  0.9979879275653923
1600011  0.9979879275653923
1600015  0.9979879275653923
2300013  0.9979879275653923
2300016  0.9979879275653923
2300017  0.9979879275653923
2300018  0.9979879275653923
2300020  0.9979879275653923
2400013  0.9979879275653923
3300065  0.9979879275653923
4100015  0.9979879275653923
4100018  0.9979879275653923
4700073  0.9979879275653923
4700074  0.9979879275653923
5400018  0.9979879275653923
5400019  0.9979879275653923
5400025  0.9979879275653923
5600018  0.9979879275653923
6400024  0.9979879275653923
6400028  0.9979879275653923
6400030  0.9979879275653923
6400031  0.9979879275653923
6400032  0.9979879275653923
6400040  0.9979879275653923
6400044  0.9979879275653923
6400049  0.9979879275653923
6400053  0.9979879275653923
6400055  0.9979879275653923
6400059  0.9979879275653923
6400063  0.9979879275653923
6400064  0.9979879275653923
6400066  0.9979879275653923
6600022  0.9979879275653923
6600023  0.9979879275653923
6600024  0.9979879275653923
6600029  0.9979879275653923
6600033  0.9979879275653923
7200030  0.9979879275653923
7200032  0.9979879275653923
7200034  0.9979879275653923
7200035  0.9979879275653923
7200039  0.9979879275653923
7500063  0.9979879275653923
7600023  0.9979879275653923
7600027  0.9979879275653923
7600029  0.9979879275653923
7600034  0.9979879275653923
7600035  0.9979879275653923
7600036  0.9979879275653923
7600037  0.9979879275653923
7600137  0.9979879275653923
7700024  0.9979879275653923
7700025  0.9979879275653923
7700026  0.9979879275653923
8000038  0.9979879275653923
8000039  0.9979879275653923
8000040  0.9979879275653923
8000041  0.9979879275653923
8000042  0.9979879275653923
8000043  0.9979879275653923
8000044  0.9979879275653923
8000045  0.9979879275653923
8000046  0.9979879275653923
8000047  0.9979879275653923
8000048  0.9979879275653923
8000051  0.9979879275653923
8000055  0.9979879275653923
8000056  0.9979879275653923
8000060  0.9979879275653923
8000064  0.9979879275653923
8000065  0.9979879275653923
8000069  0.9979879275653923
8000073  0.9979879275653923
8000085  0.9979879275653923
8000086  0.9979879275653923
8000094  0.9979879275653923
8000098  0.9979879275653923
8000102  0.9979879275653923
8100141  0.9979879275653923
8100154  0.9979879275653923
8100156  0.9979879275653923
8100157  0.9979879275653923
8100158  0.9979879275653923
8100159  0.9979879275653923
8100160  0.9979879275653923
8100164  0.9979879275653923
8100165  0.9979879275653923
8100168  0.9979879275653923
8300029  0.9979879275653923
8300031  0.9979879275653923
8300036  0.9979879275653923
8300038  0.9979879275653923
8300045  0.9979879275653923
8300052  0.9979879275653923
8300056  0.9979879275653923
8300057  0.9979879275653923
8300059  0.9979879275653923
8300060  0.9979879275653923
8300061  0.9979879275653923
8300062  0.9979879275653923
8300074  0.9979879275653923
8300079  0.9979879275653923
8300082  0.9979879275653923
8300085  0.9979879275653923
8300089  0.9979879275653923
8300096  0.9979879275653923
8300097  0.9979879275653923
8300098  0.9979879275653923
8300099  0.9979879275653923
8300106  0.9979879275653923
8300107  0.9979879275653923
8300108  0.9979879275653923
8300111  0.9979879275653923
8300114  0.9979879275653923
8300117  0.9979879275653923
8300135  0.9979879275653923
8300136  0.9979879275653923
8300137  0.9979879275653923
8300141  0.9979879275653923
8300142  0.9979879275653923
8300143  0.9979879275653923
8300144  0.9979879275653923
8500031  0.9979879275653923
8500032  0.9979879275653923
8500033  0.9979879275653923
8500034  0.9979879275653923
8800034  0.9979879275653923
8800035  0.9979879275653923
8800037  0.9979879275653923
8800039  0.9979879275653923
8800040  0.9979879275653923
8800041  0.9979879275653923
8800042  0.9979879275653923
8900035  0.9979879275653923
8900036  0.9979879275653923
8900040  0.9979879275653923
8900041  0.9979879275653923
8900042  0.9979879275653923
8900043  0.9979879275653923
8900044  0.9979879275653923
8900045  0.9979879275653923
9400058  0.9979879275653923
9400059  0.9979879275653923
9400060  0.9979879275653923
9400061  0.9979879275653923
9600047  0.9979879275653923
10100055  0.9979879275653923
10100058  0.9979879275653923
10100059  0.9979879275653923
10100161  0.9979879275653923
10100166  0.9979879275653923
10100414  0.9979879275653923
10500094  0.9979879275653923
6100018  0.9979859013091642
6100021  0.9979859013091642
9900053  0.9979859013091642
3300038  0.9979123173277662
2800014  0.9970267591674926
2800017  0.9970267591674926
2800018  0.9970267591674926
9400041  0.9970267591674926
9400043  0.9970267591674926
9400044  0.9970267591674926
9400045  0.9970267591674926
9700048  0.9970267591674926
9700051  0.9970267591674926
7000114  0.9969849246231156
7000117  0.9969849246231156
7000118  0.9969849246231156
7000054  0.9969278033794163
5400020  0.996694214876033
5400021  0.996694214876033
5400032  0.996694214876033
5400033  0.996694214876033
5400038  0.996694214876033
6600049  0.9966101694915255
8800065  0.9966101694915255
2000013  0.9965694682675815
2000014  0.9965694682675815
2000058  0.9965694682675815
2000059  0.9965694682675815
2000060  0.9965694682675815
2000061  0.9965694682675815
2000062  0.9965694682675815
2000063  0.9965694682675815
2000064  0.9965694682675815
2000065  0.9965694682675815
2000069  0.9965694682675815
2000070  0.9965694682675815
2000071  0.9965694682675815
2000072  0.9965694682675815
2000073  0.9965694682675815
2000074  0.9965694682675815
2000075  0.9965694682675815
2000076  0.9965694682675815
2000078  0.9965694682675815
2000079  0.9965694682675815
2000080  0.9965694682675815
2000081  0.9965694682675815
2000082  0.9965694682675815
2000083  0.9965694682675815
2000084  0.9965694682675815
2000085  0.9965694682675815
2000086  0.9965694682675815
2000042  0.9965277777777778
8300080  0.9963768115942029
8300103  0.9963768115942029
8300104  0.9963768115942029
10000084  0.9962894248608535
6700019  0.9962546816479401
6700020  0.9962546816479401
6700022  0.9962546816479401
6700023  0.9962546816479401
6700024  0.9962546816479401
6700025  0.9962546816479401
7200026  0.995995995995996
7200055  0.9958333333333333
2500013  0.9950544015825915
10000054  0.9950544015825915
10000057  0.9950544015825915
10000058  0.9950544015825915
6600044  0.9949238578680203
6600045  0.9949238578680203
6600046  0.9949238578680203
7200051  0.9937759336099585
2000053  0.9921875
10000085  0.9903846153846154
6600041  0.9826187717265353
7200073  0.9826187717265353
1200008  0.982281284606866
1400012  0.982281284606866
5100017  0.982281284606866
5100021  0.982281284606866
10200102  0.982281284606866
4700016  0.9729206963249516
4700019  0.9729206963249516
7200021  0.9729206963249516
7200023  0.9729206963249516
9800049  0.9729206963249516
10200097  0.9729206963249516
4700022  0.9727891156462585
4700023  0.9727891156462585
4700025  0.9727891156462585
7000020  0.9727891156462585
7000022  0.9727891156462585
7000023  0.9727891156462585
7000027  0.9727891156462585
7000082  0.9727891156462585
7000084  0.9727891156462585
7000090  0.9727891156462585
7000091  0.9727891156462585
7000110  0.9727891156462585
7400022  0.9727891156462585
7400026  0.9727891156462585
7400112  0.9727891156462585
7400117  0.9727891156462585
7500047  0.9727891156462585
7500048  0.9727891156462585
7000069  0.9710743801652892
7000072  0.9710743801652892
7000077  0.9710743801652892
4700049  0.9710444674250258
4700050  0.9710444674250258
1800017  0.9681724845995894
1400009  0.9673076923076923
6600019  0.9673076923076923
6900020  0.9673076923076923
7500022  0.9673076923076923
7500029  0.9673076923076923
7500031  0.9673076923076923
7500032  0.9673076923076923
7500034  0.9673076923076923
7500037  0.9673076923076923
7500038  0.9673076923076923
7500039  0.9673076923076923
7500040  0.9673076923076923
10200056  0.9673076923076923
10200063  0.9673076923076923
10200064  0.9673076923076923
10200075  0.9673076923076923
10200079  0.9673076923076923
10200082  0.9673076923076923
10200110  0.9673076923076923
10200114  0.9673076923076923
10200119  0.9673076923076923
10200127  0.9673076923076923
10200140  0.9673076923076923
10200141  0.9673076923076923
10200146  0.9673076923076923
10200149  0.9673076923076923
10200151  0.9673076923076923
10200152  0.9673076923076923
10200169  0.9673076923076923
1800014  0.9671794871794872
9400048  0.9032258064516129
