6300019  inf
7900025  inf
7900034  inf
7900043  inf
7900052  inf
7900062  inf
7900071  inf
7900076  inf
7900077  inf
7900078  inf
7900081  inf
8700032  inf
9000036  inf
9000040  inf
9000055  inf
9200040  inf
9200044  inf
9200045  inf
10600107  inf
12000934  inf
12000945  inf
12000977  inf
12000990  inf
12001077  inf
12001111  inf
2800014  337345.3333333333
2800017  337345.3333333333
2800018  337345.3333333333
9400041  337345.3333333333
9400043  337345.3333333333
9400044  337345.3333333333
9400045  337345.3333333333
9700048  337345.3333333333
9700051  337345.3333333333
2500013  202407.2
10000054  202407.2
10000057  202407.2
10000058  202407.2
12002209  166666.66666666666
1300008  125000.0
1300009  125000.0
1300014  125000.0
1300019  125000.0
1300024  125000.0
8000026  125000.0
8000031  125000.0
8000032  125000.0
8000035  125000.0
8100027  125000.0
8100079  125000.0
8100080  125000.0
8100083  125000.0
3300014  76155.76923076923
3300016  76155.76923076923
3300019  76155.76923076923
3300022  76155.76923076923
3300025  76155.76923076923
3300029  76155.76923076923
8100061  76155.76923076923
8100145  76155.76923076923
8100147  76155.76923076923
9400052  76155.76923076923
9400057  76155.76923076923
3300034  70574.0
3300037  70574.0
8100065  70574.0
8100148  70574.0
7200026  66001.66666666667
3300058  65736.6
8000090  65736.6
8100149  65736.6
1600009  61504.0
1600011  61504.0
1600015  61504.0
2300013  61504.0
2300016  61504.0
2300017  61504.0
2300018  61504.0
2300020  61504.0
2400013  61504.0
3300065  61504.0
4100015  61504.0
4100018  61504.0
4700073  61504.0
4700074  61504.0
5400018  61504.0
5400019  61504.0
5400025  61504.0
5600018  61504.0
6400024  61504.0
6400028  61504.0
6400030  61504.0
6400031  61504.0
6400032  61504.0
6400040  61504.0
6400044  61504.0
6400049  61504.0
6400053  61504.0
6400055  61504.0
6400059  61504.0
6400063  61504.0
6400064  61504.0
6400066  61504.0
6600022  61504.0
6600023  61504.0
6600024  61504.0
6600029  61504.0
6600033  61504.0
7200030  61504.0
7200032  61504.0
7200034  61504.0
7200035  61504.0
7200039  61504.0
7500063  61504.0
7600023  61504.0
7600027  61504.0
7600029  61504.0
7600034  61504.0
7600035  61504.0
7600036  61504.0
7600037  61504.0
7600137  61504.0
7700024  61504.0
7700025  61504.0
7700026  61504.0
8000038  61504.0
8000039  61504.0
8000040  61504.0
8000041  61504.0
8000042  61504.0
8000043  61504.0
8000044  61504.0
8000045  61504.0
8000046  61504.0
8000047  61504.0
8000048  61504.0
8000051  61504.0
8000055  61504.0
8000056  61504.0
8000060  61504.0
8000064  61504.0
8000065  61504.0
8000069  61504.0
8000073  61504.0
8000085  61504.0
8000086  61504.0
8000094  61504.0
8000098  61504.0
8000102  61504.0
8100141  61504.0
8100154  61504.0
8100156  61504.0
8100157  61504.0
8100158  61504.0
8100159  61504.0
8100160  61504.0
8100164  61504.0
8100165  61504.0
8100168  61504.0
8300029  61504.0
8300031  61504.0
8300036  61504.0
8300038  61504.0
8300045  61504.0
8300052  61504.0
8300056  61504.0
8300057  61504.0
8300059  61504.0
8300060  61504.0
8300061  61504.0
8300062  61504.0
8300074  61504.0
8300079  61504.0
8300082  61504.0
8300085  61504.0
8300089  61504.0
8300096  61504.0
8300097  61504.0
8300098  61504.0
8300099  61504.0
8300106  61504.0
8300107  61504.0
8300108  61504.0
8300111  61504.0
8300114  61504.0
8300117  61504.0
8300135  61504.0
8300136  61504.0
8300137  61504.0
8300141  61504.0
8300142  61504.0
8300143  61504.0
8300144  61504.0
8500031  61504.0
8500032  61504.0
8500033  61504.0
8500034  61504.0
8800034  61504.0
8800035  61504.0
8800037  61504.0
8800039  61504.0
8800040  61504.0
8800041  61504.0
8800042  61504.0
8900035  61504.0
8900036  61504.0
8900040  61504.0
8900041  61504.0
8900042  61504.0
8900043  61504.0
8900044  61504.0
8900045  61504.0
9400058  61504.0
9400059  61504.0
9400060  61504.0
9400061  61504.0
9600047  61504.0
10100055  61504.0
10100058  61504.0
10100059  61504.0
10100161  61504.0
10100166  61504.0
10100414  61504.0
10500094  61504.0
7000114  57886.117647058825
7000117  57886.117647058825
7000118  57886.117647058825
6100018  57769.470588235294
6100021  57769.470588235294
9900053  57769.470588235294
4700016  36144.142857142855
4700019  36144.142857142855
7200021  36144.142857142855
7200023  36144.142857142855
9800049  36144.142857142855
10200097  36144.142857142855
4700022  30363.666666666668
4700023  30363.666666666668
4700025  30363.666666666668
7000020  30363.666666666668
7000022  30363.666666666668
7000023  30363.666666666668
7000027  30363.666666666668
7000082  30363.666666666668
7000084  30363.666666666668
7000090  30363.666666666668
7000091  30363.666666666668
7000110  30363.666666666668
7400022  30363.666666666668
7400026  30363.666666666668
7400112  30363.666666666668
7400117  30363.666666666668
7500047  30363.666666666668
7500048  30363.666666666668
1400009  29765.764705882353
6600019  29765.764705882353
6900020  29765.764705882353
7500022  29765.764705882353
7500029  29765.764705882353
7500031  29765.764705882353
7500032  29765.764705882353
7500034  29765.764705882353
7500037  29765.764705882353
7500038  29765.764705882353
7500039  29765.764705882353
7500040  29765.764705882353
10200056  29765.764705882353
10200063  29765.764705882353
10200064  29765.764705882353
10200075  29765.764705882353
10200079  29765.764705882353
10200082  29765.764705882353
10200110  29765.764705882353
10200114  29765.764705882353
10200119  29765.764705882353
10200127  29765.764705882353
10200140  29765.764705882353
10200141  29765.764705882353
10200146  29765.764705882353
10200149  29765.764705882353
10200151  29765.764705882353
10200152  29765.764705882353
10200169  29765.764705882353
12001245  26136.11111111111
3300038  17575.69230769231
1800017  9460.095744680852
7000069  9400.0
7000072  9400.0
7000077  9400.0
1800014  9360.515789473684
4700049  9281.273684210526
4700050  9281.273684210526
1200008  5827.918518518519
1400012  5827.918518518519
5100017  5827.918518518519
5100021  5827.918518518519
10200102  5827.918518518519
6600041  4156.670520231214
7200073  4156.670520231214
6700019  3018.0284360189576
6700020  3018.0284360189576
6700022  3018.0284360189576
6700023  3018.0284360189576
6700024  3018.0284360189576
6700025  3018.0284360189576
5700022  2600.1082251082253
9500043  2600.1082251082253
9500044  2600.1082251082253
9500045  2600.1082251082253
9500046  2600.1082251082253
9500047  2600.1082251082253
9500048  2600.1082251082253
9500049  2600.1082251082253
9500050  2600.1082251082253
9500051  2600.1082251082253
9500062  1968.0915750915751
5700023  1870.5516014234875
9500058  1870.5516014234875
5700042  1778.8546712802768
5700043  1778.8546712802768
5700050  1778.8546712802768
8600031  1745.876712328767
8600032  1745.876712328767
8600033  1745.876712328767
8600038  1745.876712328767
8600034  1631.052805280528
2500028  1452.9689440993789
8800046  1452.9689440993789
4700069  1289.169590643275
2500034  1251.5302593659942
7600099  1251.5302593659942
8600049  1251.5302593659942
8800048  1251.5302593659942
1000007  1244.1494252873563
8800073  1244.1494252873563
8800079  1244.1494252873563
8800050  1236.8166189111748
8900048  1236.8166189111748
10100062  1236.8166189111748
1100009  1229.5314285714285
1100012  1229.5314285714285
2400019  1229.5314285714285
2400020  1229.5314285714285
2400021  1229.5314285714285
2400022  1229.5314285714285
2400023  1229.5314285714285
2400024  1229.5314285714285
2400025  1229.5314285714285
2400026  1229.5314285714285
2400031  1229.5314285714285
2400032  1229.5314285714285
2400037  1229.5314285714285
2400041  1229.5314285714285
2400044  1229.5314285714285
5200017  1229.5314285714285
5200018  1229.5314285714285
5200019  1229.5314285714285
5600023  1229.5314285714285
5600031  1229.5314285714285
5800018  1229.5314285714285
5800019  1229.5314285714285
5800021  1229.5314285714285
5800022  1229.5314285714285
5800023  1229.5314285714285
7400040  1229.5314285714285
8800054  1229.5314285714285
8800055  1229.5314285714285
8800057  1229.5314285714285
8800059  1229.5314285714285
8800060  1229.5314285714285
5600024  1215.1022727272727
5600026  1215.1022727272727
5600027  1215.1022727272727
5600038  1215.1022727272727
4700041  1176.5391061452515
7000054  1173.2618384401114
8900057  1172.9162011173185
8900059  1152.4238227146814
8900064  1138.9779614325068
8900067  1138.9779614325068
7400041  1132.3186813186812
7600040  1112.591280653951
7600041  1112.591280653951
7600042  1112.591280653951
6100024  1086.8598382749326
6100025  1086.8598382749326
6100026  1086.8598382749326
6100027  1086.8598382749326
7600077  1061.7626666666667
7600078  1061.7626666666667
7000055  1058.938829787234
7700029  1055.5851063829787
7700030  1055.5851063829787
7700031  1055.5851063829787
8500038  1055.5851063829787
8500039  1055.5851063829787
8500040  1055.5851063829787
8500049  1055.5851063829787
8500056  1055.5851063829787
8800061  1055.5851063829787
2900014  1031.2526315789473
4700029  1031.2526315789473
4700030  1031.2526315789473
6500019  1031.2526315789473
6500020  1031.2526315789473
6500021  1031.2526315789473
7000031  1031.2526315789473
7000032  1031.2526315789473
8800075  1031.2526315789473
8800082  1031.2526315789473
8900082  1031.2526315789473
8900083  1031.2526315789473
8900084  1031.2526315789473
8900087  1007.5104166666666
8900089  1007.5104166666666
9500054  907.502487562189
5400020  897.8
5400021  897.8
5400032  897.8
5400033  897.8
5400038  897.8
7600085  841.6409638554217
7600087  841.6409638554217
8000077  841.6409638554217
6600049  823.2
8800065  823.2
7600045  822.3603818615752
7600046  822.3603818615752
8900093  822.3603818615752
8900100  822.3603818615752
8900101  822.3603818615752
6600044  821.2446555819478
6600045  821.2446555819478
6600046  821.2446555819478
2000013  790.5409836065573
2000014  790.5409836065573
2000058  790.5409836065573
2000059  790.5409836065573
2000060  790.5409836065573
2000061  790.5409836065573
2000062  790.5409836065573
2000063  790.5409836065573
2000064  790.5409836065573
2000065  790.5409836065573
2000069  790.5409836065573
2000070  790.5409836065573
2000071  790.5409836065573
2000072  790.5409836065573
2000073  790.5409836065573
2000074  790.5409836065573
2000075  790.5409836065573
2000076  790.5409836065573
2000078  790.5409836065573
2000079  790.5409836065573
2000080  790.5409836065573
2000081  790.5409836065573
2000082  790.5409836065573
2000083  790.5409836065573
2000084  790.5409836065573
2000085  790.5409836065573
2000086  790.5409836065573
2000042  759.1612903225806
8600053  686.9688888888888
8800047  633.1120689655172
10000084  612.2484076433121
7700035  569.6597510373444
8600099  569.6597510373444
8600100  569.6597510373444
8600102  569.6597510373444
3900015  562.9834710743802
3900022  562.9834710743802
8600061  549.844262295082
3900017  540.173116089613
3900018  540.173116089613
8600104  536.9837398373984
8600105  536.9837398373984
8600106  536.9837398373984
8600107  527.5171717171717
8600111  512.072
3900025  488.1968503937008
7200051  432.9075471698113
7200055  431.10188679245283
7200056  419.75422138836774
7200057  419.75422138836774
3900030  394.7863720073665
8600122  366.4882882882883
8600138  333.5017543859649
7700042  155.10279001468427
8500069  155.10279001468427
8900110  155.10279001468427
6200019  129.55113636363637
6200020  129.55113636363637
6200021  129.55113636363637
1700011  128.51205673758867
1700013  128.51205673758867
1700016  128.51205673758867
1700017  128.51205673758867
1700021  114.5605006954103
7000094  111.71191135734072
7000095  111.71191135734072
7600058  111.71191135734072
7600059  111.71191135734072
7600060  111.71191135734072
1700025  107.07152682255845
7000064  106.15934065934066
7000065  106.15934065934066
7000066  106.15934065934066
1700029  105.25240054869684
4700053  105.25240054869684
4700054  105.25240054869684
4700045  104.35068493150685
4700046  104.35068493150685
1700033  103.45417236662107
8300080  103.31284153005464
8300103  103.31284153005464
8300104  103.31284153005464
1700037  100.79564032697547
6800020  95.61621621621622
6800024  95.61621621621622
6800025  95.61621621621622
6800026  95.61621621621622
7600061  95.61621621621622
7600063  95.61621621621622
7600064  95.61621621621622
7600067  95.61621621621622
7600069  95.61621621621622
7600070  95.61621621621622
4700033  78.13123359580052
7000035  78.13123359580052
7000036  78.13123359580052
7000037  78.13123359580052
7600079  74.47327249022165
5000017  72.33246753246753
5000018  72.33246753246753
5000019  72.33246753246753
9500120  72.33246753246753
9500121  72.33246753246753
6800042  71.62775616083009
6800043  71.62775616083009
7600080  71.62775616083009
7600081  71.62775616083009
7600082  71.62775616083009
6800031  70.23156532988357
6800032  70.23156532988357
8900090  68.1701030927835
9400065  62.86224489795919
9400066  62.86224489795919
7600049  62.21783439490446
9400079  59.68187579214195
6100031  59.05822784810127
6100032  59.05822784810127
6100033  59.05822784810127
6100035  59.05822784810127
6100036  59.05822784810127
9400070  58.438685208596716
7600050  55.402010050251256
7600051  55.402010050251256
9400080  55.402010050251256
12001445  55.402010050251256
7600103  54.80677540777917
6500024  53.62828535669587
6100048  53.045
6100049  53.045
2600014  51.318804483188046
2600015  51.318804483188046
2600016  51.318804483188046
6200044  51.318804483188046
6800033  51.318804483188046
6800034  51.318804483188046
8900091  50.18757763975155
6500028  48.51980198019802
6500029  48.51980198019802
5300017  46.8865598027127
5300018  46.8865598027127
5300019  46.8865598027127
8500081  46.8865598027127
7700054  46.34975369458128
8900119  46.34975369458128
1700064  44.76196319018405
1700068  43.72215422276622
5300034  43.72215422276622
1700072  42.6971916971917
6200036  41.18734793187348
1700022  40.691373025516405
1700075  40.691373025516405
5300030  40.199029126213595
7800024  33.24076281287247
7800025  33.24076281287247
7800026  33.24076281287247
7800027  33.24076281287247
7800028  33.24076281287247
7800029  33.24076281287247
7800030  33.24076281287247
7800031  33.24076281287247
7800050  33.24076281287247
2900016  29.032979976442874
2000053  18.32840909090909
7800055  14.031319910514542
10000085  11.735619469026549
7600084  6.911447084233261
8600114  6.210752688172043
8100036  2.3034410844629822
8100037  2.3034410844629822
8100032  2.2041666666666666
8100166  1.829875518672199
1500012  1.119218910585817
1500014  1.119218910585817
1500015  1.119218910585817
1500016  1.119218910585817
1500034  1.119218910585817
1500035  1.119218910585817
1500039  1.119218910585817
1500045  1.119218910585817
1500050  1.119218910585817
2000029  1.119218910585817
2000030  1.119218910585817
6200037  1.119218910585817
7300022  1.119218910585817
7300023  1.119218910585817
7300024  1.119218910585817
7300025  1.119218910585817
7300026  1.119218910585817
7300027  1.119218910585817
7300028  1.119218910585817
7300029  1.119218910585817
7300030  1.119218910585817
8800074  1.119218910585817
8800080  1.119218910585817
2000032  1.051334702258727
7300033  1.051334702258727
7300035  1.051334702258727
9400048  0.799184505606524
7600125  0.7446373850868233
9200048  0.6371049949031601
9200051  0.6371049949031601
9200052  0.6371049949031601
9200127  0.6371049949031601
9200128  0.6371049949031601
10400059  0.6371049949031601
10400066  0.6371049949031601
10400070  0.6371049949031601
10400071  0.6371049949031601
10400090  0.6371049949031601
10400094  0.6371049949031601
10400190  0.6371049949031601
10400193  0.6371049949031601
10400219  0.6371049949031601
10400220  0.6371049949031601
10400221  0.6371049949031601
10400554  0.6371049949031601
11100244  0.6371049949031601
11100245  0.6371049949031601
11100246  0.6371049949031601
11100247  0.6371049949031601
11100250  0.6371049949031601
11100251  0.6371049949031601
11100252  0.6371049949031601
11100255  0.6371049949031601
9200056  0.5865580448065173
9200062  0.5865580448065173
9200063  0.5865580448065173
9200066  0.5865580448065173
9200073  0.5865580448065173
9200087  0.5865580448065173
9200094  0.5865580448065173
9200099  0.5865580448065173
9200104  0.5865580448065173
9200114  0.5865580448065173
9200120  0.5865580448065173
10400148  0.44771573604060916
10700107  0.4056795131845842
10800116  0.4056795131845842
10400194  0.3657548125633232
11700444  0.3657548125633232
11700445  0.3657548125633232
11700446  0.3657548125633232
11700450  0.3657548125633232
9200053  0.1975806451612903
11100253  0.08124373119358075
