1600288  0.16245955228805542
1600291  0.16245955228805542
1600348  0.16245955228805542
1600349  0.16245955228805542
1600350  0.16245955228805542
1600351  0.16245955228805542
1600367  0.16245955228805542
1700169  0.16245955228805542
1700170  0.16245955228805542
1700186  0.16245955228805542
1700187  0.16245955228805542
1700188  0.16245955228805542
1700189  0.16245955228805542
1800244  0.16245955228805542
1800245  0.16245955228805542
1800246  0.16245955228805542
1800315  0.16245955228805542
1800316  0.16245955228805542
1800318  0.16245955228805542
1800328  0.16245955228805542
1800329  0.16245955228805542
1800336  0.16245955228805542
2000070  0.16245955228805542
2000071  0.16245955228805542
2000082  0.16245955228805542
2000083  0.16245955228805542
2000084  0.16245955228805542
1700190  0.1615046113729477
1700579  0.1579739898443222
1700191  0.15783779323101044
1700580  0.15759657323360443
1700626  0.15730802714824677
1700576  0.15706785023212433
1700193  0.15701843798160553
1700194  0.15665529668331146
1700195  0.15649694204330444
1700581  0.1562134176492691
1700192  0.15617120265960693
1700345  0.1560174524784088
1700565  0.1558176577091217
1700360  0.15577110648155212
1700254  0.1557169258594513
1700463  0.15564164519309998
1700596  0.15504764020442963
1700582  0.15495115518569946
1700429  0.15466995537281036
1700564  0.15446217358112335
1700584  0.15434768795967102
1700598  0.15349823236465454
1700606  0.15346811711788177
1700599  0.15332169830799103
1700597  0.15292473137378693
1700600  0.1522691547870636
1700605  0.15220196545124054
1700604  0.1519058346748352
1700603  0.15112684667110443
1701060  0.14472059905529022
1700695  0.1440953016281128
1700877  0.142853781580925
1701059  0.14246293902397156
1700879  0.14222559332847595
1700878  0.14184367656707764
1700892  0.14178453385829926
1700881  0.1414911448955536
1701058  0.14076778292655945
1701056  0.14015071094036102
1800243  0.1399337351322174
1701053  0.13986912369728088
1700885  0.13965585827827454
1701050  0.13940702378749847
1600287  0.1392524391412735
1701057  0.1388627290725708
1700627  0.13825976848602295
1300272  0.13274285197257996
1000071  0.1321779042482376
1300105  0.13146500289440155
1300109  0.13136687874794006
1300268  0.13127124309539795
1300106  0.1309722661972046
1300110  0.13021425902843475
1300266  0.1301654577255249
1300141  0.1299719512462616
1300112  0.12996992468833923
1300121  0.12994836270809174
1300111  0.12967023253440857
1300122  0.12961149215698242
1300130  0.12948989868164062
1700694  0.1269407719373703
1800122  0.1254691332578659
1701289  0.12503553926944733
1701292  0.1249881237745285
1701296  0.12468299269676208
1800104  0.12455562502145767
1800121  0.12433767318725586
1800113  0.12433556467294693
1800120  0.1239531859755516
1800114  0.1238708347082138
1800117  0.12355295568704605
1800118  0.12350040674209595
1800105  0.12330024689435959
1800119  0.12307944893836975
1700637  0.12201617658138275
1700693  0.12198663502931595
1700629  0.12152029573917389
1700634  0.1212385818362236
1700653  0.12114134430885315
1700681  0.12106780707836151
1700638  0.12088585644960403
1700654  0.1207628920674324
1700668  0.12061498314142227
1700642  0.12033748626708984
1700666  0.12033456563949585
1700680  0.12012141942977905
1700667  0.12007424980401993
1300273  0.11836685985326767
1701288  0.11490460485219955
1600272  0.11445166915655136
1600269  0.1135302186012268
1600115  0.11326839029788971
1600114  0.11314526200294495
1600119  0.1129596084356308
1600171  0.11290659755468369
1600120  0.11261586099863052
1600268  0.11214754730463028
1600213  0.1119963601231575
1600211  0.11183534562587738
1600121  0.11179833114147186
1600253  0.11136326193809509
1600212  0.11120257526636124
1701062  0.10127735137939453
1701273  0.09827899932861328
1701269  0.09761857986450195
1701064  0.09721733629703522
1701068  0.09716332703828812
1701071  0.09688121825456619
1701266  0.09684139490127563
1701211  0.09659446775913239
1701213  0.0963212251663208
1701212  0.0961810052394867
1701214  0.09610412269830704
1701265  0.09609200805425644
1701217  0.09581774473190308
1701215  0.09578054398298264
