1701059  0.4293558597564697
1701050  0.42376312613487244
1701057  0.42136818170547485
1701053  0.42078202962875366
1700564  0.4199518859386444
1700565  0.4184195399284363
1701062  0.41729214787483215
1701071  0.4165552854537964
1701058  0.41519325971603394
1701064  0.41260209679603577
1701068  0.4117412865161896
1701060  0.41064542531967163
1800243  0.4069748520851135
1701056  0.40426427125930786
1800244  0.40003731846809387
1800246  0.39967459440231323
1300268  0.39483317732810974
1300122  0.3935869038105011
1700654  0.3935573101043701
1600268  0.3928947448730469
1700668  0.39021071791648865
1701213  0.38709524273872375
1700877  0.38672253489494324
1600114  0.3858470320701599
1800245  0.3856368064880371
1700881  0.3815820515155792
1600211  0.3780926465988159
1700693  0.37802961468696594
1000071  0.37779414653778076
1701211  0.3771291673183441
1700666  0.37703508138656616
1600269  0.3770095705986023
1300110  0.37689802050590515
1600272  0.3758656680583954
1700345  0.3758383095264435
1600291  0.37562575936317444
1700694  0.3742629289627075
1700885  0.37293922901153564
1600171  0.3727561831474304
1700596  0.37243592739105225
1800318  0.37216928601264954
1600213  0.3718395531177521
1700680  0.37166666984558105
1700667  0.37160736322402954
1701217  0.3700503706932068
1700879  0.3699119985103607
1600121  0.3697754740715027
1600367  0.3696420192718506
1600349  0.369413822889328
1600120  0.36935797333717346
1600348  0.3691402077674866
1800316  0.3689463436603546
1600351  0.3678613603115082
1600253  0.36761918663978577
1300272  0.36635622382164
1700681  0.3661462962627411
1700604  0.36546653509140015
1300121  0.3654245138168335
1700603  0.3653736710548401
1701266  0.36458057165145874
1300112  0.36444568634033203
1700579  0.3642476201057434
1701215  0.3641044497489929
1300273  0.3639103174209595
1700600  0.36382344365119934
1701273  0.3633389472961426
1300141  0.36322906613349915
1700597  0.3629584312438965
1700695  0.3628995716571808
1701269  0.3624393939971924
1700653  0.362223744392395
1701296  0.361265629529953
1800328  0.3611828088760376
2000082  0.36102256178855896
1700584  0.3603905737400055
1800113  0.36023467779159546
1700627  0.36000972986221313
1300109  0.35982614755630493
1600287  0.3597894012928009
1700629  0.3595484793186188
1700582  0.3592178225517273
1600350  0.35917630791664124
1600288  0.35908323526382446
1800329  0.35900241136550903
1700878  0.35888758301734924
1700599  0.3578447997570038
1700606  0.3574337661266327
1700637  0.35715723037719727
1600212  0.35677212476730347
1800122  0.35663315653800964
1701292  0.3565812408924103
1700192  0.3565192222595215
1700598  0.35635337233543396
1700463  0.3562479019165039
1800315  0.35622069239616394
1300266  0.35572338104248047
1701288  0.35562190413475037
1701214  0.35547468066215515
1700892  0.3546738922595978
2000084  0.35286569595336914
1701212  0.35181501507759094
2000071  0.35177698731422424
1700576  0.3511987030506134
1800336  0.3510846197605133
1600115  0.3510153293609619
1700580  0.3504089415073395
1700634  0.35002878308296204
1600119  0.3492843210697174
1700169  0.34743377566337585
1700360  0.3469950556755066
1800120  0.3468115031719208
1300106  0.34605854749679565
1700605  0.34578996896743774
1701289  0.3456268906593323
1700195  0.3452722132205963
1700642  0.344801664352417
1701265  0.34455275535583496
2000083  0.3442186713218689
1700626  0.342440128326416
1700638  0.34050750732421875
1300105  0.34031155705451965
1800117  0.339598685503006
1300130  0.3393993079662323
1700190  0.339356392621994
1700186  0.33875778317451477
1800105  0.3384708762168884
2000070  0.3366336226463318
1700429  0.3352434039115906
1700581  0.3350678086280823
1800119  0.33217382431030273
1700170  0.331574410200119
1800114  0.33128148317337036
1300111  0.3303724229335785
1700193  0.3287500739097595
1800121  0.32769450545310974
1700194  0.3258990943431854
1700188  0.3232593834400177
1700189  0.32218697667121887
1700254  0.32214051485061646
1800118  0.3218632638454437
1700191  0.31405335664749146
1800104  0.3132301867008209
1700187  0.3110499083995819
