1400183  1.0
1400126  0.25
1400127  0.25
1400128  0.25
1300519  0.08620689655172409
1300314  0.078125
1300315  0.078125
1300317  0.078125
1300339  0.078125
1300340  0.078125
1300349  0.078125
1300350  0.078125
1300351  0.078125
1300352  0.078125
1300354  0.078125
1300357  0.078125
1300358  0.078125
1300359  0.078125
1300484  0.078125
1300485  0.078125
1300486  0.078125
1300495  0.078125
1500279  0.078125
1500283  0.078125
1500287  0.078125
1500291  0.078125
1500297  0.078125
1500298  0.078125
1300335  0.07462686567164178
1300336  0.07462686567164178
1300338  0.07462686567164178
1300344  0.07462686567164178
1000185  0.07352941176470584
1300270  0.07352941176470584
1300312  0.07352941176470584
1300313  0.07352941176470584
1300327  0.07352941176470584
1300331  0.07352941176470584
1300332  0.07352941176470584
1300337  0.06944444444444442
1300249  0.06849315068493156
1300254  0.06849315068493156
