1400183  1.0
1400126  0.5
1400127  0.5
1400128  0.5
1300519  0.29361010975735174
1300314  0.2795084971874737
1300315  0.2795084971874737
1300317  0.2795084971874737
1300339  0.2795084971874737
1300340  0.2795084971874737
1300349  0.2795084971874737
1300350  0.2795084971874737
1300351  0.2795084971874737
1300352  0.2795084971874737
1300354  0.2795084971874737
1300357  0.2795084971874737
1300358  0.2795084971874737
1300359  0.2795084971874737
1300484  0.2795084971874737
1300485  0.2795084971874737
1300486  0.2795084971874737
1300495  0.2795084971874737
1500279  0.2795084971874737
1500283  0.2795084971874737
1500287  0.2795084971874737
1500291  0.2795084971874737
1500297  0.2795084971874737
1500298  0.2795084971874737
1300335  0.2731791823540765
1300336  0.2731791823540765
1300338  0.2731791823540765
1300344  0.2731791823540765
1000185  0.2711630722733202
1300270  0.2711630722733202
1300312  0.2711630722733202
1300313  0.2711630722733202
1300327  0.2711630722733202
1300331  0.2711630722733202
1300332  0.2711630722733202
1300337  0.26352313834736496
1300249  0.2617119612951069
1300254  0.2617119612951069
