6900184  0.08927926421165466
9300083  0.08905690908432007
8900206  0.0886911153793335
8400079  0.08815032988786697
1500287  0.08753009140491486
8900104  0.08730318397283554
7500218  0.08726847916841507
5300111  0.08726392686367035
2900401  0.08717230707406998
7200392  0.08711087703704834
5200172  0.08709771186113358
9000155  0.08707847446203232
7300234  0.08694764971733093
8400266  0.08690492808818817
7400555  0.08690200001001358
7500257  0.08687687665224075
7400214  0.08683802932500839
2900616  0.0867888331413269
2400308  0.08674293011426926
7700491  0.08674199879169464
10600410  0.08673479408025742
7400228  0.08672298491001129
7400533  0.08671344816684723
5500082  0.08668771386146545
6800364  0.08667593449354172
10400145  0.08666327595710754
1500105  0.08665000647306442
1702578  0.08663862943649292
8700406  0.08662978559732437
6900201  0.0865374282002449
1501141  0.08653251081705093
10500143  0.08647745847702026
5100065  0.08646996319293976
8400129  0.08644911646842957
1702591  0.08637655526399612
8600289  0.08635210245847702
8100576  0.08633852005004883
12400496  0.08632631599903107
2900679  0.08630526065826416
4400636  0.08629582077264786
2900549  0.086292564868927
2600925  0.08629164099693298
2900677  0.08627878874540329
7400271  0.08626796305179596
8000175  0.08626333624124527
10400079  0.0862482488155365
7400317  0.08623357862234116
1500747  0.08622948080301285
8100402  0.08622422069311142
7400569  0.08621808141469955
11400148  0.08621125668287277
7400296  0.08619347214698792
3300261  0.08617672324180603
1500273  0.08616713434457779
10400149  0.08615801483392715
8100401  0.08615395426750183
8900092  0.08614382147789001
8200710  0.08613529801368713
7700436  0.0861324593424797
2600953  0.08610570430755615
1500083  0.08609484881162643
4400238  0.08607985824346542
7400512  0.08607348054647446
10400127  0.08606691658496857
7400509  0.08604152500629425
2900576  0.08603226393461227
2600954  0.08602795749902725
2600952  0.08601713925600052
6200153  0.08601243048906326
8300946  0.08600115031003952
8100414  0.08597347140312195
5200063  0.08597343415021896
4400233  0.08596103638410568
3000154  0.08596101403236389
8400133  0.08595827966928482
4400323  0.08594606816768646
5300044  0.08591664582490921
7400551  0.08590047061443329
12001573  0.08589524775743484
7400504  0.08589217811822891
10500158  0.08588098734617233
1500359  0.08587928116321564
9800133  0.08587156981229782
1702576  0.0858517587184906
10400078  0.08585011214017868
6700178  0.08584196865558624
9000072  0.08582355827093124
7000196  0.08581990003585815
2900580  0.08581452816724777
1500319  0.08580296486616135
7000183  0.0857965499162674
8000129  0.08578719943761826
9300080  0.08576217293739319
8300934  0.08574122935533524
7400541  0.08573510497808456
7300114  0.08572977781295776
12001536  0.08571075648069382
8300961  0.085710309445858
5100084  0.08570700138807297
4001465  0.08569812029600143
7400561  0.08569216728210449
3000612  0.08569099009037018
1500791  0.08565527945756912
8100517  0.0856504812836647
5300108  0.08564604073762894
8200632  0.08562987297773361
7500233  0.08562496304512024
1500346  0.08561396598815918
4400236  0.08561204373836517
7700549  0.08560333400964737
5200208  0.08559554815292358
5800092  0.0855950117111206
1602760  0.08558625727891922
8100340  0.08558483421802521
8300935  0.0855846107006073
8200613  0.08556777983903885
1500084  0.08556634932756424
7400567  0.08556170761585236
3500257  0.08555147796869278
3000110  0.08554771542549133
1501139  0.08554191142320633
1501117  0.08553443849086761
8900215  0.08553370833396912
6900226  0.0855250433087349
4400613  0.08552108705043793
10400152  0.08551422506570816
1702657  0.08550536632537842
8500093  0.08549273014068604
2400317  0.0854872465133667
3000658  0.08548124134540558
2500063  0.08545972406864166
6900138  0.08545925468206406
9800128  0.08544947952032089
7500250  0.08544684201478958
3801169  0.08543524146080017
4700109  0.08541098982095718
2900412  0.0854019895195961
10400136  0.08539123088121414
7400272  0.08537955582141876
1500379  0.08537769317626953
2601009  0.08537711948156357
4401623  0.08537279814481735
1500114  0.085372194647789
2900147  0.08537067472934723
5300117  0.08536431193351746
1702717  0.08535902202129364
1602765  0.08535449951887131
12001574  0.0853528380393982
8100508  0.08535073697566986
7400532  0.0853402242064476
4400550  0.08533652126789093
8100470  0.08531755954027176
8900114  0.08530397713184357
6500053  0.0852951779961586
8100539  0.08528723567724228
4400234  0.08527951687574387
7700509  0.08526969701051712
4401643  0.08526939898729324
8400249  0.08526737242937088
7800181  0.08525664359331131
8200630  0.08525379747152328
10400146  0.08525250107049942
7900129  0.08525201678276062
4301237  0.08524098992347717
3000534  0.08524035662412643
4400239  0.08523444831371307
8700389  0.08523192256689072
2900579  0.08522929251194
7500262  0.08522262424230576
4400235  0.08522035926580429
8200724  0.08521832525730133
6800349  0.08521822094917297
7500219  0.0852019414305687
2900614  0.08518744260072708
7500209  0.08518581092357635
2700191  0.08518114686012268
9000224  0.08517523854970932
4400322  0.08516047149896622
1702662  0.08515843003988266
9800046  0.08514989912509918
1501120  0.0851484164595604
10400248  0.0851481705904007
3300171  0.08514715731143951
10600079  0.08514189720153809
10600782  0.08513801544904709
7400470  0.08513768762350082
2600930  0.08510634303092957
8400132  0.08510623127222061
2900550  0.08509856462478638
1500290  0.08509267866611481
8100738  0.08509048819541931
1702733  0.08508841693401337
7400191  0.08508449047803879
6800102  0.08508411794900894
2900555  0.08508030325174332
7700562  0.08507031202316284
5300050  0.08506461977958679
8700517  0.08506211638450623
2900687  0.0850556343793869
1500296  0.08504608273506165
1702595  0.08504224568605423
4400272  0.08503317087888718
4401639  0.08502662181854248
3500254  0.08502209931612015
7400579  0.08502092212438583
7500237  0.08501642197370529
1702598  0.08501318842172623
1500336  0.08501007407903671
3000614  0.08500887453556061
9000128  0.08500561118125916
10301084  0.08499238640069962
8700567  0.08499140292406082
11400045  0.08499010652303696
8400257  0.0849834531545639
1500348  0.08498219400644302
7400230  0.08498133718967438
3300150  0.08497516065835953
9500457  0.0849582776427269
3000130  0.0849541425704956
10400124  0.0849439948797226
4201363  0.08494054526090622
7500280  0.08493993431329727
1702569  0.08493568748235703
8900334  0.08493270725011826
5100081  0.0849265530705452
3000132  0.0849025622010231
1500308  0.08490196615457535
1602753  0.0849011167883873
3801174  0.0849006325006485
8400071  0.08489423990249634
4401586  0.08489159494638443
10600780  0.08488234132528305
7900197  0.08488228172063828
7800059  0.08487643301486969
9300055  0.08487490564584732
8100422  0.08486837148666382
2300080  0.08486572653055191
6700107  0.08485804498195648
7500081  0.08485264331102371
7400206  0.0848492681980133
7400549  0.08484818786382675
7400517  0.08483969420194626
1702713  0.08483777195215225
5200067  0.08483292162418365
2400307  0.08483249694108963
7500234  0.08482886850833893
3300219  0.08482620120048523
7000225  0.08482418209314346
3400516  0.08482040464878082
7300220  0.0848153606057167
8600298  0.08481132239103317
3700260  0.08480928838253021
3300255  0.08480645716190338
8100424  0.0848027691245079
1500279  0.08479675650596619
8000120  0.08479675650596619
8700503  0.08479311317205429
8900098  0.08479117602109909
8100520  0.08478964120149612
8400265  0.0847797766327858
8100494  0.08477265387773514
10600672  0.08477085828781128
1702584  0.08476368337869644
9800119  0.0847560465335846
7500214  0.08475293219089508
2400319  0.08475219458341599
1702741  0.08474746346473694
4400471  0.08474607765674591
7500071  0.08473441004753113
9000134  0.08472941815853119
1702714  0.08472525328397751
7700548  0.08472416549921036
7700500  0.08471345901489258
11400145  0.08471251279115677
6700169  0.08471207320690155
9500453  0.08471201360225677
7500224  0.0847087875008583
9300082  0.08469996601343155
8200795  0.0846954733133316
7900138  0.0846932977437973
10000112  0.08469150215387344
8000054  0.08468693494796753
7900127  0.08468122035264969
6100055  0.08468100428581238
8100428  0.08468031883239746
8400083  0.08467965573072433
8100173  0.08467939496040344
1501127  0.08467413485050201
1500779  0.0846712663769722
2900683  0.08466943353414536
7300112  0.08466608822345734
2900488  0.0846455991268158
7400209  0.08463817834854126
8200711  0.08462999761104584
6900134  0.08462951332330704
6800363  0.08462650328874588
7300206  0.08462592959403992
10600514  0.08462434262037277
7500252  0.08462353050708771
6900192  0.08461721241474152
8200768  0.08461335301399231
1500347  0.08460750430822372
2900491  0.08460371941328049
5300115  0.08460148423910141
3300105  0.08460122346878052
4101283  0.08460050076246262
8100554  0.08460035920143127
8700466  0.0845954418182373
1702655  0.08459525555372238
8100275  0.08459243178367615
3300204  0.08459223061800003
8700467  0.0845891684293747
2900408  0.0845877081155777
8400163  0.08458755910396576
8200612  0.08458752185106277
8100409  0.08457949757575989
1500167  0.08457928895950317
9500455  0.0845755785703659
7900126  0.08457063883543015
3300267  0.0845678448677063
6900225  0.08454667776823044
8400085  0.08453815430402756
1500769  0.08453671634197235
1702597  0.08453340828418732
1500307  0.08452963083982468
2900563  0.08452928066253662
7000185  0.0845249816775322
6600101  0.0845230221748352
11400153  0.08452294766902924
10600519  0.0845114067196846
10400249  0.08451077342033386
8400162  0.08450640738010406
9000075  0.08449913561344147
5200068  0.08449448645114899
8400233  0.08449365943670273
8700465  0.08449242264032364
8100459  0.08449070900678635
1500405  0.08448275923728943
2300163  0.08447838574647903
5400073  0.0844770297408104
7500235  0.08447348326444626
7500271  0.08446894586086273
4001425  0.08446800708770752
4401614  0.08446656912565231
7400108  0.08446363359689713
5400072  0.0844603031873703
3300172  0.08445726335048676
8000139  0.08445075154304504
7400575  0.08444826304912567
3000117  0.08444739878177643
7000180  0.08444593846797943
8100537  0.08444280922412872
2400888  0.08444146066904068
10400209  0.08443795889616013
10600612  0.08442961424589157
8400261  0.08442918211221695
3000133  0.08442811667919159
8400114  0.08441881090402603
6900133  0.08441774547100067
8900216  0.0844084769487381
1501107  0.08440705388784409
2601014  0.08440440148115158
8100420  0.08440371602773666
7300074  0.08439517021179199
8900293  0.0843890905380249
8300945  0.08438507467508316
8000198  0.08438314497470856
1702650  0.08437719196081161
7800180  0.08437559008598328
6800335  0.08437475562095642
7400508  0.08437453955411911
5300110  0.08436943590641022
10400257  0.084365114569664
7500225  0.08436481654644012
2900406  0.08435304462909698
4001426  0.08434901386499405
7300229  0.0843459963798523
7000237  0.08434544503688812
8100743  0.0843304768204689
3300266  0.08432962745428085
3000657  0.08432663977146149
6900185  0.08432384580373764
1702716  0.08431918174028397
7400465  0.08431778848171234
6900200  0.0843166783452034
1702600  0.0843103677034378
10600363  0.08430361747741699
1702581  0.08430244028568268
10400119  0.0843023881316185
1702724  0.08429143577814102
8200826  0.08428716659545898
10600395  0.0842823013663292
4201364  0.08428072184324265
9500454  0.08427900820970535
8000061  0.08427473902702332
12001355  0.08427155762910843
7900233  0.08426836133003235
6900228  0.08426603674888611
4001427  0.08426427096128464
2400886  0.08425837010145187
1500289  0.08425192534923553
6500088  0.08425001055002213
8100575  0.08424533903598785
1501133  0.08424519002437592
9200127  0.08424493670463562
5200066  0.08423370122909546
8100253  0.08423352241516113
8400125  0.08422674983739853
8900138  0.08422381430864334
8300962  0.08422215282917023
9000044  0.0842185914516449
8100450  0.08421705663204193
1501103  0.08421547710895538
7500259  0.08420902490615845
8400141  0.08420804888010025
8100096  0.08420799672603607
7400321  0.08420224487781525
8100682  0.08420178294181824
8000196  0.08419681340456009
3801190  0.0841950923204422
1702738  0.08419156074523926
8100540  0.08418966829776764
7500229  0.08418102562427521
4400268  0.08417722582817078
7400474  0.08417360484600067
3000129  0.08417295664548874
5600090  0.08417240530252457
4401634  0.08416935056447983
12400482  0.08415733277797699
2400890  0.0841565653681755
1702651  0.08415506035089493
2900486  0.08415379375219345
9000145  0.08415162563323975
8100138  0.08414596319198608
1702574  0.08414559811353683
3300187  0.08414530009031296
8000123  0.0841442197561264
8100185  0.0841420441865921
6800329  0.08414197713136673
3300223  0.08413618803024292
12001572  0.08413276821374893
1500727  0.08412930369377136
2400324  0.08412278443574905
1500396  0.08411498367786407
8900298  0.08411089330911636
4401600  0.08410907536745071
1500107  0.08410626649856567
7900217  0.08410384505987167
8900144  0.08410220593214035
9000200  0.08410167694091797
8100605  0.08409932255744934
8900339  0.08409633487462997
1702661  0.08409291505813599
10600781  0.08408446609973907
3500256  0.08408362418413162
4401649  0.08408040553331375
7400204  0.08407938480377197
4400271  0.08407536149024963
2900400  0.08407247811555862
6800358  0.08407247811555862
8400074  0.08406998217105865
8900304  0.08406770974397659
2900588  0.08406699448823929
8900112  0.08406368643045425
7300226  0.08406277000904083
7400201  0.08406159281730652
2900479  0.08406121283769608
6900199  0.0840592011809349
6500074  0.08405599743127823
4400474  0.08404921740293503
3300258  0.08404160290956497
12001541  0.08404117822647095
8000195  0.08403787761926651
9300096  0.08403653651475906
7500101  0.08403334766626358
11600102  0.08402851969003677
8400151  0.08401868492364883
4400341  0.08401809632778168
12100740  0.08401715755462646
10400223  0.0839981883764267
3000533  0.08399545401334763
2400298  0.08399307727813721
4301261  0.08399222791194916
9000045  0.08398676663637161
4101284  0.08398456126451492
7400215  0.08398422598838806
8900213  0.08398079872131348
2900674  0.08397916704416275
2600147  0.08397825807332993
3300262  0.0839749127626419
1500408  0.08397428691387177
1501109  0.08397423475980759
1702737  0.0839703306555748
11800182  0.08396990597248077
7800204  0.08396559953689575
10400072  0.08396027982234955
1702586  0.08395902812480927
4400596  0.08394834399223328
12200124  0.08394801616668701
2900587  0.0839446634054184
2900596  0.0839378759264946
2600974  0.08393678814172745
3000114  0.08393288403749466
5700145  0.08392718434333801
1200082  0.08392394334077835
1500402  0.0839235782623291
7400189  0.08392293006181717
1500399  0.08392232656478882
1501131  0.08392230421304703
7800176  0.08392079174518585
6900186  0.08391550928354263
11400142  0.08391460031270981
7500260  0.0839049369096756
9300043  0.08390477299690247
10400214  0.08389165252447128
8500040  0.08388813585042953
7000199  0.08388389647006989
7400480  0.08388181030750275
7800086  0.08388041704893112
7400472  0.08387820422649384
2600694  0.08387594670057297
3000323  0.0838753879070282
5200096  0.08387463539838791
2600976  0.08386797457933426
9500458  0.08386578410863876
8200714  0.08385509997606277
7600106  0.0838547945022583
8000058  0.08385325223207474
2200112  0.08385258167982101
7900081  0.08384894579648972
10600353  0.08384580165147781
8700399  0.08384570479393005
5600088  0.08384215086698532
7300065  0.08384032547473907
2900685  0.08383722603321075
7400526  0.08383625745773315
1602754  0.08383472263813019
2900681  0.08383041620254517
7400570  0.0838298499584198
1702601  0.08382865786552429
8200764  0.08382441103458405
2900688  0.08381135761737823
6500054  0.08381053060293198
6800244  0.08380930125713348
1500370  0.08380452543497086
10400063  0.0838022232055664
2900601  0.08379936218261719
2600957  0.08378635346889496
8300957  0.08378399163484573
2600951  0.08378269523382187
7900118  0.08378064632415771
8100268  0.08377785980701447
7400543  0.08377110213041306
1702583  0.08376675844192505
8400143  0.08376587182283401
1200340  0.08375917375087738
8000142  0.08375811576843262
7800207  0.08375648409128189
7800218  0.0837542712688446
10400051  0.08375279605388641
5200192  0.08375272899866104
4401590  0.08375220745801926
8100741  0.08374997973442078
8100739  0.08374913036823273
2700300  0.08374743163585663
2900589  0.08374545723199844
10400259  0.08374102413654327
7300212  0.08374010771512985
7500268  0.0837368443608284
6900183  0.08373189717531204
8400078  0.0837310403585434
8200622  0.08372988551855087
8100495  0.08372530341148376
1100416  0.08372006565332413
9000191  0.08371405303478241
3000537  0.08371291309595108
8100534  0.08370926231145859
5800218  0.08370759338140488
6800327  0.08370593190193176
5100076  0.08370409905910492
3000115  0.08370371162891388
4700147  0.0837024599313736
7400572  0.08369708061218262
7500253  0.08368921279907227
7500274  0.08368782699108124
9800047  0.0836874395608902
8900072  0.08368594199419022
7000181  0.08368224650621414
8100469  0.08367960155010223
4400325  0.08367954194545746
10400228  0.08366844803094864
2900593  0.08366809785366058
10500117  0.08366745710372925
11400068  0.08366502821445465
5500070  0.08366069942712784
1500309  0.08365871012210846
8100407  0.08365799486637115
8200644  0.08365745097398758
4301234  0.0836556926369667
4900055  0.08365298807621002
7800195  0.08364883810281754
12001535  0.08364644646644592
1501137  0.08364467322826385
4400552  0.08364453166723251
9800054  0.08364279568195343
3300170  0.08363654464483261
7400553  0.08363648504018784
10400211  0.08363628387451172
1702608  0.08363473415374756
3500284  0.08363127708435059
7400282  0.08362970501184464
8900210  0.0836193710565567
8900310  0.08361873775720596
8100131  0.08361683040857315
2900586  0.08361522108316422
8700499  0.08361293375492096
3300202  0.0836072564125061
7500217  0.08360672742128372
6900224  0.08360535651445389
2600515  0.08360356837511063
3000300  0.08360197395086288
2900551  0.08360172063112259
5300109  0.08359631150960922
9000168  0.08359555900096893
7300211  0.08359472453594208
9300042  0.083594411611557
8900137  0.08359114080667496
2900622  0.08358853310346603
4001461  0.0835878923535347
4400324  0.08358274400234222
3300220  0.08358244597911835
1702603  0.08357961475849152
8700550  0.0835760161280632
2900170  0.08357571065425873
12001370  0.08357284218072891
8100400  0.08357076346874237
2600159  0.0835694670677185
7700449  0.08356813341379166
8700407  0.0835653766989708
11400158  0.08356231451034546
2700254  0.08355818688869476
10400255  0.08355569839477539
6700101  0.08355069905519485
1702660  0.08355046063661575
3300203  0.0835496187210083
10400144  0.08354706317186356
5300053  0.08354303240776062
8400050  0.08354049175977707
10200044  0.08353731781244278
11800181  0.08353284001350403
8200715  0.08353172987699509
9000154  0.08352524787187576
1200345  0.08352489024400711
3500252  0.08352132886648178
8100604  0.08352021127939224
8400253  0.08351240307092667
8100329  0.0835120901465416
10400123  0.08350725471973419
10400125  0.08350663632154465
12200224  0.08350411802530289
2900583  0.08350346237421036
10400141  0.08350007236003876
1200269  0.08349928259849548
7500263  0.0834985226392746
11400155  0.08349726349115372
6700108  0.0834968239068985
4101285  0.08349648118019104
6900660  0.08349580317735672
6500089  0.0834909975528717
11800200  0.08348371833562851
1500106  0.08348055183887482
12001533  0.08347619324922562
8100524  0.08347529172897339
10600362  0.08347442746162415
6700111  0.08346728980541229
11800178  0.08346278220415115
2900600  0.08346254378557205
6800268  0.08345076441764832
8100081  0.08345010876655579
7500221  0.08344979584217072
8100417  0.08344843238592148
8100265  0.0834469124674797
2400818  0.08344503492116928
10600412  0.08344203233718872
4401644  0.08344170451164246
9400091  0.08344049751758575
3500253  0.08343476802110672
7500244  0.08343379199504852
7500243  0.08343134820461273
6400049  0.08342880755662918
8100516  0.083426333963871
7400506  0.08342557400465012
6400235  0.0834224671125412
7700446  0.08341942727565765
8100270  0.08341830968856812
3300160  0.08341772854328156
1100414  0.08341652154922485
8400237  0.08341468870639801
7500249  0.08341208100318909
10400161  0.08341038227081299
1602756  0.08340555429458618
8200633  0.0834055170416832
11400166  0.08340433239936829
7800168  0.08340176194906235
2400304  0.08340127021074295
6700133  0.08340034633874893
8100133  0.08339911699295044
2400306  0.08339594304561615
5700054  0.08339177072048187
5600058  0.08339068293571472
2600133  0.08338955044746399
5300041  0.08338497579097748
6800386  0.08338490128517151
7400220  0.08338255435228348
9000234  0.08338101953268051
2900409  0.08337920159101486
2300092  0.0833720713853836
1702726  0.08336986601352692
2600095  0.08336972445249557
7900117  0.08335952460765839
7700485  0.08335715532302856
6800385  0.08335687965154648
7500099  0.0833476260304451
5100082  0.08334644138813019
2700119  0.08334329724311829
10400126  0.08334007114171982
7400505  0.08333944529294968
1702605  0.08333682268857956
2600955  0.08333513140678406
7000182  0.08332298696041107
7000197  0.0833175927400589
8700395  0.08331654220819473
8100256  0.08331360667943954
8600285  0.08331114798784256
1501138  0.0833108052611351
11600038  0.08331045508384705
8100286  0.08330725133419037
7900209  0.08330646902322769
5100100  0.08330532163381577
2400758  0.08330464363098145
4400258  0.08330462872982025
7800161  0.08329887688159943
6800319  0.08329496532678604
6800260  0.08329086005687714
1500104  0.08329048752784729
5100068  0.08328942954540253
5300113  0.08328690379858017
4400294  0.08328433334827423
10600783  0.08328140527009964
2900149  0.08328138291835785
7500264  0.08327983319759369
2900621  0.08327574282884598
3000135  0.08327452838420868
7900237  0.08327148109674454
4101282  0.08326756954193115
9000146  0.08326723426580429
2601250  0.08326295018196106
8100174  0.08325774222612381
7200393  0.08325736224651337
3300265  0.08325477689504623
8100327  0.08325448632240295
7500103  0.08325346559286118
10301085  0.08324722200632095
7800206  0.08324675261974335
2900403  0.08324160426855087
1200069  0.08323881775140762
7100256  0.08323805779218674
2900490  0.08323201537132263
8100344  0.083231121301651
7400307  0.08323066681623459
7500238  0.08322395384311676
2900585  0.0832233875989914
8100245  0.08322082459926605
10000046  0.0832180604338646
8200624  0.08321533352136612
12001577  0.08321187645196915
7800193  0.0832100436091423
7700504  0.0832061842083931
7700495  0.08320585638284683
7900149  0.08320478349924088
8000057  0.0832032710313797
10400162  0.08320090919733047
11600042  0.08319463580846786
9000133  0.08319389075040817
2600978  0.08319330960512161
6200087  0.08319290727376938
1702596  0.08319168537855148
7800158  0.08319047093391418
4700150  0.0831892341375351
7400194  0.08318712562322617
1500109  0.08318379521369934
11300099  0.08318378031253815
8100485  0.08318157494068146
2700318  0.08318112790584564
7800196  0.0831810012459755
7700437  0.08318052440881729
9400040  0.083175890147686
9300051  0.08317238092422485
6700067  0.08316876739263535
7800224  0.08316832035779953
7800188  0.08316583931446075
1602752  0.08316552639007568
6800336  0.08316079527139664
8600290  0.08316007256507874
10500060  0.08315690606832504
9800115  0.08315614610910416
6800323  0.08315274864435196
7700506  0.08314849436283112
4101288  0.08314306288957596
9100773  0.08313658833503723
10600426  0.0831361711025238
4201367  0.08313494175672531
7300108  0.08313392102718353
4001456  0.08312952518463135
7400192  0.08312836289405823
5100066  0.08312774449586868
1200337  0.08312356472015381
8200647  0.08312177658081055
4301233  0.08312119543552399
7800177  0.08311908692121506
11400088  0.08311725407838821
7800163  0.08311671018600464
8400245  0.08311265707015991
11800177  0.08310937136411667
7700460  0.08310750126838684
4401629  0.08310563117265701
8100105  0.08310270309448242
5800059  0.08310146629810333
6800370  0.08310135453939438
8000042  0.08310065418481827
7800165  0.08310015499591827
8100159  0.08309252560138702
7100120  0.08308856934309006
8400131  0.0830874964594841
3600051  0.0830872431397438
1501102  0.08308418840169907
4400614  0.08308243006467819
8100077  0.08307803422212601
10500101  0.0830744057893753
7100119  0.08307433128356934
3000172  0.08307427912950516
1702736  0.08307266235351562
2900405  0.08307253569364548
4001458  0.08307084441184998
8700398  0.08307024091482162
6700173  0.08307000994682312
5300063  0.08306428790092468
1200341  0.08306313306093216
1500338  0.08306063711643219
9300059  0.08305784314870834
8100076  0.08304847031831741
7400397  0.08304242789745331
8100251  0.08304240554571152
7700515  0.08304054290056229
8400140  0.08303959667682648
2900557  0.08303356915712357
11400143  0.08303125947713852
8900053  0.08303117007017136
7400173  0.08303044736385345
7400105  0.08303042501211166
3400527  0.08303006738424301
9300047  0.0830281600356102
7700536  0.0830267071723938
8100259  0.08302118629217148
6800192  0.08301812410354614
3801170  0.08301759511232376
10000103  0.08301634341478348
1200339  0.083013616502285
2900404  0.08301327377557755
1702577  0.08301161974668503
8200627  0.08301091939210892
2600924  0.08301062881946564
8200915  0.08301040530204773
8100606  0.08301033079624176
7000198  0.08300784975290298
9000162  0.08300773799419403
1702729  0.08300654590129852
2700200  0.08300630748271942
7000249  0.08300148695707321
6400240  0.08300001174211502
6500067  0.08299601823091507
2700282  0.08299438655376434
8100288  0.08299404382705688
5100069  0.08299286663532257
6800184  0.08299137651920319
7400473  0.08299030363559723
11300037  0.08299025148153305
3000538  0.08298834413290024
6800100  0.08298745006322861
12200282  0.08298660069704056
1500322  0.08298560231924057
10600084  0.08298436552286148
7500232  0.08297963440418243
12400498  0.08297914266586304
9800082  0.08297811448574066
12001504  0.0829748660326004
9100772  0.082967609167099
12400475  0.08296649903059006
7900211  0.08295898884534836
7600111  0.08295075595378876
8100258  0.08294904977083206
8100157  0.08294736593961716
1702664  0.08294475823640823
1200083  0.08294399827718735
7400293  0.08294239640235901
7700498  0.08293662965297699
6900136  0.08293579518795013
1501129  0.08293399959802628
8900136  0.08293360471725464
9000220  0.0829261839389801
4400326  0.08292465656995773
2400887  0.08292362838983536
6900054  0.08292341232299805
4400472  0.08291483670473099
7700478  0.08291313052177429
7400320  0.08290883153676987
7400559  0.08290628343820572
7800197  0.08290126919746399
6800292  0.08289982378482819
12200174  0.08289982378482819
7800186  0.08289825171232224
10400135  0.08289686590433121
11900202  0.08289523422718048
3000128  0.0828949511051178
7300216  0.08289305865764618
7400491  0.08289135992527008
12400480  0.08289123326539993
8100139  0.0828871876001358
1500457  0.08288680762052536
6800131  0.08288656175136566
6700106  0.0828830748796463
2600426  0.0828804150223732
6500068  0.08287583291530609
3400518  0.08287269622087479
1500152  0.0828692689538002
8900103  0.08286576718091965
6800362  0.08286533504724503
8000059  0.08285720646381378
7400467  0.08285517245531082
3000134  0.08285069465637207
6800360  0.08284790813922882
8700396  0.08284589648246765
7700470  0.08284475654363632
10400134  0.08283886313438416
7400476  0.08283577114343643
7800153  0.08283472061157227
1500454  0.08283433318138123
7800056  0.08283310383558273
11400039  0.08283187448978424
10400130  0.08282805234193802
8900299  0.08282588422298431
7500072  0.08282564580440521
8100146  0.08282515406608582
2200111  0.08282454311847687
8000067  0.08282385766506195
8400221  0.08282307535409927
7300207  0.08281999081373215
1602764  0.08281979709863663
8300956  0.08281785994768143
1501116  0.08281780034303665
12200083  0.0828145295381546
9300041  0.08281271159648895
4401615  0.08280377089977264
6900137  0.08280353248119354
10100056  0.08280166983604431
7900229  0.08280056715011597
9800131  0.08279786258935928
7700472  0.08279488235712051
1200334  0.0827941745519638
3700259  0.08279021084308624
7400527  0.08278835564851761
8200718  0.08278528600931168
6700110  0.08278513699769974
8100143  0.08278505504131317
10400151  0.08278470486402512
7900148  0.08278308063745499
8100093  0.08278066664934158
5300059  0.08277159929275513
2900680  0.08277109265327454
4001430  0.08276686072349548
1200084  0.08276113867759705
10400252  0.08275908976793289
2700209  0.08275793492794037
8000075  0.08275657892227173
6900207  0.08275637775659561
5300112  0.08275437355041504
10600352  0.08275413513183594
2300054  0.08275294303894043
7400221  0.08274900913238525
7700513  0.08274881541728973
8100283  0.08274827152490616
8700397  0.08274450153112411
6800248  0.08274166285991669
5600067  0.08274108916521072
7700528  0.08274099975824356
7500251  0.08274014294147491
6800365  0.08273788541555405
6800256  0.08273410052061081
2600138  0.08273380994796753
5100054  0.08273030817508698
12200258  0.0827297791838646
8000088  0.08272771537303925
8200912  0.08272760361433029
8200623  0.08272377401590347
5500062  0.08272285014390945
6800333  0.08272116631269455
11900200  0.08272035419940948
2700218  0.08271925896406174
1200347  0.08271369338035583
1500212  0.08271311223506927
2600462  0.08271175622940063
1602758  0.08271042257547379
6800356  0.08271022140979767
7800201  0.08270815759897232
6800200  0.08270800113677979
10400253  0.08270727097988129
7800182  0.08270421624183655
11800180  0.08270320296287537
12200196  0.0826941430568695
7500256  0.0826917216181755
7700534  0.08269072324037552
4401624  0.08268895745277405
7800200  0.08268687129020691
4401604  0.08268370479345322
5700142  0.08268280327320099
1501100  0.08268233388662338
8000069  0.0826810821890831
4900066  0.0826801061630249
3300054  0.0826776921749115
10400089  0.08267705142498016
12001505  0.0826716497540474
7800159  0.08266719430685043
2700245  0.08266569674015045
1602768  0.08266284316778183
8300958  0.08266152441501617
10901178  0.08265980333089828
8100404  0.0826437920331955
7400406  0.08264024555683136
2900678  0.0826382264494896
5400182  0.08263567090034485
1702585  0.0826355442404747
6800156  0.08263370394706726
1501112  0.08263261616230011
1501147  0.08263198286294937
8100167  0.08262892812490463
7600051  0.08262880891561508
7300110  0.08262835443019867
2600211  0.08262468874454498
1500373  0.0826244130730629
1500460  0.08262007683515549
9000046  0.08261991292238235
7400199  0.08261740207672119
1500340  0.08261655271053314
1702725  0.08261295408010483
9000189  0.08261220157146454
7800191  0.08260992169380188
12200107  0.08260948956012726
10600592  0.08260737359523773
12001576  0.08260439336299896
8100114  0.08260390162467957
7300204  0.08260379731655121
6800352  0.08260364830493927
10000056  0.08260089159011841
9800084  0.08259925991296768
6200082  0.08259917050600052
6800359  0.08259475976228714
7300128  0.08258916437625885
6400218  0.08258912712335587
7700542  0.08258549869060516
7700469  0.0825851559638977
7400468  0.0825812816619873
2300095  0.08258074522018433
8000179  0.08257904648780823
5200053  0.08257865160703659
2601011  0.08257843554019928
4401595  0.08257771283388138
10400238  0.08257453143596649
7600053  0.08257404714822769
9000208  0.08257351815700531
8200637  0.08257180452346802
11900194  0.08257167786359787
8200737  0.08257048577070236
9200046  0.08256904780864716
11900205  0.08256898820400238
8000176  0.08256582915782928
9500541  0.08256205171346664
4400598  0.08256033062934875
8100435  0.08255923539400101
2400792  0.0825580582022667
11400103  0.08255486935377121
7400469  0.08255425095558167
1501108  0.08255238831043243
8400142  0.0825512558221817
5500054  0.08254984021186829
11600040  0.08254913985729218
10500059  0.08254647254943848
5600062  0.08254439383745193
6800224  0.08254347741603851
3000116  0.08254321664571762
2900577  0.08254297822713852
7700464  0.08254233002662659
5200228  0.0825408473610878
10600515  0.08253659307956696
8000134  0.08253514766693115
8000064  0.08253435045480728
7500216  0.08253390341997147
2700354  0.08252865076065063
10400108  0.08252402395009995
8100296  0.08252369612455368
10600652  0.08252265304327011
6800332  0.0825212150812149
3000112  0.08251967281103134
10200042  0.08251895755529404
1500280  0.08251729607582092
6800344  0.08251635730266571
7300084  0.08251561224460602
6400052  0.08251556009054184
7900221  0.08251473307609558
7700497  0.08251317590475082
7500236  0.08251278102397919
7700530  0.08250940591096878
8100411  0.08250756561756134
3300191  0.0825032889842987
7300217  0.08250323683023453
8900295  0.08249969780445099
7400546  0.08249129354953766
12001534  0.08248486369848251
5300314  0.08247826248407364
1702572  0.08247485011816025
8100247  0.08247387409210205
7700476  0.08247362077236176
4301232  0.08247113227844238
6800136  0.08246923983097076
7500242  0.082467220723629
8400224  0.08246445655822754
6600049  0.08245643228292465
2600542  0.08245078474283218
6700122  0.0824492871761322
5200088  0.08244726806879044
3000320  0.0824432298541069
8400219  0.08244310319423676
4400328  0.08244246989488602
12001501  0.08244141936302185
5100080  0.08243565261363983
9300079  0.08243554085493088
8300959  0.08243478834629059
7500279  0.08243431895971298
8100385  0.0824335590004921
7700486  0.08242743462324142
11900196  0.08242732286453247
4700148  0.08242395520210266
7300104  0.08242056518793106
1200035  0.08241809159517288
7400485  0.08241628855466843
7100118  0.08241435885429382
8100458  0.08241134881973267
7400507  0.08240761607885361
6500087  0.08240510523319244
1200272  0.08240115642547607
7500213  0.08239995688199997
8000177  0.08239786326885223
2700113  0.08239784091711044
10600518  0.08239531517028809
8100177  0.08239299058914185
2400314  0.08239187300205231
1500276  0.08238933235406876
6700100  0.08237937092781067
7400497  0.08237731456756592
8600288  0.08235897123813629
9800127  0.08235778659582138
6800240  0.08235707879066467
9300089  0.08235645294189453
2400772  0.08234653621912003
9000237  0.08234381675720215
12200284  0.08234291523694992
12001341  0.08234156668186188
6200086  0.08233968913555145
1702588  0.08233913034200668
12200275  0.08233844488859177
5400079  0.08233778178691864
8400152  0.08233747631311417
6800103  0.08233696967363358
11600089  0.0823352262377739
5800070  0.0823349878191948
8500041  0.08233445137739182
6800372  0.08233268558979034
3000613  0.0823305994272232
4400329  0.0823279619216919
11400087  0.08232758939266205
1702599  0.08232130110263824
8900139  0.08232014626264572
11200511  0.08231910318136215
5200052  0.08231756836175919
12100748  0.08231723308563232
8900054  0.08231028914451599
2300078  0.0823046937584877
9000144  0.08230207115411758
8100108  0.08230015635490417
2300150  0.08229894936084747
7800083  0.0822933167219162
1702718  0.08229255676269531
1702571  0.08228985220193863
8900212  0.08228795230388641
9400047  0.08228792995214462
6500064  0.08228559046983719
7300071  0.08227594196796417
10600520  0.08227488398551941
5800049  0.08227334916591644
7700448  0.0822732225060463
4800101  0.08227214217185974
5700063  0.08227203786373138
6200152  0.0822707936167717
3500270  0.0822703018784523
1500154  0.08226460218429565
8400241  0.08226390182971954
7700540  0.08226387947797775
1501104  0.08225943893194199
7500223  0.08225837349891663
1500757  0.08225815743207932
1500294  0.0822577252984047
5400058  0.08225621283054352
6800347  0.08225572854280472
6900223  0.08225470036268234
6500075  0.08225028961896896
1500110  0.08224987983703613
7700537  0.08224446326494217
8100328  0.08224175870418549
2900598  0.08223946392536163
1500113  0.08223668485879898
4400293  0.08223628997802734
10301083  0.0822358950972557
8600284  0.08222664892673492
8200725  0.08222540467977524
9000060  0.08222538977861404
6800361  0.08222252875566483
11400144  0.08221938461065292
7700489  0.08221277594566345
12200289  0.08221139013767242
7800190  0.08220820128917694
10200043  0.08220696449279785
8100360  0.08220414072275162
10100043  0.08220173418521881
6600046  0.08220018446445465
9800129  0.08219536393880844
2300141  0.08219311386346817
7800192  0.08219288289546967
8100342  0.08219032734632492
7700525  0.08218745142221451
6700096  0.08217894285917282
7800173  0.08217385411262512
9200047  0.08217288553714752
2600548  0.08217182755470276
7700445  0.08216604590415955
7400205  0.0821591466665268
2600690  0.08215450495481491
6700065  0.08215156197547913
8100050  0.08214736729860306
4400261  0.082146055996418
5100067  0.08213886618614197
8200788  0.08213367313146591
1200255  0.08212729543447495
9500527  0.08212453126907349
1200130  0.08212260156869888
5600148  0.08212220668792725
4401585  0.08212028443813324
8100153  0.08211884647607803
8900146  0.08211769908666611
11400160  0.08211755752563477
9000236  0.08211534470319748
5600052  0.08211412280797958
10901176  0.08211077749729156
1500339  0.08210992813110352
5600139  0.08210992813110352
2400804  0.08210983872413635
12200117  0.0821073055267334
5200080  0.08210486173629761
2700363  0.08210472017526627
6800284  0.08210211992263794
8400149  0.08210208266973495
9600750  0.08210057020187378
10400138  0.08209975063800812
4401619  0.08209852874279022
8100740  0.08209606260061264
6000062  0.08209031075239182
6200046  0.08207685500383377
8100246  0.08207579702138901
11900095  0.08207213133573532
5600076  0.08207080513238907
7700452  0.08207066357135773
11300040  0.0820687934756279
2700291  0.0820610374212265
12001570  0.08205623924732208
7700558  0.08205314725637436
7300236  0.08205132186412811
8100279  0.0820484608411789
7400200  0.08204447478055954
7500240  0.08203966170549393
11900098  0.08203582465648651
8100552  0.0820348858833313
6800308  0.0820339247584343
2600927  0.08203327655792236
2900682  0.08203203976154327
5200212  0.08203116804361343
2700336  0.08203011006116867
11800198  0.08202781528234482
4400595  0.08202101290225983
6200079  0.08201882243156433
6300152  0.08201435208320618
7400510  0.08201424777507782
3000109  0.08200539648532867
1602763  0.08200064301490784
3700061  0.0819990411400795
8000062  0.08199577778577805
1702701  0.0819949358701706
8700390  0.08199475705623627
2900574  0.08199211210012436
6900187  0.08199161291122437
8100297  0.08199132233858109
7700473  0.08199125528335571
7800212  0.08198904991149902
3700062  0.08198683708906174
7900191  0.08198662847280502
7300116  0.08198536932468414
7100144  0.08198235183954239
7700467  0.0819796472787857
6800328  0.08197237551212311
3000136  0.08197223395109177
7900135  0.08196744322776794
12001571  0.08196675032377243
7900100  0.0819556936621666
11400152  0.08195379376411438
8100493  0.08195000886917114
9000179  0.08194264024496078
5400075  0.08194243907928467
11400159  0.08193705976009369
7800160  0.08193633705377579
10400184  0.08193346858024597
8100294  0.08192882686853409
8200626  0.08192583173513412
7500248  0.08192402124404907
6000049  0.08192262053489685
4800060  0.08192050457000732
12001353  0.08192043751478195
7700455  0.08191803097724915
10400140  0.08191275596618652
1200068  0.0819082260131836
8800037  0.08190692961215973
10400256  0.08190492540597916
3000661  0.08190049976110458
11200512  0.08190014958381653
8100399  0.08189384639263153
5200062  0.08188357204198837
1500406  0.08187898248434067
7000184  0.08187893033027649
9000173  0.08187871426343918
7500067  0.08187267929315567
9300084  0.08187194168567657
7700507  0.08187145739793777
7700458  0.08186699450016022
7800179  0.08186047524213791
6800331  0.08185411244630814
2200057  0.08185097575187683
8000093  0.08184732496738434
5600059  0.08184701204299927
12200150  0.08184503018856049
7400477  0.08184375613927841
8100243  0.0818391740322113
1501105  0.08183830976486206
12001530  0.08183305710554123
7700527  0.08183209598064423
6800180  0.08183200657367706
11300039  0.08183152228593826
12200123  0.08183139562606812
2600431  0.08182787895202637
12200229  0.08182494342327118
7800194  0.08181848376989365
9000140  0.08181607723236084
7500215  0.08181310445070267
6200165  0.08181260526180267
11200513  0.08180872350931168
7700503  0.08180642873048782
11900209  0.08180178701877594
12001364  0.0817963257431984
4401605  0.08179613202810287
3000108  0.08179577440023422
6800345  0.08179313689470291
11900201  0.08179204910993576
8200636  0.08178536593914032
12200227  0.08178404718637466
7800223  0.0817837044596672
6700086  0.08177285641431808
8100257  0.08177018910646439
4401594  0.08176249265670776
7900192  0.08175823092460632
12001529  0.08175597339868546
12200240  0.08175456523895264
2700264  0.08175452053546906
6800208  0.08175201714038849
9500523  0.08175058662891388
8100241  0.08175021409988403
8700394  0.08174160122871399
7900068  0.08174033463001251
6400217  0.08173874020576477
12200145  0.08173812925815582
11400123  0.08173549920320511
8900113  0.08173362165689468
8100282  0.08172616362571716
7800162  0.08172522485256195
4400470  0.0817226693034172
8100448  0.08172108232975006
7500231  0.08172047138214111
6800232  0.08171641081571579
1702580  0.08171626180410385
2400323  0.081712506711483
2900414  0.08170732110738754
8900211  0.08170465379953384
10901179  0.08170313388109207
10200058  0.08169986307621002
5100055  0.0816982313990593
6700105  0.08169598132371902
9000235  0.08169170469045639
2400069  0.08168898522853851
8100603  0.08168628811836243
12001540  0.08168292790651321
6800343  0.08168129622936249
7300107  0.08168049156665802
2200059  0.08168009668588638
2200122  0.08167815208435059
3300188  0.0816781148314476
8000053  0.08167784661054611
7500246  0.08167736232280731
2600531  0.08167704194784164
1702582  0.08167607337236404
7700546  0.08167410641908646
7700524  0.08167316019535065
6100057  0.08167144656181335
8400136  0.08166829496622086
7700488  0.08166561275720596
8100278  0.08166271448135376
7500247  0.0816606655716896
6800357  0.08165951818227768
5100075  0.08165670931339264
6300153  0.08165629953145981
9200131  0.08165574073791504
6800220  0.08165231347084045
2700378  0.08164376020431519
9000228  0.08164208382368088
2600518  0.0816335454583168
7700521  0.08163294941186905
6300151  0.08162848651409149
2400055  0.0816279798746109
7700461  0.08162719756364822
12200252  0.08162517845630646
2300055  0.08162428438663483
2400313  0.08161468803882599
4700151  0.08161061257123947
6100058  0.08160941302776337
6800160  0.08160687983036041
2600207  0.08160141110420227
7400502  0.08159901946783066
2900603  0.08159682154655457
6200091  0.08159597963094711
6900202  0.08159539103507996
8900329  0.0815901905298233
7500074  0.08158125728368759
11900203  0.08158078044652939
8100120  0.08157940208911896
6500066  0.08157823979854584
10901166  0.08157793432474136
7400083  0.08157186210155487
8400211  0.08157002180814743
2700273  0.08156438171863556
8100496  0.08155760914087296
12200200  0.08155272901058197
1702684  0.08155225217342377
6800330  0.08155091106891632
6800168  0.08154944330453873
6800369  0.08154894411563873
7900202  0.08154812455177307
7400557  0.08154316246509552
10200065  0.08153807371854782
12100750  0.08153793215751648
11600039  0.08153573423624039
6100137  0.08153560757637024
2700236  0.08153471350669861
6800338  0.08153384178876877
4400473  0.08153335750102997
7800187  0.08153298497200012
2600153  0.08152900636196136
3600052  0.0815267562866211
7800189  0.08152476698160172
12001356  0.08152338117361069
5700143  0.08152293413877487
8100254  0.08152186125516891
7400501  0.08151841908693314
7700454  0.08151199668645859
8800038  0.08151047676801682
1702727  0.08150111883878708
8100264  0.0814954861998558
1602759  0.08149344474077225
7800178  0.08148661255836487
6600045  0.08148541301488876
6800320  0.08148322254419327
6300160  0.08147755265235901
11800197  0.08147178590297699
6500065  0.08147064596414566
5000196  0.0814673975110054
7900212  0.08146248757839203
12100751  0.08146170526742935
8400207  0.0814601331949234
12200110  0.08145904541015625
2700164  0.08145583420991898
6800164  0.08145418018102646
10500148  0.08145039528608322
5800053  0.08144941180944443
6800101  0.08144620060920715
1500111  0.08144564926624298
6700068  0.08144055306911469
3000131  0.08143598586320877
11800196  0.08143443614244461
12500278  0.0814308300614357
6800099  0.08142096549272537
7500102  0.08142068237066269
4400549  0.08141561597585678
6100056  0.08141517639160156
7700533  0.0814116969704628
2600469  0.08140987902879715
1500448  0.08140785992145538
9100770  0.08140595257282257
11200509  0.08140385150909424
8900055  0.08140338957309723
1702715  0.08139906078577042
6800351  0.08139802515506744
2400309  0.08139650523662567
8000076  0.08139584958553314
7500239  0.081395223736763
7800208  0.08138119429349899
5800072  0.0813780426979065
12200226  0.08137784898281097
2600134  0.08137525618076324
1500451  0.08137498795986176
7500245  0.08137442171573639
8200625  0.08137194812297821
1500153  0.08137165755033493
6700104  0.08136408776044846
9500456  0.08135688304901123
8100249  0.08135244995355606
2700345  0.08135215938091278
1200070  0.08134911954402924
7900194  0.0813438817858696
6200183  0.08134230971336365
7400503  0.08134033530950546
8100468  0.08133518695831299
7200391  0.08133436739444733
8700474  0.08132866770029068
7900225  0.08132664859294891
12001503  0.08132170140743256
6200059  0.08132089674472809
8400075  0.0813194215297699
5400066  0.08131910115480423
11400141  0.08131878077983856
2600416  0.0813070759177208
12200115  0.08130239695310593
4700149  0.08130219578742981
10000094  0.081301748752594
9000181  0.08129509538412094
4400475  0.08129119127988815
6200058  0.08129017800092697
9800095  0.08128930628299713
10600408  0.08128606528043747
8200712  0.08127858489751816
6800264  0.08126755058765411
3000111  0.0812668576836586
2600466  0.08126632124185562
12200155  0.08126562833786011
7700510  0.08126507699489594
7800066  0.08126295357942581
8100577  0.08126045018434525
6700063  0.08125860244035721
9000239  0.08125055581331253
1200133  0.08124581724405289
2700327  0.08124512434005737
11900195  0.0812402293086052
2200131  0.08123750984668732
1602755  0.08123493194580078
8400271  0.08123070746660233
3801191  0.08122934401035309
7900128  0.0812288448214531
12200214  0.08122880756855011
5800056  0.08122556656599045
12200262  0.08121969550848007
1500345  0.08121539652347565
7800203  0.08120070397853851
8100242  0.08120023459196091
7800169  0.08119507879018784
2900611  0.08119286596775055
6800252  0.08118604123592377
7800174  0.0811854749917984
8100117  0.08118408173322678
12200228  0.08118308335542679
11800183  0.08118150383234024
7500230  0.081179179251194
5400078  0.08116289228200912
5400056  0.08116120100021362
12001349  0.08115936815738678
8700468  0.08115585148334503
3801171  0.08115304261445999
1500737  0.08115161955356598
5500086  0.08115024864673615
2700173  0.0811493992805481
2600529  0.08114539086818695
6700099  0.08114439994096756
2600204  0.08114292472600937
12200199  0.08113867044448853
12200154  0.08113858103752136
8400268  0.08113620430231094
8100449  0.08113357424736023
7900115  0.08113152533769608
2600136  0.08112917095422745
12001348  0.08112870156764984
6800353  0.08112263679504395
5700043  0.0811215415596962
4401633  0.08111996203660965
2300096  0.08111374080181122
1602757  0.08111109584569931
7800072  0.08110322058200836
2600116  0.08108941465616226
8100486  0.08108916878700256
12200153  0.0810742974281311
5600158  0.0810728594660759
12200205  0.08106369525194168
12001354  0.08106342703104019
7700545  0.08106260746717453
7700457  0.08105415850877762
5400063  0.08105215430259705
2700085  0.0810476765036583
11400146  0.08103592693805695
1200037  0.08103320747613907
8100099  0.08102910220623016
6800288  0.0810222327709198
6800176  0.08102187514305115
9400087  0.08101678639650345
11400140  0.08101532608270645
2700100  0.08101474493741989
7700512  0.08101357519626617
8000066  0.08100805431604385
4101281  0.08100227266550064
6000071  0.08099905401468277
2300048  0.08099811524152756
4400255  0.08098853379487991
11900187  0.08097449690103531
7800166  0.08097212016582489
8100121  0.08095783740282059
11200504  0.08095692843198776
1500209  0.08095628768205643
8100083  0.08095551282167435
5800051  0.08095084875822067
2700110  0.08094925433397293
11400061  0.0809367299079895
9100771  0.08093339949846268
1501123  0.08093103766441345
7900072  0.0809219554066658
11200482  0.08091934770345688
8500097  0.08091188967227936
12200236  0.08090830594301224
2200079  0.0809057354927063
5400070  0.08090315759181976
2200063  0.08090098202228546
8400269  0.08089733123779297
7700522  0.08089713007211685
6800334  0.08088970184326172
2600117  0.08088896423578262
1200338  0.08088839799165726
12200106  0.08088352531194687
6900135  0.0808832049369812
6200073  0.08088269084692001
7400281  0.08087397366762161
2600210  0.08086491376161575
6800280  0.08086397498846054
6800172  0.08086253702640533
12001344  0.08086088299751282
12100749  0.08085969090461731
7700518  0.08085182309150696
5800050  0.08084412664175034
11200510  0.08084078133106232
7700531  0.08083163946866989
11400156  0.08082687109708786
6800216  0.08082320541143417
7700494  0.08081869035959244
11200514  0.08081741631031036
2600415  0.08081306517124176
12100747  0.08080891519784927
2600184  0.08080863207578659
12200121  0.08080756664276123
2600418  0.08080317080020905
1100415  0.0807994082570076
6900132  0.0807982087135315
10000045  0.08079057186841965
12200260  0.08077888190746307
1501128  0.08077310770750046
12200136  0.08076571673154831
10100041  0.08076099306344986
2600460  0.08075399696826935
12300393  0.08075044304132462
2600115  0.08074735850095749
12001351  0.08074591308832169
5400062  0.080742247402668
12400452  0.08073514699935913
8100281  0.0807260274887085
6400222  0.08072511851787567
8100250  0.08072080463171005
6700171  0.0807168036699295
5800055  0.08071614801883698
2600141  0.08071549981832504
8100521  0.08071140944957733
7300221  0.08070974797010422
9300081  0.08070936053991318
11900119  0.08070631325244904
1702705  0.08070407062768936
5300114  0.08070008456707001
9200048  0.08069877326488495
2600135  0.0806971862912178
2900613  0.08069568127393723
10100042  0.08069456368684769
8100172  0.08069431781768799
7900137  0.08068729937076569
4700052  0.08068676292896271
12200276  0.08068333566188812
10000047  0.08067447692155838
2400054  0.08067317306995392
9000204  0.08065706491470337
12200201  0.08064530789852142
7400202  0.08063632994890213
6700123  0.08063461631536484
2600429  0.08063293248414993
7800175  0.08062994480133057
2600157  0.08062879741191864
5200196  0.08061913400888443
6800337  0.08061190694570541
7300129  0.08060381561517715
1500085  0.08058910816907883
5600087  0.08058897405862808
2600143  0.08058839291334152
8100085  0.08057261258363724
7900111  0.08057186007499695
7600052  0.08056920766830444
8100175  0.08056510984897614
9600751  0.08056093752384186
4700051  0.08056003600358963
12400445  0.08055640757083893
7800063  0.08055313676595688
6700175  0.08054863661527634
7800215  0.08054525405168533
12400447  0.08053892105817795
7900203  0.08052056282758713
7900122  0.08051468431949615
4800069  0.0805145651102066
6800212  0.080512635409832
1200129  0.08051152527332306
7700466  0.08050942420959473
8100284  0.08050715923309326
6500091  0.08050280809402466
5600089  0.08048853278160095
7400074  0.08048444986343384
6800236  0.08048322051763535
2600430  0.0804649218916893
2200082  0.08044984191656113
12001347  0.08044686168432236
5400076  0.08043918758630753
2600182  0.08043388277292252
2600181  0.08043339103460312
8200634  0.08041536808013916
9800111  0.080406554043293
2600142  0.0804060772061348
2700182  0.08039246499538422
7700552  0.080385223031044
6800354  0.08037956058979034
2700227  0.08037842065095901
8100079  0.08037787675857544
11400042  0.08037447184324265
5300116  0.08036525547504425
8100295  0.08036395162343979
8100090  0.08034302294254303
6700077  0.08034221827983856
2700082  0.08034194260835648
7500222  0.08033611625432968
6800346  0.08032747358083725
2600458  0.08031800389289856
12200118  0.0803154706954956
7800183  0.0803130492568016
12200111  0.0803108811378479
7700519  0.08030836284160614
2700134  0.08030154556035995
12200082  0.08029256761074066
8400130  0.08027978241443634
8100111  0.08027295768260956
2600693  0.08026500046253204
6800204  0.08026299625635147
5400080  0.08026182651519775
2700131  0.08026035130023956
7700463  0.08025966584682465
11900192  0.08024324476718903
12001500  0.08024117350578308
2600544  0.08023985475301743
3300055  0.08023862540721893
7900045  0.08022723346948624
8100087  0.08022600412368774
2300050  0.08021919429302216
3000127  0.08021808415651321
2200070  0.08020616322755814
11900188  0.08020458370447159
6800272  0.08020433038473129
12400457  0.08020419627428055
8100280  0.08019573241472244
12400446  0.08019474893808365
11900193  0.08019028604030609
11200515  0.08018841594457626
3000113  0.08017918467521667
7900116  0.08017584681510925
6200075  0.08016111701726913
7900213  0.08015817403793335
2400050  0.08014028519392014
7700539  0.08013808727264404
2600148  0.08012771606445312
10400233  0.08012748509645462
7800167  0.08010431379079819
7700516  0.08008752018213272
12001350  0.08008717000484467
12001360  0.08008616417646408
7800184  0.08007896691560745
4700048  0.08007694035768509
3801198  0.08007592707872391
6800350  0.08004605770111084
2700154  0.08002577722072601
5600066  0.08001498878002167
12200140  0.08000867068767548
4700047  0.08000245690345764
6700066  0.07999573647975922
8100252  0.0799894705414772
12001371  0.07998833060264587
2700309  0.07998272776603699
2400058  0.07997236400842667
5500061  0.07996673882007599
2700125  0.07996109127998352
2600517  0.07995031774044037
11900204  0.0799497738480568
12200114  0.07994753122329712
7700501  0.07994557917118073
2600514  0.07994114607572556
7800060  0.07993295788764954
6200081  0.07991073280572891
2200064  0.07990144193172455
7700492  0.07988953590393066
11400062  0.07988902926445007
2600689  0.07988815009593964
1702720  0.07988687604665756
7900241  0.07988084107637405
7700451  0.0798773393034935
12001359  0.07987423986196518
8100406  0.07986532151699066
8100691  0.07986494898796082
12200152  0.07986463606357574
12001342  0.07986298948526382
6500095  0.07984934747219086
2600174  0.07984261959791183
2600183  0.07984159886837006
5000151  0.07983853667974472
4401610  0.07982760667800903
8000045  0.07982109487056732
12200237  0.07980981469154358
5700144  0.07979635149240494
8600291  0.07979509234428406
12200281  0.07979477941989899
6800321  0.07979030907154083
2600706  0.07977685332298279
5000160  0.07977449893951416
5500058  0.07977160066366196
2700097  0.07976916432380676
2600448  0.07976824045181274
11900184  0.07976661622524261
5800071  0.07975508272647858
12001528  0.07973837107419968
8100551  0.07973520457744598
6800276  0.07967109233140945
8900115  0.07966270297765732
6900213  0.07965418696403503
7300231  0.07965368032455444
2600175  0.07964461296796799
8100565  0.07962524890899658
12200287  0.07961822301149368
12200141  0.0796131119132042
2600161  0.07959680259227753
2600137  0.07959146797657013
2600419  0.07958555966615677
7700543  0.07957087457180023
8100244  0.07956987619400024
6800348  0.07955821603536606
2700088  0.07955072820186615
2600532  0.07954628020524979
5600077  0.07953325659036636
2300060  0.07951796054840088
9400046  0.07951243221759796
12001367  0.07951042056083679
5600054  0.07950983196496964
10901177  0.0795019268989563
11600088  0.07950132340192795
12200255  0.07950077950954437
4800052  0.0794941633939743
6200047  0.07948651164770126
2600178  0.07946629077196121
11400089  0.07946345955133438
6700112  0.07945965975522995
6800196  0.07945933192968369
2700073  0.0794433057308197
2700116  0.07943060994148254
5800057  0.07943039387464523
7300113  0.07942472398281097
12200277  0.07942181080579758
12400444  0.07941979169845581
12001506  0.0793982595205307
6900055  0.07938630878925323
2600154  0.07938220351934433
2600212  0.07938198745250702
5000105  0.07938037067651749
2600446  0.07937968522310257
11200505  0.07936468720436096
2700103  0.07936210930347443
8100102  0.07935832440853119
6800355  0.07935761660337448
2200069  0.07935049384832382
8100339  0.07934945821762085
2700137  0.07930342108011246
6000155  0.07930009812116623
8900051  0.07927581667900085
7900071  0.07925448566675186
12001502  0.07924634963274002
8100126  0.07923875004053116
5000187  0.07921922951936722
2100033  0.07920365780591965
2700153  0.07919808477163315
8100387  0.0791940689086914
8100298  0.0791914239525795
6700180  0.07918857783079147
9800045  0.07917796820402145
8900297  0.07917562127113342
2600545  0.07916908711194992
2700155  0.07915472984313965
7400544  0.07914455235004425
5000141  0.07913927733898163
6800228  0.07913278043270111
8000056  0.07912696897983551
12200274  0.0791185274720192
7900119  0.07909639179706573
7800157  0.07903347909450531
8100386  0.07902754843235016
5000132  0.07902206480503082
5500055  0.07899583131074905
2400051  0.07899312674999237
1200252  0.0789908617734909
11900183  0.07898370921611786
7800082  0.07898011803627014
2400726  0.07893189787864685
12001375  0.07885532826185226
4800059  0.07883261889219284
12001372  0.07882964611053467
7700555  0.07881668955087662
8700393  0.07876221090555191
12200263  0.07876186817884445
8100255  0.07876147329807281
2600423  0.07871714979410172
2600473  0.07864196598529816
6200174  0.07858464866876602
7300224  0.07856635004281998
11400048  0.07855986058712006
6800188  0.07853754609823227
8100273  0.07852809876203537
2700091  0.07850479334592819
12001343  0.07850410044193268
8500042  0.07849906384944916
11400071  0.07845988869667053
10901180  0.07845807820558548
7700475  0.078440360724926
7700551  0.07843104004859924
11900110  0.07839256525039673
12200147  0.07834900915622711
2200065  0.07833860069513321
2300154  0.07832863181829453
11600041  0.07827465236186981
12200253  0.07826077193021774
11400084  0.07822281122207642
6000080  0.07809778302907944
2300059  0.07808350026607513
2700094  0.07804457098245621
5000114  0.07798470556735992
8900052  0.0779576525092125
6800315  0.07793241739273071
2700122  0.07787485420703888
5500090  0.07784522324800491
2700076  0.0777939110994339
4800053  0.07778432965278625
4800056  0.0777665227651596
12400448  0.0777060016989708
5700044  0.07764678448438644
5000169  0.0774523988366127
5000178  0.07741793245077133
5000205  0.0773884728550911
2700140  0.07730548828840256
2700128  0.07714186608791351
2700106  0.07709153741598129
4900051  0.07688604295253754
5700045  0.07682540267705917
2700079  0.07680004090070724
5000123  0.07669907808303833
4900052  0.0764574483036995
2600443  0.07574132829904556
4900047  0.07445583492517471
5000060  0.0740586370229721
5000082  0.07337138801813126
5000070  0.07326117157936096
12500260  0.07315845042467117
12500261  0.07305101305246353
5000072  0.0730222538113594
5000096  0.07289913296699524
5000074  0.07286635786294937
4900048  0.07281224429607391
12500259  0.07280304282903671
5000062  0.07263968139886856
5000064  0.07263055443763733
5000080  0.0724881961941719
5000076  0.0720498338341713
5000066  0.07174017280340195
5000068  0.07172829657793045
5000095  0.07141339778900146
5000078  0.07139530777931213
5000094  0.07074079662561417
4400230  0.06837766617536545
6000038  0.05552932992577553
6000045  0.055420245975255966
6000044  0.05349493399262428
4600030  0.05284234508872032
