8900206  1.0
8900210  1.0
8900211  1.0
8900212  1.0
8900213  1.0
8900215  0.8451542547285166
8900216  0.8451542547285166
1200347  0.724568837309472
10600518  0.7142857142857143
10600519  0.7142857142857143
1200334  0.7071067811865476
1200337  0.7071067811865476
1200338  0.7071067811865476
1200339  0.7071067811865476
1200340  0.7071067811865476
1200341  0.7071067811865476
1200345  0.7071067811865476
10600515  0.6419407387663694
10600514  0.6078306738548308
5300314  0.5345224838248488
10600520  0.50709255283711
8000129  0.46371301675148385
9300089  0.46371301675148385
10600592  0.4629100498862757
10600652  0.4629100498862757
10600362  0.46195657812238883
10600363  0.46195657812238883
8900139  0.4234048992199705
10600352  0.4200412794412907
10600353  0.4200412794412907
10600410  0.41218934822354114
10600412  0.41218934822354114
10600408  0.4096682888050979
3300223  0.4031621045431757
7000237  0.38321423101595126
3300204  0.37649664426800933
10600426  0.3673154433462265
3300219  0.3620502577611363
3300220  0.3620502577611363
10600395  0.35863063499128195
10600079  0.35210953406734674
10600084  0.35210953406734674
3300202  0.3423683940087303
3300203  0.3423683940087303
9300082  0.33740808108574033
9300083  0.33740808108574033
9300084  0.33740808108574033
9300079  0.3267616012328021
9300080  0.3267616012328021
9300081  0.3267616012328021
2900555  0.3241183550898394
2900557  0.3241183550898394
4400595  0.30089673829703517
4400596  0.30089673829703517
4400598  0.30089673829703517
7000196  0.30006001800600207
7000197  0.30006001800600207
7000198  0.30006001800600207
7000199  0.30006001800600207
8100565  0.300004155210981
8100575  0.28598678390279947
8100576  0.28598678390279947
8100577  0.28598678390279947
9300059  0.2751889714398049
2900486  0.2663412349071773
2900488  0.2663412349071773
2900490  0.2636371929462334
2900491  0.2636371929462334
8900334  0.25282045946393233
8900339  0.25197631533948484
2900479  0.25010820169301234
1702577  0.24083635154957844
1702578  0.24083635154957844
2900551  0.2394603721730797
2900613  0.23896304999103024
2900614  0.23896304999103024
2900549  0.23846881357777838
2900550  0.23846881357777838
2900596  0.23846881357777838
2900598  0.23846881357777838
2900600  0.23846881357777838
2900601  0.23846881357777838
2900603  0.23846881357777838
2900611  0.23846881357777838
2900616  0.23846881357777838
2900588  0.23556644807631963
2900589  0.23556644807631963
2900593  0.23556644807631963
3000300  0.23556644807631963
2900586  0.23140498602244863
2900587  0.23140498602244863
6400049  0.23028309323591914
6400052  0.23028309323591914
1501133  0.22677868380553634
4400613  0.22677868380553634
4400614  0.22677868380553634
4400636  0.22677868380553634
2900683  0.22660624638925933
2900685  0.22660624638925933
2900687  0.22660624638925933
2900688  0.22660624638925933
2900170  0.22618465300756269
2900674  0.22618465300756269
2900677  0.22618465300756269
2900678  0.22618465300756269
2900679  0.22618465300756269
2900680  0.22618465300756269
2900681  0.22618465300756269
2900682  0.22618465300756269
3000320  0.22576540398538547
3000323  0.22576540398538547
4401643  0.22454435656953592
4401644  0.22454435656953592
4401649  0.22454435656953592
4401633  0.22417835085504878
4401634  0.22417835085504878
4401639  0.22417835085504878
4401623  0.22381412908589723
4401624  0.22381412908589723
4401629  0.22381412908589723
1500747  0.2234516768171576
4401614  0.22201927951119266
4401615  0.22201927951119266
4401619  0.22201927951119266
1500727  0.22166546370149362
2900563  0.22051902125360026
2900583  0.22051902125360026
2900585  0.22051902125360026
2900400  0.22013044117856004
2900401  0.22013044117856004
2900403  0.22013044117856004
2900404  0.22013044117856004
2900405  0.22013044117856004
2900406  0.22013044117856004
2900408  0.22013044117856004
2900409  0.22013044117856004
2900412  0.22013044117856004
2900414  0.22013044117856004
2900574  0.22013044117856004
2900576  0.22013044117856004
2900577  0.22013044117856004
2900579  0.22013044117856004
2900580  0.22013044117856004
2900621  0.22013044117856004
2900622  0.22013044117856004
2900147  0.21897691127637642
2900149  0.21897691127637642
1500757  0.21855542777761677
1500769  0.21855542777761677
4301261  0.21688321172034594
1500370  0.2165533511313906
1500373  0.2165533511313906
1500379  0.2165533511313906
4301232  0.2165533511313906
4301233  0.2165533511313906
4301234  0.2165533511313906
4301237  0.2165533511313906
3300255  0.20806259464411975
3300258  0.20806259464411975
3300261  0.20806259464411975
3300262  0.20806259464411975
3300265  0.20806259464411975
3300266  0.20806259464411975
1500273  0.20759712964353105
1500276  0.20759712964353105
1500279  0.20759712964353105
1500280  0.20759712964353105
1500287  0.20759712964353105
1500289  0.20759712964353105
1500290  0.20759712964353105
1500294  0.20759712964353105
1500296  0.20759712964353105
1500307  0.20759712964353105
1500308  0.20759712964353105
1500309  0.20759712964353105
1500319  0.20759712964353105
1500322  0.20759712964353105
1501112  0.20759712964353105
1602752  0.20759712964353105
1602753  0.20759712964353105
1602754  0.20759712964353105
1602755  0.20759712964353105
1602756  0.20759712964353105
1602757  0.20759712964353105
1602758  0.20759712964353105
1602759  0.20759712964353105
1602760  0.20759712964353105
1602763  0.20759712964353105
1602764  0.20759712964353105
1602765  0.20759712964353105
1602768  0.20759712964353105
1702684  0.20759712964353105
1500152  0.20730779552432943
1500153  0.20730779552432943
1500154  0.20730779552432943
4201367  0.2058790548922549
1500406  0.20531577324874647
7000184  0.2048294608556181
7000185  0.2048294608556181
7000180  0.20460424972555225
7000181  0.20460424972555225
7000182  0.20460424972555225
7000183  0.20460424972555225
4201363  0.2044794529772991
4201364  0.2044794529772991
6900223  0.20378478648480558
6900224  0.20378478648480558
6900225  0.20378478648480558
6900226  0.20378478648480558
6900228  0.20378478648480558
7000249  0.19756886710479116
3300105  0.18228507372043884
2400317  0.18156825980064073
2400319  0.18156825980064073
2400323  0.18156825980064073
2400324  0.18156825980064073
2400818  0.1795256913476156
2400804  0.17937400083354382
6900213  0.17907176978341785
6900199  0.17892122602432844
6900200  0.17892122602432844
6900201  0.17892122602432844
6900202  0.17892122602432844
6900207  0.17892122602432844
2400758  0.1787710613096452
2400772  0.1787710613096452
6900192  0.1787710613096452
6900183  0.17847186267098028
6900184  0.17847186267098028
6900185  0.17847186267098028
6900186  0.17847186267098028
6900187  0.17847186267098028
3000127  0.17799113692127652
3000128  0.17799113692127652
3000129  0.17799113692127652
3000130  0.17799113692127652
3000131  0.17799113692127652
3000132  0.17799113692127652
3000133  0.17799113692127652
3000134  0.17799113692127652
3000135  0.17799113692127652
3000136  0.17799113692127652
12400496  0.16201851746019652
12400498  0.1598976981992597
7000225  0.15971914124998499
2400313  0.1543033499620919
2400314  0.1543033499620919
10600780  0.1543033499620919
10600781  0.1543033499620919
10600782  0.1543033499620919
10600783  0.1543033499620919
4401604  0.1505182990156935
4401605  0.1505182990156935
4401610  0.1505182990156935
4401594  0.1499687597622354
4401595  0.1499687597622354
4401600  0.1499687597622354
12001541  0.14863145949328682
12001577  0.14817389619254992
4401585  0.14793410181646138
4401586  0.14793410181646138
4401590  0.14793410181646138
6400218  0.1473085848420709
3300267  0.14547859349066158
4400328  0.14547859349066158
4400329  0.14547859349066158
1500779  0.14478512671975205
2400307  0.14349920066683505
2400308  0.14349920066683505
2400309  0.14349920066683505
1500737  0.14266855248732196
10400145  0.1410796518968283
10400146  0.1410796518968283
10400184  0.14100600028549343
1500791  0.14064216928154863
9500541  0.13927225402411014
1702718  0.1391341365032001
1702727  0.1391341365032001
1702736  0.1391341365032001
1702737  0.1391341365032001
1702738  0.1391341365032001
1702741  0.1391341365032001
9500527  0.13906000256113762
1500448  0.1389598920559978
1500451  0.1389598920559978
1500454  0.1389598920559978
1500457  0.1389598920559978
1500460  0.1389598920559978
9500523  0.13877850429157434
4400323  0.13801311186847084
4400324  0.13801311186847084
4400325  0.13801311186847084
4400326  0.13801311186847084
1500209  0.13767359570382023
1500212  0.13767359570382023
3000172  0.1374205965392692
3000154  0.13617619485048055
1500345  0.13585002385551787
1500346  0.13585002385551787
1500347  0.13585002385551787
1500348  0.13585002385551787
1501141  0.13456839120487699
1501131  0.13441072461153858
1501104  0.13425361091130333
1501105  0.13425361091130333
1501107  0.13425361091130333
1501108  0.13425361091130333
1501109  0.13425361091130333
12400480  0.1319034067007155
12400482  0.1319034067007155
5300053  0.1315903389919538
10400051  0.13111442300614298
10400063  0.13111442300614298
10400072  0.13111442300614298
10400078  0.13111442300614298
10400079  0.13111442300614298
10400108  0.13111442300614298
10400119  0.13111442300614298
10400123  0.13111442300614298
10400124  0.13111442300614298
10400125  0.13111442300614298
10400126  0.13111442300614298
10400127  0.13111442300614298
10400130  0.13111442300614298
10400134  0.13111442300614298
10400135  0.13111442300614298
10400136  0.13111442300614298
10400138  0.13111442300614298
10400140  0.13111442300614298
10400141  0.13111442300614298
10400144  0.13111442300614298
10400149  0.13111442300614298
10400151  0.13111442300614298
10400152  0.13111442300614298
10400161  0.13111442300614298
10400162  0.13111442300614298
10400209  0.13111442300614298
10400211  0.13111442300614298
10400214  0.13111442300614298
10400223  0.13111442300614298
10400228  0.13111442300614298
10400233  0.13111442300614298
10400238  0.13111442300614298
10400248  0.13111442300614298
10400249  0.13111442300614298
10400252  0.13111442300614298
10400253  0.13111442300614298
10400255  0.13111442300614298
10400256  0.13111442300614298
10400257  0.13111442300614298
10400259  0.13111442300614298
10500059  0.1301200097264711
10500060  0.1301200097264711
10500101  0.1301200097264711
10500117  0.1301200097264711
10500143  0.1301200097264711
10500148  0.1301200097264711
10500158  0.1301200097264711
7300084  0.12979353291279128
3300054  0.12940792666314374
3300055  0.12940792666314374
8100414  0.12931455101254483
8100417  0.12931455101254483
8100420  0.12931455101254483
8100422  0.12931455101254483
8100424  0.12931455101254483
4800101  0.12926112238824689
1500408  0.12894035738878187
1500396  0.12873244482559515
1500399  0.12873244482559515
1500402  0.12873244482559515
1500405  0.12873244482559515
10400089  0.12858612496840993
3801174  0.12723787502176373
3801198  0.12723787502176373
4101288  0.12697168670714548
1500359  0.1267731382092775
3801169  0.1267731382092775
3801170  0.1267731382092775
3801171  0.1267731382092775
1702580  0.1267071620725117
1702581  0.1267071620725117
1702582  0.1267071620725117
1702583  0.1267071620725117
1702584  0.1267071620725117
1702585  0.1267071620725117
1702586  0.1267071620725117
1702588  0.1267071620725117
1702595  0.1267071620725117
1702596  0.1267071620725117
1702597  0.1267071620725117
1702598  0.1267071620725117
1702599  0.1267071620725117
1702600  0.1267071620725117
1702601  0.1267071620725117
1702603  0.1267071620725117
1702715  0.1267071620725117
1702716  0.1267071620725117
1702717  0.1267071620725117
1702720  0.1267071620725117
1702724  0.1267071620725117
1702725  0.1267071620725117
1702726  0.1267071620725117
1702729  0.1267071620725117
4001430  0.12657551823221716
4001425  0.1265098499952513
4001426  0.1265098499952513
4001427  0.1265098499952513
4101281  0.12644428385972775
4101282  0.12644428385972775
4101283  0.12644428385972775
4101284  0.12644428385972775
4101285  0.12644428385972775
1501129  0.12631345683674
1501139  0.12631345683674
1702701  0.12631345683674
1702705  0.12631345683674
1501117  0.12618303506026085
1702569  0.12618303506026085
1702571  0.12618303506026085
1702572  0.12618303506026085
1702574  0.12618303506026085
1702576  0.12618303506026085
1702591  0.12618303506026085
1702605  0.12618303506026085
1702713  0.12618303506026085
1702714  0.12618303506026085
1702733  0.12618303506026085
1500104  0.12421180068162375
1500105  0.12421180068162375
1500106  0.12421180068162375
1500107  0.12421180068162375
1500109  0.12421180068162375
1500110  0.12421180068162375
1500111  0.12421180068162375
1500113  0.12421180068162375
1500114  0.12421180068162375
3000108  0.12421180068162375
3000109  0.12421180068162375
3000110  0.12421180068162375
3000111  0.12421180068162375
3000112  0.12421180068162375
3000113  0.12421180068162375
3000114  0.12421180068162375
3000115  0.12421180068162375
3000116  0.12421180068162375
3000117  0.12421180068162375
1500336  0.12390243083466015
1500338  0.12390243083466015
1500339  0.12390243083466015
1500340  0.12390243083466015
1501127  0.12390243083466015
1501128  0.12390243083466015
1501137  0.12390243083466015
1501138  0.12390243083466015
1501100  0.12377932853816069
1501102  0.12377932853816069
1501103  0.12377932853816069
1501116  0.12377932853816069
1501120  0.12377932853816069
1501123  0.12377932853816069
1500083  0.12371791482634838
1500084  0.12371791482634838
1500085  0.12371791482634838
2400298  0.12222646627042817
2400304  0.12222646627042817
2400306  0.12222646627042817
5300050  0.12209353913347196
5300108  0.12002400720240083
5300109  0.12002400720240083
5300110  0.12002400720240083
5300111  0.12002400720240083
5300112  0.12002400720240083
5300113  0.12002400720240083
5300114  0.12002400720240083
5300115  0.12002400720240083
5300116  0.12002400720240083
5300117  0.12002400720240083
8700517  0.12000384018432983
3700260  0.11796040340639578
7400204  0.11788388026930792
7400205  0.11788388026930792
7400206  0.11788388026930792
7400209  0.11788388026930792
7400397  0.11788388026930792
7400406  0.11788388026930792
8700503  0.11750348598846058
7400220  0.11735235604040324
7400221  0.11735235604040324
7400281  0.11735235604040324
7400282  0.11735235604040324
7400477  0.11735235604040324
8100435  0.11727086507601876
8700499  0.11720180773462385
8900072  0.11692679333668567
7400307  0.11667941566970493
7400317  0.11667941566970493
7400320  0.11667941566970493
7400321  0.11667941566970493
7600051  0.11664236870396086
7600052  0.11664236870396086
7600053  0.11664236870396086
7600106  0.11664236870396086
7600111  0.11664236870396086
3400527  0.11660073301864225
7200391  0.11660073301864225
7200392  0.11660073301864225
7200393  0.11660073301864225
7500067  0.11660073301864225
7500071  0.11660073301864225
7500072  0.11660073301864225
7500074  0.11660073301864225
7500081  0.11660073301864225
7500099  0.11660073301864225
7500101  0.11660073301864225
7500102  0.11660073301864225
7500103  0.11660073301864225
7500209  0.11660073301864225
7500213  0.11660073301864225
7500214  0.11660073301864225
7500215  0.11660073301864225
7500216  0.11660073301864225
7500217  0.11660073301864225
7500218  0.11660073301864225
7500219  0.11660073301864225
7500221  0.11660073301864225
7500222  0.11660073301864225
7500223  0.11660073301864225
7500224  0.11660073301864225
7500225  0.11660073301864225
7500229  0.11660073301864225
7500230  0.11660073301864225
7500231  0.11660073301864225
7500232  0.11660073301864225
7500233  0.11660073301864225
7500234  0.11660073301864225
7500235  0.11660073301864225
7500236  0.11660073301864225
7500237  0.11660073301864225
7500238  0.11660073301864225
7500239  0.11660073301864225
7500240  0.11660073301864225
7500242  0.11660073301864225
7500243  0.11660073301864225
7500244  0.11660073301864225
7500245  0.11660073301864225
7500246  0.11660073301864225
7500247  0.11660073301864225
7500248  0.11660073301864225
7500249  0.11660073301864225
7500250  0.11660073301864225
7500251  0.11660073301864225
7500252  0.11660073301864225
7500253  0.11660073301864225
7500256  0.11660073301864225
7500257  0.11660073301864225
7500259  0.11660073301864225
7500260  0.11660073301864225
7500262  0.11660073301864225
7500263  0.11660073301864225
7500264  0.11660073301864225
7500268  0.11660073301864225
7500271  0.11660073301864225
7500274  0.11660073301864225
7500279  0.11660073301864225
7500280  0.11660073301864225
9500453  0.11660073301864225
9500454  0.11660073301864225
9500455  0.11660073301864225
9500456  0.11660073301864225
9500457  0.11660073301864225
9500458  0.11660073301864225
3700259  0.11657733253012645
7400293  0.11645766174927479
7400296  0.11645766174927479
8700474  0.11631052629980886
8700550  0.1161639471284035
8700567  0.1161639471284035
7400194  0.11594511375266676
7100144  0.11587244366483038
8700467  0.11565525051480624
8700468  0.11565525051480624
3400518  0.11561466260321598
3400516  0.11549315477920619
5300041  0.11527808354084698
5300044  0.11527808354084698
5300059  0.11527808354084698
5300063  0.11527808354084698
8700465  0.11472799641985021
8700466  0.11472799641985021
2600957  0.11465758954214227
2600974  0.11458731212852641
2600976  0.11458731212852641
2600978  0.11458731212852641
2601009  0.11458731212852641
2601011  0.11458731212852641
2601014  0.11458731212852641
5200088  0.11306474669281655
5200208  0.11306474669281655
5200192  0.11302682458989079
5200080  0.11276243399483692
4400322  0.1126872339638022
8900098  0.11200893717628214
8900103  0.11200893717628214
8900104  0.11200893717628214
8900112  0.11200893717628214
8900113  0.11200893717628214
8900136  0.11200893717628214
8900137  0.11200893717628214
8900138  0.11200893717628214
8900144  0.11200893717628214
8900146  0.11200893717628214
8900092  0.11174753906691855
5200196  0.11089057601969618
5100054  0.1100763644473044
5100055  0.1100763644473044
5100065  0.1100413695761459
5100066  0.1100413695761459
5100067  0.1100413695761459
5100068  0.1100413695761459
5100069  0.1100413695761459
5100075  0.1100413695761459
5100076  0.1100413695761459
5200212  0.1100413695761459
9000224  0.10993658488051078
8100458  0.10989042584741844
8100459  0.10989042584741844
8900293  0.10989042584741844
8900295  0.10989042584741844
8900297  0.10989042584741844
8900298  0.10989042584741844
8900299  0.10989042584741844
8900304  0.10989042584741844
5200052  0.1097279103775098
5200053  0.1097279103775098
5200062  0.1097279103775098
5200063  0.1097279103775098
5200066  0.1097279103775098
5200067  0.1097279103775098
5200068  0.1097279103775098
2300095  0.10969974362642804
2300096  0.10969974362642804
8100554  0.10943001185943543
10600612  0.1091089451179962
10600672  0.1091089451179962
8100552  0.10831363522391349
9800115  0.10816659234722938
5100082  0.10779935222845209
6500053  0.10779935222845209
6500054  0.10779935222845209
6500064  0.10779935222845209
6500065  0.10779935222845209
6500066  0.10779935222845209
6500067  0.10779935222845209
6500068  0.10779935222845209
6500074  0.10779935222845209
6500075  0.10779935222845209
6500087  0.10779935222845209
6500088  0.10779935222845209
6500089  0.10779935222845209
6500091  0.10779935222845209
6500095  0.10779935222845209
7300065  0.10779935222845209
7300071  0.10779935222845209
7300074  0.10779935222845209
7300104  0.10779935222845209
7300107  0.10779935222845209
7300108  0.10779935222845209
7300110  0.10779935222845209
7300112  0.10779935222845209
7300113  0.10779935222845209
7300114  0.10779935222845209
7300116  0.10779935222845209
7300128  0.10779935222845209
7300129  0.10779935222845209
7300204  0.10779935222845209
7300206  0.10779935222845209
7300207  0.10779935222845209
7300211  0.10779935222845209
7300212  0.10779935222845209
7300216  0.10779935222845209
7300217  0.10779935222845209
7300220  0.10779935222845209
7300221  0.10779935222845209
7300224  0.10779935222845209
7300226  0.10779935222845209
7300229  0.10779935222845209
7300231  0.10779935222845209
7300234  0.10779935222845209
7300236  0.10779935222845209
7400173  0.10774094022078838
8400079  0.10774094022078838
8400083  0.10774094022078838
8200795  0.10768262306348701
8200826  0.10768262306348701
6200152  0.10756627227525399
6200153  0.10756627227525399
7400192  0.10756627227525399
5500082  0.10750823813438266
5100100  0.10739245109148872
6800136  0.10727703735466262
6900132  0.10727703735466262
6900133  0.10727703735466262
6900134  0.10727703735466262
6900135  0.10727703735466262
6900136  0.10727703735466262
6900137  0.10727703735466262
6900138  0.10727703735466262
7400579  0.10727703735466262
8200714  0.10727703735466262
8200715  0.10727703735466262
8200718  0.10727703735466262
8200915  0.10727703735466262
9000228  0.10727703735466262
5200172  0.10721946984992434
7400074  0.10721946984992434
8200647  0.10721946984992434
8200724  0.10721946984992434
8200725  0.10721946984992434
8200912  0.10721946984992434
8100551  0.10700645625096325
8200710  0.10699012312772822
8200711  0.10699012312772822
8200712  0.10699012312772822
8200737  0.10699012312772822
8200644  0.1069330160389905
8400078  0.10676224188257434
8400085  0.10676224188257434
8400207  0.10676224188257434
5200228  0.10670549872582484
7900209  0.10625478710736033
8100402  0.10625478710736033
6200165  0.10591354522534892
4400239  0.10585122480499262
8200788  0.1050441803687214
8900114  0.10484906046769321
8900115  0.10484906046769321
8000134  0.10474793930096664
9300096  0.10474793930096664
2600955  0.10461411027059196
8200768  0.10456072210162856
7400501  0.10440104668838053
7400502  0.10440104668838053
7400503  0.10440104668838053
7400504  0.10440104668838053
7400505  0.10440104668838053
7400506  0.10440104668838053
7400507  0.10440104668838053
7400508  0.10440104668838053
7400509  0.10440104668838053
7400510  0.10440104668838053
7400512  0.10440104668838053
9800131  0.10440104668838053
7400083  0.10434798389121028
7400105  0.10434798389121028
7400108  0.10434798389121028
7400189  0.10434798389121028
7400191  0.10434798389121028
7400199  0.10434798389121028
7400200  0.10434798389121028
7400201  0.10434798389121028
7400202  0.10434798389121028
7400214  0.10434798389121028
7400215  0.10434798389121028
7400228  0.10434798389121028
7400230  0.10434798389121028
7400271  0.10434798389121028
7400272  0.10434798389121028
7400465  0.10434798389121028
7400467  0.10434798389121028
7400468  0.10434798389121028
7400469  0.10434798389121028
7400470  0.10434798389121028
7400472  0.10434798389121028
7400473  0.10434798389121028
7400474  0.10434798389121028
7400476  0.10434798389121028
7400480  0.10434798389121028
7400485  0.10434798389121028
7400491  0.10434798389121028
7400497  0.10434798389121028
7400517  0.10434798389121028
7400526  0.10434798389121028
7400527  0.10434798389121028
7400532  0.10434798389121028
7400533  0.10434798389121028
7400541  0.10434798389121028
7400543  0.10434798389121028
7400544  0.10434798389121028
7400546  0.10434798389121028
7400549  0.10434798389121028
7400551  0.10434798389121028
7400553  0.10434798389121028
7400555  0.10434798389121028
7400557  0.10434798389121028
7400559  0.10434798389121028
7400561  0.10434798389121028
7400567  0.10434798389121028
7400569  0.10434798389121028
7400570  0.10434798389121028
7400572  0.10434798389121028
7400575  0.10434798389121028
8200612  0.10434798389121028
8200613  0.10434798389121028
8200622  0.10434798389121028
8200623  0.10434798389121028
8200624  0.10434798389121028
8200625  0.10434798389121028
8200626  0.10434798389121028
8200627  0.10434798389121028
8200630  0.10434798389121028
8200632  0.10434798389121028
8200633  0.10434798389121028
8200634  0.10434798389121028
8200636  0.10434798389121028
8200637  0.10434798389121028
8200764  0.10434798389121028
8300934  0.10434798389121028
8300935  0.10434798389121028
8300945  0.10434798389121028
8300946  0.10434798389121028
8300956  0.10434798389121028
8300957  0.10434798389121028
8300958  0.10434798389121028
8300959  0.10434798389121028
8300961  0.10434798389121028
8300962  0.10434798389121028
9800127  0.10434798389121028
9800128  0.10434798389121028
9800129  0.10434798389121028
9800133  0.10434798389121028
10301083  0.10434798389121028
10301084  0.10434798389121028
10301085  0.10434798389121028
7900213  0.10430746963578579
9000072  0.10429500192085321
9000075  0.10429500192085321
8400253  0.10418927964135326
8400261  0.10418927964135326
8400224  0.10413653892441203
9000181  0.10413653892441203
9000237  0.10403129732205987
2400886  0.10392637415131749
2400887  0.10392637415131749
2400888  0.10392637415131749
2400890  0.10392637415131749
8400211  0.10387403147655365
8400219  0.10387403147655365
8400221  0.10387403147655365
8400233  0.10387403147655365
8400237  0.10387403147655365
8100540  0.10376958295192186
5100080  0.1037174767056278
5100081  0.1037174767056278
5100084  0.1037174767056278
8100537  0.10366544887355758
8100539  0.10366544887355758
8100496  0.1036134992592336
1200272  0.10356162766686668
1200269  0.10350983390135313
9000128  0.10350983390135313
9000133  0.10350983390135313
9000134  0.10350983390135313
9000140  0.10350983390135313
9000144  0.10350983390135313
9000145  0.10350983390135313
9000146  0.10350983390135313
9000154  0.10350983390135313
9000155  0.10350983390135313
9000162  0.10350983390135313
9000168  0.10350983390135313
9000173  0.10350983390135313
9000179  0.10350983390135313
9000189  0.10350983390135313
9000191  0.10350983390135313
9000200  0.10350983390135313
9000204  0.10350983390135313
8000123  0.10335176330685814
5200096  0.10330343322957686
9000234  0.10320069483197726
9000235  0.10320069483197726
9000236  0.10320069483197726
9000239  0.10320069483197726
10200065  0.10320069483197726
8100327  0.10314944044846724
8100328  0.10314944044846724
8100329  0.10314944044846724
8100167  0.10309826235529032
8100172  0.10309826235529032
8100173  0.10309826235529032
8100174  0.10309826235529032
8100175  0.10309826235529032
8100177  0.10309826235529032
2300078  0.10304077795586439
2300080  0.10304077795586439
8100185  0.1029961342843051
8400050  0.10274213603258231
2300163  0.10264106159981964
9300055  0.10261268811991335
9000060  0.10259063611822071
6400222  0.1023671916004716
6400217  0.1023416604386827
8100493  0.10233961877089325
8100494  0.10233961877089325
8100495  0.10233961877089325
8100153  0.10218988991416096
8100157  0.10218988991416096
8100159  0.10218988991416096
8000142  0.10218887359990862
10000112  0.10209043500990381
8100468  0.10206207261596575
8100469  0.10206207261596575
8100470  0.10206207261596575
8100344  0.10204081632653061
10000103  0.10204081632653061
2600951  0.10189239324240279
2600952  0.10189239324240279
2600953  0.10189239324240279
2600954  0.10189239324240279
8100508  0.10184306262065763
8000088  0.10163445391851769
8000093  0.10163445391851769
2200082  0.10154857603999876
8100516  0.10149974286764377
8100517  0.10149974286764377
8100520  0.10149974286764377
8100521  0.10149974286764377
8100524  0.10149974286764377
8100339  0.10140228749916377
8100340  0.10140228749916377
8100342  0.10140228749916377
7900233  0.10123686039860924
7900241  0.10123686039860924
8000120  0.10106437444570252
8100399  0.10094170857400762
8100400  0.10094170857400762
8100401  0.10094170857400762
8100404  0.10094170857400762
8100406  0.10094170857400762
8100407  0.10094170857400762
8100409  0.10094170857400762
8100411  0.10094170857400762
8100428  0.10094170857400762
2400792  0.10058509527832107
8000139  0.10043134635865489
7900202  0.09995241493901394
7900203  0.09995241493901394
7900211  0.09995241493901394
7900212  0.09995241493901394
7900217  0.09995241493901394
8700406  0.09932685831612643
8700407  0.09932685831612643
7100118  0.09918995010726928
7100119  0.09918995010726928
7100120  0.09918995010726928
7900197  0.09899164969945354
9800082  0.0988578210546357
9800084  0.0988578210546357
7100256  0.09869275424396534
3500256  0.09815603654476149
3500257  0.09815603654476149
3500252  0.09795804131230162
3500253  0.09795804131230162
3500254  0.09795804131230162
8100448  0.0978103286753995
8100449  0.0978103286753995
8100450  0.0978103286753995
8000175  0.09772545497599154
8000176  0.09772545497599154
8000177  0.09772545497599154
8000179  0.09772545497599154
8000195  0.09772545497599154
8000196  0.09772545497599154
8000198  0.09772545497599154
4400549  0.09759000729485333
4400550  0.09759000729485333
4400552  0.09759000729485333
9300047  0.09756561893828235
8100485  0.0972939939064186
8100486  0.0972939939064186
3500284  0.09678138731859205
8100605  0.09655753383852804
8100606  0.09655753383852804
6400240  0.0965103058905628
8100603  0.0965103058905628
8100604  0.0965103058905628
8100682  0.0965103058905628
6400235  0.0964867178892596
12001535  0.09648147845954222
12001536  0.09648147845954222
12001574  0.09643959372630743
8400071  0.0960650696173725
8400074  0.0960650696173725
8400075  0.0960650696173725
8400114  0.0960650696173725
8400125  0.0960650696173725
8400129  0.0960650696173725
8400130  0.0960650696173725
8400131  0.0960650696173725
8400132  0.0960650696173725
8400133  0.0960650696173725
8400136  0.0960650696173725
8400140  0.0960650696173725
8400141  0.0960650696173725
8400142  0.0960650696173725
8400143  0.0960650696173725
8400149  0.0960650696173725
8400151  0.0960650696173725
8400152  0.0960650696173725
8400162  0.0960650696173725
8400163  0.0960650696173725
8400241  0.0960650696173725
8400245  0.0960650696173725
8400249  0.0960650696173725
8400257  0.0960650696173725
8400265  0.0960650696173725
8400266  0.0960650696173725
8400268  0.0960650696173725
8400269  0.0960650696173725
8400271  0.0960650696173725
8100385  0.09601360746405498
8100386  0.09601360746405498
8100387  0.09601360746405498
2300092  0.0959185038928289
3500270  0.09565734053059191
3600051  0.09547032697824666
3600052  0.09547032697824666
8100360  0.09469263504816781
8100738  0.09469263504816781
8100739  0.09469263504816781
8100740  0.09469263504816781
8100741  0.09469263504816781
8100743  0.09469263504816781
9100770  0.09469263504816781
9100771  0.09469263504816781
9100772  0.09469263504816781
9100773  0.09469263504816781
3700061  0.09350248341441408
3700062  0.09350248341441408
9800054  0.09250260968020674
12001540  0.0918139847756438
4400293  0.09100315103865801
4400294  0.09100315103865801
4400341  0.09100315103865801
2600924  0.0907143764287075
2600925  0.0907143764287075
2600927  0.0907143764287075
2600930  0.0907143764287075
7900221  0.0906923823984585
12001576  0.09067955993292166
1200255  0.0873704056661038
1100414  0.08703882797784893
1100415  0.08703882797784893
1100416  0.08703882797784893
1200082  0.08703882797784893
1200083  0.08703882797784893
1200084  0.08703882797784893
1200068  0.08699176724016801
1200069  0.08699176724016801
1200070  0.08699176724016801
1200129  0.08699176724016801
1200130  0.08699176724016801
1200133  0.08699176724016801
2600174  0.08461621909897774
2600175  0.08461621909897774
2600178  0.08461621909897774
2600181  0.08461621909897774
2600182  0.08461621909897774
2600183  0.08461621909897774
2600184  0.08461621909897774
6700133  0.08435776067342772
6300160  0.08323704984267945
1200252  0.0822789518574592
4900055  0.08183170883849714
8900310  0.08175353810691063
9300051  0.08175353810691063
9800095  0.0817015485702652
6700063  0.08145594570101923
6700065  0.08145594570101923
6700066  0.08145594570101923
6700067  0.08145594570101923
6700068  0.08145594570101923
6700122  0.08145594570101923
6700123  0.08145594570101923
6700169  0.08145594570101923
6700171  0.08145594570101923
6700173  0.08145594570101923
6700175  0.08145594570101923
6700178  0.08145594570101923
6700180  0.08145594570101923
9400040  0.08145594570101923
9400046  0.08145594570101923
9400047  0.08145594570101923
9400087  0.08145594570101923
9400091  0.08145594570101923
7900081  0.08137884587711594
8100146  0.08126360553720012
8100143  0.08117431185372787
2300141  0.08108531187662159
7900045  0.08066964851100673
7900068  0.08052007548645587
7900071  0.08052007548645587
7900072  0.08052007548645587
7900100  0.08052007548645587
7900111  0.08052007548645587
7900115  0.08052007548645587
7900116  0.08052007548645587
7900117  0.08052007548645587
7900118  0.08052007548645587
7900119  0.08052007548645587
7900122  0.08052007548645587
7900126  0.08052007548645587
7900127  0.08052007548645587
7900128  0.08052007548645587
7900129  0.08052007548645587
7900135  0.08052007548645587
7900137  0.08052007548645587
7900138  0.08052007548645587
7900148  0.08052007548645587
7900149  0.08052007548645587
7900191  0.08052007548645587
7900192  0.08052007548645587
7900194  0.08052007548645587
7900225  0.08052007548645587
7900229  0.08052007548645587
7900237  0.08052007548645587
11400123  0.08047719596839052
8000042  0.08035897321174379
8000045  0.08035897321174379
8000053  0.08035897321174379
8000054  0.08035897321174379
8000056  0.08035897321174379
8000057  0.08035897321174379
8000058  0.08035897321174379
8000059  0.08035897321174379
8000061  0.08035897321174379
8000062  0.08035897321174379
8000064  0.08035897321174379
8000066  0.08035897321174379
8000067  0.08035897321174379
8000069  0.08035897321174379
8000075  0.08035897321174379
8000076  0.08035897321174379
8100691  0.08035897321174379
6800131  0.08009831426861667
6800321  0.07992999675274878
6800372  0.07992999675274878
2601250  0.07988186220131639
5800218  0.07986848501589205
7800056  0.07986848501589205
7800059  0.07986848501589205
7800060  0.07986848501589205
7800063  0.07986848501589205
7800066  0.07986848501589205
7800072  0.07986848501589205
7800082  0.07986848501589205
7800083  0.07986848501589205
7800086  0.07986848501589205
7800153  0.07986848501589205
7800157  0.07986848501589205
7800158  0.07986848501589205
7800159  0.07986848501589205
7800160  0.07986848501589205
7800161  0.07986848501589205
7800162  0.07986848501589205
7800163  0.07986848501589205
7800165  0.07986848501589205
7800166  0.07986848501589205
7800167  0.07986848501589205
7800168  0.07986848501589205
7800169  0.07986848501589205
7800173  0.07986848501589205
7800174  0.07986848501589205
7800175  0.07986848501589205
7800176  0.07986848501589205
7800177  0.07986848501589205
7800178  0.07986848501589205
7800179  0.07986848501589205
7800180  0.07986848501589205
7800181  0.07986848501589205
7800182  0.07986848501589205
7800183  0.07986848501589205
7800184  0.07986848501589205
7800186  0.07986848501589205
7800187  0.07986848501589205
7800188  0.07986848501589205
7800189  0.07986848501589205
7800190  0.07986848501589205
7800191  0.07986848501589205
7800192  0.07986848501589205
7800193  0.07986848501589205
7800194  0.07986848501589205
7800195  0.07986848501589205
7800196  0.07986848501589205
7800197  0.07986848501589205
7800200  0.07986848501589205
7800201  0.07986848501589205
7800203  0.07986848501589205
7800204  0.07986848501589205
7800206  0.07986848501589205
7800207  0.07986848501589205
7800208  0.07986848501589205
7800212  0.07986848501589205
7800215  0.07986848501589205
7800218  0.07986848501589205
7800223  0.07986848501589205
7800224  0.07986848501589205
8600284  0.07986848501589205
8600285  0.07986848501589205
8600288  0.07986848501589205
8600289  0.07986848501589205
8600290  0.07986848501589205
8600291  0.07986848501589205
8600298  0.07986848501589205
8700389  0.07986848501589205
8700390  0.07986848501589205
8700393  0.07986848501589205
8700394  0.07986848501589205
8700395  0.07986848501589205
8700396  0.07986848501589205
8700397  0.07986848501589205
8700398  0.07986848501589205
8700399  0.07986848501589205
4700109  0.07985511454873286
5800092  0.07978449299723035
6800156  0.07978449299723035
6800160  0.07978449299723035
6800164  0.07978449299723035
6800168  0.07978449299723035
6800172  0.07978449299723035
6800176  0.07978449299723035
6800180  0.07978449299723035
6800184  0.07978449299723035
6800188  0.07978449299723035
6800192  0.07978449299723035
6800196  0.07978449299723035
6800200  0.07978449299723035
6800204  0.07978449299723035
6800208  0.07978449299723035
6800212  0.07978449299723035
6800216  0.07978449299723035
6800220  0.07978449299723035
6800224  0.07978449299723035
6800228  0.07978449299723035
6800232  0.07978449299723035
6800236  0.07978449299723035
6800240  0.07978449299723035
6800244  0.07978449299723035
6800248  0.07978449299723035
6800252  0.07978449299723035
6800256  0.07978449299723035
6800260  0.07978449299723035
6800264  0.07978449299723035
6800272  0.07978449299723035
6800276  0.07978449299723035
6800280  0.07978449299723035
6800284  0.07978449299723035
6800288  0.07978449299723035
6800292  0.07978449299723035
7700445  0.07978449299723035
7700446  0.07978449299723035
7700448  0.07978449299723035
7700449  0.07978449299723035
7700451  0.07978449299723035
7700452  0.07978449299723035
7700454  0.07978449299723035
7700455  0.07978449299723035
7700457  0.07978449299723035
7700458  0.07978449299723035
7700460  0.07978449299723035
7700461  0.07978449299723035
7700463  0.07978449299723035
7700464  0.07978449299723035
7700466  0.07978449299723035
7700467  0.07978449299723035
7700469  0.07978449299723035
7700470  0.07978449299723035
7700472  0.07978449299723035
7700473  0.07978449299723035
7700475  0.07978449299723035
7700476  0.07978449299723035
7700478  0.07978449299723035
7700485  0.07978449299723035
7700486  0.07978449299723035
7700488  0.07978449299723035
7700489  0.07978449299723035
7700491  0.07978449299723035
7700492  0.07978449299723035
7700494  0.07978449299723035
7700495  0.07978449299723035
7700497  0.07978449299723035
7700498  0.07978449299723035
7700500  0.07978449299723035
7700501  0.07978449299723035
7700503  0.07978449299723035
7700504  0.07978449299723035
7700506  0.07978449299723035
7700507  0.07978449299723035
7700509  0.07978449299723035
7700510  0.07978449299723035
7700512  0.07978449299723035
7700513  0.07978449299723035
7700515  0.07978449299723035
7700516  0.07978449299723035
7700518  0.07978449299723035
7700519  0.07978449299723035
7700521  0.07978449299723035
7700522  0.07978449299723035
7700524  0.07978449299723035
7700525  0.07978449299723035
7700527  0.07978449299723035
7700528  0.07978449299723035
7700530  0.07978449299723035
7700531  0.07978449299723035
7700533  0.07978449299723035
7700534  0.07978449299723035
7700536  0.07978449299723035
7700537  0.07978449299723035
7700539  0.07978449299723035
7700540  0.07978449299723035
7700542  0.07978449299723035
7700543  0.07978449299723035
7700545  0.07978449299723035
7700546  0.07978449299723035
7700548  0.07978449299723035
7700549  0.07978449299723035
7700551  0.07978449299723035
7700552  0.07978449299723035
7700555  0.07978449299723035
7700558  0.07978449299723035
7700562  0.07978449299723035
2600147  0.07977240352174655
5800053  0.07977240352174655
6800268  0.07977240352174655
2600133  0.07976031954023033
2600134  0.07976031954023033
2600135  0.07976031954023033
2600136  0.07976031954023033
2600137  0.07976031954023033
2600138  0.07976031954023033
2600141  0.07976031954023033
2600142  0.07976031954023033
2600143  0.07976031954023033
2600148  0.07976031954023033
2600153  0.07976031954023033
2600154  0.07976031954023033
2600157  0.07976031954023033
2600159  0.07976031954023033
2600161  0.07976031954023033
2700164  0.07974824104852175
2700173  0.07974824104852175
2700209  0.07974824104852175
2700218  0.07974824104852175
2700236  0.07974824104852175
2700245  0.07974824104852175
2700254  0.07974824104852175
2700264  0.07974824104852175
2700282  0.07974824104852175
2700291  0.07974824104852175
2700300  0.07974824104852175
2700309  0.07974824104852175
2700318  0.07974824104852175
2700336  0.07974824104852175
2700345  0.07974824104852175
2700354  0.07974824104852175
2700363  0.07974824104852175
5400056  0.07974824104852175
5400058  0.07974824104852175
5400062  0.07974824104852175
5400063  0.07974824104852175
5400066  0.07974824104852175
5400070  0.07974824104852175
5400072  0.07974824104852175
5400073  0.07974824104852175
5400075  0.07974824104852175
5400076  0.07974824104852175
5400078  0.07974824104852175
5400079  0.07974824104852175
5400080  0.07974824104852175
5400182  0.07974824104852175
5500054  0.07974824104852175
5500055  0.07974824104852175
5500058  0.07974824104852175
5500061  0.07974824104852175
5500062  0.07974824104852175
5500070  0.07974824104852175
5500086  0.07974824104852175
5600052  0.07974824104852175
5600054  0.07974824104852175
5600058  0.07974824104852175
5600059  0.07974824104852175
5600062  0.07974824104852175
5600066  0.07974824104852175
5600067  0.07974824104852175
5600076  0.07974824104852175
5600077  0.07974824104852175
5600087  0.07974824104852175
5600088  0.07974824104852175
5600089  0.07974824104852175
5600090  0.07974824104852175
5600148  0.07974824104852175
5600158  0.07974824104852175
6100055  0.07974824104852175
6100056  0.07974824104852175
6100057  0.07974824104852175
6100058  0.07974824104852175
6100137  0.07974824104852175
6200046  0.07974824104852175
6200047  0.07974824104852175
6200058  0.07974824104852175
6200059  0.07974824104852175
6200073  0.07974824104852175
6200075  0.07974824104852175
6200079  0.07974824104852175
6200081  0.07974824104852175
6200082  0.07974824104852175
6200086  0.07974824104852175
6200087  0.07974824104852175
6200091  0.07974824104852175
6200174  0.07974824104852175
6200183  0.07974824104852175
6300151  0.07974824104852175
6300152  0.07974824104852175
6300153  0.07974824104852175
6600045  0.07974824104852175
6600046  0.07974824104852175
6600049  0.07974824104852175
6800099  0.07974824104852175
6800100  0.07974824104852175
6800101  0.07974824104852175
6800102  0.07974824104852175
6800103  0.07974824104852175
6800308  0.07974824104852175
6800319  0.07974824104852175
6800320  0.07974824104852175
6800323  0.07974824104852175
6800327  0.07974824104852175
6800328  0.07974824104852175
6800329  0.07974824104852175
6800330  0.07974824104852175
6800331  0.07974824104852175
6800332  0.07974824104852175
6800333  0.07974824104852175
6800334  0.07974824104852175
6800335  0.07974824104852175
6800336  0.07974824104852175
6800337  0.07974824104852175
6800338  0.07974824104852175
6800343  0.07974824104852175
6800344  0.07974824104852175
6800345  0.07974824104852175
6800346  0.07974824104852175
6800347  0.07974824104852175
6800348  0.07974824104852175
6800349  0.07974824104852175
6800350  0.07974824104852175
6800351  0.07974824104852175
6800352  0.07974824104852175
6800353  0.07974824104852175
6800354  0.07974824104852175
6800355  0.07974824104852175
6800356  0.07974824104852175
6800357  0.07974824104852175
6800358  0.07974824104852175
6800359  0.07974824104852175
6800360  0.07974824104852175
6800361  0.07974824104852175
6800362  0.07974824104852175
6800363  0.07974824104852175
6800364  0.07974824104852175
6800365  0.07974824104852175
6800369  0.07974824104852175
6800370  0.07974824104852175
6800385  0.07974824104852175
6800386  0.07974824104852175
6900660  0.07974824104852175
7700436  0.07974824104852175
7700437  0.07974824104852175
8100050  0.07974824104852175
8100076  0.07974824104852175
8100077  0.07974824104852175
8100079  0.07974824104852175
8100081  0.07974824104852175
8100083  0.07974824104852175
8100085  0.07974824104852175
8100087  0.07974824104852175
8100090  0.07974824104852175
8100093  0.07974824104852175
8100096  0.07974824104852175
8100099  0.07974824104852175
8100102  0.07974824104852175
8100105  0.07974824104852175
8100108  0.07974824104852175
8100111  0.07974824104852175
8100114  0.07974824104852175
8100117  0.07974824104852175
8100120  0.07974824104852175
8100121  0.07974824104852175
8100126  0.07974824104852175
8100131  0.07974824104852175
8100133  0.07974824104852175
8100138  0.07974824104852175
8100139  0.07974824104852175
8100241  0.07974824104852175
8100242  0.07974824104852175
8100243  0.07974824104852175
8100244  0.07974824104852175
8100245  0.07974824104852175
8100246  0.07974824104852175
8100247  0.07974824104852175
8100249  0.07974824104852175
8100250  0.07974824104852175
8100251  0.07974824104852175
8100252  0.07974824104852175
8100253  0.07974824104852175
8100254  0.07974824104852175
8100255  0.07974824104852175
8100256  0.07974824104852175
8100257  0.07974824104852175
8100258  0.07974824104852175
8100259  0.07974824104852175
8100264  0.07974824104852175
8100265  0.07974824104852175
8100268  0.07974824104852175
8100270  0.07974824104852175
8100273  0.07974824104852175
8100275  0.07974824104852175
8100278  0.07974824104852175
8100279  0.07974824104852175
8100280  0.07974824104852175
8100281  0.07974824104852175
8100282  0.07974824104852175
8100283  0.07974824104852175
8100284  0.07974824104852175
8100286  0.07974824104852175
8100288  0.07974824104852175
8100294  0.07974824104852175
8100295  0.07974824104852175
8100296  0.07974824104852175
8100297  0.07974824104852175
8100298  0.07974824104852175
8500040  0.07974824104852175
8500041  0.07974824104852175
8500042  0.07974824104852175
8500093  0.07974824104852175
8500097  0.07974824104852175
8800037  0.07974824104852175
8800038  0.07974824104852175
8900051  0.07974824104852175
8900052  0.07974824104852175
8900053  0.07974824104852175
8900054  0.07974824104852175
8900055  0.07974824104852175
9000044  0.07974824104852175
9000045  0.07974824104852175
9000046  0.07974824104852175
9200046  0.07974824104852175
9200047  0.07974824104852175
9200048  0.07974824104852175
9300041  0.07974824104852175
9300042  0.07974824104852175
9300043  0.07974824104852175
9600750  0.07974824104852175
9600751  0.07974824104852175
9800045  0.07974824104852175
9800046  0.07974824104852175
9800047  0.07974824104852175
9800119  0.07974824104852175
10000045  0.07974824104852175
10000046  0.07974824104852175
10000047  0.07974824104852175
10100041  0.07974824104852175
10100042  0.07974824104852175
10100043  0.07974824104852175
10200042  0.07974824104852175
10200043  0.07974824104852175
10200044  0.07974824104852175
12400452  0.07974824104852175
12400457  0.07974824104852175
2700227  0.07973616804246537
2700273  0.07973616804246537
2700327  0.07973616804246537
5700054  0.07973616804246537
5800049  0.07973616804246537
5800050  0.07973616804246537
5800051  0.07973616804246537
5800055  0.07973616804246537
5800056  0.07973616804246537
5800057  0.07973616804246537
5800059  0.07973616804246537
5800070  0.07973616804246537
5800071  0.07973616804246537
5800072  0.07973616804246537
11600102  0.07973616804246537
2700200  0.07972410051791008
4900066  0.07972410051791008
6000071  0.07972410051791008
2400069  0.0797120384707092
6000080  0.0797120384707092
5700063  0.07968793079180592
2700191  0.07967588515183205
2400058  0.07966384497266972
2300150  0.07960372584481573
2500063  0.07959171834405435
6900054  0.07959171834405435
6900055  0.07959171834405435
6800315  0.07958910743199786
6000062  0.07951978726894965
5700043  0.07950781770656244
5700044  0.07950781770656244
5700045  0.07950781770656244
4700047  0.07949585354763435
4700048  0.07949585354763435
4700051  0.07949585354763435
4700052  0.07949585354763435
4800052  0.07949585354763435
4800053  0.07949585354763435
4800056  0.07949585354763435
4800059  0.07949585354763435
4800060  0.07949585354763435
10000056  0.07936507936507936
2200057  0.07935270363518117
2200059  0.07935270363518117
2200063  0.07935270363518117
2200064  0.07935270363518117
2200065  0.07935270363518117
2200069  0.07935270363518117
2200070  0.07935270363518117
2300154  0.07935270363518117
12500278  0.07934080935292365
6000038  0.07926955580522921
6000044  0.07926955580522921
6000045  0.07926955580522921
8100534  0.07913281348990076
2300048  0.07891614541472129
2300050  0.07891614541472129
2300054  0.07891614541472129
2300055  0.07891614541472129
2300059  0.07891614541472129
2300060  0.07891614541472129
1200035  0.07881104062391008
1200037  0.07881104062391008
12300393  0.07881104062391008
2700182  0.07856742013183861
2400050  0.07849822820284491
2400051  0.07849822820284491
2400054  0.07849822820284491
2400055  0.07849822820284491
2100033  0.07848671397789073
2700073  0.07846370072010886
2700076  0.07846370072010886
2700079  0.07846370072010886
2700082  0.07846370072010886
2700085  0.07846370072010886
2700088  0.07846370072010886
2700091  0.07846370072010886
2700094  0.07846370072010886
2700097  0.07846370072010886
2700100  0.07846370072010886
2700103  0.07846370072010886
2700106  0.07846370072010886
2700110  0.07846370072010886
2700113  0.07846370072010886
2700116  0.07846370072010886
2700119  0.07846370072010886
2700122  0.07846370072010886
2700125  0.07846370072010886
2700128  0.07846370072010886
2700131  0.07846370072010886
2700134  0.07846370072010886
2700137  0.07846370072010886
2700140  0.07846370072010886
2700153  0.07846370072010886
2700154  0.07846370072010886
2700155  0.07846370072010886
5000141  0.07846370072010886
5000169  0.07846370072010886
5000205  0.07846370072010886
12400444  0.07846370072010886
12400445  0.07846370072010886
12400446  0.07846370072010886
12400447  0.07846370072010886
12400448  0.07846370072010886
5000196  0.0784522016798595
4900047  0.07834893731113571
4900048  0.07834893731113571
4900051  0.07834893731113571
4900052  0.07834893731113571
4700147  0.07815959365745744
4700148  0.07815959365745744
4700149  0.07815959365745744
4700150  0.07815959365745744
4700151  0.07815959365745744
5700142  0.07815959365745744
5700143  0.07815959365745744
5700144  0.07815959365745744
5700145  0.07815959365745744
6000155  0.07815959365745744
6600101  0.07815959365745744
8900329  0.07815959365745744
9000220  0.07815959365745744
9800111  0.07815959365745744
6000049  0.07814706306119937
2400726  0.07812201993828065
4600030  0.07812091314506639
10000094  0.07808450035558111
5500090  0.0780096230805471
5600139  0.0780096230805471
4800069  0.07798471181595516
9000208  0.07795982440130642
10100056  0.07795982440130642
10200058  0.07795982440130642
5000105  0.07758167692833726
2200122  0.07754035086653924
5000178  0.0775150546086831
5000187  0.07748180774693127
5000160  0.07743754507108427
5000132  0.07733823075795147
5000151  0.07729421354849053
11400160  0.07728058346689828
2200111  0.07723754220292642
2200112  0.07723754220292642
5000114  0.0771188933033472
11400103  0.07710884862471742
11800196  0.07710884862471742
11800197  0.07710884862471742
11800198  0.07710884862471742
11800200  0.07710884862471742
12001533  0.07710884862471742
12001534  0.07710884862471742
5000123  0.0771079753598787
12001528  0.07708746217343249
12001529  0.07708746217343249
12001530  0.07708746217343249
11400140  0.07700209397208017
11400141  0.07700209397208017
11400142  0.07700209397208017
11400143  0.07700209397208017
11400144  0.07700209397208017
11400145  0.07700209397208017
11400146  0.07700209397208017
11400148  0.07700209397208017
11400152  0.07700209397208017
11400153  0.07700209397208017
11400155  0.07700209397208017
11400156  0.07700209397208017
11400158  0.07700209397208017
11400159  0.07700209397208017
11400166  0.07700209397208017
11800177  0.07700209397208017
11800178  0.07700209397208017
11800180  0.07700209397208017
11800181  0.07700209397208017
11800182  0.07700209397208017
11800183  0.07700209397208017
12001570  0.07700209397208017
12001571  0.07700209397208017
12001572  0.07700209397208017
12001573  0.07700209397208017
6700077  0.0764457213817887
2600212  0.07643998813651477
10901166  0.07643998813651477
10901176  0.07643998813651477
10901177  0.07643998813651477
10901178  0.07643998813651477
10901179  0.07643998813651477
10901180  0.07643998813651477
11200482  0.07643998813651477
11200504  0.07643998813651477
11200505  0.07643998813651477
11200509  0.07643998813651477
11200510  0.07643998813651477
11200511  0.07643998813651477
11200512  0.07643998813651477
11200513  0.07643998813651477
11200514  0.07643998813651477
11200515  0.07643998813651477
11400039  0.07643998813651477
11400042  0.07643998813651477
11400045  0.07643998813651477
11400048  0.07643998813651477
11400061  0.07643998813651477
11400062  0.07643998813651477
11400068  0.07643998813651477
11400071  0.07643998813651477
11400084  0.07643998813651477
11400087  0.07643998813651477
11400088  0.07643998813651477
11400089  0.07643998813651477
11900095  0.07643998813651477
11900098  0.07643998813651477
11900110  0.07643998813651477
11900119  0.07643998813651477
11900183  0.07643998813651477
11900184  0.07643998813651477
11900187  0.07643998813651477
11900188  0.07643998813651477
11900192  0.07643998813651477
11900193  0.07643998813651477
11900194  0.07643998813651477
11900195  0.07643998813651477
11900196  0.07643998813651477
11900200  0.07643998813651477
11900201  0.07643998813651477
11900202  0.07643998813651477
11900203  0.07643998813651477
11900204  0.07643998813651477
11900205  0.07643998813651477
11900209  0.07643998813651477
12001341  0.07643998813651477
12001342  0.07643998813651477
12001343  0.07643998813651477
12001344  0.07643998813651477
12001347  0.07643998813651477
12001348  0.07643998813651477
12001349  0.07643998813651477
12001350  0.07643998813651477
12001351  0.07643998813651477
12001353  0.07643998813651477
12001354  0.07643998813651477
12001355  0.07643998813651477
12001356  0.07643998813651477
12001359  0.07643998813651477
12001360  0.07643998813651477
12001364  0.07643998813651477
12001367  0.07643998813651477
12001370  0.07643998813651477
12001371  0.07643998813651477
12001372  0.07643998813651477
12001375  0.07643998813651477
12001500  0.07643998813651477
12001501  0.07643998813651477
12001502  0.07643998813651477
12001503  0.07643998813651477
12001504  0.07643998813651477
12001505  0.07643998813651477
12001506  0.07643998813651477
12100740  0.07643998813651477
12100747  0.07643998813651477
12100748  0.07643998813651477
12100749  0.07643998813651477
12100750  0.07643998813651477
12100751  0.07643998813651477
12200147  0.07643998813651477
12200224  0.07643998813651477
12200226  0.07643998813651477
12200227  0.07643998813651477
12200228  0.07643998813651477
12200229  0.07643998813651477
12200236  0.07643998813651477
12200237  0.07643998813651477
12200240  0.07643998813651477
2600204  0.07642935596619607
2600207  0.07642935596619607
2600210  0.07642935596619607
2600211  0.07642935596619607
2700378  0.07610194341477615
4400475  0.07597371763975863
2600706  0.0758929291683419
2600095  0.07588252361140421
2600115  0.07588252361140421
2600116  0.07588252361140421
2600117  0.07588252361140421
2600415  0.07588252361140421
2600416  0.07588252361140421
2600418  0.07588252361140421
2600419  0.07588252361140421
2600423  0.07588252361140421
2600426  0.07588252361140421
2600429  0.07588252361140421
2600430  0.07588252361140421
2600431  0.07588252361140421
2600443  0.07588252361140421
2600446  0.07588252361140421
2600448  0.07588252361140421
2600458  0.07588252361140421
2600460  0.07588252361140421
2600462  0.07588252361140421
2600466  0.07588252361140421
2600469  0.07588252361140421
2600473  0.07588252361140421
2600514  0.07588252361140421
2600515  0.07588252361140421
2600517  0.07588252361140421
2600518  0.07588252361140421
2600529  0.07588252361140421
2600531  0.07588252361140421
2600532  0.07588252361140421
2600542  0.07588252361140421
2600544  0.07588252361140421
2600545  0.07588252361140421
2600548  0.07588252361140421
2600689  0.07588252361140421
2600690  0.07588252361140421
2600693  0.07588252361140421
2600694  0.07588252361140421
11300037  0.07588252361140421
11300039  0.07588252361140421
11300040  0.07588252361140421
11300099  0.07588252361140421
11600038  0.07588252361140421
11600039  0.07588252361140421
11600040  0.07588252361140421
11600041  0.07588252361140421
11600042  0.07588252361140421
11600088  0.07588252361140421
11600089  0.07588252361140421
12200082  0.07588252361140421
12200083  0.07588252361140421
12200106  0.07588252361140421
12200107  0.07588252361140421
12200110  0.07588252361140421
12200111  0.07588252361140421
12200114  0.07588252361140421
12200115  0.07588252361140421
12200117  0.07588252361140421
12200118  0.07588252361140421
12200121  0.07588252361140421
12200123  0.07588252361140421
12200124  0.07588252361140421
12200136  0.07588252361140421
12200140  0.07588252361140421
12200141  0.07588252361140421
12200145  0.07588252361140421
12200150  0.07588252361140421
12200152  0.07588252361140421
12200153  0.07588252361140421
12200154  0.07588252361140421
12200155  0.07588252361140421
12200174  0.07588252361140421
12200196  0.07588252361140421
12200199  0.07588252361140421
12200200  0.07588252361140421
12200201  0.07588252361140421
12200205  0.07588252361140421
12200214  0.07588252361140421
12200252  0.07588252361140421
12200253  0.07588252361140421
12200255  0.07588252361140421
12200258  0.07588252361140421
12200260  0.07588252361140421
12200262  0.07588252361140421
12200263  0.07588252361140421
12200274  0.07588252361140421
12200275  0.07588252361140421
12200276  0.07588252361140421
12200277  0.07588252361140421
12200281  0.07588252361140421
12200282  0.07588252361140421
12200284  0.07588252361140421
12200287  0.07588252361140421
12200289  0.07588252361140421
5000060  0.07560318144881445
5000062  0.07560318144881445
5000064  0.07560318144881445
5000066  0.07560318144881445
5000068  0.07560318144881445
5000070  0.07560318144881445
5000072  0.07560318144881445
5000074  0.07560318144881445
5000076  0.07560318144881445
5000078  0.07560318144881445
5000080  0.07560318144881445
5000082  0.07560318144881445
5000094  0.07560318144881445
5000095  0.07560318144881445
5000096  0.07560318144881445
12500259  0.07560318144881445
12500260  0.07560318144881445
12500261  0.07560318144881445
2200131  0.07348704390652692
2200079  0.07241815037889603
9200127  0.061036155506051265
9200131  0.061036155506051265
4400271  0.04733810683311509
4400268  0.047062080533501166
4400272  0.047062080533501166
6700086  0.04701836284591087
4400233  0.046524210519923545
4400234  0.046524210519923545
4400235  0.046524210519923545
4400236  0.046524210519923545
4400238  0.046524210519923545
4400255  0.046524210519923545
4400258  0.046524210519923545
4400261  0.046524210519923545
4400470  0.046524210519923545
4400471  0.046524210519923545
4400472  0.046524210519923545
4400473  0.046524210519923545
4400474  0.046524210519923545
1500167  0.0462621002059225
1501147  0.0462621002059225
4400230  0.046004370622823615
6700096  0.041856761782959204
6700099  0.041856761782959204
6700100  0.041856761782959204
6700101  0.041856761782959204
6700104  0.041856761782959204
6700105  0.041856761782959204
6700106  0.041856761782959204
6700110  0.041856761782959204
6700111  0.041856761782959204
6700112  0.041856761782959204
1702650  0.04017717018451539
1702651  0.04017717018451539
1702655  0.04017717018451539
1702657  0.04017717018451539
1702660  0.04017717018451539
1702661  0.04017717018451539
1702662  0.04017717018451539
1702664  0.04017717018451539
3801190  0.04017717018451539
3801191  0.04017717018451539
4001456  0.03984095364447979
4001458  0.03984095364447979
4001461  0.03984095364447979
4001465  0.03984095364447979
3000612  0.039675980042907705
3000613  0.039675980042907705
3000614  0.039675980042907705
3000533  0.03951303898467998
3000534  0.03951303898467998
3000537  0.03951303898467998
3000538  0.03951303898467998
3300160  0.03951303898467998
12400475  0.03539961627023943
3300150  0.03450327796711771
3300191  0.032712244767539374
3300172  0.03200102404915462
3300187  0.03200102404915462
3300188  0.03200102404915462
3300170  0.030261376633440123
3300171  0.030261376633440123
6700107  0.02140214081768251
6700108  0.02140214081768251
1702608  0.0194019369920597
3000657  0.018694854832386882
3000658  0.018694854832386882
3000661  0.018694854832386882
