1400385  1.0
1600268  1.0
1600279  1.0
1600280  1.0
1600281  1.0
1600283  1.0
1600292  1.0
1600293  1.0
1600294  1.0
1600295  1.0
1700125  1.0
1700126  1.0
1700127  1.0
1700129  1.0
1700130  1.0
1700131  1.0
1700132  1.0
1700135  1.0
1700136  1.0
1700137  1.0
1700138  1.0
1700142  1.0
1700158  1.0
1700176  1.0
1700193  1.0
2800086  1.0
2800087  1.0
2800089  1.0
2800090  1.0
2800091  1.0
2800092  1.0
2800094  1.0
2800095  1.0
2800096  1.0
2800097  1.0
2800098  1.0
2800100  1.0
2800101  1.0
2800102  1.0
2800103  1.0
2800108  1.0
2800109  1.0
2800111  1.0
3000090  1.0
3000091  1.0
3000092  1.0
1600308  0.8571428571428572
1600321  0.8571428571428572
1700105  0.8571428571428572
1700106  0.8571428571428572
1700109  0.8571428571428572
1700114  0.8571428571428572
1700118  0.8571428571428572
1700119  0.8571428571428572
1600161  0.7777777777777778
1600170  0.7777777777777778
1600179  0.7777777777777778
1700101  0.75
1400097  0.5
1400115  0.5
1400128  0.5
1400141  0.5
1400160  0.5
1400179  0.5
1400198  0.5
1400218  0.5
1400237  0.5
1400256  0.5
1400277  0.5
1400285  0.5
1400288  0.5
1403429  0.5
1403497  0.5
1600045  0.4375
1600047  0.4375
1600063  0.4375
1600064  0.4375
1600084  0.4375
1600086  0.4375
1600090  0.4375
1600094  0.4375
1600099  0.4375
1600103  0.4375
1600108  0.4375
1600109  0.4375
1600110  0.4375
1600111  0.4375
1700047  0.4375
1700071  0.4375
1700072  0.4375
1700073  0.4375
2800057  0.4375
2800058  0.4375
2900072  0.4375
2900073  0.4375
2900094  0.4375
2900099  0.4375
2900100  0.4375
2900101  0.4375
2900102  0.4375
2900106  0.4375
2900107  0.4375
2900108  0.4375
2900109  0.4375
2900110  0.4375
2900111  0.4375
2900112  0.4375
2900113  0.4375
2900114  0.4375
2900115  0.4375
2900116  0.4375
2900120  0.4375
2900122  0.4375
2900154  0.4375
2900155  0.4375
2900156  0.4375
2900159  0.4375
2900161  0.4375
2900162  0.4375
2900163  0.4375
2900164  0.4375
2900168  0.4375
2900169  0.4375
2900170  0.4375
2900179  0.4375
2900180  0.4375
3000040  0.4375
3000041  0.4375
3000042  0.4375
3000195  0.4375
3000196  0.4375
3100119  0.4375
3100122  0.4375
3100132  0.4375
3100133  0.4375
3400114  0.4375
3400115  0.4375
3400116  0.4375
