1600268  inf
1600279  inf
1600280  inf
1600281  inf
1600283  inf
1600292  inf
1600293  inf
1600294  inf
1600295  inf
1400385  36.0
1700125  36.0
1700126  36.0
1700127  36.0
1700129  36.0
1700142  36.0
1700158  36.0
1700176  36.0
1600161  24.5
1600170  24.5
1600179  24.5
1600308  18.0
1600321  18.0
1700105  18.0
1700106  18.0
1700109  18.0
1700114  18.0
1700118  18.0
1700119  18.0
1700101  12.0
1600045  5.444444444444445
1600047  5.444444444444445
1600063  5.444444444444445
1600064  5.444444444444445
1600084  5.444444444444445
1600086  5.444444444444445
1600090  5.444444444444445
1600094  5.444444444444445
1600099  5.444444444444445
1600103  5.444444444444445
1600108  5.444444444444445
1600109  5.444444444444445
1600110  5.444444444444445
1600111  5.444444444444445
1700047  5.444444444444445
1700071  5.444444444444445
1700072  5.444444444444445
1700073  5.444444444444445
2800057  5.444444444444445
2800058  5.444444444444445
2900072  5.444444444444445
2900073  5.444444444444445
2900094  5.444444444444445
2900099  5.444444444444445
2900100  5.444444444444445
2900101  5.444444444444445
2900102  5.444444444444445
2900106  5.444444444444445
2900107  5.444444444444445
2900108  5.444444444444445
2900109  5.444444444444445
2900110  5.444444444444445
2900111  5.444444444444445
2900112  5.444444444444445
2900113  5.444444444444445
2900114  5.444444444444445
2900115  5.444444444444445
2900116  5.444444444444445
2900120  5.444444444444445
2900122  5.444444444444445
2900154  5.444444444444445
2900155  5.444444444444445
2900156  5.444444444444445
2900159  5.444444444444445
2900161  5.444444444444445
2900162  5.444444444444445
2900163  5.444444444444445
2900164  5.444444444444445
2900168  5.444444444444445
2900169  5.444444444444445
2900170  5.444444444444445
2900179  5.444444444444445
2900180  5.444444444444445
3000040  5.444444444444445
3000041  5.444444444444445
3000042  5.444444444444445
3000195  5.444444444444445
3000196  5.444444444444445
3100119  5.444444444444445
3100122  5.444444444444445
3100132  5.444444444444445
3100133  5.444444444444445
3400114  5.444444444444445
3400115  5.444444444444445
3400116  5.444444444444445
1400097  5.142857142857143
1400115  5.142857142857143
1400128  5.142857142857143
1400141  5.142857142857143
1400160  5.142857142857143
1400179  5.142857142857143
1400198  5.142857142857143
1400218  5.142857142857143
1400237  5.142857142857143
1400256  5.142857142857143
1400277  5.142857142857143
1400285  5.142857142857143
1400288  5.142857142857143
1403429  5.142857142857143
1403497  5.142857142857143
1700130  2.25
1700131  2.25
1700132  2.25
1700135  2.25
1700136  2.25
1700137  2.25
1700138  2.25
1700193  0.8
2800086  0.8
2800087  0.8
2800089  0.8
2800090  0.8
2800091  0.8
2800092  0.8
2800094  0.8
2800095  0.8
2800096  0.8
2800097  0.8
2800098  0.8
2800100  0.8
2800101  0.8
2800102  0.8
2800103  0.8
2800108  0.8
2800109  0.8
2800111  0.8
3000090  0.8
3000091  0.8
3000092  0.8
