2900275  1.0
3200184  1.0
1501107  0.5
2900129  0.25
2900130  0.25
2900131  0.25
2900132  0.25
2900133  0.25
2900134  0.25
2900136  0.25
3200109  0.25
3200112  0.25
3200174  0.25
3900170  0.25
2900258  0.1428571428571429
1500864  0.11111111111111116
1500866  0.11111111111111116
1500874  0.11111111111111116
1500875  0.11111111111111116
4100253  0.06666666666666665
4100254  0.06666666666666665
4100255  0.06666666666666665
4100256  0.06666666666666665
4100258  0.06666666666666665
4100602  0.0625
1501364  0.05555555555555558
1501365  0.05555555555555558
3200064  0.05555555555555558
3200065  0.05555555555555558
3200077  0.05555555555555558
3200078  0.05555555555555558
4100252  0.05555555555555558
3200095  0.052631578947368474
3200096  0.052631578947368474
3200102  0.052631578947368474
3200103  0.052631578947368474
3200104  0.052631578947368474
3200105  0.052631578947368474
1501348  0.050000000000000044
1501349  0.050000000000000044
1501351  0.050000000000000044
1501352  0.050000000000000044
1501353  0.050000000000000044
1501359  0.050000000000000044
1501360  0.050000000000000044
1501361  0.050000000000000044
2900049  0.050000000000000044
2900051  0.050000000000000044
2900065  0.050000000000000044
2900067  0.050000000000000044
2900086  0.050000000000000044
2900088  0.050000000000000044
2900108  0.050000000000000044
2900110  0.050000000000000044
2900114  0.050000000000000044
2900118  0.050000000000000044
2900119  0.050000000000000044
2900120  0.050000000000000044
2900121  0.050000000000000044
3900195  0.050000000000000044
3900201  0.050000000000000044
3900205  0.050000000000000044
4100604  0.050000000000000044
1503306  0.04761904761904767
1503310  0.04761904761904767
1503314  0.04761904761904767
1503315  0.04761904761904767
1503319  0.04761904761904767
1503323  0.04761904761904767
4100572  0.04761904761904767
4100573  0.04761904761904767
4100574  0.04761904761904767
4100575  0.04761904761904767
4100576  0.04761904761904767
4100577  0.04761904761904767
4100578  0.04761904761904767
4100580  0.04761904761904767
4100581  0.04761904761904767
4100582  0.04761904761904767
4100583  0.04761904761904767
4100584  0.04761904761904767
4100586  0.04761904761904767
4100587  0.04761904761904767
4100588  0.04761904761904767
4100589  0.04761904761904767
4100590  0.04761904761904767
4100591  0.04761904761904767
4100592  0.04761904761904767
4100593  0.04761904761904767
4100594  0.04761904761904767
4100595  0.04761904761904767
4100596  0.04761904761904767
4100597  0.04761904761904767
4100598  0.04761904761904767
4100599  0.04761904761904767
4100601  0.04761904761904767
4100251  0.045454545454545414
1501338  0.04347826086956519
1501342  0.04347826086956519
1501346  0.04347826086956519
4100531  0.04347826086956519
4100534  0.04347826086956519
4100539  0.04347826086956519
4100540  0.04347826086956519
4100608  0.04347826086956519
4100624  0.04347826086956519
4100627  0.04347826086956519
4100631  0.04347826086956519
1501222  0.04166666666666663
1501223  0.04166666666666663
1501224  0.04166666666666663
1501225  0.04166666666666663
1501226  0.04166666666666663
1501229  0.04166666666666663
1501230  0.04166666666666663
1501231  0.04166666666666663
1501232  0.04166666666666663
1501235  0.04166666666666663
1501236  0.04166666666666663
1501237  0.04166666666666663
1501239  0.04166666666666663
1501241  0.04166666666666663
1501242  0.04166666666666663
1501244  0.04166666666666663
1501245  0.04166666666666663
1501246  0.04166666666666663
1501249  0.04166666666666663
1501250  0.04166666666666663
1501251  0.04166666666666663
1501253  0.04166666666666663
1501254  0.04166666666666663
1501255  0.04166666666666663
1501259  0.04166666666666663
1501260  0.04166666666666663
1501268  0.04166666666666663
1501269  0.04166666666666663
1501270  0.04166666666666663
1501324  0.04166666666666663
1501325  0.04166666666666663
1700072  0.04166666666666663
1700073  0.04166666666666663
1700155  0.04166666666666663
1700156  0.04166666666666663
1700179  0.04166666666666663
1700180  0.04166666666666663
2800057  0.04166666666666663
2800058  0.04166666666666663
1700094  0.04081632653061229
1700099  0.04081632653061229
1700100  0.04081632653061229
1700101  0.04081632653061229
1700102  0.04081632653061229
1700106  0.04081632653061229
1700107  0.04081632653061229
1700108  0.04081632653061229
1700109  0.04081632653061229
1700110  0.04081632653061229
1700111  0.04081632653061229
1700112  0.04081632653061229
1700113  0.04081632653061229
1700114  0.04081632653061229
1700115  0.04081632653061229
1700116  0.04081632653061229
1700120  0.04081632653061229
1700122  0.04081632653061229
1700154  0.04081632653061229
1700159  0.04081632653061229
1700161  0.04081632653061229
1700162  0.04081632653061229
1700163  0.04081632653061229
1700164  0.04081632653061229
1700168  0.04081632653061229
1700169  0.04081632653061229
1700170  0.04081632653061229
1800035  0.04081632653061229
1800036  0.04081632653061229
1800037  0.04081632653061229
1800165  0.04081632653061229
1800166  0.04081632653061229
1900115  0.04081632653061229
1900118  0.04081632653061229
1900128  0.04081632653061229
1900129  0.04081632653061229
2700108  0.04081632653061229
2700109  0.04081632653061229
2700110  0.04081632653061229
3000050  0.04081632653061229
3000055  0.04081632653061229
3000070  0.04081632653061229
3000071  0.04081632653061229
3000072  0.04081632653061229
1500807  0.040000000000000036
1500922  0.040000000000000036
4100071  0.040000000000000036
4100090  0.040000000000000036
4100246  0.040000000000000036
4100248  0.040000000000000036
4100250  0.040000000000000036
1103719  0.038461538461538436
1103745  0.038461538461538436
1103746  0.038461538461538436
1103748  0.038461538461538436
1303680  0.038461538461538436
1303712  0.038461538461538436
1303713  0.038461538461538436
1303715  0.038461538461538436
1406142  0.038461538461538436
1406150  0.038461538461538436
1406158  0.038461538461538436
1406166  0.038461538461538436
1500826  0.038461538461538436
1500882  0.038461538461538436
1500883  0.038461538461538436
1500884  0.038461538461538436
1500890  0.038461538461538436
1500899  0.038461538461538436
1500900  0.038461538461538436
1500901  0.038461538461538436
1500902  0.038461538461538436
1500903  0.038461538461538436
1500910  0.038461538461538436
1500911  0.038461538461538436
1500917  0.038461538461538436
1500919  0.038461538461538436
1500925  0.038461538461538436
1500931  0.038461538461538436
1501155  0.038461538461538436
1501096  0.032258064516129004
1501273  0.032258064516129004
1501274  0.032258064516129004
1501275  0.032258064516129004
1501276  0.032258064516129004
1501277  0.032258064516129004
1501278  0.032258064516129004
1501279  0.032258064516129004
1400029  0.03125
1401535  0.03125
1403043  0.03125
1404074  0.03125
1405103  0.03125
1406174  0.03125
1501106  0.03125
1501109  0.03125
1501112  0.03125
1501123  0.03125
1501132  0.03125
1501134  0.03125
1501154  0.03125
1501204  0.03125
1501215  0.03125
1501217  0.03125
1501218  0.03125
1501220  0.03125
1501296  0.03125
1501297  0.03125
1501298  0.03125
1501299  0.03125
1501300  0.03125
1501301  0.03125
1501303  0.03125
1501304  0.03125
1501305  0.03125
1501306  0.03125
1501308  0.03125
1501309  0.03125
1501310  0.03125
1501311  0.03125
1501313  0.03125
1501314  0.03125
1501315  0.03125
1501316  0.03125
1501318  0.03125
1501319  0.03125
1501320  0.03125
1501321  0.03125
1501323  0.03125
1501328  0.03125
1603752  0.03125
1603766  0.03125
1603768  0.03125
1500113  0.014925373134328401
1500126  0.014925373134328401
1500139  0.014925373134328401
1500158  0.014925373134328401
1500177  0.014925373134328401
1500196  0.014925373134328401
1500216  0.014925373134328401
1500235  0.014925373134328401
1500254  0.014925373134328401
1500275  0.014925373134328401
1500283  0.014925373134328401
1500286  0.014925373134328401
