2900275  0.7071067811865475
3200184  0.7071067811865475
1501107  0.5
2900129  0.35355339059327373
2900130  0.35355339059327373
2900131  0.35355339059327373
2900132  0.35355339059327373
2900133  0.35355339059327373
2900134  0.35355339059327373
2900136  0.35355339059327373
3200109  0.35355339059327373
3200112  0.35355339059327373
3200174  0.35355339059327373
3900170  0.35355339059327373
2900258  0.2672612419124244
1500864  0.23570226039551587
1500866  0.23570226039551587
1500874  0.23570226039551587
1500875  0.23570226039551587
1700072  0.20412414523193154
1700073  0.20412414523193154
1700155  0.20412414523193154
1700156  0.20412414523193154
1700179  0.20412414523193154
1700180  0.20412414523193154
2800057  0.20412414523193154
2800058  0.20412414523193154
1700094  0.20203050891044214
1700099  0.20203050891044214
1700100  0.20203050891044214
1700101  0.20203050891044214
1700102  0.20203050891044214
1700106  0.20203050891044214
1700107  0.20203050891044214
1700108  0.20203050891044214
1700109  0.20203050891044214
1700110  0.20203050891044214
1700111  0.20203050891044214
1700112  0.20203050891044214
1700113  0.20203050891044214
1700114  0.20203050891044214
1700115  0.20203050891044214
1700116  0.20203050891044214
1700120  0.20203050891044214
1700122  0.20203050891044214
1700154  0.20203050891044214
1700159  0.20203050891044214
1700161  0.20203050891044214
1700162  0.20203050891044214
1700163  0.20203050891044214
1700164  0.20203050891044214
1700168  0.20203050891044214
1700169  0.20203050891044214
1700170  0.20203050891044214
1800035  0.20203050891044214
1800036  0.20203050891044214
1800037  0.20203050891044214
1800165  0.20203050891044214
1800166  0.20203050891044214
1900115  0.20203050891044214
1900118  0.20203050891044214
1900128  0.20203050891044214
1900129  0.20203050891044214
2700108  0.20203050891044214
2700109  0.20203050891044214
2700110  0.20203050891044214
3000050  0.20203050891044214
3000055  0.20203050891044214
3000070  0.20203050891044214
3000071  0.20203050891044214
3000072  0.20203050891044214
4100253  0.18257418583505536
4100254  0.18257418583505536
4100255  0.18257418583505536
4100256  0.18257418583505536
4100258  0.18257418583505536
4100602  0.17677669529663687
1501364  0.16666666666666666
1501365  0.16666666666666666
3200064  0.16666666666666666
3200065  0.16666666666666666
3200077  0.16666666666666666
3200078  0.16666666666666666
4100252  0.16666666666666666
3200095  0.16222142113076254
3200096  0.16222142113076254
3200102  0.16222142113076254
3200103  0.16222142113076254
3200104  0.16222142113076254
3200105  0.16222142113076254
1501348  0.15811388300841897
1501349  0.15811388300841897
1501351  0.15811388300841897
1501352  0.15811388300841897
1501353  0.15811388300841897
1501359  0.15811388300841897
1501360  0.15811388300841897
1501361  0.15811388300841897
2900049  0.15811388300841897
2900051  0.15811388300841897
2900065  0.15811388300841897
2900067  0.15811388300841897
2900086  0.15811388300841897
2900088  0.15811388300841897
2900108  0.15811388300841897
2900110  0.15811388300841897
2900114  0.15811388300841897
2900118  0.15811388300841897
2900119  0.15811388300841897
2900120  0.15811388300841897
2900121  0.15811388300841897
3900195  0.15811388300841897
3900201  0.15811388300841897
3900205  0.15811388300841897
4100604  0.15811388300841897
1503306  0.1543033499620919
1503310  0.1543033499620919
1503314  0.1543033499620919
1503315  0.1543033499620919
1503319  0.1543033499620919
1503323  0.1543033499620919
4100572  0.1543033499620919
4100573  0.1543033499620919
4100574  0.1543033499620919
4100575  0.1543033499620919
4100576  0.1543033499620919
4100577  0.1543033499620919
4100578  0.1543033499620919
4100580  0.1543033499620919
4100581  0.1543033499620919
4100582  0.1543033499620919
4100583  0.1543033499620919
4100584  0.1543033499620919
4100586  0.1543033499620919
4100587  0.1543033499620919
4100588  0.1543033499620919
4100589  0.1543033499620919
4100590  0.1543033499620919
4100591  0.1543033499620919
4100592  0.1543033499620919
4100593  0.1543033499620919
4100594  0.1543033499620919
4100595  0.1543033499620919
4100596  0.1543033499620919
4100597  0.1543033499620919
4100598  0.1543033499620919
4100599  0.1543033499620919
4100601  0.1543033499620919
4100251  0.15075567228888181
1501338  0.14744195615489714
1501342  0.14744195615489714
1501346  0.14744195615489714
4100531  0.14744195615489714
4100534  0.14744195615489714
4100539  0.14744195615489714
4100540  0.14744195615489714
4100608  0.14744195615489714
4100624  0.14744195615489714
4100627  0.14744195615489714
4100631  0.14744195615489714
1501222  0.14433756729740646
1501223  0.14433756729740646
1501224  0.14433756729740646
1501225  0.14433756729740646
1501226  0.14433756729740646
1501229  0.14433756729740646
1501230  0.14433756729740646
1501231  0.14433756729740646
1501232  0.14433756729740646
1501235  0.14433756729740646
1501236  0.14433756729740646
1501237  0.14433756729740646
1501239  0.14433756729740646
1501241  0.14433756729740646
1501242  0.14433756729740646
1501244  0.14433756729740646
1501245  0.14433756729740646
1501246  0.14433756729740646
1501249  0.14433756729740646
1501250  0.14433756729740646
1501251  0.14433756729740646
1501253  0.14433756729740646
1501254  0.14433756729740646
1501255  0.14433756729740646
1501259  0.14433756729740646
1501260  0.14433756729740646
1501268  0.14433756729740646
1501269  0.14433756729740646
1501270  0.14433756729740646
1501324  0.14433756729740646
1501325  0.14433756729740646
1500807  0.1414213562373095
1500922  0.1414213562373095
4100071  0.1414213562373095
4100090  0.1414213562373095
4100246  0.1414213562373095
4100248  0.1414213562373095
4100250  0.1414213562373095
1103719  0.1386750490563073
1103745  0.1386750490563073
1103746  0.1386750490563073
1103748  0.1386750490563073
1303680  0.1386750490563073
1303712  0.1386750490563073
1303713  0.1386750490563073
1303715  0.1386750490563073
1406142  0.1386750490563073
1406150  0.1386750490563073
1406158  0.1386750490563073
1406166  0.1386750490563073
1500826  0.1386750490563073
1500882  0.1386750490563073
1500883  0.1386750490563073
1500884  0.1386750490563073
1500890  0.1386750490563073
1500899  0.1386750490563073
1500900  0.1386750490563073
1500901  0.1386750490563073
1500902  0.1386750490563073
1500903  0.1386750490563073
1500910  0.1386750490563073
1500911  0.1386750490563073
1500917  0.1386750490563073
1500919  0.1386750490563073
1500925  0.1386750490563073
1500931  0.1386750490563073
1501155  0.1386750490563073
1501096  0.1270001270001905
1501273  0.1270001270001905
1501274  0.1270001270001905
1501275  0.1270001270001905
1501276  0.1270001270001905
1501277  0.1270001270001905
1501278  0.1270001270001905
1501279  0.1270001270001905
1400029  0.125
1401535  0.125
1403043  0.125
1404074  0.125
1405103  0.125
1406174  0.125
1501106  0.125
1501109  0.125
1501112  0.125
1501123  0.125
1501132  0.125
1501134  0.125
1501154  0.125
1501204  0.125
1501215  0.125
1501217  0.125
1501218  0.125
1501220  0.125
1501296  0.125
1501297  0.125
1501298  0.125
1501299  0.125
1501300  0.125
1501301  0.125
1501303  0.125
1501304  0.125
1501305  0.125
1501306  0.125
1501308  0.125
1501309  0.125
1501310  0.125
1501311  0.125
1501313  0.125
1501314  0.125
1501315  0.125
1501316  0.125
1501318  0.125
1501319  0.125
1501320  0.125
1501321  0.125
1501323  0.125
1501328  0.125
1603752  0.125
1603766  0.125
1603768  0.125
1500113  0.08638684255813601
1500126  0.08638684255813601
1500139  0.08638684255813601
1500158  0.08638684255813601
1500177  0.08638684255813601
1500196  0.08638684255813601
1500216  0.08638684255813601
1500235  0.08638684255813601
1500254  0.08638684255813601
1500275  0.08638684255813601
1500283  0.08638684255813601
1500286  0.08638684255813601
