1400431  1.0
1400434  1.0
1400435  1.0
1400436  1.0
1400438  1.0
1400460  1.0
1400463  1.0
1400464  1.0
1400465  1.0
1400761  1.0
1400765  1.0
1400770  1.0
1400792  1.0
1400795  1.0
1400796  1.0
1400797  1.0
1401224  1.0
1401225  1.0
1800417  1.0
1800420  1.0
1800421  1.0
1800570  1.0
1800738  1.0
1800741  1.0
1801572  1.0
1801573  1.0
1801574  1.0
1801583  1.0
1801584  1.0
1801585  1.0
2000397  1.0
2000398  1.0
2300518  1.0
2300519  1.0
2300533  1.0
2300536  1.0
2300537  1.0
2300538  1.0
2300539  1.0
2300543  1.0
2300553  1.0
2300566  1.0
2300573  1.0
2300574  1.0
2300575  1.0
2300642  1.0
2300643  1.0
2300644  1.0
2300846  1.0
2300853  1.0
2300854  1.0
2300858  1.0
2300859  1.0
2300861  1.0
2301201  1.0
2301202  1.0
3100139  1.0
3100140  1.0
3100141  1.0
3300134  1.0
3300135  1.0
5600989  1.0
5600990  1.0
5600993  1.0
6100113  1.0
6100114  1.0
7400214  1.0
7400215  1.0
8200799  1.0
8200800  1.0
8200803  1.0
8200856  1.0
8201297  1.0
8201298  1.0
8201301  1.0
8201357  1.0
8201914  1.0
8201917  1.0
8201918  1.0
8201931  1.0
8201932  1.0
8201933  1.0
8201935  1.0
8202024  1.0
8202025  1.0
8202038  1.0
8202041  1.0
8202042  1.0
8202043  1.0
8202045  1.0
8202859  1.0
8202862  1.0
8202863  1.0
8800648  1.0
8800653  1.0
8800654  1.0
8800660  1.0
8800661  1.0
8800668  1.0
8800669  1.0
8800741  1.0
8800744  1.0
8800748  1.0
8800770  1.0
8800773  1.0
8800774  1.0
8800775  1.0
8800945  1.0
8800972  1.0
8801165  1.0
8801166  1.0
8801167  1.0
8801169  1.0
8801176  1.0
8801243  1.0
8801272  1.0
8801431  1.0
8801565  1.0
8801637  1.0
8801731  1.0
8801937  1.0
8801940  1.0
8801941  1.0
8801942  1.0
8802058  1.0
8802061  1.0
8802062  1.0
8802063  1.0
8802249  1.0
8802252  1.0
8802253  1.0
8802254  1.0
8802330  1.0
8802333  1.0
8802334  1.0
8802335  1.0
8803809  1.0
8803810  1.0
8803814  1.0
8803815  1.0
8803817  1.0
8803819  1.0
8803820  1.0
8803821  1.0
8803825  1.0
8804323  1.0
8804326  1.0
8804327  1.0
8804328  1.0
8804330  1.0
8804336  1.0
8804337  1.0
8804341  1.0
8804353  1.0
8804356  1.0
8804357  1.0
8804358  1.0
8804360  1.0
8804366  1.0
8804367  1.0
8804371  1.0
8804384  1.0
8804385  1.0
8804387  1.0
8804388  1.0
8804393  1.0
8804406  1.0
8804407  1.0
8804409  1.0
8804410  1.0
8804415  1.0
8804427  1.0
8804428  1.0
8804429  1.0
8804430  1.0
8804433  1.0
8804434  1.0
8804435  1.0
8804436  1.0
8804438  1.0
8804440  1.0
8804441  1.0
8804451  1.0
8804452  1.0
8804453  1.0
8804454  1.0
8804456  1.0
8804457  1.0
8804458  1.0
8804469  1.0
8804470  1.0
8804471  1.0
8804472  1.0
8804473  1.0
8804474  1.0
8804475  1.0
8804476  1.0
8804479  1.0
8804484  1.0
8804485  1.0
8804493  1.0
8804494  1.0
8804495  1.0
8804502  1.0
8804504  1.0
8804505  1.0
8804517  1.0
8804703  1.0
8804706  1.0
8804707  1.0
8804708  1.0
8804860  1.0
8804863  1.0
8804864  1.0
8804865  1.0
10300323  1.0
10300326  1.0
10300327  1.0
10300328  1.0
10300330  1.0
10300352  1.0
10300355  1.0
10300359  1.0
10400234  1.0
10400370  1.0
10400373  1.0
10400374  1.0
10400375  1.0
10400570  1.0
11300716  1.0
11300717  1.0
11300718  1.0
11300890  1.0
11300891  1.0
11300892  1.0
11300893  1.0
11300895  1.0
11300896  1.0
12100164  1.0
12100167  1.0
12100168  1.0
12100169  1.0
13000055  1.0
13000059  1.0
13000063  1.0
13000068  1.0
13000073  1.0
13000077  1.0
13000081  1.0
13000097  1.0
13000098  1.0
13000099  1.0
13000100  1.0
13000117  1.0
13000129  1.0
13000130  1.0
13000132  1.0
13000135  1.0
13000136  1.0
13000137  1.0
13100184  1.0
13100191  1.0
13100195  1.0
13100207  1.0
13100321  1.0
13100349  1.0
13100350  1.0
13100366  1.0
13100367  1.0
13100383  1.0
13100384  1.0
13100385  1.0
13100387  1.0
13100388  1.0
13100389  1.0
13100390  1.0
13100391  1.0
13100392  1.0
13100496  1.0
13100497  1.0
13100500  1.0
13100504  1.0
13100551  1.0
13100556  1.0
13100559  1.0
13100560  1.0
13100718  1.0
13100719  1.0
13100721  1.0
13101150  1.0
13101153  1.0
13101156  1.0
13101159  1.0
13101160  1.0
13101161  1.0
13101162  1.0
13101163  1.0
13101164  1.0
13101165  1.0
13101167  1.0
13101168  1.0
13101169  1.0
13101170  1.0
13101171  1.0
13101172  1.0
13101173  1.0
13101176  1.0
13101177  1.0
13101179  1.0
13101181  1.0
13101183  1.0
13101185  1.0
13101187  1.0
13101189  1.0
13101193  1.0
13101195  1.0
13101197  1.0
13101199  1.0
13101203  1.0
13101205  1.0
13101207  1.0
13101209  1.0
13101211  1.0
13101213  1.0
13101215  1.0
13101219  1.0
13101221  1.0
13101223  1.0
13101225  1.0
13101227  1.0
13101231  1.0
13101233  1.0
13101235  1.0
13101237  1.0
13101241  1.0
13101243  1.0
13101245  1.0
13101247  1.0
13101249  1.0
13101253  1.0
13101255  1.0
13101257  1.0
13101259  1.0
13101261  1.0
13101263  1.0
13101265  1.0
13101268  1.0
13101277  1.0
13101279  1.0
13101280  1.0
13101283  1.0
13101284  1.0
13101286  1.0
13800113  1.0
13800114  1.0
13800133  1.0
13800134  1.0
13800137  1.0
13800138  1.0
13800139  1.0
13800151  1.0
13800152  1.0
13800160  1.0
13800162  1.0
13800165  1.0
13800168  1.0
13800169  1.0
13800170  1.0
13800171  1.0
13800172  1.0
13800173  1.0
13800174  1.0
13800175  1.0
13800288  1.0
13800289  1.0
13800290  1.0
13800291  1.0
13900122  1.0
13900123  1.0
13900139  1.0
13900140  1.0
13900143  1.0
13900146  1.0
13900149  1.0
13900150  1.0
13900151  1.0
13900152  1.0
13900153  1.0
13900154  1.0
13900303  1.0
13900304  1.0
13900306  1.0
13900307  1.0
13900309  1.0
13900310  1.0
13900312  1.0
13900313  1.0
13900315  1.0
13900316  1.0
13900318  1.0
13900319  1.0
13900321  1.0
13900322  1.0
14200213  1.0
14500056  1.0
14500060  1.0
14500064  1.0
14500075  1.0
14500076  1.0
14500077  1.0
14700072  1.0
14700073  1.0
14700082  1.0
14700083  1.0
14700084  1.0
14700085  1.0
15700091  1.0
15700092  1.0
17201101  1.0
17201102  1.0
17201103  1.0
17201105  1.0
17201109  1.0
17201111  1.0
17201134  1.0
17201137  1.0
17201138  1.0
17201139  1.0
17201140  1.0
17201143  1.0
17201144  1.0
17201145  1.0
17201148  1.0
17201151  1.0
17201152  1.0
17201153  1.0
17201155  1.0
17201163  1.0
17201168  1.0
17201169  1.0
17201170  1.0
17201171  1.0
17201173  1.0
17201174  1.0
17201175  1.0
17201178  1.0
17201199  1.0
17201236  1.0
17201239  1.0
17201240  1.0
17201242  1.0
17201243  1.0
17201245  1.0
17201251  1.0
17201252  1.0
17201254  1.0
17201257  1.0
17201260  1.0
17201261  1.0
17201278  1.0
17201288  1.0
17201289  1.0
17201290  1.0
17201294  1.0
17201295  1.0
17201297  1.0
17201300  1.0
17201303  1.0
17201380  1.0
17201381  1.0
17201382  1.0
17201383  1.0
17201384  1.0
17201385  1.0
17201386  1.0
17201388  1.0
17201389  1.0
17201390  1.0
17201391  1.0
17201392  1.0
17201397  1.0
17201398  1.0
17201399  1.0
17201400  1.0
17201401  1.0
17201406  1.0
17201407  1.0
17201408  1.0
17201409  1.0
17201410  1.0
17201415  1.0
17201416  1.0
17201421  1.0
17201431  1.0
17201441  1.0
17201542  1.0
17201543  1.0
17201544  1.0
17201545  1.0
17201546  1.0
17201549  1.0
17201552  1.0
17201588  1.0
17201589  1.0
17201591  1.0
17201592  1.0
17201594  1.0
17201654  1.0
17201657  1.0
17201658  1.0
17201660  1.0
17201661  1.0
17201662  1.0
17201667  1.0
18700233  1.0
18700333  1.0
18700334  1.0
18700335  1.0
18700336  1.0
18700337  1.0
18700339  1.0
18700342  1.0
18700344  1.0
18700345  1.0
18701482  1.0
18701485  1.0
18701486  1.0
18701487  1.0
18701488  1.0
18701490  1.0
18701613  1.0
18701616  1.0
18701617  1.0
18701618  1.0
18701619  1.0
18701726  1.0
18701729  1.0
18701730  1.0
18701731  1.0
18701732  1.0
18701733  1.0
18701734  1.0
18701735  1.0
18701738  1.0
18701742  1.0
18701744  1.0
18701745  1.0
18701773  1.0
18701776  1.0
18701777  1.0
18701778  1.0
18701780  1.0
18701781  1.0
18701782  1.0
18701785  1.0
18701786  1.0
18701787  1.0
18701789  1.0
18701792  1.0
18701828  1.0
18701831  1.0
18701832  1.0
18701833  1.0
18701835  1.0
18701836  1.0
18701837  1.0
18701840  1.0
18701841  1.0
18701842  1.0
18701844  1.0
18701848  1.0
18701888  1.0
18701889  1.0
18701890  1.0
18701891  1.0
18701892  1.0
18701893  1.0
18900146  1.0
18900148  1.0
18900149  1.0
18900158  1.0
18900160  1.0
18900161  1.0
18900162  1.0
18900164  1.0
18900166  1.0
18900167  1.0
18900178  1.0
18900180  1.0
18900183  1.0
18900184  1.0
18900189  1.0
18900190  1.0
18900191  1.0
18900192  1.0
18900193  1.0
18900195  1.0
18900198  1.0
18900201  1.0
18900453  1.0
19000502  1.0
19000505  1.0
19000509  1.0
19000804  1.0
19100144  1.0
19100145  1.0
19100319  1.0
19100322  1.0
19100323  1.0
19100324  1.0
19100325  1.0
19100636  1.0
19100637  1.0
19100638  1.0
19100639  1.0
19100640  1.0
19100641  1.0
19100642  1.0
19100643  1.0
19100645  1.0
19100649  1.0
19100653  1.0
19100655  1.0
19100656  1.0
20100647  1.0
20100670  1.0
20100671  1.0
20100672  1.0
20101344  1.0
20101409  1.0
20101432  1.0
20101457  1.0
20101458  1.0
20200192  1.0
20200207  1.0
20500081  1.0
20500082  1.0
20500083  1.0
20500084  1.0
20500092  1.0
20700577  1.0
20700578  1.0
20700581  1.0
20700582  1.0
20700583  1.0
20700584  1.0
20700585  1.0
20700586  1.0
20700587  1.0
20700588  1.0
20700590  1.0
20700591  1.0
20700592  1.0
20700595  1.0
20700599  1.0
20700621  1.0
20700624  1.0
20700625  1.0
20700626  1.0
20800150  1.0
20800177  1.0
20800225  1.0
20800228  1.0
20800229  1.0
20800230  1.0
20800240  1.0
20800247  1.0
20800367  1.0
20800368  1.0
20800369  1.0
20800370  1.0
20800371  1.0
20800374  1.0
8801576  0.9565217391304348
8801744  0.9565217391304348
8801745  0.9565217391304348
8801746  0.9565217391304348
8801747  0.9565217391304348
8801748  0.9565217391304348
8801749  0.9565217391304348
8801754  0.9565217391304348
20200248  0.9523809523809523
20200249  0.9523809523809523
20200250  0.9523809523809523
20200251  0.9523809523809523
20200252  0.9523809523809523
20200253  0.9523809523809523
20200254  0.9523809523809523
20200256  0.9523809523809523
20200344  0.9523809523809523
20200412  0.9523809523809523
20200413  0.9523809523809523
20200490  0.9523809523809523
20200491  0.9523809523809523
20200492  0.9523809523809523
20200504  0.9523809523809523
20200507  0.9523809523809523
20200508  0.9523809523809523
20200509  0.9523809523809523
20200510  0.9523809523809523
20200511  0.9523809523809523
20200532  0.9523809523809523
20200544  0.9523809523809523
20200545  0.9523809523809523
20200549  0.9523809523809523
20200550  0.9523809523809523
20200552  0.9523809523809523
20200699  0.9523809523809523
20200700  0.9523809523809523
20200703  0.9523809523809523
20200707  0.9523809523809523
20200722  0.9523809523809523
20200723  0.9523809523809523
20200726  0.9523809523809523
20200730  0.9523809523809523
20600083  0.9523809523809523
20600084  0.9523809523809523
20600087  0.9523809523809523
20600088  0.9523809523809523
20600089  0.9523809523809523
20600090  0.9523809523809523
20600108  0.9523809523809523
20600123  0.9523809523809523
20600132  0.9523809523809523
20600146  0.9523809523809523
20600147  0.9523809523809523
20600148  0.9523809523809523
20600150  0.9523809523809523
20600218  0.9523809523809523
20600219  0.9523809523809523
20600220  0.9523809523809523
20600222  0.9523809523809523
20600226  0.9523809523809523
20600227  0.9523809523809523
20600233  0.9523809523809523
20600242  0.9523809523809523
20600252  0.9523809523809523
20600254  0.9523809523809523
20600258  0.9523809523809523
20600259  0.9523809523809523
8900260  0.95
8900261  0.95
8900262  0.95
8900263  0.95
8900265  0.95
8900267  0.95
20700118  0.9411764705882353
20700119  0.9411764705882353
1401043  0.9166666666666666
1401044  0.9166666666666666
3100161  0.9166666666666666
3100162  0.9166666666666666
3100163  0.9166666666666666
3100166  0.9166666666666666
4000107  0.9166666666666666
20100663  0.9166666666666666
20100667  0.9166666666666666
20100669  0.9166666666666666
20100676  0.9166666666666666
19600102  0.9130434782608696
19600103  0.9130434782608696
19600111  0.9130434782608696
19600112  0.9130434782608696
19600115  0.9130434782608696
19600116  0.9130434782608696
19600117  0.9130434782608696
19600118  0.9130434782608696
19600119  0.9130434782608696
19600120  0.9130434782608696
19600295  0.9130434782608696
19600296  0.9130434782608696
19600313  0.9130434782608696
19600314  0.9130434782608696
19600316  0.9130434782608696
19600326  0.9130434782608696
19600327  0.9130434782608696
19600334  0.9130434782608696
19800069  0.9130434782608696
19800070  0.9130434782608696
19800081  0.9130434782608696
19800082  0.9130434782608696
19800083  0.9130434782608696
20200112  0.9090909090909091
20200143  0.9090909090909091
20200144  0.9090909090909091
20200170  0.9090909090909091
20200171  0.9090909090909091
20200172  0.9090909090909091
20200173  0.9090909090909091
20200174  0.9090909090909091
20200175  0.9090909090909091
20200176  0.9090909090909091
20200177  0.9090909090909091
20200178  0.9090909090909091
20700213  0.9090909090909091
20700253  0.9090909090909091
20700256  0.9090909090909091
8900416  0.8823529411764706
8900417  0.8823529411764706
8900419  0.8823529411764706
8900431  0.8823529411764706
8900432  0.8823529411764706
8900434  0.8823529411764706
8801589  0.88
8801590  0.88
8801591  0.88
8801593  0.88
10600078  0.88
10600079  0.88
10600088  0.88
10600089  0.88
10600090  0.88
10600091  0.88
10600092  0.88
10700164  0.88
10700194  0.88
10800164  0.88
12500121  0.88
12500129  0.88
17200227  0.88
17200230  0.88
17200303  0.88
17200304  0.88
17200307  0.88
17200308  0.88
17200309  0.88
17200310  0.88
17200311  0.88
17200312  0.88
17200313  0.88
17200314  0.88
17200315  0.88
17200316  0.88
17200317  0.88
17200318  0.88
17200319  0.88
17200320  0.88
17200321  0.88
17200322  0.88
17200323  0.88
17200324  0.88
17200325  0.88
17200326  0.88
17200327  0.88
17200328  0.88
17200329  0.88
17200330  0.88
17200331  0.88
17200332  0.88
17200333  0.88
17200334  0.88
17200335  0.88
17200336  0.88
17200337  0.88
7201009  0.875
7201010  0.875
7201023  0.875
7201027  0.875
7201028  0.875
7201029  0.875
7201030  0.875
7201032  0.875
7201033  0.875
7201037  0.875
19300127  0.875
19300128  0.875
19300129  0.875
20700113  0.8695652173913043
20700114  0.8695652173913043
20700115  0.8695652173913043
20700116  0.8695652173913043
20700117  0.8695652173913043
20700121  0.8695652173913043
20700122  0.8695652173913043
20800132  0.8695652173913043
20800133  0.8695652173913043
20800136  0.8695652173913043
20800137  0.8695652173913043
20800138  0.8695652173913043
20800139  0.8695652173913043
20800140  0.8695652173913043
20800141  0.8695652173913043
20800389  0.8695652173913043
20800392  0.8695652173913043
2500089  0.8571428571428572
2500090  0.8571428571428572
2500114  0.8571428571428572
2500115  0.8571428571428572
2500118  0.8571428571428572
2500122  0.8571428571428572
2500126  0.8571428571428572
2500127  0.8571428571428572
2500128  0.8571428571428572
2500129  0.8571428571428572
1401030  0.8461538461538461
7200951  0.8461538461538461
8100184  0.8333333333333334
8100185  0.8333333333333334
8900426  0.8260869565217391
8900427  0.8260869565217391
8900428  0.8260869565217391
8100168  0.8076923076923077
8100169  0.8076923076923077
19200051  0.8076923076923077
7201096  0.8
7201097  0.8
7201098  0.8
7201100  0.8
7201101  0.8
7201129  0.8
7201130  0.8
7201131  0.8
7201133  0.8
7201134  0.8
20700147  0.8
20700150  0.8
20700151  0.8
20700152  0.8
20700153  0.8
8100130  0.7857142857142857
8100131  0.7857142857142857
7201410  0.75
7201411  0.75
7201412  0.75
8100182  0.75
8100183  0.75
8100190  0.75
8900791  0.75
8900792  0.75
8900793  0.75
8900794  0.75
8900795  0.75
8900796  0.75
8900797  0.75
8900798  0.75
8900799  0.75
8900800  0.75
8900801  0.75
8900802  0.75
8900803  0.75
8900804  0.75
8900805  0.75
8900806  0.75
8900807  0.75
8900808  0.75
8900809  0.75
8900810  0.75
8900811  0.75
8900812  0.75
8900813  0.75
8900814  0.75
8900815  0.75
8900816  0.75
8900817  0.75
8900818  0.75
8900819  0.75
8900820  0.75
8900821  0.75
8900822  0.75
8900823  0.75
8900824  0.75
8900825  0.75
15300082  0.75
15300084  0.75
19300054  0.7096774193548387
19400063  0.7096774193548387
19400064  0.7096774193548387
7400102  0.7
7400111  0.7
8500149  0.6875
8500150  0.6875
8900201  0.6875
8900202  0.6875
8900203  0.6875
8900204  0.6875
8900205  0.6875
8900206  0.6875
8900207  0.6875
8900208  0.6875
8900703  0.6875
8900704  0.6875
8900705  0.6875
8900706  0.6875
8900707  0.6875
8900708  0.6875
8900709  0.6875
8900710  0.6875
8900711  0.6875
8900712  0.6875
8900713  0.6875
8900714  0.6875
8900718  0.6875
8900719  0.6875
8900720  0.6875
8900721  0.6875
8900722  0.6875
8900723  0.6875
8900724  0.6875
8900725  0.6875
8900726  0.6875
8900727  0.6875
8900728  0.6875
8900729  0.6875
8900730  0.6875
8900731  0.6875
8900732  0.6875
8900733  0.6875
8900734  0.6875
8900735  0.6875
8900736  0.6875
8900738  0.6875
8900739  0.6875
8900740  0.6875
8900741  0.6875
8900742  0.6875
8900743  0.6875
8900744  0.6875
8900745  0.6875
8900746  0.6875
8900747  0.6875
8900748  0.6875
8900749  0.6875
8900750  0.6875
8900751  0.6875
8900752  0.6875
8900753  0.6875
8900754  0.6875
8900755  0.6875
8900756  0.6875
8900758  0.6875
8900759  0.6875
8900760  0.6875
8900761  0.6875
8900762  0.6875
8900763  0.6875
8900764  0.6875
8900765  0.6875
8900766  0.6875
8900767  0.6875
8900768  0.6875
8900769  0.6875
8900770  0.6875
8900771  0.6875
8900772  0.6875
8900773  0.6875
8900774  0.6875
8900775  0.6875
8900776  0.6875
8900778  0.6875
12600056  0.6875
12600059  0.6875
12600063  0.6875
12600074  0.6875
12600075  0.6875
12600076  0.6875
10400348  0.6666666666666667
10400351  0.6666666666666667
10400352  0.6666666666666667
10400353  0.6666666666666667
20700105  0.6666666666666667
20700106  0.6666666666666667
5900063  0.6470588235294117
5900064  0.6470588235294117
5900065  0.6470588235294117
8100092  0.6470588235294117
8100093  0.6470588235294117
8100094  0.6470588235294117
8100095  0.6470588235294117
8900153  0.6285714285714286
1401222  0.6111111111111112
1401223  0.6111111111111112
1401228  0.6111111111111112
6000061  0.6111111111111112
6000062  0.6111111111111112
6000063  0.6111111111111112
7200277  0.5641025641025641
7200279  0.5641025641025641
7200280  0.5641025641025641
7200282  0.5641025641025641
7200283  0.5641025641025641
7200284  0.5641025641025641
7200286  0.5641025641025641
7200287  0.5641025641025641
7200289  0.5641025641025641
7200290  0.5641025641025641
7200292  0.5641025641025641
7200294  0.5641025641025641
7200295  0.5641025641025641
7200297  0.5641025641025641
7200298  0.5641025641025641
7200299  0.5641025641025641
7200300  0.5641025641025641
7200302  0.5641025641025641
7200304  0.5641025641025641
7200305  0.5641025641025641
7200306  0.5641025641025641
7200307  0.5641025641025641
7200309  0.5641025641025641
7200311  0.5641025641025641
7200312  0.5641025641025641
7200313  0.5641025641025641
7200314  0.5641025641025641
7200316  0.5641025641025641
7200318  0.5641025641025641
7200319  0.5641025641025641
7200320  0.5641025641025641
7200321  0.5641025641025641
7200323  0.5641025641025641
7200325  0.5641025641025641
7200326  0.5641025641025641
7200328  0.5641025641025641
8500095  0.5641025641025641
8500096  0.5641025641025641
8500097  0.5641025641025641
8500098  0.5641025641025641
8500106  0.5641025641025641
8500144  0.5641025641025641
8500145  0.5641025641025641
8500146  0.5641025641025641
8500147  0.5641025641025641
8600101  0.5641025641025641
8600102  0.5641025641025641
8600105  0.5641025641025641
8600106  0.5641025641025641
14100079  0.5641025641025641
14100080  0.5641025641025641
14100081  0.5641025641025641
14100090  0.5641025641025641
14100093  0.5641025641025641
14100094  0.5641025641025641
14100095  0.5641025641025641
8800321  0.55
8800326  0.55
8800332  0.55
8800336  0.55
8800339  0.55
8800388  0.55
8800391  0.55
8800504  0.55
8800522  0.55
8800559  0.55
8800566  0.55
8800621  0.55
8800623  0.55
8800624  0.55
8800625  0.55
8800628  0.55
8800629  0.55
8800630  0.55
8800631  0.55
8800633  0.55
8800634  0.55
8800635  0.55
8800636  0.55
8800638  0.55
8800639  0.55
8800641  0.55
8800642  0.55
8800644  0.55
8800646  0.55
8800647  0.55
8800651  0.55
8800652  0.55
8800657  0.55
8800658  0.55
8800659  0.55
8800969  0.55
8800970  0.55
8800971  0.55
8800975  0.55
8801269  0.55
8801275  0.55
8801382  0.55
8801383  0.55
8801384  0.55
8801386  0.55
8801463  0.55
8801464  0.55
8801465  0.55
8801466  0.55
8801479  0.55
8801482  0.55
8801483  0.55
8801484  0.55
8801486  0.55
8801487  0.55
8801536  0.55
8801539  0.55
8801540  0.55
8801543  0.55
8801544  0.55
8801545  0.55
8801546  0.55
8801550  0.55
8801553  0.55
8801555  0.55
8804529  0.55
8804530  0.55
8804531  0.55
8804535  0.55
8804536  0.55
8804537  0.55
8804539  0.55
9000060  0.55
9000067  0.55
9000078  0.55
9000079  0.55
9000080  0.55
9100055  0.5365853658536586
9100059  0.5365853658536586
9100063  0.5365853658536586
9100074  0.5365853658536586
9100075  0.5365853658536586
9100076  0.5365853658536586
7201258  0.5333333333333333
7201261  0.5333333333333333
7201264  0.5333333333333333
7201265  0.5333333333333333
7201268  0.5333333333333333
7200155  0.5238095238095238
8500083  0.5238095238095238
8500084  0.5238095238095238
8500085  0.5238095238095238
8600082  0.5238095238095238
8600083  0.5238095238095238
8600086  0.5238095238095238
8600087  0.5238095238095238
1400307  0.5116279069767442
1400309  0.5116279069767442
1400310  0.5116279069767442
1400311  0.5116279069767442
1400312  0.5116279069767442
1400313  0.5116279069767442
1400314  0.5116279069767442
1400315  0.5116279069767442
1400316  0.5116279069767442
1400318  0.5116279069767442
1400319  0.5116279069767442
1400320  0.5116279069767442
1400322  0.5116279069767442
1400323  0.5116279069767442
1400324  0.5116279069767442
1400325  0.5116279069767442
1400327  0.5116279069767442
1400328  0.5116279069767442
1400329  0.5116279069767442
1400330  0.5116279069767442
1400331  0.5116279069767442
1400333  0.5116279069767442
1400334  0.5116279069767442
1400335  0.5116279069767442
1400337  0.5116279069767442
1400339  0.5116279069767442
1400341  0.5116279069767442
1401236  0.5
1401237  0.5
1800725  0.5
1800820  0.5
2300967  0.5
2300968  0.5
4800192  0.5
5600542  0.5
5601032  0.5
5601242  0.5
5601425  0.5
5601604  0.5
5601605  0.5
5601606  0.5
5601710  0.5
5601713  0.5
5601714  0.5
5601715  0.5
5601764  0.5
5601767  0.5
5601768  0.5
5601769  0.5
5601833  0.5
5601836  0.5
5601837  0.5
5601838  0.5
5602102  0.5
5602103  0.5
5602104  0.5
7700105  0.5
8800801  0.5
8800802  0.5
8800803  0.5
8800805  0.5
8800812  0.5
8801607  0.5
8803014  0.5
8804549  0.5
8804553  0.5
8804554  0.5
11300809  0.5
11300826  0.5
11300829  0.5
11300830  0.5
11300831  0.5
11300832  0.5
11300837  0.5
11300857  0.5
11300877  0.5
11300878  0.5
11300879  0.5
11300880  0.5
11300887  0.5
11300888  0.5
11300889  0.5
11300899  0.5
11300903  0.5
13700071  0.5
13800084  0.5
13800089  0.5
13800093  0.5
13800097  0.5
13800187  0.5
13800254  0.5
13800255  0.5
13800256  0.5
13800306  0.5
13800321  0.5
13800322  0.5
13800323  0.5
13800324  0.5
13800325  0.5
13800326  0.5
13800328  0.5
13800343  0.5
13800344  0.5
13800345  0.5
13800346  0.5
13800347  0.5
13800348  0.5
13800350  0.5
13800408  0.5
13800409  0.5
13800410  0.5
13800411  0.5
13800427  0.5
15700112  0.5
15700113  0.5
15700124  0.5
15700126  0.5
15700140  0.5
15700141  0.5
18900107  0.5
18900109  0.5
18900110  0.5
18900118  0.5
18900120  0.5
18900128  0.5
18900129  0.5
18900136  0.5
18900138  0.5
18900211  0.5
18900231  0.5
18900240  0.5
18900249  0.5
18900308  0.5
18900449  0.5
18900450  0.5
18900451  0.5
18900452  0.5
18900456  0.5
18900457  0.5
19000092  0.5
19000137  0.5
19000141  0.5
19000145  0.5
19000149  0.5
19000156  0.5
19000210  0.5
19000211  0.5
19000499  0.5
19000526  0.5
19000527  0.5
19000528  0.5
19000529  0.5
19000544  0.5
19000545  0.5
19000546  0.5
19000792  0.5
19100178  0.5
19100180  0.5
19100183  0.5
19100184  0.5
19100185  0.5
19100189  0.5
19100190  0.5
19100191  0.5
19500168  0.5
19500169  0.5
19500185  0.5
19500186  0.5
19500187  0.5
19500188  0.5
19500189  0.5
19500190  0.5
19500191  0.5
19500192  0.5
19500193  0.5
19500194  0.5
19500253  0.5
19500428  0.5
19500462  0.5
19500575  0.5
19500578  0.5
19500579  0.5
19500580  0.5
19500581  0.5
19500583  0.5
19500595  0.5
19500596  0.5
19500597  0.5
19500598  0.5
19500599  0.5
19500602  0.5
19500603  0.5
19500604  0.5
19500605  0.5
19500625  0.5
19500626  0.5
19500628  0.5
19500633  0.5
19500636  0.5
19500637  0.5
19500641  0.5
19500652  0.5
19500653  0.5
19500665  0.5
19500666  0.5
19500667  0.5
19500876  0.5
19500877  0.5
19500878  0.5
19500880  0.5
19500884  0.5
19500891  0.5
19501212  0.5
19501213  0.5
19501214  0.5
19501215  0.5
19501216  0.5
19501218  0.5
19501266  0.5
19501267  0.5
19501270  0.5
19501274  0.5
19501289  0.5
19501290  0.5
19501293  0.5
19501297  0.5
19700057  0.5
19700061  0.5
19700065  0.5
19700076  0.5
19700077  0.5
19700078  0.5
19900105  0.5
19900106  0.5
19900109  0.5
19900110  0.5
19900111  0.5
19900112  0.5
19900121  0.5
19900122  0.5
19900130  0.5
19900141  0.5
19900266  0.5
19900268  0.5
19900272  0.5
19900273  0.5
20100697  0.5
20100700  0.5
20100701  0.5
20100706  0.5
20100709  0.5
20100764  0.5
20100777  0.5
20100908  0.5
20100911  0.5
20100912  0.5
20100918  0.5
20100921  0.5
20101295  0.5
20101298  0.5
20101303  0.5
20101304  0.5
20101306  0.5
20101328  0.5
20101329  0.5
20101343  0.5
20101371  0.5
20101374  0.5
20101378  0.5
20101382  0.5
20101383  0.5
20101386  0.5
20101474  0.5
20101475  0.5
20300085  0.5
20300086  0.5
20300087  0.5
20300197  0.5
20300198  0.5
20300199  0.5
1400143  0.4782608695652174
1400147  0.4782608695652174
1400150  0.4782608695652174
1400154  0.4782608695652174
1400157  0.4782608695652174
1400163  0.4782608695652174
1400167  0.4782608695652174
1400170  0.4782608695652174
1400177  0.4782608695652174
1400180  0.4782608695652174
7400086  0.46808510638297873
7400087  0.46808510638297873
7400092  0.46808510638297873
7400093  0.46808510638297873
7400094  0.46808510638297873
11800077  0.46808510638297873
11800078  0.46808510638297873
11800087  0.46808510638297873
11800088  0.46808510638297873
11800089  0.46808510638297873
11800090  0.46808510638297873
11800091  0.46808510638297873
15300099  0.46153846153846156
15300101  0.46153846153846156
15400091  0.46153846153846156
15400113  0.46153846153846156
15400115  0.46153846153846156
15400118  0.46153846153846156
15400121  0.46153846153846156
15400124  0.46153846153846156
15400125  0.46153846153846156
15400126  0.46153846153846156
15400128  0.46153846153846156
7600062  0.42307692307692313
7600069  0.42307692307692313
7600080  0.42307692307692313
7600081  0.42307692307692313
7600082  0.42307692307692313
2300449  0.40740740740740744
4000085  0.40740740740740744
4000095  0.40740740740740744
4000096  0.40740740740740744
6600057  0.40740740740740744
6600061  0.40740740740740744
6600072  0.40740740740740744
6600073  0.40740740740740744
6600074  0.40740740740740744
2300618  0.4
2300619  0.4
2300620  0.4
2300624  0.4
2300626  0.4
6100131  0.38596491228070173
6100132  0.38596491228070173
11100118  0.375
11100137  0.375
11100138  0.375
11100139  0.375
11100140  0.375
11100141  0.375
12100118  0.375
12100157  0.375
12100158  0.375
12100159  0.375
12100161  0.375
12100171  0.375
12100172  0.375
3100111  0.3666666666666667
3100123  0.3666666666666667
3100126  0.3666666666666667
3100131  0.3666666666666667
3100132  0.3666666666666667
3100133  0.3666666666666667
6300071  0.3666666666666667
6300072  0.3666666666666667
6300073  0.3666666666666667
3100109  0.3548387096774194
3100110  0.3548387096774194
3100113  0.3548387096774194
2300962  0.34375
2300965  0.34375
2300966  0.34375
2300971  0.34375
6200064  0.34375
6200065  0.34375
6200066  0.34375
1401045  0.33333333333333337
1401187  0.33333333333333337
1401188  0.33333333333333337
1800972  0.33333333333333337
1800973  0.33333333333333337
1800985  0.33333333333333337
1801514  0.33333333333333337
1801515  0.33333333333333337
1801516  0.33333333333333337
1801523  0.33333333333333337
7200997  0.33333333333333337
7201049  0.33333333333333337
7201081  0.33333333333333337
7201114  0.33333333333333337
7201144  0.33333333333333337
7201226  0.33333333333333337
8202694  0.33333333333333337
8202906  0.33333333333333337
8202907  0.33333333333333337
8900243  0.33333333333333337
8900278  0.33333333333333337
8900435  0.33333333333333337
8900436  0.33333333333333337
8900439  0.33333333333333337
8900440  0.33333333333333337
8900441  0.33333333333333337
8900445  0.33333333333333337
8900450  0.33333333333333337
8900451  0.33333333333333337
8900452  0.33333333333333337
8900454  0.33333333333333337
8900457  0.33333333333333337
8900458  0.33333333333333337
8900463  0.33333333333333337
8900464  0.33333333333333337
8900487  0.33333333333333337
8900488  0.33333333333333337
8900492  0.33333333333333337
8900494  0.33333333333333337
8900495  0.33333333333333337
8900507  0.33333333333333337
8900510  0.33333333333333337
10300201  0.33333333333333337
10300204  0.33333333333333337
11200441  0.33333333333333337
11200442  0.33333333333333337
11200443  0.33333333333333337
11300260  0.33333333333333337
11300874  0.33333333333333337
20100674  0.33333333333333337
20100739  0.33333333333333337
20100742  0.33333333333333337
20100743  0.33333333333333337
20100744  0.33333333333333337
20100747  0.33333333333333337
20100776  0.33333333333333337
20900097  0.33333333333333337
20900098  0.33333333333333337
20900099  0.33333333333333337
20900100  0.33333333333333337
20900101  0.33333333333333337
20900149  0.33333333333333337
20900152  0.33333333333333337
20900153  0.33333333333333337
20900154  0.33333333333333337
20900228  0.33333333333333337
20900231  0.33333333333333337
20900232  0.33333333333333337
20900237  0.33333333333333337
20900238  0.33333333333333337
20900239  0.33333333333333337
20900241  0.33333333333333337
2300197  0.32352941176470584
2300200  0.32352941176470584
2300204  0.32352941176470584
2300207  0.32352941176470584
2300216  0.32352941176470584
2300225  0.32352941176470584
2300229  0.32352941176470584
2300270  0.32352941176470584
2300273  0.32352941176470584
2300299  0.32352941176470584
2300301  0.32352941176470584
2300302  0.32352941176470584
2300303  0.32352941176470584
2300304  0.32352941176470584
2300305  0.32352941176470584
2300306  0.32352941176470584
2300307  0.32352941176470584
2300308  0.32352941176470584
2300309  0.32352941176470584
2300311  0.32352941176470584
2300312  0.32352941176470584
2300313  0.32352941176470584
2300315  0.32352941176470584
2300317  0.32352941176470584
2300318  0.32352941176470584
2300320  0.32352941176470584
2600122  0.3142857142857143
2600128  0.3142857142857143
9400083  0.3098591549295775
9400087  0.3098591549295775
9400091  0.3098591549295775
9400095  0.3098591549295775
9400100  0.3098591549295775
9400105  0.3098591549295775
9400150  0.3098591549295775
9400156  0.3098591549295775
9400197  0.3098591549295775
9400199  0.3098591549295775
9400200  0.3098591549295775
9400201  0.3098591549295775
9400202  0.3098591549295775
9400203  0.3098591549295775
9400204  0.3098591549295775
9400205  0.3098591549295775
9400289  0.3098591549295775
9400291  0.3098591549295775
9400292  0.3098591549295775
9400293  0.3098591549295775
9400294  0.3098591549295775
9400297  0.3098591549295775
9400299  0.3098591549295775
9400302  0.3098591549295775
9400303  0.3098591549295775
9400304  0.3098591549295775
9400307  0.3098591549295775
9400308  0.3098591549295775
9400309  0.3098591549295775
9400312  0.3098591549295775
9400315  0.3098591549295775
9400316  0.3098591549295775
9400317  0.3098591549295775
9400320  0.3098591549295775
9400323  0.3098591549295775
9400324  0.3098591549295775
9400325  0.3098591549295775
9400328  0.3098591549295775
9400331  0.3098591549295775
9400332  0.3098591549295775
9400333  0.3098591549295775
9400335  0.3098591549295775
9400517  0.3098591549295775
9400532  0.3098591549295775
17100059  0.3098591549295775
17100062  0.3098591549295775
17100065  0.3098591549295775
17100068  0.3098591549295775
17100071  0.3098591549295775
17100074  0.3098591549295775
17100077  0.3098591549295775
17100080  0.3098591549295775
17100083  0.3098591549295775
17100086  0.3098591549295775
17100089  0.3098591549295775
17100092  0.3098591549295775
17100095  0.3098591549295775
17100098  0.3098591549295775
17100101  0.3098591549295775
17100104  0.3098591549295775
17100107  0.3098591549295775
17100110  0.3098591549295775
17100113  0.3098591549295775
17100116  0.3098591549295775
17100119  0.3098591549295775
17100122  0.3098591549295775
17100125  0.3098591549295775
17100128  0.3098591549295775
17100151  0.3098591549295775
1800256  0.2857142857142857
1800259  0.2857142857142857
1800263  0.2857142857142857
1800266  0.2857142857142857
1800311  0.2857142857142857
1800314  0.2857142857142857
1800377  0.2857142857142857
1800379  0.2857142857142857
1800384  0.2857142857142857
1800385  0.2857142857142857
1800386  0.2857142857142857
1800389  0.2857142857142857
1800393  0.2857142857142857
1800394  0.2857142857142857
1800395  0.2857142857142857
1800397  0.2857142857142857
1800399  0.2857142857142857
1800400  0.2857142857142857
1800402  0.2857142857142857
1800405  0.2857142857142857
1800406  0.2857142857142857
1800407  0.2857142857142857
1800408  0.2857142857142857
1800409  0.2857142857142857
1800410  0.2857142857142857
1800411  0.2857142857142857
1800412  0.2857142857142857
1800416  0.2857142857142857
1800424  0.2857142857142857
1800426  0.2857142857142857
1800427  0.2857142857142857
1800428  0.2857142857142857
1800430  0.2857142857142857
2000254  0.2857142857142857
2000257  0.2857142857142857
2000258  0.2857142857142857
2000259  0.2857142857142857
2000261  0.2857142857142857
2000374  0.2857142857142857
2000375  0.2857142857142857
2100209  0.2857142857142857
2100212  0.2857142857142857
2100213  0.2857142857142857
2100251  0.2857142857142857
2100254  0.2857142857142857
2100255  0.2857142857142857
9900067  0.2857142857142857
9900069  0.2857142857142857
9900111  0.2857142857142857
9900112  0.2857142857142857
9900129  0.2857142857142857
9900130  0.2857142857142857
9900147  0.2857142857142857
9900148  0.2857142857142857
10000145  0.2857142857142857
10000146  0.2857142857142857
10000147  0.2857142857142857
10000148  0.2857142857142857
10000198  0.2857142857142857
10000199  0.2857142857142857
10000207  0.2857142857142857
10000208  0.2857142857142857
10000216  0.2857142857142857
10000217  0.2857142857142857
10000225  0.2857142857142857
10000226  0.2857142857142857
10000234  0.2857142857142857
10000235  0.2857142857142857
10100082  0.2857142857142857
10100084  0.2857142857142857
10100128  0.2857142857142857
10100129  0.2857142857142857
10100137  0.2857142857142857
10100138  0.2857142857142857
10100146  0.2857142857142857
10100147  0.2857142857142857
10100155  0.2857142857142857
10100156  0.2857142857142857
12300044  0.2857142857142857
12300052  0.2857142857142857
12300056  0.2857142857142857
17300063  0.2857142857142857
17300064  0.2857142857142857
17300065  0.2857142857142857
17300066  0.2857142857142857
17500052  0.2857142857142857
17500799  0.2857142857142857
17500800  0.2857142857142857
17500802  0.2857142857142857
17500822  0.2857142857142857
18400085  0.2857142857142857
18400087  0.2857142857142857
18400096  0.2857142857142857
18400097  0.2857142857142857
18400100  0.2857142857142857
18400103  0.2857142857142857
18400106  0.2857142857142857
18400107  0.2857142857142857
18400108  0.2857142857142857
18400109  0.2857142857142857
8801620  0.25
8801635  0.25
8801636  0.25
8801639  0.25
8801640  0.25
8801644  0.25
8805311  0.25
11300269  0.25
11300270  0.25
2000394  0.2222222222222222
2000395  0.2222222222222222
2000396  0.2222222222222222
2000403  0.2222222222222222
2300940  0.2222222222222222
2300941  0.2222222222222222
10200064  0.2222222222222222
10200065  0.2222222222222222
10200066  0.2222222222222222
10400244  0.2222222222222222
10400245  0.2222222222222222
10400246  0.2222222222222222
4800065  0.2075471698113207
4800102  0.2075471698113207
4800103  0.2075471698113207
4800116  0.2075471698113207
4800117  0.2075471698113207
4800120  0.2075471698113207
4800121  0.2075471698113207
4800122  0.2075471698113207
4800123  0.2075471698113207
4800124  0.2075471698113207
4800125  0.2075471698113207
8202844  0.19999999999999996
8202847  0.19999999999999996
8202848  0.19999999999999996
10300133  0.19999999999999996
10300137  0.19999999999999996
10300167  0.19999999999999996
10300174  0.19999999999999996
10300225  0.19999999999999996
10300227  0.19999999999999996
10300230  0.19999999999999996
10300233  0.19999999999999996
10300236  0.19999999999999996
10300237  0.19999999999999996
10300238  0.19999999999999996
10300242  0.19999999999999996
10300243  0.19999999999999996
10300244  0.19999999999999996
10300245  0.19999999999999996
10300246  0.19999999999999996
10300248  0.19999999999999996
3400056  0.19469026548672563
3400059  0.19469026548672563
3400069  0.19469026548672563
3400070  0.19469026548672563
3400071  0.19469026548672563
2000139  0.18181818181818177
2000142  0.18181818181818177
10400115  0.18181818181818177
10400119  0.18181818181818177
10400177  0.18181818181818177
10400178  0.18181818181818177
10400190  0.18181818181818177
10400191  0.18181818181818177
10400192  0.18181818181818177
10400193  0.18181818181818177
10400194  0.18181818181818177
10400195  0.18181818181818177
10400196  0.18181818181818177
10400197  0.18181818181818177
10400198  0.18181818181818177
10400199  0.18181818181818177
10400200  0.18181818181818177
10400201  0.18181818181818177
10400202  0.18181818181818177
10400203  0.18181818181818177
16700093  0.18181818181818177
16700094  0.18181818181818177
16700097  0.18181818181818177
16700098  0.18181818181818177
16700099  0.18181818181818177
18200078  0.18181818181818177
18200079  0.18181818181818177
18500080  0.18181818181818177
18500081  0.18181818181818177
18500092  0.18181818181818177
18500093  0.18181818181818177
18500094  0.18181818181818177
18500095  0.18181818181818177
18500096  0.18181818181818177
18500097  0.18181818181818177
3100149  0.13414634146341464
2000097  0.1333333333333333
2000101  0.1333333333333333
2000105  0.1333333333333333
2000108  0.1333333333333333
2000180  0.1333333333333333
2000183  0.1333333333333333
2000186  0.1333333333333333
2000191  0.1333333333333333
2000195  0.1333333333333333
2000199  0.1333333333333333
2000200  0.1333333333333333
2000201  0.1333333333333333
2000202  0.1333333333333333
2000203  0.1333333333333333
2000204  0.1333333333333333
2000205  0.1333333333333333
2000207  0.1333333333333333
2100109  0.1333333333333333
2100110  0.1333333333333333
2100111  0.1333333333333333
2100112  0.1333333333333333
2100113  0.1333333333333333
2100114  0.1333333333333333
2100115  0.1333333333333333
2100116  0.1333333333333333
2100117  0.1333333333333333
2100277  0.1333333333333333
2100280  0.1333333333333333
2100281  0.1333333333333333
2900057  0.1333333333333333
2900061  0.1333333333333333
2900065  0.1333333333333333
2900076  0.1333333333333333
2900077  0.1333333333333333
2900078  0.1333333333333333
4900057  0.1333333333333333
4900061  0.1333333333333333
4900065  0.1333333333333333
4900076  0.1333333333333333
4900077  0.1333333333333333
4900078  0.1333333333333333
9400544  0.1333333333333333
9400545  0.1333333333333333
11300620  0.1333333333333333
11300621  0.1333333333333333
11300635  0.1333333333333333
11300636  0.1333333333333333
11300637  0.1333333333333333
11300639  0.1333333333333333
17900071  0.1333333333333333
17900128  0.1333333333333333
17900129  0.1333333333333333
17900132  0.1333333333333333
17900135  0.1333333333333333
17900136  0.1333333333333333
17900137  0.1333333333333333
8200149  0.12643678160919536
8200152  0.12643678160919536
8200155  0.12643678160919536
8200158  0.12643678160919536
8200161  0.12643678160919536
8200164  0.12643678160919536
8200168  0.12643678160919536
8200172  0.12643678160919536
8202712  0.12643678160919536
8202715  0.12643678160919536
8805310  0.125
2800057  0.11764705882352944
2800061  0.11764705882352944
2800065  0.11764705882352944
2800069  0.11764705882352944
2800080  0.11764705882352944
2800081  0.11764705882352944
2800082  0.11764705882352944
6100069  0.1164021164021164
6100070  0.1164021164021164
6100093  0.1164021164021164
6100094  0.1164021164021164
6100095  0.1164021164021164
6100096  0.1164021164021164
16900055  0.1164021164021164
16900059  0.1164021164021164
16900063  0.1164021164021164
16900074  0.1164021164021164
16900075  0.1164021164021164
16900076  0.1164021164021164
11200175  0.11111111111111116
11200176  0.11111111111111116
11300501  0.1071428571428571
11300502  0.1071428571428571
11300517  0.1071428571428571
11300518  0.1071428571428571
11300519  0.1071428571428571
11300521  0.1071428571428571
3100068  0.10328638497652587
3100071  0.10328638497652587
3100077  0.10328638497652587
3100078  0.10328638497652587
3100086  0.10328638497652587
3100087  0.10328638497652587
3100095  0.10328638497652587
3100096  0.10328638497652587
3100097  0.10328638497652587
3100098  0.10328638497652587
4000058  0.10328638497652587
4000059  0.10328638497652587
11200184  0.09999999999999998
11200185  0.09999999999999998
11200186  0.09999999999999998
11200187  0.09999999999999998
11200189  0.09999999999999998
11200190  0.09999999999999998
11200192  0.09999999999999998
11200193  0.09999999999999998
11200194  0.09999999999999998
11200196  0.09999999999999998
11200197  0.09999999999999998
11200200  0.09999999999999998
11200201  0.09999999999999998
7700070  0.06481481481481477
7700071  0.06481481481481477
7700082  0.06481481481481477
7700083  0.06481481481481477
7700084  0.06481481481481477
7700085  0.06481481481481477
8202895  0.06481481481481477
8202896  0.06481481481481477
8202904  0.06481481481481477
8202905  0.06481481481481477
8202910  0.06481481481481477
2300979  0.0625
2300980  0.0625
4800184  0.0625
4800187  0.0625
4800188  0.0625
4800191  0.0625
3300078  0.05882352941176472
3300079  0.05882352941176472
3300080  0.05882352941176472
4300059  0.05882352941176472
4300063  0.05882352941176472
4300081  0.05882352941176472
4300082  0.05882352941176472
4300083  0.05882352941176472
4300084  0.05882352941176472
5200076  0.05882352941176472
5200077  0.05882352941176472
5200078  0.05882352941176472
5600261  0.05882352941176472
5600265  0.05882352941176472
5600268  0.05882352941176472
5600272  0.05882352941176472
5600275  0.05882352941176472
5600279  0.05882352941176472
5600355  0.05882352941176472
5600358  0.05882352941176472
5600361  0.05882352941176472
5600404  0.05882352941176472
5600422  0.05882352941176472
5600428  0.05882352941176472
5600438  0.05882352941176472
5600441  0.05882352941176472
5600444  0.05882352941176472
5600447  0.05882352941176472
5600502  0.05882352941176472
5600539  0.05882352941176472
5600540  0.05882352941176472
5600541  0.05882352941176472
5600544  0.05882352941176472
5600546  0.05882352941176472
5600547  0.05882352941176472
5600548  0.05882352941176472
5600549  0.05882352941176472
5600550  0.05882352941176472
5600552  0.05882352941176472
5600553  0.05882352941176472
5600554  0.05882352941176472
5600556  0.05882352941176472
5600557  0.05882352941176472
5600558  0.05882352941176472
5600559  0.05882352941176472
5600561  0.05882352941176472
5600562  0.05882352941176472
5600563  0.05882352941176472
5600565  0.05882352941176472
5600567  0.05882352941176472
5600568  0.05882352941176472
5600569  0.05882352941176472
5600570  0.05882352941176472
5600571  0.05882352941176472
5600572  0.05882352941176472
5600573  0.05882352941176472
5600574  0.05882352941176472
5600575  0.05882352941176472
5600577  0.05882352941176472
5600578  0.05882352941176472
5600580  0.05882352941176472
5600582  0.05882352941176472
5600583  0.05882352941176472
5600584  0.05882352941176472
5600585  0.05882352941176472
5600586  0.05882352941176472
5600587  0.05882352941176472
5600589  0.05882352941176472
5600590  0.05882352941176472
5600591  0.05882352941176472
6900060  0.05882352941176472
6900061  0.05882352941176472
6900062  0.05882352941176472
8300055  0.05882352941176472
8300063  0.05882352941176472
8300064  0.05882352941176472
15500093  0.05882352941176472
15500095  0.05882352941176472
15500144  0.05882352941176472
15500145  0.05882352941176472
15500146  0.05882352941176472
15600084  0.05882352941176472
15600086  0.05882352941176472
15600089  0.05882352941176472
15600092  0.05882352941176472
15600096  0.05882352941176472
15600097  0.05882352941176472
15600098  0.05882352941176472
15600100  0.05882352941176472
8800663  0.052631578947368474
8800665  0.052631578947368474
8800666  0.052631578947368474
8800667  0.052631578947368474
8800671  0.052631578947368474
8800673  0.052631578947368474
8800674  0.052631578947368474
8800676  0.052631578947368474
8800677  0.052631578947368474
8800678  0.052631578947368474
8800680  0.052631578947368474
8800681  0.052631578947368474
8800682  0.052631578947368474
8800684  0.052631578947368474
8800685  0.052631578947368474
8800686  0.052631578947368474
8800688  0.052631578947368474
8800689  0.052631578947368474
8800690  0.052631578947368474
8800692  0.052631578947368474
8800693  0.052631578947368474
8800694  0.052631578947368474
8800696  0.052631578947368474
8800697  0.052631578947368474
8800698  0.052631578947368474
8800700  0.052631578947368474
8800701  0.052631578947368474
8800702  0.052631578947368474
8800703  0.052631578947368474
8800705  0.052631578947368474
8800706  0.052631578947368474
8800707  0.052631578947368474
8800708  0.052631578947368474
8800710  0.052631578947368474
8801270  0.052631578947368474
8801271  0.052631578947368474
8801499  0.052631578947368474
8801500  0.052631578947368474
8801501  0.052631578947368474
8801502  0.052631578947368474
8801515  0.052631578947368474
8801518  0.052631578947368474
8801519  0.052631578947368474
8801520  0.052631578947368474
8801522  0.052631578947368474
8801523  0.052631578947368474
11300232  0.04516129032258065
11300233  0.04516129032258065
11300234  0.04516129032258065
11300235  0.04516129032258065
11300236  0.04516129032258065
11300237  0.04516129032258065
11300238  0.04516129032258065
11300239  0.04516129032258065
11300241  0.04516129032258065
15200086  0.04516129032258065
15200087  0.04516129032258065
15200090  0.04516129032258065
15200091  0.04516129032258065
4100059  0.04487179487179482
4100060  0.04487179487179482
4500058  0.04487179487179482
4500059  0.04487179487179482
4600059  0.04487179487179482
4600060  0.04487179487179482
4700060  0.04487179487179482
4700061  0.04487179487179482
8200304  0.04487179487179482
8200377  0.04487179487179482
8200391  0.04487179487179482
8200393  0.04487179487179482
8200394  0.04487179487179482
8200396  0.04487179487179482
8200397  0.04487179487179482
8200399  0.04487179487179482
8200400  0.04487179487179482
8200401  0.04487179487179482
8200403  0.04487179487179482
8200404  0.04487179487179482
8200405  0.04487179487179482
8200407  0.04487179487179482
8200408  0.04487179487179482
8200409  0.04487179487179482
8200411  0.04487179487179482
8200412  0.04487179487179482
8200413  0.04487179487179482
8200415  0.04487179487179482
8200416  0.04487179487179482
8200417  0.04487179487179482
8200419  0.04487179487179482
8200420  0.04487179487179482
8200421  0.04487179487179482
8200423  0.04487179487179482
8200424  0.04487179487179482
8200426  0.04487179487179482
8200427  0.04487179487179482
8200429  0.04487179487179482
8200430  0.04487179487179482
8200432  0.04487179487179482
8200433  0.04487179487179482
8200436  0.04487179487179482
8200437  0.04487179487179482
8200440  0.04487179487179482
8200441  0.04487179487179482
8200443  0.04487179487179482
8200445  0.04487179487179482
8200446  0.04487179487179482
8200448  0.04487179487179482
8200450  0.04487179487179482
8200451  0.04487179487179482
8200453  0.04487179487179482
8200454  0.04487179487179482
8200456  0.04487179487179482
8200458  0.04487179487179482
10900090  0.04487179487179482
10900091  0.04487179487179482
10900109  0.04487179487179482
10900111  0.04487179487179482
10900115  0.04487179487179482
10900118  0.04487179487179482
10900123  0.04487179487179482
10900124  0.04487179487179482
10900125  0.04487179487179482
10900126  0.04487179487179482
10900128  0.04487179487179482
11000060  0.04487179487179482
11000064  0.04487179487179482
11000068  0.04487179487179482
11000072  0.04487179487179482
11000076  0.04487179487179482
11000080  0.04487179487179482
11000084  0.04487179487179482
11000088  0.04487179487179482
11000092  0.04487179487179482
11000096  0.04487179487179482
11000100  0.04487179487179482
11000104  0.04487179487179482
11000108  0.04487179487179482
11000112  0.04487179487179482
11000116  0.04487179487179482
11000120  0.04487179487179482
11000124  0.04487179487179482
11000128  0.04487179487179482
11000132  0.04487179487179482
11000136  0.04487179487179482
11000140  0.04487179487179482
11000144  0.04487179487179482
11000148  0.04487179487179482
11000152  0.04487179487179482
11000156  0.04487179487179482
11000167  0.04487179487179482
11000168  0.04487179487179482
11000169  0.04487179487179482
3900063  0.039215686274509776
3900067  0.039215686274509776
3900071  0.039215686274509776
3900075  0.039215686274509776
3900079  0.039215686274509776
3900083  0.039215686274509776
3900087  0.039215686274509776
3900091  0.039215686274509776
3900095  0.039215686274509776
3900106  0.039215686274509776
3900107  0.039215686274509776
3900108  0.039215686274509776
4800181  0.03703703703703709
7900058  0.0357142857142857
7900062  0.0357142857142857
7900066  0.0357142857142857
7900070  0.0357142857142857
7900074  0.0357142857142857
7900078  0.0357142857142857
7900082  0.0357142857142857
7900086  0.0357142857142857
7900089  0.0357142857142857
7900093  0.0357142857142857
7900097  0.0357142857142857
7900101  0.0357142857142857
7900105  0.0357142857142857
7900109  0.0357142857142857
7900113  0.0357142857142857
7900124  0.0357142857142857
7900125  0.0357142857142857
7900126  0.0357142857142857
6500061  0.032258064516129004
6500065  0.032258064516129004
6500069  0.032258064516129004
6500073  0.032258064516129004
6500084  0.032258064516129004
6500085  0.032258064516129004
6500086  0.032258064516129004
