8804458  0.23265612125396729
8804469  0.23265612125396729
8804470  0.23265612125396729
8804471  0.23265612125396729
8804472  0.23265612125396729
8804473  0.23265612125396729
8804474  0.23265612125396729
8804475  0.23265612125396729
8804476  0.23265612125396729
8804479  0.23265612125396729
8804484  0.23265612125396729
8804485  0.23265612125396729
8804493  0.23265612125396729
8804494  0.23265612125396729
8804495  0.23265612125396729
8804502  0.23265612125396729
8804504  0.23265612125396729
8804505  0.23265612125396729
8804517  0.23265612125396729
8804529  0.23265612125396729
8804530  0.23265612125396729
8804531  0.23265612125396729
8804535  0.23265612125396729
8804536  0.23265612125396729
8804537  0.23265612125396729
8804539  0.23265612125396729
8804549  0.23265612125396729
8804553  0.23265612125396729
8804554  0.23265612125396729
8804703  0.23265612125396729
8804706  0.23265612125396729
8804707  0.23265612125396729
8804708  0.23265612125396729
8804860  0.23265612125396729
8804863  0.23265612125396729
8804864  0.23265612125396729
8804865  0.23265612125396729
8805310  0.23265612125396729
8805311  0.23265612125396729
8900153  0.23265612125396729
8900201  0.23265612125396729
8900202  0.23265612125396729
8900203  0.23265612125396729
8900204  0.23265612125396729
8900205  0.23265612125396729
8900206  0.23265612125396729
8900207  0.23265612125396729
8900208  0.23265612125396729
8900243  0.23265612125396729
8900260  0.23265612125396729
8900261  0.23265612125396729
8900262  0.23265612125396729
8900263  0.23265612125396729
8900265  0.23265612125396729
8900267  0.23265612125396729
8900278  0.23265612125396729
8900416  0.23265612125396729
8900417  0.23265612125396729
8900419  0.23265612125396729
8900426  0.23265612125396729
8900427  0.23265612125396729
8900428  0.23265612125396729
8900431  0.23265612125396729
8900432  0.23265612125396729
8900434  0.23265612125396729
8900435  0.23265612125396729
8900436  0.23265612125396729
8900439  0.23265612125396729
8900440  0.23265612125396729
8900441  0.23265612125396729
8900445  0.23265612125396729
8900450  0.23265612125396729
8900451  0.23265612125396729
8900452  0.23265612125396729
8900454  0.23265612125396729
8900457  0.23265612125396729
8900458  0.23265612125396729
8900463  0.23265612125396729
8900464  0.23265612125396729
8900487  0.23265612125396729
8900488  0.23265612125396729
8900492  0.23265612125396729
8900494  0.23265612125396729
8900495  0.23265612125396729
8900507  0.23265612125396729
8900510  0.23265612125396729
8900703  0.23265612125396729
8900704  0.23265612125396729
8900705  0.23265612125396729
8900706  0.23265612125396729
8900707  0.23265612125396729
8900708  0.23265612125396729
8900709  0.23265612125396729
8900710  0.23265612125396729
8900711  0.23265612125396729
8900712  0.23265612125396729
8900713  0.23265612125396729
8900714  0.23265612125396729
8900718  0.23265612125396729
8900719  0.23265612125396729
8900720  0.23265612125396729
8900721  0.23265612125396729
8900722  0.23265612125396729
8900723  0.23265612125396729
8900724  0.23265612125396729
8900725  0.23265612125396729
8900726  0.23265612125396729
8900727  0.23265612125396729
8900728  0.23265612125396729
8900729  0.23265612125396729
8900730  0.23265612125396729
8900731  0.23265612125396729
8900732  0.23265612125396729
8900733  0.23265612125396729
8900734  0.23265612125396729
8900735  0.23265612125396729
8900736  0.23265612125396729
8900738  0.23265612125396729
8900739  0.23265612125396729
8900740  0.23265612125396729
8900741  0.23265612125396729
8900742  0.23265612125396729
8900743  0.23265612125396729
8900744  0.23265612125396729
8900745  0.23265612125396729
8900746  0.23265612125396729
8900747  0.23265612125396729
8900748  0.23265612125396729
8900749  0.23265612125396729
8900750  0.23265612125396729
8900751  0.23265612125396729
8900752  0.23265612125396729
8900753  0.23265612125396729
8900754  0.23265612125396729
8900755  0.23265612125396729
8900756  0.23265612125396729
8900758  0.23265612125396729
8900759  0.23265612125396729
8900760  0.23265612125396729
8900761  0.23265612125396729
8900762  0.23265612125396729
8900763  0.23265612125396729
8900764  0.23265612125396729
8900765  0.23265612125396729
8900766  0.23265612125396729
8900767  0.23265612125396729
8900768  0.23265612125396729
8900769  0.23265612125396729
8900770  0.23265612125396729
8900771  0.23265612125396729
8900772  0.23265612125396729
8900773  0.23265612125396729
8900774  0.23265612125396729
8900775  0.23265612125396729
8900776  0.23265612125396729
8900778  0.23265612125396729
8900791  0.23265612125396729
8900792  0.23265612125396729
8900793  0.23265612125396729
8900794  0.23265612125396729
8900795  0.23265612125396729
8900796  0.23265612125396729
8900797  0.23265612125396729
8900798  0.23265612125396729
8900799  0.23265612125396729
8900800  0.23265612125396729
8900801  0.23265612125396729
8900802  0.23265612125396729
8900803  0.23265612125396729
8900804  0.23265612125396729
8900805  0.23265612125396729
8900806  0.23265612125396729
8900807  0.23265612125396729
8900808  0.23265612125396729
8900809  0.23265612125396729
8900810  0.23265612125396729
8900811  0.23265612125396729
8900812  0.23265612125396729
8900813  0.23265612125396729
8900814  0.23265612125396729
8900815  0.23265612125396729
8900816  0.23265612125396729
8900817  0.23265612125396729
8900818  0.23265612125396729
8900819  0.23265612125396729
8900820  0.23265612125396729
8900821  0.23265612125396729
8900822  0.23265612125396729
8900823  0.23265612125396729
8900824  0.23265612125396729
8900825  0.23265612125396729
9000060  0.23265612125396729
9000067  0.23265612125396729
9000078  0.23265612125396729
9000079  0.23265612125396729
9000080  0.23265612125396729
9100055  0.23265612125396729
9100059  0.23265612125396729
9100063  0.23265612125396729
9100074  0.23265612125396729
9100075  0.23265612125396729
9100076  0.23265612125396729
9400083  0.23265612125396729
9400087  0.23265612125396729
9400091  0.23265612125396729
9400095  0.23265612125396729
9400100  0.23265612125396729
9400105  0.23265612125396729
9400150  0.23265612125396729
9400156  0.23265612125396729
9400197  0.23265612125396729
9400199  0.23265612125396729
9400200  0.23265612125396729
9400201  0.23265612125396729
9400202  0.23265612125396729
9400203  0.23265612125396729
9400204  0.23265612125396729
9400205  0.23265612125396729
9400289  0.23265612125396729
9400291  0.23265612125396729
9400292  0.23265612125396729
9400293  0.23265612125396729
9400294  0.23265612125396729
9400297  0.23265612125396729
9400299  0.23265612125396729
9400302  0.23265612125396729
9400303  0.23265612125396729
9400304  0.23265612125396729
9400307  0.23265612125396729
9400308  0.23265612125396729
9400309  0.23265612125396729
9400312  0.23265612125396729
9400315  0.23265612125396729
9400316  0.23265612125396729
9400317  0.23265612125396729
9400320  0.23265612125396729
9400323  0.23265612125396729
9400324  0.23265612125396729
9400325  0.23265612125396729
9400328  0.23265612125396729
9400331  0.23265612125396729
9400332  0.23265612125396729
9400333  0.23265612125396729
9400335  0.23265612125396729
9400517  0.23265612125396729
9400532  0.23265612125396729
9400544  0.23265612125396729
9400545  0.23265612125396729
9900067  0.23265612125396729
9900069  0.23265612125396729
9900111  0.23265612125396729
9900112  0.23265612125396729
9900129  0.23265612125396729
9900130  0.23265612125396729
9900147  0.23265612125396729
9900148  0.23265612125396729
10000145  0.23265612125396729
10000146  0.23265612125396729
10000147  0.23265612125396729
10000148  0.23265612125396729
10000198  0.23265612125396729
10000199  0.23265612125396729
10000207  0.23265612125396729
10000208  0.23265612125396729
10000216  0.23265612125396729
10000217  0.23265612125396729
10000225  0.23265612125396729
10000226  0.23265612125396729
10000234  0.23265612125396729
10000235  0.23265612125396729
10100082  0.23265612125396729
10100084  0.23265612125396729
10100128  0.23265612125396729
10100129  0.23265612125396729
10100137  0.23265612125396729
10100138  0.23265612125396729
10100146  0.23265612125396729
10100147  0.23265612125396729
10100155  0.23265612125396729
10100156  0.23265612125396729
10200064  0.23265612125396729
10200065  0.23265612125396729
10200066  0.23265612125396729
10300133  0.23265612125396729
10300137  0.23265612125396729
10300167  0.23265612125396729
10300174  0.23265612125396729
10300201  0.23265612125396729
10300204  0.23265612125396729
10300225  0.23265612125396729
10300227  0.23265612125396729
10300230  0.23265612125396729
10300233  0.23265612125396729
10300236  0.23265612125396729
10300237  0.23265612125396729
10300238  0.23265612125396729
10300242  0.23265612125396729
10300243  0.23265612125396729
10300244  0.23265612125396729
10300245  0.23265612125396729
10300246  0.23265612125396729
10300248  0.23265612125396729
10300323  0.23265612125396729
10300326  0.23265612125396729
10300327  0.23265612125396729
10300328  0.23265612125396729
10300330  0.23265612125396729
10300352  0.23265612125396729
10300355  0.23265612125396729
10300359  0.23265612125396729
10400115  0.23265612125396729
10400119  0.23265612125396729
10400177  0.23265612125396729
10400178  0.23265612125396729
10400190  0.23265612125396729
10400191  0.23265612125396729
10400192  0.23265612125396729
10400193  0.23265612125396729
10400194  0.23265612125396729
10400195  0.23265612125396729
10400196  0.23265612125396729
10400197  0.23265612125396729
10400198  0.23265612125396729
10400199  0.23265612125396729
10400200  0.23265612125396729
10400201  0.23265612125396729
10400202  0.23265612125396729
10400203  0.23265612125396729
10400234  0.23265612125396729
10400244  0.23265612125396729
10400245  0.23265612125396729
10400246  0.23265612125396729
10400348  0.23265612125396729
10400351  0.23265612125396729
10400352  0.23265612125396729
10400353  0.23265612125396729
10400370  0.23265612125396729
10400373  0.23265612125396729
10400374  0.23265612125396729
10400375  0.23265612125396729
10400570  0.23265612125396729
10600078  0.23265612125396729
10600079  0.23265612125396729
10600088  0.23265612125396729
10600089  0.23265612125396729
10600090  0.23265612125396729
10600091  0.23265612125396729
10600092  0.23265612125396729
10700164  0.23265612125396729
10700194  0.23265612125396729
10800164  0.23265612125396729
10900090  0.23265612125396729
10900091  0.23265612125396729
10900109  0.23265612125396729
10900111  0.23265612125396729
10900115  0.23265612125396729
10900118  0.23265612125396729
10900123  0.23265612125396729
10900124  0.23265612125396729
10900125  0.23265612125396729
10900126  0.23265612125396729
10900128  0.23265612125396729
11000060  0.23265612125396729
11000064  0.23265612125396729
11000068  0.23265612125396729
11000072  0.23265612125396729
11000076  0.23265612125396729
11000080  0.23265612125396729
11000084  0.23265612125396729
11000088  0.23265612125396729
11000092  0.23265612125396729
11000096  0.23265612125396729
11000100  0.23265612125396729
11000104  0.23265612125396729
11000108  0.23265612125396729
11000112  0.23265612125396729
11000116  0.23265612125396729
11000120  0.23265612125396729
11000124  0.23265612125396729
11000128  0.23265612125396729
11000132  0.23265612125396729
11000136  0.23265612125396729
11000140  0.23265612125396729
11000144  0.23265612125396729
11000148  0.23265612125396729
11000152  0.23265612125396729
11000156  0.23265612125396729
11000167  0.23265612125396729
11000168  0.23265612125396729
11000169  0.23265612125396729
11100118  0.23265612125396729
11100137  0.23265612125396729
11100138  0.23265612125396729
11100139  0.23265612125396729
11100140  0.23265612125396729
11100141  0.23265612125396729
11200175  0.23265612125396729
11200176  0.23265612125396729
11200184  0.23265612125396729
11200185  0.23265612125396729
11200186  0.23265612125396729
11200187  0.23265612125396729
11200189  0.23265612125396729
11200190  0.23265612125396729
11200192  0.23265612125396729
11200193  0.23265612125396729
11200194  0.23265612125396729
11200196  0.23265612125396729
11200197  0.23265612125396729
11200200  0.23265612125396729
11200201  0.23265612125396729
11200441  0.23265612125396729
11200442  0.23265612125396729
11200443  0.23265612125396729
11300232  0.23265612125396729
11300233  0.23265612125396729
11300234  0.23265612125396729
11300235  0.23265612125396729
11300236  0.23265612125396729
11300237  0.23265612125396729
11300238  0.23265612125396729
11300239  0.23265612125396729
11300241  0.23265612125396729
11300260  0.23265612125396729
11300269  0.23265612125396729
11300270  0.23265612125396729
11300501  0.23265612125396729
11300502  0.23265612125396729
11300517  0.23265612125396729
11300518  0.23265612125396729
11300519  0.23265612125396729
11300521  0.23265612125396729
11300620  0.23265612125396729
11300621  0.23265612125396729
11300635  0.23265612125396729
11300636  0.23265612125396729
11300637  0.23265612125396729
11300639  0.23265612125396729
11300716  0.23265612125396729
11300717  0.23265612125396729
11300718  0.23265612125396729
11300809  0.23265612125396729
11300826  0.23265612125396729
11300829  0.23265612125396729
11300830  0.23265612125396729
11300831  0.23265612125396729
11300832  0.23265612125396729
11300837  0.23265612125396729
11300857  0.23265612125396729
11300874  0.23265612125396729
11300877  0.23265612125396729
11300878  0.23265612125396729
11300879  0.23265612125396729
11300880  0.23265612125396729
11300887  0.23265612125396729
11300888  0.23265612125396729
11300889  0.23265612125396729
11300890  0.23265612125396729
11300891  0.23265612125396729
11300892  0.23265612125396729
11300893  0.23265612125396729
11300895  0.23265612125396729
11300896  0.23265612125396729
11300899  0.23265612125396729
11300903  0.23265612125396729
11800077  0.23265612125396729
11800078  0.23265612125396729
11800087  0.23265612125396729
11800088  0.23265612125396729
11800089  0.23265612125396729
11800090  0.23265612125396729
11800091  0.23265612125396729
12100157  0.23265612125396729
19600327  0.23265612125396729
19600334  0.23265612125396729
19700057  0.23265612125396729
19700061  0.23265612125396729
19700065  0.23265612125396729
19700076  0.23265612125396729
19700077  0.23265612125396729
19700078  0.23265612125396729
19800069  0.23265612125396729
19800070  0.23265612125396729
19800081  0.23265612125396729
19800082  0.23265612125396729
19800083  0.23265612125396729
19900105  0.23265612125396729
19900106  0.23265612125396729
19900109  0.23265612125396729
19900110  0.23265612125396729
19900111  0.23265612125396729
19900112  0.23265612125396729
19900121  0.23265612125396729
19900122  0.23265612125396729
19900130  0.23265612125396729
19900141  0.23265612125396729
19900266  0.23265612125396729
19900268  0.23265612125396729
19900272  0.23265612125396729
19900273  0.23265612125396729
20100647  0.23265612125396729
20100663  0.23265612125396729
20100667  0.23265612125396729
20100669  0.23265612125396729
20100670  0.23265612125396729
20100671  0.23265612125396729
20100672  0.23265612125396729
20100674  0.23265612125396729
20100676  0.23265612125396729
20100697  0.23265612125396729
20100700  0.23265612125396729
20100701  0.23265612125396729
20100706  0.23265612125396729
20100709  0.23265612125396729
20100739  0.23265612125396729
20100742  0.23265612125396729
20100743  0.23265612125396729
20100744  0.23265612125396729
20100747  0.23265612125396729
20100764  0.23265612125396729
20100776  0.23265612125396729
20100777  0.23265612125396729
20100908  0.23265612125396729
20100911  0.23265612125396729
20100912  0.23265612125396729
20100918  0.23265612125396729
20100921  0.23265612125396729
20101295  0.23265612125396729
20101298  0.23265612125396729
20101303  0.23265612125396729
20101304  0.23265612125396729
20101306  0.23265612125396729
20101328  0.23265612125396729
20101329  0.23265612125396729
20101343  0.23265612125396729
20101344  0.23265612125396729
20101371  0.23265612125396729
20101374  0.23265612125396729
20101378  0.23265612125396729
20101382  0.23265612125396729
20101383  0.23265612125396729
20101386  0.23265612125396729
20101409  0.23265612125396729
20101432  0.23265612125396729
20101457  0.23265612125396729
20101458  0.23265612125396729
20101474  0.23265612125396729
20101475  0.23265612125396729
20200112  0.23265612125396729
20200143  0.23265612125396729
20200144  0.23265612125396729
20200170  0.23265612125396729
20200171  0.23265612125396729
20200172  0.23265612125396729
20200173  0.23265612125396729
20200174  0.23265612125396729
20200175  0.23265612125396729
20200176  0.23265612125396729
20200177  0.23265612125396729
20200178  0.23265612125396729
20200192  0.23265612125396729
20200207  0.23265612125396729
20200248  0.23265612125396729
20200249  0.23265612125396729
20200250  0.23265612125396729
20200251  0.23265612125396729
20200252  0.23265612125396729
20200253  0.23265612125396729
20200254  0.23265612125396729
20200256  0.23265612125396729
20200344  0.23265612125396729
20200412  0.23265612125396729
20200413  0.23265612125396729
20200490  0.23265612125396729
20200491  0.23265612125396729
20200492  0.23265612125396729
20200504  0.23265612125396729
20200507  0.23265612125396729
20200508  0.23265612125396729
20200509  0.23265612125396729
20200510  0.23265612125396729
20200511  0.23265612125396729
20200532  0.23265612125396729
20200544  0.23265612125396729
20200545  0.23265612125396729
20200549  0.23265612125396729
20200550  0.23265612125396729
20200552  0.23265612125396729
20200699  0.23265612125396729
20200700  0.23265612125396729
20200703  0.23265612125396729
20200707  0.23265612125396729
20200722  0.23265612125396729
20200723  0.23265612125396729
20200726  0.23265612125396729
20200730  0.23265612125396729
20300085  0.23265612125396729
20300086  0.23265612125396729
20300087  0.23265612125396729
20300197  0.23265612125396729
20300198  0.23265612125396729
20300199  0.23265612125396729
20500081  0.23265612125396729
20500082  0.23265612125396729
20500083  0.23265612125396729
20500084  0.23265612125396729
20500092  0.23265612125396729
20600083  0.23265612125396729
20600084  0.23265612125396729
20600087  0.23265612125396729
20600088  0.23265612125396729
20600089  0.23265612125396729
20600090  0.23265612125396729
20600108  0.23265612125396729
20600123  0.23265612125396729
20600132  0.23265612125396729
20600146  0.23265612125396729
20600147  0.23265612125396729
20600148  0.23265612125396729
20600150  0.23265612125396729
20600218  0.23265612125396729
20600219  0.23265612125396729
20600220  0.23265612125396729
20600222  0.23265612125396729
20600226  0.23265612125396729
20600227  0.23265612125396729
20600233  0.23265612125396729
20600242  0.23265612125396729
20600252  0.23265612125396729
20600254  0.23265612125396729
20600258  0.23265612125396729
20600259  0.23265612125396729
20700105  0.23265612125396729
20700106  0.23265612125396729
20700113  0.23265612125396729
20700114  0.23265612125396729
20700115  0.23265612125396729
20700116  0.23265612125396729
20700117  0.23265612125396729
20700118  0.23265612125396729
20700119  0.23265612125396729
20700121  0.23265612125396729
20700122  0.23265612125396729
20700147  0.23265612125396729
20700150  0.23265612125396729
20700151  0.23265612125396729
20700152  0.23265612125396729
20700153  0.23265612125396729
20700213  0.23265612125396729
20700253  0.23265612125396729
20700256  0.23265612125396729
20700577  0.23265612125396729
20700578  0.23265612125396729
20700581  0.23265612125396729
20700582  0.23265612125396729
20700583  0.23265612125396729
20700584  0.23265612125396729
20700585  0.23265612125396729
20700586  0.23265612125396729
20700587  0.23265612125396729
20700588  0.23265612125396729
20700590  0.23265612125396729
20700591  0.23265612125396729
20700592  0.23265612125396729
20700595  0.23265612125396729
20700599  0.23265612125396729
20700621  0.23265612125396729
20700624  0.23265612125396729
20700625  0.23265612125396729
20700626  0.23265612125396729
20800132  0.23265612125396729
20800133  0.23265612125396729
20800136  0.23265612125396729
20800137  0.23265612125396729
20800138  0.23265612125396729
20800139  0.23265612125396729
20800140  0.23265612125396729
20800141  0.23265612125396729
20800150  0.23265612125396729
20800177  0.23265612125396729
20800225  0.23265612125396729
20800228  0.23265612125396729
20800229  0.23265612125396729
20800230  0.23265612125396729
20800240  0.23265612125396729
20800247  0.23265612125396729
20800367  0.23265612125396729
20800368  0.23265612125396729
20800369  0.23265612125396729
20800370  0.23265612125396729
20800371  0.23265612125396729
20800374  0.23265612125396729
20800389  0.23265612125396729
20800392  0.23265612125396729
20900097  0.23265612125396729
20900098  0.23265612125396729
20900099  0.23265612125396729
20900100  0.23265612125396729
20900101  0.23265612125396729
20900149  0.23265612125396729
20900152  0.23265612125396729
20900153  0.23265612125396729
20900154  0.23265612125396729
20900228  0.23265612125396729
20900231  0.23265612125396729
20900232  0.23265612125396729
20900237  0.23265612125396729
20900238  0.23265612125396729
20900239  0.23265612125396729
20900241  0.23265612125396729
8804457  0.16143669188022614
12100118  0.10406076163053513
8802334  0.08217484503984451
8802252  0.08208165317773819
8804456  0.08203735202550888
8802333  0.08198831230401993
8800391  0.08197842538356781
8804454  0.08197465538978577
8800388  0.08194853365421295
8802249  0.08192945271730423
8800802  0.08192186802625656
8804336  0.08191221952438354
8802061  0.0818672627210617
8803817  0.08183608949184418
8802253  0.08179274946451187
8800623  0.08178944885730743
8801486  0.08176622539758682
8801431  0.0817570835351944
8802063  0.08174992352724075
8801565  0.08174162358045578
8801576  0.08173364400863647
8801731  0.08173253387212753
8801555  0.08170748502016068
8804410  0.08169723302125931
8804330  0.08169331401586533
8801479  0.08168867975473404
8802335  0.0816873088479042
8801487  0.08168276399374008
8802254  0.08167941868305206
8803819  0.08167475461959839
8600106  0.08166731894016266
8800504  0.08165603131055832
8801553  0.08165494352579117
8800803  0.08164750039577484
8801165  0.08164458721876144
8800660  0.08163831382989883
8800621  0.08163513243198395
8804337  0.08162964880466461
8801269  0.08162135630846024
8802062  0.08161380887031555
8801271  0.08160492777824402
8804433  0.08159590512514114
8804430  0.08158908039331436
8804440  0.08158881217241287
8801270  0.08158624172210693
8800801  0.08157984912395477
8801272  0.08157481253147125
8801550  0.08156071603298187
8804435  0.08154398202896118
8804328  0.08154343068599701
8804358  0.08153710514307022
8801463  0.08153412491083145
8800708  0.0815289318561554
8802058  0.08152766525745392
8800707  0.08152759075164795
8804341  0.08151477575302124
8803820  0.08151347935199738
8801636  0.08150848746299744
8800680  0.08150570839643478
8801243  0.08149440586566925
8804353  0.08149220049381256
8804429  0.08148445188999176
8800522  0.08148159831762314
8800690  0.08147197961807251
8802330  0.08146607130765915
8801383  0.08146088570356369
8801607  0.08145924657583237
8600105  0.08144955337047577
8804327  0.08144553005695343
8801464  0.08143559098243713
8800661  0.08143118023872375
8801540  0.0814247876405716
8801590  0.08142394572496414
8804367  0.08142183721065521
8804441  0.08141124993562698
8801637  0.08140748739242554
8804388  0.08139225095510483
8804415  0.0813884288072586
8800628  0.08137942850589752
8600102  0.08137422800064087
8804436  0.0813717320561409
8800975  0.08136417716741562
8804356  0.081363245844841
8801484  0.08136114478111267
8803821  0.08136087656021118
8803014  0.08135529607534409
8800805  0.08135146647691727
8800970  0.08134831488132477
8800336  0.08134056627750397
8801166  0.08133696764707565
8801639  0.08133553713560104
8801518  0.08133034408092499
8800677  0.08132782578468323
8801744  0.08132126927375793
8804434  0.08131865411996841
8801482  0.08131468296051025
8800559  0.08131381124258041
8801176  0.08131340146064758
8804357  0.08130627870559692
8800658  0.08130571246147156
8801543  0.08130458742380142
8804393  0.08129904419183731
8800629  0.08129432797431946
8800702  0.08129367232322693
8800634  0.08129291981458664
8801382  0.08128742128610611
8804451  0.08128693699836731
8801591  0.08128679543733597
8600101  0.08128058165311813
8800624  0.08127782493829727
8804360  0.08127705752849579
8801483  0.08127500861883163
8800630  0.08127442002296448
8800678  0.08127433061599731
8801593  0.08127212524414062
8801644  0.08127187937498093
8800748  0.08126762509346008
8800775  0.08126462996006012
8804366  0.08125569671392441
8804438  0.08125323802232742
8800773  0.08124183118343353
8804453  0.08123037219047546
8801942  0.08122669160366058
8801589  0.08122099190950394
8801275  0.08121943473815918
8804409  0.08121729642152786
8800659  0.08121693879365921
8800566  0.08121615648269653
8801466  0.08120909333229065
8801640  0.08120656758546829
8800741  0.08120089024305344
8801620  0.08119732141494751
8800972  0.0811954140663147
8804326  0.08119110763072968
8801515  0.08118746429681778
8801386  0.0811859741806984
8800701  0.08118367940187454
8800697  0.0811825692653656
8801749  0.08117475360631943
8803810  0.0811743214726448
8804406  0.08116934448480606
8800657  0.08116889744997025
8800969  0.08116813749074936
8800633  0.08115961402654648
8804428  0.08115343004465103
8800770  0.08114452660083771
8800692  0.0811261311173439
8800703  0.0811261311173439
8800812  0.08112427592277527
8800631  0.08112125843763351
8801499  0.08110686391592026
8801635  0.08110087364912033
8804323  0.0810946375131607
8800744  0.08109170943498611
8804407  0.08107895404100418
8800332  0.08107228577136993
8801520  0.08107076585292816
8801544  0.08106746524572372
8804452  0.08106674998998642
8800635  0.08106610924005508
8803809  0.08106298744678497
8800774  0.08106037229299545
8801465  0.08105336129665375
8800676  0.08104099333286285
8801384  0.0810389444231987
8800710  0.08103324472904205
8800705  0.0810273289680481
8801941  0.08102623373270035
8803815  0.08102452754974365
8801519  0.08100199699401855
8801545  0.08098748326301575
8801546  0.08097115904092789
8600086  0.08096741884946823
8804384  0.08096541464328766
8800654  0.08095741271972656
8801745  0.08095594495534897
8803814  0.0809532031416893
8800689  0.08094938844442368
8800653  0.08094774186611176
8803825  0.08094437420368195
8801169  0.08094020932912827
8800945  0.08091861754655838
8804387  0.08091700822114944
8800706  0.08090703189373016
8800321  0.08090438693761826
8800641  0.08089960366487503
8800339  0.08089877665042877
8800671  0.08089468628168106
8800971  0.08086727559566498
8800673  0.08085743337869644
8801748  0.08085228502750397
8800668  0.0808400884270668
8800669  0.08082699775695801
8800625  0.08079744130373001
8800326  0.08079192042350769
8800681  0.0807705819606781
8800674  0.08074919879436493
8801522  0.08074106276035309
8801754  0.0807272419333458
8801167  0.08071834594011307
8804371  0.08070986717939377
8800642  0.08070797473192215
8800636  0.08070355653762817
8804427  0.08068353682756424
8800663  0.08063756674528122
8804385  0.08058857917785645
8600087  0.08052466809749603
8800665  0.0805143490433693
8800693  0.08049147576093674
8801539  0.08047711104154587
8801500  0.08047685027122498
8800638  0.08046374469995499
8800651  0.08046077936887741
8800652  0.08044254034757614
8800694  0.0804329365491867
8801501  0.08042086660861969
8800688  0.08036653697490692
8801523  0.08035320788621902
8800696  0.08034631609916687
8801937  0.08033832162618637
8801536  0.08030957728624344
8801502  0.08028711378574371
8800684  0.08027531206607819
8800686  0.08022855967283249
8800698  0.08019150048494339
8800639  0.08012796193361282
8801746  0.08012561500072479
8800700  0.08007624745368958
8800682  0.08002528548240662
8801940  0.0799650326371193
8800644  0.07992874830961227
8801747  0.07991589605808258
8800666  0.07989805191755295
8800648  0.07989315688610077
8800667  0.0797927975654602
8800646  0.07976847141981125
8800647  0.07962167263031006
8800685  0.07950325310230255
8600083  0.0779261589050293
8200800  0.06964826583862305
8200799  0.06959690153598785
8600082  0.06947922706604004
8200168  0.06941277533769608
8100130  0.06935658305883408
8200161  0.06932494044303894
8200164  0.06932176649570465
7200286  0.06931035965681076
7200287  0.06930951029062271
8200155  0.0692499503493309
7700083  0.06922965496778488
8202038  0.06922423094511032
7900070  0.06922373175621033
8201914  0.06918185949325562
8200172  0.06918049603700638
8202715  0.06916768103837967
8500150  0.0690930187702179
8202041  0.06908079981803894
8202712  0.06902807205915451
7200295  0.06902505457401276
8500085  0.06902085989713669
7200289  0.0690154954791069
7900101  0.06899549812078476
7700085  0.06898553669452667
8200391  0.06898200511932373
8200417  0.0689660906791687
7200290  0.06896089017391205
8200152  0.06895547360181808
8202043  0.0689544752240181
8200420  0.06894853711128235
8200419  0.06893909722566605
8300063  0.06893172115087509
7900089  0.06893099844455719
7400092  0.06892383843660355
8200440  0.06890636682510376
7700084  0.06890523433685303
7900105  0.06890188902616501
7900093  0.0688985213637352
8200304  0.06889604032039642
8100131  0.06888951361179352
8200158  0.0688791424036026
8200441  0.06885451823472977
8100190  0.06884004175662994
8200415  0.06883631646633148
8202025  0.06882791221141815
8201917  0.0688149631023407
8500106  0.06881395727396011
8201357  0.06880323588848114
8500146  0.06880117207765579
8500145  0.06879715621471405
8200433  0.06878218799829483
8500096  0.06877389550209045
8500144  0.06876837462186813
8200424  0.06876814365386963
8202848  0.06876429170370102
8200426  0.06875909864902496
8200416  0.06875862926244736
7200284  0.0687585398554802
8201935  0.06875832378864288
7201009  0.06874813884496689
7200283  0.06874455511569977
7900074  0.06873190402984619
7900097  0.06872846931219101
8100183  0.06872628629207611
8200432  0.06872059404850006
8202042  0.0687120333313942
7201411  0.06871107220649719
7700070  0.06869643181562424
8200409  0.06869225203990936
8200149  0.06868898868560791
8500095  0.06868558377027512
8202024  0.06867963820695877
8202844  0.06867709010839462
8500098  0.06867585331201553
7200282  0.06867335736751556
7700082  0.06867174059152603
8500097  0.06867077946662903
8202847  0.06866030395030975
8200423  0.06865561008453369
8202905  0.0686488226056099
7201096  0.06864804774522781
8200803  0.06863867491483688
8200413  0.06863013654947281
7200307  0.06862705945968628
7400087  0.06860525161027908
8202906  0.06860382854938507
7200306  0.06860268115997314
7400215  0.06859448552131653
8200451  0.06858639419078827
8100182  0.06856375187635422
7201097  0.06856268644332886
8202694  0.06854686886072159
7400093  0.06853558868169785
7200997  0.06853252649307251
7900113  0.06853041797876358
8200437  0.06852740049362183
8202862  0.0685267448425293
8200421  0.0685236006975174
7900109  0.06851731240749359
8100095  0.06851731240749359
8202859  0.06851577758789062
7200280  0.06850311905145645
8202045  0.06850297749042511
7200297  0.06850268691778183
8200427  0.06848400831222534
7200305  0.06848043948411942
8300055  0.06847363710403442
8100092  0.06845898181200027
8200443  0.06844951212406158
7201134  0.06844894587993622
8200429  0.0684470608830452
8201297  0.06844078004360199
6900062  0.06843310594558716
8100184  0.06843148171901703
7900062  0.06841663271188736
8200407  0.06841146945953369
8201918  0.0684095099568367
7700071  0.0684010311961174
7900125  0.06839651614427567
8100094  0.06839502602815628
8200408  0.06839471310377121
7200302  0.06838443875312805
8100169  0.06838218867778778
7900058  0.06836839020252228
7900066  0.06836716830730438
7200279  0.06836580485105515
7201133  0.06835809350013733
7700105  0.06835678219795227
7600069  0.06834841519594193
7900086  0.0683460533618927
8100093  0.06832703202962875
8500149  0.06832174956798553
8500084  0.06830792874097824
8200377  0.06830698251724243
7200292  0.06830481439828873
7201144  0.06829868257045746
7200294  0.06829509139060974
7600082  0.06828778237104416
7900126  0.06828650087118149
8200856  0.06828233599662781
7600080  0.06828022748231888
7200328  0.068269744515419
7400111  0.06826552748680115
7201010  0.0682615265250206
8100185  0.06825382262468338
8201931  0.06824764609336853
8202910  0.06824564933776855
8300064  0.06824230402708054
7200155  0.06823514401912689
8200436  0.06821439415216446
7200951  0.06821262091398239
7201049  0.06820865720510483
8202904  0.06820451468229294
7200298  0.0682007446885109
7201410  0.06819271296262741
8100168  0.06819022446870804
8200396  0.06818848848342896
7200299  0.06818598508834839
7600062  0.0681854709982872
7200300  0.0681818425655365
7201032  0.06817476451396942
7600081  0.0681731179356575
8500147  0.0681687518954277
7900078  0.06816302984952927
8201301  0.06816007196903229
8200411  0.06814773380756378
7201037  0.06813329458236694
8200450  0.0681314617395401
7201098  0.06812802702188492
8200399  0.06811852008104324
7200304  0.06811416894197464
7200309  0.06810896843671799
8200458  0.06808548420667648
8201933  0.06807774305343628
8200412  0.06807486712932587
8201932  0.06807059794664383
7400214  0.06804875284433365
7201081  0.06802480667829514
8200397  0.06802474707365036
8200430  0.0680217519402504
8500083  0.06801331788301468
8200401  0.06801189482212067
8202896  0.06800299882888794
7900082  0.06798805296421051
7201412  0.06798459589481354
8202863  0.0679667741060257
7201033  0.06796273589134216
7201131  0.06795670837163925
8200400  0.06795645505189896
8200403  0.06795629113912582
7900124  0.06793493032455444
7201030  0.06788716465234756
7201261  0.06786423176527023
7200277  0.06782671809196472
8202907  0.06781826168298721
7200326  0.06781619787216187
8201298  0.06780234724283218
7400086  0.06779133528470993
7201100  0.06776168197393417
7400094  0.06772047281265259
7200313  0.06770459562540054
7400102  0.06768396496772766
8200456  0.06768307834863663
7201023  0.06767739355564117
7200325  0.06763230264186859
8202895  0.06760893017053604
7201264  0.06756681203842163
7200316  0.06746434420347214
7200314  0.06734022498130798
7201268  0.06732655316591263
8200405  0.06731747835874557
7200311  0.0673123151063919
7200312  0.06727244704961777
8200448  0.0672290027141571
7201226  0.067215695977211
7200323  0.06721124798059464
8200445  0.06715758889913559
8200453  0.06713791936635971
7201265  0.06709868460893631
8200446  0.06706774234771729
7201028  0.0669964849948883
7201029  0.06696417927742004
7201258  0.06695640832185745
8200393  0.06690242886543274
7200320  0.06689552962779999
8200394  0.0668712705373764
8200404  0.06685108691453934
7201129  0.06677953898906708
7201027  0.06675482541322708
7200321  0.066746786236763
7201130  0.06673043966293335
8200454  0.06665405631065369
7201101  0.06656083464622498
7201114  0.0664466992020607
7200318  0.06623949110507965
7200319  0.06622923165559769
6900061  0.04784437641501427
17201546  0.039393194019794464
17201431  0.039354920387268066
18700333  0.03925720602273941
17200327  0.03923456743359566
17201549  0.03922996670007706
15400128  0.03922339901328087
17201441  0.039214182645082474
15300101  0.039212364703416824
17300065  0.03918377682566643
17201542  0.03917768597602844
17201294  0.03917122259736061
17201173  0.03915899991989136
15500146  0.039158839732408524
17201416  0.039156220853328705
18400097  0.039138346910476685
17201111  0.03913603350520134
17201415  0.039132967591285706
15400126  0.03912753611803055
17200337  0.03911696746945381
17201594  0.039110321551561356
17300064  0.0391077846288681
17201545  0.03910651430487633
18400108  0.039101146161556244
17201151  0.03907943144440651
17201390  0.03904822841286659
17300066  0.03904707729816437
17201295  0.03904475271701813
17201654  0.03904368728399277
17201421  0.039040904492139816
17201109  0.03903169929981232
17201410  0.039018414914608
17201543  0.0390106737613678
17201138  0.039010126143693924
17200326  0.039008259773254395
17200328  0.039006445556879044
17201171  0.03900326415896416
18500081  0.038997527211904526
17500822  0.038990773260593414
17201288  0.03898971900343895
15400125  0.03898901492357254
17201163  0.038972776383161545
15400124  0.03896895423531532
17201148  0.0389653742313385
17201137  0.038963329046964645
17300063  0.03895953297615051
15500093  0.03895540535449982
15500095  0.03895515948534012
18500094  0.03894531726837158
16900059  0.038942400366067886
18500080  0.03894182667136192
17200312  0.03894073888659477
17100119  0.03893965110182762
18500093  0.03893796354532242
17201667  0.03893529623746872
17201386  0.03893468901515007
17500799  0.03893185406923294
17201385  0.03892488777637482
17200311  0.03892381489276886
17900129  0.038922201842069626
17201134  0.03892116993665695
17201544  0.03892017900943756
17500052  0.038919974118471146
18400109  0.03891985863447189
17201657  0.03891748562455177
17201152  0.03890431672334671
18500096  0.03890230134129524
17100092  0.03889932483434677
15600100  0.038884181529283524
17201289  0.038882918655872345
17201143  0.03887759894132614
17201297  0.038873545825481415
17100095  0.038872163742780685
16900063  0.03887174651026726
15400121  0.03887161239981651
17200329  0.03887141868472099
17201303  0.0388670340180397
17201290  0.03886253759264946
17200324  0.038858138024806976
17201254  0.0388532318174839
17201101  0.03885306045413017
17201380  0.03884474188089371
17200336  0.03882266953587532
18500092  0.03881687670946121
18500095  0.03881644085049629
17201300  0.03881574049592018
17201170  0.038811735808849335
17500802  0.03880980610847473
17201105  0.03880830481648445
17201140  0.03880751132965088
17500800  0.03879927843809128
18400096  0.038796305656433105
17900132  0.03879499062895775
17201658  0.03878789022564888
15600096  0.03878764808177948
18700233  0.03878097981214523
17201168  0.03877530246973038
17201389  0.03877341002225876
15400115  0.038767289370298386
18200078  0.03876689821481705
18400107  0.03875576704740524
16900076  0.038751404732465744
17200332  0.03874887526035309
17200319  0.03874564543366432
17900128  0.0387413389980793
16900075  0.03873930126428604
17201155  0.03873888775706291
17201257  0.038735248148441315
18400085  0.0387348048388958
17201391  0.038723867386579514
17201589  0.03872369974851608
15400118  0.03872282803058624
17200308  0.03872157633304596
17201260  0.03871765360236168
17201384  0.03871214762330055
15600089  0.038711294531822205
18200079  0.03870907798409462
17201381  0.03870370611548424
17201236  0.03869656100869179
15500145  0.03869328647851944
17200303  0.03869006782770157
17201145  0.03868725523352623
17201552  0.03868509456515312
17200322  0.03868088126182556
17201174  0.03867916390299797
17201242  0.038675226271152496
17200333  0.03867474943399429
17201169  0.038671717047691345
17200330  0.03866831213235855
17201409  0.03866581246256828
15600098  0.038660675287246704
17201139  0.03865963593125343
17200335  0.03865822032094002
17201662  0.038655154407024384
17201383  0.03864626958966255
17201588  0.038642097264528275
18400100  0.03864091634750366
17201661  0.03864045813679695
15600097  0.03864035755395889
17200321  0.03863205388188362
17201239  0.038631513714790344
18400106  0.03863086551427841
17201261  0.03862530365586281
17201392  0.038622304797172546
17201401  0.038613948971033096
15700092  0.03860364854335785
17100086  0.038602206856012344
16700099  0.038602009415626526
17201382  0.03860078006982803
17200307  0.03860022500157356
17200317  0.03859938308596611
15500144  0.038597144186496735
17201660  0.03859672695398331
17100077  0.038590192794799805
17200316  0.03858674317598343
17200334  0.03858653083443642
16900055  0.03858470916748047
17201103  0.038582008332014084
15600092  0.038580577820539474
17201144  0.038571346551179886
17200325  0.03855520486831665
17900135  0.03855328634381294
17201278  0.03855220973491669
17200313  0.03854139521718025
17201400  0.03854040428996086
17200323  0.0385398231446743
17100089  0.03853904455900192
17200310  0.03853834792971611
15600084  0.03852406144142151
17201592  0.03852207586169243
15700091  0.03851538524031639
18500097  0.03851323202252388
17100122  0.0385034903883934
16900074  0.03849946707487106
17100080  0.03849847987294197
17200318  0.038486965000629425
17200320  0.03848448395729065
17201388  0.038474198430776596
17100116  0.03847092017531395
17900136  0.03846030309796333
17200304  0.03845558688044548
17201240  0.03844998776912689
17201408  0.03843868896365166
17200309  0.03842582181096077
15600086  0.038424283266067505
18400103  0.03841935098171234
17100125  0.03841032460331917
17201591  0.03840094432234764
18400087  0.03839455544948578
17201153  0.03839067369699478
17200314  0.03838305175304413
15700124  0.03837784379720688
15400113  0.03836730122566223
17100083  0.03835999220609665
17200331  0.038353439420461655
17900071  0.03834930807352066
17201175  0.03834608197212219
17201399  0.0383431538939476
17201102  0.03834240511059761
17100071  0.038321491330862045
17200315  0.038317419588565826
15400091  0.03831162676215172
17100098  0.03831036761403084
17100074  0.0383029542863369
17201243  0.03830036148428917
17900137  0.038298048079013824
17100059  0.03829189017415047
17100062  0.038247425109148026
17201252  0.03822009265422821
17201245  0.03819623216986656
15700126  0.03808758035302162
17100151  0.03807596489787102
15700113  0.0380379781126976
17100101  0.03803090751171112
16700098  0.03800411894917488
16700097  0.037998199462890625
15700112  0.03799392282962799
17100113  0.03798459842801094
17200227  0.03798278793692589
17201199  0.037977639585733414
17201407  0.037951115518808365
17100128  0.03793637081980705
17201251  0.03792094066739082
17100110  0.037914954125881195
16700094  0.03788716718554497
17201406  0.03788086771965027
17201178  0.03781852871179581
17201397  0.037815578281879425
17200230  0.037803418934345245
15700140  0.037793681025505066
17201398  0.037785451859235764
17100065  0.037739988416433334
15700141  0.037734393030405045
17100068  0.03772836923599243
17100104  0.03768233209848404
17100107  0.0375046506524086
16700093  0.03731926530599594
18700334  0.03275265917181969
15300099  0.031520742923021317
13800427  0.028490940108895302
13800350  0.02848302759230137
12300044  0.028475923463702202
12100172  0.028435854241251945
13900122  0.028430627658963203
13800348  0.028424646705389023
13800408  0.028423262760043144
15300084  0.028418609872460365
13900309  0.028411507606506348
13800409  0.028406012803316116
13900310  0.02839452028274536
13800411  0.028392065316438675
12100158  0.02838820405304432
13101253  0.02838752791285515
13101189  0.02838730253279209
13101213  0.02838131971657276
12600074  0.028370743617415428
13800345  0.028361188247799873
13800289  0.028355611488223076
13101227  0.02835332602262497
13900149  0.028349969536066055
13800347  0.02834082953631878
14500076  0.028337808325886726
13101279  0.02832302451133728
13900150  0.02831529639661312
13101235  0.028313709422945976
13800346  0.028312362730503082
12300056  0.02831028401851654
13800255  0.028307782486081123
13800168  0.028306379914283752
13800169  0.028306374326348305
14700072  0.028303688392043114
13800410  0.02830284647643566
13800171  0.02829962596297264
13101277  0.028298670426011086
13101255  0.02829785831272602
13800344  0.028297772631049156
13900318  0.028294473886489868
13900306  0.028292357921600342
13800172  0.028285907581448555
12100169  0.02828415296971798
13101165  0.028276512399315834
13101164  0.028275804594159126
12100171  0.028273779898881912
13900313  0.02826799638569355
13900307  0.028267690911889076
13101193  0.028266170993447304
13101215  0.028265908360481262
12300052  0.028265736997127533
13800084  0.028260618448257446
13101233  0.02825835719704628
13101249  0.028255924582481384
13800170  0.02825056202709675
13100367  0.028246289119124413
13900321  0.028245124965906143
15200086  0.028244825080037117
13101195  0.028243768960237503
13900312  0.028243670240044594
13101225  0.028242645785212517
13900304  0.028240906074643135
13100366  0.02823711559176445
12100168  0.02823472209274769
13000099  0.02823391556739807
14700073  0.028233714401721954
13900151  0.028233392164111137
13101231  0.02822563797235489
14700085  0.028224878013134003
14700083  0.028218582272529602
13101261  0.02821648307144642
13900315  0.028213966637849808
13800151  0.028211409226059914
13800089  0.028206683695316315
13800173  0.028203215450048447
13900322  0.028199313208460808
13101243  0.02819879725575447
14700082  0.02819293737411499
13900319  0.02819281443953514
13100559  0.028191015124320984
12100164  0.028189867734909058
14700084  0.028183532878756523
13800174  0.02818123996257782
13100195  0.028180565685033798
15200087  0.028179803863167763
13100191  0.028173616155982018
13101280  0.028171414509415627
13900123  0.028171127662062645
13101185  0.028166232630610466
13101241  0.028164060786366463
13101187  0.028159968554973602
13101223  0.028157630935311317
15200090  0.028157606720924377
13800254  0.028156543150544167
12100167  0.028153881430625916
13101211  0.028145212680101395
14500077  0.028142143040895462
12600056  0.028141794726252556
13101263  0.028141221031546593
14100095  0.028141001239418983
13101247  0.028140584006905556
13101209  0.028139188885688782
13101183  0.028137903660535812
13101197  0.028137611225247383
13800152  0.028134141117334366
13101205  0.028133906424045563
13101265  0.028133900836110115
13800290  0.028132230043411255
13100349  0.028130458667874336
13101259  0.028129447251558304
13101237  0.02812824212014675
13800175  0.028127584606409073
13800288  0.02812310680747032
15300082  0.028123028576374054
13101173  0.028122590854763985
13000098  0.02812151610851288
13800160  0.028121184557676315
13101181  0.028120696544647217
13900316  0.028117751702666283
13900152  0.02811771258711815
12600075  0.028117287904024124
13101203  0.02811565436422825
13900140  0.028114650398492813
12600063  0.02811436913907528
13101170  0.028114063665270805
13700071  0.02811199240386486
13101161  0.028111668303608894
12100159  0.02811046876013279
14100093  0.02810586802661419
13100392  0.028105324134230614
14500064  0.028104325756430626
13101177  0.02810090035200119
13101167  0.02810039184987545
14500075  0.028095828369259834
14100094  0.028092041611671448
13800162  0.02808966301381588
13000137  0.028089268133044243
13000097  0.028087042272090912
12500121  0.028081927448511124
13800093  0.028081204742193222
12500129  0.028080858290195465
13100560  0.028080474585294724
13800291  0.028075551614165306
13800097  0.028072258457541466
13101221  0.028069207444787025
13800343  0.028069108724594116
13000100  0.02806023880839348
13900146  0.028059791773557663
13101179  0.028056098148226738
13101245  0.02805558405816555
13800256  0.028055265545845032
14500060  0.028051195666193962
13900154  0.028050407767295837
13800187  0.02804962918162346
13900303  0.02804405800998211
14100080  0.028039393946528435
13100389  0.02803511917591095
13101207  0.028033576905727386
13800113  0.028032533824443817
15200091  0.02803032472729683
13101160  0.028028985485434532
13100350  0.02802756428718567
12600059  0.028026919811964035
13101268  0.028024394065141678
13800133  0.028020698577165604
13101162  0.02801460213959217
13100390  0.028011556714773178
13800328  0.02801012434065342
13101150  0.028009895235300064
13800165  0.028009291738271713
13101172  0.028003079816699028
13101171  0.027997830882668495
14100090  0.027995744720101357
13101176  0.02799195423722267
13100556  0.027990305796265602
13101257  0.02798973023891449
13800114  0.02798832766711712
13800324  0.027987685054540634
13900139  0.027987491339445114
13900153  0.027987109497189522
13100383  0.02798677794635296
14100079  0.027985092252492905
13800323  0.02798403985798359
13000068  0.027970464900135994
14200213  0.027963899075984955
13100391  0.027960633859038353
12600076  0.02795896679162979
13000055  0.02795495092868805
13101163  0.027949022129178047
13100184  0.027948956936597824
13101219  0.027948491275310516
14500056  0.02794085629284382
13000135  0.027935851365327835
13100321  0.027931785210967064
13101199  0.02793102152645588
13900143  0.027920575812458992
13100718  0.027918221428990364
13101168  0.02791786380112171
13000136  0.027912715449929237
13100388  0.027898738160729408
13101283  0.027892783284187317
13800134  0.0278773233294487
13101159  0.027868803590536118
13800322  0.027867021039128304
12100161  0.02785690687596798
13800137  0.027815930545330048
13100387  0.027810754254460335
13100207  0.027798818424344063
13100719  0.02777680940926075
14100081  0.027775844559073448
13800139  0.027773557230830193
13101169  0.027762653306126595
13000059  0.02774902619421482
13000073  0.02774411253631115
13101153  0.0277273990213871
13800325  0.027711084112524986
13000063  0.02771056815981865
13100496  0.0277048721909523
13000132  0.0276807714253664
13101284  0.027669383212924004
13800138  0.027665864676237106
13000077  0.027653852477669716
13000130  0.02764640562236309
13101156  0.027640001848340034
13100504  0.02763303928077221
13100721  0.027627356350421906
13800321  0.02761557511985302
13100385  0.027602100744843483
13100497  0.02759297750890255
13100551  0.02758842147886753
13800306  0.027581853792071342
13000129  0.027581144124269485
13101286  0.027512678876519203
13100384  0.027493873611092567
13800326  0.027477066963911057
13000081  0.027450328692793846
13100500  0.027316007763147354
13000117  0.02725379914045334
19600326  0.021414505317807198
19500598  0.015873709693551064
18701486  0.01581980101764202
19600316  0.01580706052482128
18900211  0.01579931750893593
19500599  0.015798011794686317
19500581  0.015794971957802773
19500667  0.01579347439110279
19500597  0.015787338837981224
18701485  0.015781627967953682
19500595  0.01577606610953808
18700335  0.015772785991430283
19500583  0.01577090658247471
19500575  0.015763700008392334
18701616  0.0157608799636364
19500628  0.01575491949915886
19500580  0.01575479470193386
19600112  0.01575389876961708
19000528  0.01574854739010334
19100645  0.015744933858513832
19500626  0.015744756907224655
19501293  0.015743086114525795
18701487  0.01573948934674263
19500579  0.01573789305984974
19100649  0.015737855806946754
18900456  0.015737080946564674
19500876  0.015736112371087074
19500578  0.01573493890464306
19500185  0.015731431543827057
19100178  0.015730861574411392
19000141  0.015730103477835655
19000149  0.015713093802332878
19100642  0.015710778534412384
19100145  0.015710439532995224
19600115  0.01570935547351837
19100643  0.015706103295087814
19000137  0.01570514589548111
19000156  0.01569667086005211
19500633  0.015694594010710716
18900231  0.015692155808210373
19000527  0.015691449865698814
19500891  0.015691418200731277
19500596  0.015689637511968613
18900240  0.01568831130862236
18900164  0.01568750850856304
19500878  0.0156874880194664
19100641  0.01568729616701603
19600117  0.015685802325606346
18900162  0.015684152022004128
19500462  0.01568388007581234
18701488  0.01568147912621498
18700345  0.015681067481637
19600120  0.015680640935897827
19500666  0.015678249299526215
19500653  0.015674864873290062
19200051  0.015672855079174042
19000529  0.015670964494347572
19500665  0.015670958906412125
18700344  0.01566627249121666
19501213  0.015665898099541664
19500186  0.0156653244048357
19400064  0.01566513441503048
19000546  0.015664920210838318
19600295  0.01566336117684841
18701789  0.01566287688910961
19600119  0.01566043682396412
18701792  0.01566040702164173
19300054  0.01565965637564659
19100653  0.015658944845199585
18701732  0.015658341348171234
18701482  0.015658246353268623
19400063  0.01565723866224289
18900201  0.015655621886253357
19000792  0.015651581808924675
19500877  0.015651514753699303
19600118  0.015643993392586708
18900110  0.01564282737672329
18701848  0.01564047671854496
19600116  0.01563972793519497
19000145  0.01563965529203415
19600296  0.01563740149140358
19501214  0.015636153519153595
18701888  0.01563325524330139
18900457  0.015633057802915573
19300127  0.01563139818608761
19500169  0.015629608184099197
19501212  0.01562892645597458
19500880  0.015628375113010406
18900195  0.01562744379043579
19501297  0.01562657207250595
19100636  0.015625912696123123
19100655  0.015623778104782104
19100656  0.015622567385435104
19501270  0.015620315447449684
18700339  0.015619561076164246
18900158  0.015617947094142437
19000092  0.01561498548835516
19000502  0.015614356845617294
19100180  0.015613631345331669
19500884  0.015607417561113834
18700342  0.015606310218572617
18900198  0.015606215223670006
19000505  0.015605403110384941
18900450  0.015605374239385128
18900449  0.015604905784130096
18900453  0.015603587031364441
19000526  0.015603439882397652
19500602  0.015601631253957748
19000499  0.015601608902215958
19500604  0.01559913344681263
19501267  0.015596935525536537
18701733  0.015596629120409489
18900166  0.01559455692768097
18701729  0.015592200681567192
19501274  0.015591184608638287
19100189  0.015591050498187542
18900452  0.015590737573802471
18701617  0.015589852817356586
18701613  0.015588892623782158
19000804  0.015588291920721531
19100638  0.015587816946208477
19100637  0.015587635338306427
19600111  0.015586302615702152
18900180  0.015586074441671371
18701731  0.015584818087518215
18900191  0.015584585256874561
19600314  0.015581883490085602
19000545  0.015580802224576473
18701786  0.01558071281760931
19500636  0.015575909987092018
18900189  0.015575486235320568
18701785  0.015574329532682896
18701490  0.015571946278214455
18900193  0.015564361587166786
19100190  0.015563791617751122
19100144  0.015563324093818665
18701619  0.015562797896564007
18900118  0.015562132932245731
19300128  0.015559328719973564
18701842  0.015558511950075626
18701837  0.015558416023850441
18900184  0.015555815771222115
18900183  0.015555005520582199
19501290  0.015554076991975307
19500192  0.015553612262010574
18700336  0.015552420169115067
19500187  0.015551683492958546
18900249  0.01555003970861435
18900149  0.015548589639365673
18701844  0.015548252500593662
19000509  0.01554784458130598
18900136  0.015545289032161236
18701730  0.015545012429356575
19500168  0.015542538836598396
19500625  0.015539605170488358
19500428  0.015539299696683884
19500603  0.015538963489234447
19300129  0.015537855215370655
18701787  0.01553613506257534
18701726  0.015536016784608364
19100639  0.015535317361354828
19000211  0.015531591139733791
19600103  0.015531502664089203
18900190  0.015530336648225784
19600313  0.01553004514425993
18900192  0.015529134310781956
19000544  0.015528632327914238
19500637  0.01552598550915718
19501215  0.015525540336966515
19500652  0.015524126589298248
19500641  0.015522618778049946
18900451  0.015522181056439877
19500191  0.015521750785410404
19100191  0.015517818741500378
18900160  0.015516651794314384
18701841  0.015514552593231201
19501266  0.015509573742747307
18701828  0.015508065931499004
19501216  0.01550302840769291
19100319  0.015498524531722069
19100640  0.015494481660425663
18701840  0.015493389219045639
18900109  0.015492291189730167
19500253  0.0154919708147645
19600102  0.015485987067222595
18701781  0.01548584084957838
19501289  0.01547836884856224
19000210  0.015478260815143585
18900308  0.01547273900359869
19500605  0.01546838041394949
18900161  0.015468084253370762
18701734  0.015467711724340916
18701836  0.01546716783195734
18701889  0.015466992743313313
18701742  0.015465759672224522
18900120  0.015465033240616322
19100183  0.01546301506459713
19100322  0.015462405979633331
18701782  0.015461165457963943
18701618  0.015454001724720001
18900167  0.015435272827744484
18900178  0.0154335405677557
18900148  0.015423951670527458
19500190  0.015422023832798004
18700337  0.0154182817786932
19100323  0.015417180955410004
18701744  0.015399603173136711
18701835  0.015381762757897377
19501218  0.015368955209851265
18701831  0.015368104912340641
18900138  0.015361403115093708
18701890  0.015355518087744713
18701780  0.015336857177317142
19100325  0.01532457023859024
18900128  0.01532382145524025
18701735  0.015308295376598835
18701738  0.0153045654296875
18701745  0.01530334260314703
19500193  0.015296058729290962
18900146  0.015285584144294262
19100324  0.015270160511136055
19500188  0.015267414040863514
18900129  0.015261844731867313
19100184  0.015261680819094181
18900107  0.015260189771652222
18701893  0.015258347615599632
19500189  0.015252224169671535
18701778  0.015249445103108883
18701777  0.015234400518238544
19100185  0.015233885496854782
18701891  0.015225939452648163
18701832  0.015211554244160652
18701833  0.015202849172055721
19500194  0.015164433047175407
18701773  0.015114975161850452
18701892  0.015087097883224487
18701776  0.01507431361824274
2300311  0.01362779550254345
2300312  0.013602628372609615
2301202  0.013578719459474087
2500089  0.013578719459474087
1801574  0.013557192869484425
2300200  0.013539846986532211
1400316  0.013536540791392326
2300533  0.013536356389522552
2300306  0.01353559922426939
1800417  0.013535376638174057
2300304  0.013532709330320358
1400315  0.013529736548662186
2300309  0.013523463159799576
2100209  0.013519537635147572
1800263  0.013519392348825932
2300302  0.013517503626644611
2300305  0.013515654020011425
2301201  0.013514654710888863
1400318  0.01351134292781353
1800416  0.013507798314094543
2000395  0.013505643233656883
2000191  0.013504061847925186
2300307  0.013502550311386585
1400323  0.013500632718205452
2300301  0.013499856926500797
1800973  0.013498561456799507
2300204  0.013495158404111862
2000394  0.013491800986230373
2300846  0.013490855693817139
2300861  0.013490638695657253
1800421  0.01348930038511753
1800741  0.013487403281033039
2300968  0.01348616648465395
2300538  0.013485747389495373
2000375  0.01348376926034689
1800420  0.013482366688549519
2300308  0.01348219532519579
1400319  0.013481504283845425
2300626  0.013480794616043568
2300303  0.013476704247295856
2000396  0.013474377803504467
2300536  0.01347397267818451
1800394  0.013472279533743858
2300967  0.013471475802361965
1800820  0.013470841571688652
2100117  0.013470213860273361
2000374  0.013468616642057896
2000398  0.01346504408866167
2000142  0.013463187962770462
1800985  0.013462897390127182
2100110  0.013461016118526459
2300940  0.013458464294672012
1801573  0.013456983491778374
2300197  0.013456730172038078
1400334  0.013456553220748901
1400313  0.013455559499561787
2300971  0.013454989530146122
2300519  0.013454779982566833
2300518  0.013454565778374672
2300941  0.013451755978167057
1800972  0.013450135476887226
2300573  0.013448617421090603
2100113  0.013447972014546394
2000186  0.01344733964651823
1800395  0.013446789234876633
2300962  0.01344653032720089
2300313  0.013446307741105556
2100109  0.013444827869534492
2300966  0.013444537296891212
2000403  0.013444309122860432
1800385  0.013443791307508945
2000195  0.013442153111100197
2300449  0.013441381976008415
1401030  0.013439921662211418
2100277  0.013437114655971527
1400312  0.013436936773359776
2300965  0.013436703011393547
2300553  0.013435596600174904
1800405  0.01343483291566372
1400436  0.013433346524834633
2300566  0.013433000072836876
1400314  0.013432968407869339
2000139  0.013431641273200512
2000257  0.013430282473564148
2300537  0.013430137187242508
1801583  0.013429208658635616
1800411  0.013428823091089725
2100114  0.013428457081317902
2300853  0.013428027741611004
2100116  0.013422287069261074
1400797  0.013420921750366688
1400324  0.013420410454273224
1800259  0.013420265167951584
2300273  0.013419968076050282
1400311  0.01341822650283575
1801514  0.01341814361512661
2300575  0.013418075628578663
1400333  0.013417425565421581
1800266  0.0134171973913908
2300859  0.013416711241006851
2000397  0.01341529842466116
1800393  0.013412181288003922
2300642  0.013411278836429119
2300543  0.013409833423793316
2100212  0.013408906757831573
2300574  0.013408786617219448
1801516  0.013407077640295029
2000261  0.013406642712652683
1801515  0.01340575236827135
1400435  0.013403904624283314
2000254  0.013403848744928837
2300539  0.013403343968093395
1400796  0.013402573764324188
2300317  0.013402026146650314
1800412  0.01340201310813427
2000183  0.013401880860328674
1400320  0.013398886658251286
2300315  0.01339681912213564
2300207  0.013394998386502266
1800428  0.013394896872341633
2300624  0.013392943888902664
1800410  0.01339215599000454
1800384  0.013391898013651371
1401224  0.013388999737799168
1401225  0.013388331979513168
2100111  0.013387476094067097
2000180  0.013386594131588936
2000199  0.013385755941271782
1800402  0.013385366648435593
1800427  0.013384705409407616
1800430  0.01338337641209364
1400322  0.013382445089519024
2300216  0.01338239386677742
2300980  0.013380669057369232
1400331  0.013380108401179314
1800738  0.013379145413637161
1801585  0.013378692790865898
1800407  0.013377773575484753
2100115  0.013377062045037746
1400307  0.013376087881624699
1400329  0.013375778682529926
1400310  0.013375545851886272
1801523  0.013375256210565567
1800256  0.013374602422118187
1400792  0.01337408646941185
1400180  0.013372217305004597
1800408  0.013371595181524754
1401228  0.013371330685913563
1801572  0.013370928354561329
2300854  0.013370449654757977
2000203  0.013369983993470669
1400328  0.013369348831474781
2100255  0.013369129039347172
1800406  0.013367009349167347
1801584  0.013366783037781715
1800424  0.013365386985242367
1400434  0.013363847509026527
2000108  0.013362979516386986
2300979  0.013361708261072636
2100112  0.013359823264181614
1400327  0.01335446909070015
2000207  0.013353100046515465
1800400  0.01335203181952238
1400765  0.01335193868726492
1400325  0.013349645771086216
2300229  0.013349085114896297
1400431  0.013349010609090328
2300644  0.013346555642783642
1800409  0.01334450300782919
1401043  0.013342367485165596
1400335  0.013341004960238934
2300270  0.013339762575924397
1400330  0.013338319957256317
1400438  0.01333695836365223
2000258  0.013336329720914364
1400795  0.013334359973669052
2000204  0.01333429105579853
1800399  0.013332460075616837
2300320  0.013329548761248589
2300643  0.013328013010323048
2000259  0.013327724300324917
2300225  0.013326101005077362
1800570  0.013325140811502934
1800426  0.01332396175712347
1800386  0.013323510996997356
2000202  0.013320044614374638
2000097  0.013313804753124714
2300858  0.0133136548101902
1800725  0.013313486240804195
2300318  0.013311763294041157
2000205  0.013311187736690044
2300618  0.01330918911844492
1800377  0.013307642191648483
1400309  0.013306215405464172
1800389  0.013303379528224468
1400761  0.0133020905777812
2300620  0.013296196237206459
1400177  0.01329534500837326
1400770  0.01329174917191267
1401223  0.013284302316606045
1401044  0.013278628699481487
2300619  0.013272863812744617
1400460  0.013266763649880886
1800379  0.01325973030179739
1800397  0.01325481478124857
1400170  0.013254066929221153
1400143  0.013251902535557747
1800311  0.013245955109596252
1400341  0.013237039558589458
2300299  0.013233316130936146
1400147  0.013220643624663353
2100254  0.013212167657911777
1400167  0.013206369243562222
2100213  0.013204460963606834
1400337  0.013201547786593437
2000105  0.013201305642724037
1400465  0.013192202895879745
1400339  0.013179197907447815
1401236  0.013177759014070034
2000201  0.013170052319765091
1401237  0.013162940740585327
2100280  0.013161634095013142
1800314  0.013158971443772316
1401222  0.0131534980610013
2100251  0.013145522214472294
1400463  0.013141501694917679
2000200  0.013135381042957306
2000101  0.013129807077348232
1400163  0.013119659386575222
2100281  0.013111086562275887
1401045  0.013102451339364052
1401188  0.013097071088850498
1400464  0.013095153495669365
1400157  0.013095135800540447
1401187  0.013091080822050571
1400154  0.013062133453786373
1400150  0.0130307637155056
2500090  0.009117689915001392
5601425  0.008804240263998508
5600989  0.008799202740192413
5601242  0.008794720284640789
6900060  0.008794425055384636
5600990  0.008781212382018566
2600122  0.008776993490755558
5601604  0.008773193694651127
5601032  0.008770921267569065
2500128  0.008768189698457718
5600502  0.008768074214458466
4700061  0.008767692372202873
5601764  0.008766056038439274
5602102  0.008763235062360764
6600061  0.008762013167142868
2600128  0.008758717216551304
5600275  0.008757263422012329
2500129  0.00875707808881998
5600993  0.008757003583014011
5600563  0.008756609633564949
4800191  0.008754483424127102
5600279  0.008752327412366867
5600428  0.00875154510140419
6500084  0.008750693872570992
6500061  0.008749584667384624
5600559  0.008749349042773247
5600561  0.008748824708163738
5200077  0.00874794740229845
5600272  0.008747926913201809
5602103  0.008747910149395466
6600072  0.008747546002268791
4800123  0.008746079169213772
4600060  0.008744913153350353
4800187  0.008742140606045723
4000095  0.0087419543415308
5200076  0.008739644661545753
6500073  0.008738715201616287
5602104  0.008738450706005096
5600268  0.008738442324101925
5900063  0.008738021366298199
5601605  0.008736158721148968
4700060  0.00873599387705326
5601715  0.008735403418540955
5600438  0.008734692819416523
2800082  0.008733276277780533
4800192  0.008732711896300316
6500085  0.00873235147446394
6600057  0.008730899542570114
5600582  0.008730882778763771
5600562  0.00873078778386116
4900076  0.008730404078960419
5600570  0.008730313740670681
5600553  0.008729537948966026
5600569  0.008728361688554287
6500069  0.008727755397558212
5600567  0.008727297186851501
2500126  0.008727289736270905
5900065  0.008727256208658218
6300073  0.00872719008475542
6500086  0.008726711384952068
4800124  0.00872643943876028
6000063  0.008725836873054504
5600441  0.008725164458155632
4800188  0.008724826388061047
4600059  0.008724554441869259
5600358  0.008723866194486618
2900061  0.008723631501197815
4900077  0.00872353557497263
5600568  0.0087225791066885
5200078  0.008721631020307541
6000062  0.008721540682017803
6500065  0.008721433579921722
2500122  0.008721239864826202
5600580  0.00872085615992546
5600565  0.00872072484344244
5600574  0.008720505982637405
6200064  0.008718465454876423
6000061  0.008718444965779781
5600422  0.008717418648302555
4800184  0.008716871030628681
4800102  0.008716422133147717
5601767  0.008716253563761711
5600573  0.008716059848666191
5601714  0.008716014213860035
5601838  0.008715840987861156
3900091  0.008715441450476646
5600361  0.008715433068573475
5600577  0.008715161122381687
5600578  0.008714905939996243
5600571  0.008714567869901657
3100132  0.008713546209037304
6200066  0.008713209070265293
2800081  0.00871279276907444
3100131  0.008712631650269032
2900057  0.008712311275303364
4500058  0.008711964823305607
4800125  0.00871056504547596
2500127  0.008710223250091076
5600558  0.008710215799510479
4900078  0.008709490299224854
6100069  0.008708168752491474
2800080  0.008707180619239807
5601837  0.008707164786756039
2900078  0.008706399239599705
3300079  0.008706164546310902
5601836  0.00870583951473236
5600587  0.008704876527190208
6100114  0.008704551495611668
3300080  0.008704309351742268
2800061  0.008704275824129581
3300134  0.008703375235199928
5900064  0.008703021332621574
6600073  0.008701901882886887
4300084  0.008701741695404053
2800057  0.008701429702341557
5600575  0.008701251819729805
6200065  0.008701239712536335
3100126  0.008700989186763763
6100070  0.008700442500412464
2900076  0.008698513731360435
5600557  0.008698110468685627
6100113  0.008697926066815853
4000085  0.008697407320141792
5601606  0.00869736634194851
6100131  0.008696761913597584
6600074  0.008696215227246284
5600265  0.00869605503976345
5600404  0.00869548786431551
2500114  0.00869494117796421
4300082  0.008694460615515709
5600542  0.00869390182197094
5600355  0.008693474344909191
5600539  0.008693140931427479
4000059  0.008692816831171513
4900057  0.008692574687302113
4900061  0.008692467585206032
4300081  0.008692225441336632
3900108  0.008692155592143536
4900065  0.008690906688570976
4500059  0.00869006384164095
4800121  0.008688889443874359
3900107  0.008687546476721764
4800116  0.008687447756528854
3300078  0.008687373250722885
5601768  0.008687238208949566
4800122  0.008686971850693226
2900065  0.008686010725796223
4300083  0.008685874752700329
4800103  0.00868456531316042
4300059  0.008684249594807625
6100132  0.008680694736540318
5600556  0.00868023931980133
3100113  0.00868009589612484
6300072  0.00867969449609518
5601713  0.008679571561515331
4300063  0.008679439313709736
3100111  0.008679292164742947
2800069  0.008677523583173752
3100161  0.0086772246286273
4800120  0.008676535449922085
5600554  0.00867596548050642
4800117  0.008675402961671352
3100123  0.00867509562522173
2500115  0.008674887008965015
3100163  0.008674525655806065
3100133  0.008674509823322296
5601769  0.00867405440658331
2900077  0.008674005046486855
2800065  0.008672422729432583
3900095  0.008672245778143406
6100093  0.008671651594340801
5600572  0.008670737966895103
5601833  0.008669991977512836
3300135  0.008669639937579632
5600552  0.00866857822984457
4800065  0.00866820476949215
6100096  0.008668176829814911
5600547  0.008667077869176865
4100060  0.008665206842124462
4000058  0.008664923720061779
2500118  0.008664481341838837
3100166  0.008663957007229328
4000096  0.008662912994623184
5600546  0.008662642911076546
4800181  0.008661631494760513
3900106  0.008660980500280857
5601710  0.008660915307700634
5600544  0.008659420534968376
6300071  0.008652317337691784
4100059  0.00865023210644722
6100095  0.00864917691797018
6100094  0.008647844195365906
5600541  0.008647255599498749
4000107  0.008647218346595764
3100162  0.008644990622997284
5600550  0.008643311448395252
3100109  0.008640460669994354
5600583  0.008639508858323097
3900063  0.008639312349259853
3100077  0.008634515106678009
3100095  0.00863413605839014
5600540  0.008633192628622055
3900071  0.008631152100861073
5600261  0.00863111112266779
3100078  0.008627383038401604
3100110  0.008626050315797329
3100086  0.008624699898064137
3900079  0.008622161112725735
5600589  0.008621284738183022
3900075  0.008615666069090366
3900087  0.00861470028758049
3100149  0.008612961508333683
3400059  0.008612713776528835
5600444  0.008611699566245079
5600586  0.008609171956777573
3900067  0.008606295101344585
5600548  0.008601137436926365
3100087  0.008600316941738129
5600590  0.008600239641964436
5600584  0.008595849387347698
3100139  0.0085955411195755
5600447  0.008595450781285763
3400069  0.008594480343163013
5600549  0.008593627251684666
5600591  0.008593534119427204
3900083  0.008593407459557056
5600585  0.008591112680733204
3100098  0.008588862605392933
3100140  0.00858299434185028
3100141  0.008568491786718369
3400056  0.008547045290470123
3100096  0.00854471419006586
3400070  0.008542641997337341
3400071  0.008542271330952644
3100071  0.008534391410648823
3100097  0.00852841418236494
3100068  0.008522186428308487
