10600730  1.0
10600734  1.0
10600737  1.0
10600738  1.0
10600750  1.0
10600751  1.0
10600752  1.0
10600757  1.0
10600761  1.0
10600764  1.0
10600765  1.0
10600766  1.0
10600770  1.0
10600771  1.0
10600774  1.0
10600800  1.0
10600801  1.0
10600802  1.0
10600803  1.0
10801593  1.0
10801594  1.0
10801595  1.0
10801597  1.0
10801616  1.0
10801617  1.0
10801618  1.0
10801619  1.0
10801620  1.0
10801748  1.0
10801749  1.0
10801750  1.0
10600463  0.9899328859060402
10600464  0.9899328859060402
8200146  0.9884579810633677
10600450  0.9884579810633677
10600451  0.9884579810633677
10600437  0.9800217785037306
10600438  0.9800217785037306
10600592  0.9764365112362607
10600593  0.9764365112362607
10600605  0.9764365112362607
10600606  0.9764365112362607
10600607  0.9764365112362607
10600608  0.9764365112362607
10600609  0.9764365112362607
10600611  0.9764365112362607
11001062  0.9764365112362607
11001063  0.9764365112362607
11001064  0.9764365112362607
11001065  0.9764365112362607
11001066  0.9764365112362607
11001067  0.9764365112362607
11001068  0.9764365112362607
11001069  0.9764365112362607
11001070  0.9764365112362607
11001073  0.9764365112362607
11001074  0.9764365112362607
11001529  0.9764365112362607
10600591  0.9731543624161074
10600599  0.9731543624161074
10600411  0.9701478545906633
10600412  0.9701478545906633
10600424  0.9701478545906633
10600425  0.9701478545906633
10600779  0.969568507885157
10600782  0.969568507885157
10600783  0.969568507885157
10600398  0.968042828721433
10600399  0.968042828721433
10600530  0.9375798884349217
10600531  0.9375798884349217
8200128  0.9362000791686006
10600534  0.9362000791686006
10600536  0.9362000791686006
10600537  0.9362000791686006
10600538  0.9362000791686006
10600539  0.9362000791686006
11001051  0.9362000791686006
11001052  0.9362000791686006
11001053  0.9362000791686006
11001054  0.9362000791686006
11001055  0.9362000791686006
11001056  0.9362000791686006
11001057  0.9362000791686006
11001058  0.9362000791686006
11001059  0.9362000791686006
11001060  0.9362000791686006
8200087  0.9348263439030439
8200088  0.9348263439030439
8200089  0.9348263439030439
8200090  0.9348263439030439
8200091  0.9348263439030439
8200092  0.9348263439030439
10600123  0.9348263439030439
10600124  0.9348263439030439
10600125  0.9348263439030439
10600786  0.9348263439030439
10600787  0.9348263439030439
10600788  0.9348263439030439
10600789  0.9348263439030439
10600790  0.9348263439030439
10600795  0.9348263439030439
10600798  0.9348263439030439
10600799  0.9348263439030439
10600805  0.9348263439030439
10600806  0.9348263439030439
10600808  0.9348263439030439
10600811  0.9348263439030439
10600816  0.9348263439030439
10600822  0.9348263439030439
10600823  0.9348263439030439
10701764  0.9348263439030439
10701765  0.9348263439030439
10701766  0.9348263439030439
10701768  0.9348263439030439
10701770  0.9348263439030439
10701773  0.9348263439030439
10701777  0.9348263439030439
10701780  0.9348263439030439
10701783  0.9348263439030439
10701835  0.9348263439030439
10701836  0.9348263439030439
10701837  0.9348263439030439
10701838  0.9348263439030439
10701839  0.9348263439030439
10701842  0.9348263439030439
10701846  0.9348263439030439
10701847  0.9348263439030439
10701848  0.9348263439030439
10701851  0.9348263439030439
10701855  0.9348263439030439
10801600  0.93406810323258
10600652  0.9304685981163131
10600500  0.9268621306817538
10600501  0.9268621306817538
10600101  0.9253765931124797
10600102  0.9253765931124797
10600103  0.9253765931124797
10600171  0.9253765931124797
10600172  0.9253765931124797
10600173  0.9253765931124797
10600174  0.9253765931124797
10600175  0.9253765931124797
10600176  0.9253765931124797
10600177  0.9253765931124797
10600181  0.9253765931124797
10600182  0.9253765931124797
10600183  0.9253765931124797
10600184  0.9253765931124797
11300065  0.9214083180602419
11300066  0.9214083180602419
11300085  0.9214083180602419
11100857  0.9126019716872157
11100858  0.9126019716872157
11100859  0.9126019716872157
10600555  0.9124362609435164
10600552  0.9106730974390953
10901539  0.9078768214577032
10901542  0.9078768214577032
10901543  0.9078768214577032
10901544  0.9078768214577032
10600228  0.9060311081187808
10600231  0.9060311081187808
10600232  0.9060311081187808
10600233  0.9060311081187808
10600234  0.9060311081187808
4600056  0.6896987152304299
4600058  0.6896987152304299
4600059  0.6896987152304299
4600060  0.6896987152304299
4600061  0.6896987152304299
4600062  0.6896987152304299
4600063  0.6896987152304299
4600064  0.6896987152304299
4600065  0.6896987152304299
4600595  0.6896987152304299
4600596  0.6896987152304299
4600597  0.6896987152304299
4600598  0.6896987152304299
4600599  0.6896987152304299
1600060  0.6439470738098751
1600062  0.6439470738098751
1600064  0.6439470738098751
1600066  0.6439470738098751
1600068  0.6439470738098751
1600070  0.6439470738098751
1600072  0.6439470738098751
1600074  0.6439470738098751
1600076  0.6439470738098751
1600078  0.6439470738098751
1600080  0.6439470738098751
1600082  0.6439470738098751
1600094  0.6439470738098751
1600095  0.6439470738098751
1600096  0.6439470738098751
11400259  0.6439470738098751
11400260  0.6439470738098751
11400261  0.6439470738098751
4500093  0.6252003016401537
4500113  0.6252003016401537
4500114  0.6252003016401537
4500115  0.6252003016401537
4500201  0.6252003016401537
4500204  0.6252003016401537
4500207  0.6252003016401537
4500208  0.6252003016401537
4500209  0.6252003016401537
4500412  0.6252003016401537
4500413  0.6252003016401537
4500415  0.6252003016401537
4500416  0.6252003016401537
4500420  0.6252003016401537
4500423  0.6252003016401537
4500426  0.6252003016401537
4500427  0.6252003016401537
4500428  0.6252003016401537
4500440  0.6252003016401537
4500443  0.6252003016401537
4500445  0.6252003016401537
4500455  0.6252003016401537
4500457  0.6252003016401537
4500459  0.6252003016401537
4500463  0.6252003016401537
4500466  0.6252003016401537
4500470  0.6252003016401537
4500511  0.6252003016401537
4500512  0.6252003016401537
4500514  0.6252003016401537
4500515  0.6252003016401537
4500526  0.6252003016401537
4500528  0.6252003016401537
4500529  0.6252003016401537
4500539  0.6252003016401537
4500541  0.6252003016401537
4500542  0.6252003016401537
4500545  0.6252003016401537
4500685  0.6252003016401537
4500686  0.6252003016401537
4500689  0.6252003016401537
4500690  0.6252003016401537
4500701  0.6252003016401537
6601166  0.6252003016401537
6601176  0.6252003016401537
6601177  0.6252003016401537
6601178  0.6252003016401537
6601179  0.6252003016401537
6601180  0.6252003016401537
6700038  0.6252003016401537
6700039  0.6252003016401537
6700040  0.6252003016401537
6700041  0.6252003016401537
6700042  0.6252003016401537
6700088  0.6252003016401537
6700089  0.6252003016401537
7200482  0.6252003016401537
7200504  0.6252003016401537
7200505  0.6252003016401537
7200509  0.6252003016401537
7200510  0.6252003016401537
7200511  0.6252003016401537
7200512  0.6252003016401537
7200513  0.6252003016401537
7200514  0.6252003016401537
7200515  0.6252003016401537
7300095  0.6252003016401537
7300098  0.6252003016401537
7300110  0.6252003016401537
7300119  0.6252003016401537
7300183  0.6252003016401537
7300184  0.6252003016401537
7300187  0.6252003016401537
7300188  0.6252003016401537
7300192  0.6252003016401537
7300193  0.6252003016401537
7300194  0.6252003016401537
7300195  0.6252003016401537
7300196  0.6252003016401537
7300200  0.6252003016401537
7300201  0.6252003016401537
7300202  0.6252003016401537
7300203  0.6252003016401537
7300204  0.6252003016401537
7300205  0.6252003016401537
7300209  0.6252003016401537
7401341  0.6252003016401537
7401342  0.6252003016401537
7401343  0.6252003016401537
7401344  0.6252003016401537
7401347  0.6252003016401537
7401348  0.6252003016401537
7401349  0.6252003016401537
7401350  0.6252003016401537
7401351  0.6252003016401537
7401353  0.6252003016401537
7401354  0.6252003016401537
7401355  0.6252003016401537
7401356  0.6252003016401537
7401359  0.6252003016401537
7401360  0.6252003016401537
7401364  0.6252003016401537
7401367  0.6252003016401537
7401370  0.6252003016401537
7401371  0.6252003016401537
7401372  0.6252003016401537
7401375  0.6252003016401537
7401500  0.6252003016401537
7401501  0.6252003016401537
7401502  0.6252003016401537
7401503  0.6252003016401537
7401504  0.6252003016401537
7401505  0.6252003016401537
7401506  0.6252003016401537
7500039  0.6252003016401537
7500042  0.6252003016401537
7500045  0.6252003016401537
7500048  0.6252003016401537
7500061  0.6252003016401537
7500062  0.6252003016401537
7500068  0.6252003016401537
7500071  0.6252003016401537
7500087  0.6252003016401537
7500088  0.6252003016401537
7500089  0.6252003016401537
7500090  0.6252003016401537
7700037  0.6252003016401537
7700039  0.6252003016401537
7700040  0.6252003016401537
7700087  0.6252003016401537
7800740  0.6252003016401537
7800747  0.6252003016401537
7800748  0.6252003016401537
7800749  0.6252003016401537
7800750  0.6252003016401537
7800751  0.6252003016401537
7900082  0.6252003016401537
7900083  0.6252003016401537
7900106  0.6252003016401537
7900107  0.6252003016401537
7900110  0.6252003016401537
7900111  0.6252003016401537
7900114  0.6252003016401537
7900115  0.6252003016401537
7900117  0.6252003016401537
7900118  0.6252003016401537
7900121  0.6252003016401537
7900123  0.6252003016401537
7900124  0.6252003016401537
7900136  0.6252003016401537
7900140  0.6252003016401537
7900141  0.6252003016401537
7900145  0.6252003016401537
7900147  0.6252003016401537
7900150  0.6252003016401537
7900152  0.6252003016401537
7900153  0.6252003016401537
7900154  0.6252003016401537
7900155  0.6252003016401537
7900174  0.6252003016401537
7900196  0.6252003016401537
7900199  0.6252003016401537
7900200  0.6252003016401537
7900201  0.6252003016401537
7900205  0.6252003016401537
7900214  0.6252003016401537
7900224  0.6252003016401537
7900226  0.6252003016401537
7900227  0.6252003016401537
7900228  0.6252003016401537
7900229  0.6252003016401537
7900236  0.6252003016401537
7900237  0.6252003016401537
7900240  0.6252003016401537
7900252  0.6252003016401537
7900253  0.6252003016401537
7900255  0.6252003016401537
7900258  0.6252003016401537
7900260  0.6252003016401537
7900262  0.6252003016401537
7900263  0.6252003016401537
7900274  0.6252003016401537
7900275  0.6252003016401537
7900276  0.6252003016401537
7900277  0.6252003016401537
7900281  0.6252003016401537
7900282  0.6252003016401537
7900284  0.6252003016401537
7900287  0.6252003016401537
7900289  0.6252003016401537
10801702  0.4373501660971845
10801703  0.4373501660971845
10801705  0.4373501660971845
10801709  0.4373501660971845
10801710  0.4373501660971845
10801712  0.4373501660971845
10801713  0.4373501660971845
10801714  0.4373501660971845
10801715  0.4373501660971845
10801716  0.4373501660971845
10801727  0.4373501660971845
10801728  0.4373501660971845
10801730  0.4373501660971845
11001212  0.4373501660971845
11001213  0.4373501660971845
11001215  0.4334967855558427
11001236  0.4334967855558427
10801734  0.429608843471898
10801739  0.429608843471898
1600114  0.42796592166916975
1600123  0.42796592166916975
1600132  0.42796592166916975
1600151  0.4275936154467463
1600160  0.4262913510177094
8200338  0.4262762125617299
10701822  0.4262762125617299
10701823  0.4262762125617299
10701827  0.4262762125617299
10701828  0.4262762125617299
10701829  0.4262762125617299
10701831  0.4262762125617299
11001184  0.4262762125617299
11001187  0.4262762125617299
11001191  0.4262762125617299
11001208  0.4262762125617299
11001209  0.4262762125617299
10801744  0.4256853928563619
8200335  0.4227677067044085
11001228  0.4223319028330782
11001235  0.4223319028330782
11001242  0.4223319028330782
11001243  0.4223319028330782
11001244  0.4223319028330782
11001245  0.4223319028330782
11001288  0.4223319028330782
11001336  0.42179777359059073
3800465  0.4143317363025959
3800466  0.4143317363025959
11001246  0.4143317363025959
11001248  0.4143317363025959
11001269  0.4143317363025959
11001270  0.4143317363025959
11001285  0.4143317363025959
11001286  0.4143317363025959
11001292  0.4143317363025959
11001300  0.4143317363025959
11001333  0.4143317363025959
11001335  0.4143317363025959
11001339  0.4143317363025959
11001349  0.4143317363025959
11001498  0.4143317363025959
11001526  0.4143317363025959
3800484  0.410744381020791
1600178  0.4077126080121342
1600187  0.4073510003063898
3800486  0.4072486205890397
3800477  0.403840622426902
3800478  0.403840622426902
4600650  0.39426905188510325
3900114  0.39262282735948806
4600648  0.39262282735948806
4600649  0.39262282735948806
11100883  0.3885958201131299
11100884  0.3885958201131299
11100885  0.3885958201131299
11100887  0.3885958201131299
11100888  0.3885958201131299
11100892  0.3885958201131299
11001218  0.38425383109529226
11001222  0.38425383109529226
11100889  0.38425383109529226
3300252  0.38364049657647764
10901565  0.3802379437965301
10901566  0.3802379437965301
4200133  0.3788830796271486
1000047  0.37676836685317616
1000048  0.37676836685317616
1000051  0.37676836685317616
1000052  0.37676836685317616
1000066  0.37676836685317616
1100030  0.37676836685317616
1200054  0.37676836685317616
1200055  0.37676836685317616
1200058  0.37676836685317616
1200061  0.37676836685317616
1200062  0.37676836685317616
1200070  0.37676836685317616
1200086  0.37676836685317616
1300050  0.37676836685317616
1300051  0.37676836685317616
1300054  0.37676836685317616
1300055  0.37676836685317616
1300058  0.37676836685317616
1300069  0.37676836685317616
1400033  0.37676836685317616
1500038  0.37676836685317616
1500044  0.37676836685317616
1500045  0.37676836685317616
1500062  0.37676836685317616
1500071  0.37676836685317616
1500080  0.37676836685317616
1600141  0.37676836685317616
1600169  0.37676836685317616
1600196  0.37676836685317616
1600205  0.37676836685317616
1700046  0.37676836685317616
1700047  0.37676836685317616
1700058  0.37676836685317616
1700059  0.37676836685317616
1700073  0.37676836685317616
1700075  0.37676836685317616
1700079  0.37676836685317616
1700081  0.37676836685317616
1700082  0.37676836685317616
1700086  0.37676836685317616
1700087  0.37676836685317616
1700091  0.37676836685317616
1700174  0.37676836685317616
1700183  0.37676836685317616
1900072  0.37676836685317616
1900075  0.37676836685317616
1900078  0.37676836685317616
1900081  0.37676836685317616
1900084  0.37676836685317616
1900087  0.37676836685317616
1900090  0.37676836685317616
1900093  0.37676836685317616
1900096  0.37676836685317616
1900099  0.37676836685317616
1900102  0.37676836685317616
1900105  0.37676836685317616
1900109  0.37676836685317616
1900112  0.37676836685317616
1900115  0.37676836685317616
1900118  0.37676836685317616
1900121  0.37676836685317616
1900124  0.37676836685317616
1900127  0.37676836685317616
1900130  0.37676836685317616
1900133  0.37676836685317616
1900136  0.37676836685317616
1900139  0.37676836685317616
1900152  0.37676836685317616
1900153  0.37676836685317616
1900154  0.37676836685317616
1900163  0.37676836685317616
1900172  0.37676836685317616
1900181  0.37676836685317616
1900190  0.37676836685317616
1900199  0.37676836685317616
1900208  0.37676836685317616
1900217  0.37676836685317616
1900226  0.37676836685317616
1900235  0.37676836685317616
1900244  0.37676836685317616
1900253  0.37676836685317616
1900263  0.37676836685317616
1900272  0.37676836685317616
1900281  0.37676836685317616
1900290  0.37676836685317616
1900299  0.37676836685317616
1900308  0.37676836685317616
1900317  0.37676836685317616
1900326  0.37676836685317616
1900335  0.37676836685317616
1900344  0.37676836685317616
1900353  0.37676836685317616
1900362  0.37676836685317616
2000047  0.37676836685317616
2000048  0.37676836685317616
2000051  0.37676836685317616
2000052  0.37676836685317616
2100052  0.37676836685317616
2100053  0.37676836685317616
2100056  0.37676836685317616
2100059  0.37676836685317616
2100060  0.37676836685317616
2200043  0.37676836685317616
2200044  0.37676836685317616
2200045  0.37676836685317616
2200054  0.37676836685317616
2200063  0.37676836685317616
2300048  0.37676836685317616
2300050  0.37676836685317616
2300054  0.37676836685317616
2300055  0.37676836685317616
2300059  0.37676836685317616
2300060  0.37676836685317616
2300150  0.37676836685317616
2300154  0.37676836685317616
2500055  0.37676836685317616
2500056  0.37676836685317616
2500057  0.37676836685317616
2500058  0.37676836685317616
2500137  0.37676836685317616
2600052  0.37676836685317616
2600054  0.37676836685317616
2600058  0.37676836685317616
2600059  0.37676836685317616
2600062  0.37676836685317616
2600066  0.37676836685317616
2600067  0.37676836685317616
2600076  0.37676836685317616
2600077  0.37676836685317616
2600087  0.37676836685317616
2600088  0.37676836685317616
2600089  0.37676836685317616
2600090  0.37676836685317616
2600148  0.37676836685317616
2600158  0.37676836685317616
2700056  0.37676836685317616
2700058  0.37676836685317616
2700062  0.37676836685317616
2700063  0.37676836685317616
2700066  0.37676836685317616
2700070  0.37676836685317616
2700072  0.37676836685317616
2700073  0.37676836685317616
2700075  0.37676836685317616
2700076  0.37676836685317616
2700078  0.37676836685317616
2700079  0.37676836685317616
2700080  0.37676836685317616
2700182  0.37676836685317616
2800057  0.37676836685317616
2800059  0.37676836685317616
2800063  0.37676836685317616
2800064  0.37676836685317616
2800065  0.37676836685317616
2800069  0.37676836685317616
2800070  0.37676836685317616
2900049  0.37676836685317616
2900050  0.37676836685317616
2900051  0.37676836685317616
2900053  0.37676836685317616
2900055  0.37676836685317616
2900056  0.37676836685317616
2900057  0.37676836685317616
2900059  0.37676836685317616
2900070  0.37676836685317616
2900071  0.37676836685317616
2900072  0.37676836685317616
2900092  0.37676836685317616
3000151  0.37676836685317616
3000152  0.37676836685317616
3000153  0.37676836685317616
3100045  0.37676836685317616
3100046  0.37676836685317616
3100049  0.37676836685317616
3600063  0.37676836685317616
3700443  0.37676836685317616
3700444  0.37676836685317616
3700445  0.37676836685317616
3700446  0.37676836685317616
3700447  0.37676836685317616
3700451  0.37676836685317616
3700456  0.37676836685317616
4200063  0.37676836685317616
4200065  0.37676836685317616
4200066  0.37676836685317616
4200067  0.37676836685317616
4200068  0.37676836685317616
4200122  0.37676836685317616
4200123  0.37676836685317616
4200169  0.37676836685317616
4200171  0.37676836685317616
4200173  0.37676836685317616
4200175  0.37676836685317616
4200178  0.37676836685317616
4200180  0.37676836685317616
4300099  0.37676836685317616
4300100  0.37676836685317616
4300101  0.37676836685317616
4300102  0.37676836685317616
4300103  0.37676836685317616
4300156  0.37676836685317616
4300160  0.37676836685317616
4300164  0.37676836685317616
4300168  0.37676836685317616
4300172  0.37676836685317616
4300176  0.37676836685317616
4300180  0.37676836685317616
4300184  0.37676836685317616
4300188  0.37676836685317616
4300192  0.37676836685317616
4300196  0.37676836685317616
4300200  0.37676836685317616
4300204  0.37676836685317616
4300208  0.37676836685317616
4300212  0.37676836685317616
4300216  0.37676836685317616
4300220  0.37676836685317616
4300224  0.37676836685317616
4300228  0.37676836685317616
4300232  0.37676836685317616
4300236  0.37676836685317616
4300240  0.37676836685317616
4300244  0.37676836685317616
4300248  0.37676836685317616
4300252  0.37676836685317616
4300256  0.37676836685317616
4300260  0.37676836685317616
4300264  0.37676836685317616
4300268  0.37676836685317616
4300272  0.37676836685317616
4300276  0.37676836685317616
4300280  0.37676836685317616
4300284  0.37676836685317616
4300288  0.37676836685317616
4300292  0.37676836685317616
4300308  0.37676836685317616
4300319  0.37676836685317616
4300320  0.37676836685317616
4300321  0.37676836685317616
4300323  0.37676836685317616
4300327  0.37676836685317616
4300328  0.37676836685317616
4300329  0.37676836685317616
4300330  0.37676836685317616
4300331  0.37676836685317616
4300332  0.37676836685317616
4300333  0.37676836685317616
4300334  0.37676836685317616
4300335  0.37676836685317616
4300336  0.37676836685317616
4300337  0.37676836685317616
4300338  0.37676836685317616
4300343  0.37676836685317616
4300344  0.37676836685317616
4300345  0.37676836685317616
4300346  0.37676836685317616
4300347  0.37676836685317616
4300348  0.37676836685317616
4300349  0.37676836685317616
4300350  0.37676836685317616
4300351  0.37676836685317616
4300352  0.37676836685317616
4300353  0.37676836685317616
4300354  0.37676836685317616
4300355  0.37676836685317616
4300356  0.37676836685317616
4300357  0.37676836685317616
4300358  0.37676836685317616
4300359  0.37676836685317616
4300360  0.37676836685317616
4300361  0.37676836685317616
4300362  0.37676836685317616
4300363  0.37676836685317616
4300364  0.37676836685317616
4300365  0.37676836685317616
4300369  0.37676836685317616
4300370  0.37676836685317616
4300372  0.37676836685317616
4300385  0.37676836685317616
4300386  0.37676836685317616
4400054  0.37676836685317616
4400055  0.37676836685317616
4400660  0.37676836685317616
5500045  0.37676836685317616
5500068  0.37676836685317616
5500071  0.37676836685317616
5500072  0.37676836685317616
5500081  0.37676836685317616
5500100  0.37676836685317616
5500111  0.37676836685317616
5500115  0.37676836685317616
5500116  0.37676836685317616
5500117  0.37676836685317616
5500118  0.37676836685317616
5500119  0.37676836685317616
5500122  0.37676836685317616
5500126  0.37676836685317616
5500127  0.37676836685317616
5500128  0.37676836685317616
5500129  0.37676836685317616
5500135  0.37676836685317616
5500137  0.37676836685317616
5500138  0.37676836685317616
5500148  0.37676836685317616
5500149  0.37676836685317616
5500191  0.37676836685317616
5500192  0.37676836685317616
5500194  0.37676836685317616
5500225  0.37676836685317616
5500229  0.37676836685317616
5500237  0.37676836685317616
5600042  0.37676836685317616
5600045  0.37676836685317616
5600053  0.37676836685317616
5600054  0.37676836685317616
5600056  0.37676836685317616
5600057  0.37676836685317616
5600058  0.37676836685317616
5600059  0.37676836685317616
5600061  0.37676836685317616
5600062  0.37676836685317616
5600064  0.37676836685317616
5600066  0.37676836685317616
5600067  0.37676836685317616
5600069  0.37676836685317616
5600075  0.37676836685317616
5600076  0.37676836685317616
5700050  0.37676836685317616
5700076  0.37676836685317616
5700077  0.37676836685317616
5700079  0.37676836685317616
5700081  0.37676836685317616
5700083  0.37676836685317616
5700085  0.37676836685317616
5700087  0.37676836685317616
5700090  0.37676836685317616
5700093  0.37676836685317616
5700096  0.37676836685317616
5700099  0.37676836685317616
5700102  0.37676836685317616
5700105  0.37676836685317616
5700108  0.37676836685317616
5700111  0.37676836685317616
5700114  0.37676836685317616
5700117  0.37676836685317616
5700120  0.37676836685317616
5700121  0.37676836685317616
5700126  0.37676836685317616
5700131  0.37676836685317616
5700133  0.37676836685317616
5700138  0.37676836685317616
5700139  0.37676836685317616
5700143  0.37676836685317616
5700146  0.37676836685317616
5700241  0.37676836685317616
5700242  0.37676836685317616
5700243  0.37676836685317616
5700244  0.37676836685317616
5700245  0.37676836685317616
5700246  0.37676836685317616
5700247  0.37676836685317616
5700249  0.37676836685317616
5700250  0.37676836685317616
5700251  0.37676836685317616
5700252  0.37676836685317616
5700253  0.37676836685317616
5700254  0.37676836685317616
5700255  0.37676836685317616
5700256  0.37676836685317616
5700257  0.37676836685317616
5700258  0.37676836685317616
5700259  0.37676836685317616
5700264  0.37676836685317616
5700265  0.37676836685317616
5700268  0.37676836685317616
5700270  0.37676836685317616
5700273  0.37676836685317616
5700275  0.37676836685317616
5700278  0.37676836685317616
5700279  0.37676836685317616
5700280  0.37676836685317616
5700281  0.37676836685317616
5700282  0.37676836685317616
5700283  0.37676836685317616
5700284  0.37676836685317616
5700286  0.37676836685317616
5700288  0.37676836685317616
5700294  0.37676836685317616
5700295  0.37676836685317616
5700296  0.37676836685317616
5700297  0.37676836685317616
5700298  0.37676836685317616
5700691  0.37676836685317616
6700102  0.37676836685317616
8400042  0.37676836685317616
8400043  0.37676836685317616
8400044  0.37676836685317616
8500750  0.37676836685317616
8500751  0.37676836685317616
8600045  0.37676836685317616
8600046  0.37676836685317616
8600047  0.37676836685317616
8600119  0.37676836685317616
8700040  0.37676836685317616
8700041  0.37676836685317616
8700042  0.37676836685317616
8700093  0.37676836685317616
8700097  0.37676836685317616
8800046  0.37676836685317616
8800047  0.37676836685317616
8800048  0.37676836685317616
8900045  0.37676836685317616
8900046  0.37676836685317616
8900047  0.37676836685317616
9000041  0.37676836685317616
9000042  0.37676836685317616
9000043  0.37676836685317616
9100041  0.37676836685317616
9100042  0.37676836685317616
9100043  0.37676836685317616
9200037  0.37676836685317616
9200038  0.37676836685317616
9300051  0.37676836685317616
9300052  0.37676836685317616
9300053  0.37676836685317616
9300054  0.37676836685317616
9300055  0.37676836685317616
9400044  0.37676836685317616
9400045  0.37676836685317616
9400046  0.37676836685317616
9600436  0.37676836685317616
9600437  0.37676836685317616
9600445  0.37676836685317616
9600446  0.37676836685317616
9600448  0.37676836685317616
9600449  0.37676836685317616
9600451  0.37676836685317616
9600452  0.37676836685317616
9600454  0.37676836685317616
9600455  0.37676836685317616
9600457  0.37676836685317616
9600458  0.37676836685317616
9600460  0.37676836685317616
9600461  0.37676836685317616
9600463  0.37676836685317616
9600464  0.37676836685317616
9600466  0.37676836685317616
9600467  0.37676836685317616
9600469  0.37676836685317616
9600470  0.37676836685317616
9600472  0.37676836685317616
9600473  0.37676836685317616
9600475  0.37676836685317616
9600476  0.37676836685317616
9600478  0.37676836685317616
9600485  0.37676836685317616
9600486  0.37676836685317616
9600488  0.37676836685317616
9600489  0.37676836685317616
9600491  0.37676836685317616
9600492  0.37676836685317616
9600494  0.37676836685317616
9600495  0.37676836685317616
9600497  0.37676836685317616
9600498  0.37676836685317616
9600500  0.37676836685317616
9600501  0.37676836685317616
9600503  0.37676836685317616
9600504  0.37676836685317616
9600506  0.37676836685317616
9600507  0.37676836685317616
9600509  0.37676836685317616
9600510  0.37676836685317616
9600512  0.37676836685317616
9600513  0.37676836685317616
9600515  0.37676836685317616
9600516  0.37676836685317616
9600518  0.37676836685317616
9600519  0.37676836685317616
9600521  0.37676836685317616
9600522  0.37676836685317616
9600524  0.37676836685317616
9600525  0.37676836685317616
9600527  0.37676836685317616
9600528  0.37676836685317616
9600530  0.37676836685317616
9600531  0.37676836685317616
9600533  0.37676836685317616
9600534  0.37676836685317616
9600536  0.37676836685317616
9600537  0.37676836685317616
9600539  0.37676836685317616
9600540  0.37676836685317616
9600542  0.37676836685317616
9600543  0.37676836685317616
9600545  0.37676836685317616
9600546  0.37676836685317616
9600548  0.37676836685317616
9600549  0.37676836685317616
9600551  0.37676836685317616
9600552  0.37676836685317616
9600555  0.37676836685317616
9600558  0.37676836685317616
9600562  0.37676836685317616
10200040  0.37676836685317616
10200046  0.37676836685317616
10200047  0.37676836685317616
10200087  0.37676836685317616
10200091  0.37676836685317616
8200315  0.3762562849259912
8200317  0.3762562849259912
8200318  0.3762562849259912
8200319  0.3762562849259912
11100896  0.37541922875025496
1600105  0.37366165757388226
3200393  0.3725079106441556
3300035  0.3725079106441556
3300037  0.3725079106441556
11100874  0.3710282095226573
11100875  0.3710282095226573
11100876  0.3710282095226573
11100877  0.3710282095226573
8200304  0.3672665773503415
4200096  0.36510611646292535
4200099  0.36510611646292535
4200100  0.36510611646292535
4200101  0.36510611646292535
4200104  0.36510611646292535
4200105  0.36510611646292535
4200106  0.36510611646292535
4200107  0.36510611646292535
4200108  0.36510611646292535
4200110  0.36510611646292535
4200111  0.36510611646292535
4200112  0.36510611646292535
8800127  0.36510611646292535
8800131  0.36510611646292535
1000055  0.36440868293886713
1200090  0.36440868293886713
1300726  0.36440868293886713
1500049  0.36440868293886713
2000109  0.36440868293886713
2000147  0.36440868293886713
2000148  0.36440868293886713
2000149  0.36440868293886713
2000150  0.36440868293886713
2000151  0.36440868293886713
2100069  0.36440868293886713
2200142  0.36440868293886713
2200143  0.36440868293886713
2200144  0.36440868293886713
2200145  0.36440868293886713
2300141  0.36440868293886713
2600139  0.36440868293886713
2800122  0.36440868293886713
2900218  0.36440868293886713
3000160  0.36440868293886713
3100101  0.36440868293886713
4300315  0.36440868293886713
4501165  0.36440868293886713
7500131  0.36440868293886713
8400058  0.36440868293886713
8600095  0.36440868293886713
8600111  0.36440868293886713
8900094  0.36440868293886713
9000051  0.36440868293886713
9100056  0.36440868293886713
9300309  0.36440868293886713
9300328  0.36440868293886713
9400208  0.36440868293886713
9400220  0.36440868293886713
9500056  0.36440868293886713
9500059  0.36440868293886713
9500060  0.36440868293886713
9500063  0.36440868293886713
9500066  0.36440868293886713
9500072  0.36440868293886713
9500082  0.36440868293886713
9500083  0.36440868293886713
9500086  0.36440868293886713
9500153  0.36440868293886713
9500157  0.36440868293886713
9500158  0.36440868293886713
9500159  0.36440868293886713
9500160  0.36440868293886713
9500161  0.36440868293886713
9500162  0.36440868293886713
9500163  0.36440868293886713
9500165  0.36440868293886713
9500166  0.36440868293886713
9500167  0.36440868293886713
9500168  0.36440868293886713
9500169  0.36440868293886713
9500173  0.36440868293886713
9500174  0.36440868293886713
9500175  0.36440868293886713
9500176  0.36440868293886713
9500177  0.36440868293886713
9500178  0.36440868293886713
9500179  0.36440868293886713
9500180  0.36440868293886713
9500181  0.36440868293886713
9500182  0.36440868293886713
9500183  0.36440868293886713
9500184  0.36440868293886713
9500186  0.36440868293886713
9500187  0.36440868293886713
9500188  0.36440868293886713
9500189  0.36440868293886713
9500190  0.36440868293886713
9500191  0.36440868293886713
9500192  0.36440868293886713
9500193  0.36440868293886713
9500194  0.36440868293886713
9500195  0.36440868293886713
9500196  0.36440868293886713
9500197  0.36440868293886713
9500200  0.36440868293886713
9500201  0.36440868293886713
9500203  0.36440868293886713
9500204  0.36440868293886713
9500206  0.36440868293886713
9500207  0.36440868293886713
9500208  0.36440868293886713
9500212  0.36440868293886713
9500215  0.36440868293886713
9500218  0.36440868293886713
9500223  0.36440868293886713
9500224  0.36440868293886713
9900284  0.36440868293886713
9900285  0.36440868293886713
9900288  0.36440868293886713
9900289  0.36440868293886713
9900290  0.36440868293886713
9900291  0.36440868293886713
9900298  0.36440868293886713
10000389  0.36440868293886713
10000390  0.36440868293886713
10000393  0.36440868293886713
10000394  0.36440868293886713
10000395  0.36440868293886713
10000396  0.36440868293886713
10000397  0.36440868293886713
10000398  0.36440868293886713
10000399  0.36440868293886713
8200302  0.3633384796277954
3300253  0.36333200927051557
8100172  0.36149534557655894
8100173  0.36149534557655894
8200320  0.358054706247886
8200321  0.3533601995453879
3800289  0.34869303779274124
3900124  0.3445261945567532
10801720  0.342709300179511
10801721  0.342709300179511
10801722  0.342709300179511
3800225  0.3386701019585422
3800226  0.3386701019585422
3800227  0.3386701019585422
3800228  0.3386701019585422
3800229  0.3386701019585422
3800230  0.3386701019585422
3800321  0.33819748729144444
4400276  0.3377510497840081
4400277  0.3377510497840081
4400278  0.3377510497840081
4400289  0.3377510497840081
8000594  0.33445003104532556
8000595  0.33445003104532556
3300286  0.3322589450179768
3800279  0.3322589450179768
3800299  0.3322589450179768
3900044  0.3322589450179768
3900045  0.3322589450179768
4600617  0.3322589450179768
4200086  0.330283265185404
11100898  0.3276927682076162
11100901  0.3276927682076162
3300289  0.32665579300878494
4500145  0.3262784952478691
4500131  0.3259906447328598
4500132  0.3259906447328598
4500133  0.3259906447328598
4500134  0.3259906447328598
4500135  0.3259906447328598
4500136  0.3259906447328598
4500139  0.3259906447328598
4500140  0.3259906447328598
4500141  0.3259906447328598
4500146  0.3259906447328598
4500151  0.3259906447328598
4500152  0.3259906447328598
4500155  0.3259906447328598
4500157  0.3259906447328598
4500159  0.3259906447328598
8000063  0.3242821157509936
8000271  0.3242821157509936
8000272  0.3242821157509936
3800389  0.32395634495781483
3800391  0.32395634495781483
3800382  0.3224600028014888
3800383  0.3224600028014888
3300287  0.31879446938497946
6400070  0.3163525845596961
6400071  0.3163525845596961
4600102  0.3154873813495538
4600103  0.3154873813495538
4600104  0.3154873813495538
4600114  0.3154873813495538
4600116  0.3154873813495538
8100399  0.31458520719271166
3800252  0.31186147447874873
8100398  0.31186147447874873
3900072  0.3078778783843049
3900073  0.3078778783843049
3900074  0.3078778783843049
3900076  0.3078778783843049
4900056  0.3066197318426478
4900057  0.3066197318426478
3800418  0.3046317253709822
3800419  0.3046317253709822
6400059  0.3046317253709822
3800404  0.30189954708353334
3800412  0.30189954708353334
3800413  0.30189954708353334
3800414  0.30189954708353334
3800415  0.30189954708353334
3800416  0.30189954708353334
6400058  0.30189954708353334
3800254  0.29987190469558206
3800242  0.2977222575915148
3800243  0.2977222575915148
3800244  0.2977222575915148
3800245  0.2977222575915148
3800246  0.2977222575915148
3800247  0.2977222575915148
3800248  0.2977222575915148
3800249  0.2977222575915148
3800250  0.2977222575915148
4700421  0.2977222575915148
4700423  0.2977222575915148
4700424  0.2977222575915148
4300107  0.29645733431543425
4300108  0.29645733431543425
3800406  0.2941240037587509
8100441  0.2941240037587509
4100038  0.2918513716849082
4100039  0.2918513716849082
6500044  0.2918513716849082
6500050  0.2918513716849082
6500051  0.2918513716849082
3800401  0.29166267175276256
8100440  0.29166267175276256
5100088  0.28691987320385437
6400081  0.28691987320385437
4200102  0.2779453783298848
8100925  0.27781506088347924
8100926  0.27781506088347924
8100947  0.27781506088347924
8100948  0.27781506088347924
11001303  0.27781506088347924
11001520  0.27781506088347924
11001521  0.27781506088347924
11001523  0.27781506088347924
4900216  0.2674499857508595
4900217  0.2674499857508595
4900218  0.2674499857508595
4900222  0.2674499857508595
4900226  0.2674499857508595
4900228  0.2674499857508595
4900229  0.2674499857508595
4900230  0.2674499857508595
4900231  0.2674499857508595
4900235  0.2674499857508595
4900256  0.2674499857508595
4900258  0.2674499857508595
4900259  0.2674499857508595
4900260  0.2674499857508595
4900262  0.2674499857508595
6500241  0.2646784085115256
4000036  0.2619912484740629
4000042  0.2619912484740629
4000043  0.2619912484740629
4700089  0.2619912484740629
4700090  0.2619912484740629
4700092  0.2619912484740629
4700105  0.2619912484740629
4700107  0.2619912484740629
4700116  0.2619912484740629
4700126  0.2619912484740629
4700134  0.2619912484740629
4700142  0.2619912484740629
4700147  0.2619912484740629
4900032  0.2619912484740629
4900035  0.2619912484740629
4900036  0.2619912484740629
4900037  0.2619912484740629
4900049  0.2619912484740629
4900050  0.2619912484740629
4900051  0.2619912484740629
4900055  0.2619912484740629
4900066  0.2619912484740629
4900067  0.2619912484740629
4900079  0.2619912484740629
4900082  0.2619912484740629
4900085  0.2619912484740629
4900086  0.2619912484740629
4900088  0.2619912484740629
4900089  0.2619912484740629
4900243  0.2619912484740629
4900244  0.2619912484740629
4900247  0.2619912484740629
4900248  0.2619912484740629
4900249  0.2619912484740629
4900251  0.2619912484740629
5000322  0.2619912484740629
5000323  0.2619912484740629
5000324  0.2619912484740629
5000325  0.2619912484740629
5100036  0.2619912484740629
5100042  0.2619912484740629
5100043  0.2619912484740629
5200039  0.2619912484740629
5200045  0.2619912484740629
5200046  0.2619912484740629
5200095  0.2619912484740629
5300043  0.2619912484740629
5300049  0.2619912484740629
5300050  0.2619912484740629
6000035  0.2619912484740629
6000041  0.2619912484740629
6000042  0.2619912484740629
6100035  0.2619912484740629
6100041  0.2619912484740629
6100042  0.2619912484740629
6200036  0.2619912484740629
6200042  0.2619912484740629
6200043  0.2619912484740629
6300034  0.2619912484740629
6300040  0.2619912484740629
6300041  0.2619912484740629
6400036  0.2619912484740629
6400042  0.2619912484740629
6400043  0.2619912484740629
4000113  0.25914908444545115
4900266  0.2525872830735344
4900269  0.2525872830735344
4900271  0.2525872830735344
8000302  0.25015616506433436
8000303  0.25015616506433436
3800084  0.24635613922424923
3800446  0.24635613922424923
3800447  0.24635613922424923
3800448  0.24635613922424923
3800449  0.24635613922424923
3800450  0.24635613922424923
3800451  0.24635613922424923
3800452  0.24635613922424923
3800453  0.24635613922424923
3800454  0.24635613922424923
3800080  0.24504223044665271
3800081  0.24504223044665271
3800082  0.24504223044665271
3800083  0.24504223044665271
3800444  0.24504223044665271
3800445  0.24504223044665271
4500172  0.21228107477231764
4500173  0.21228107477231764
4500176  0.21228107477231764
4500179  0.21228107477231764
4500180  0.21228107477231764
4500181  0.21228107477231764
4500182  0.21228107477231764
4600653  0.19900527916112365
3800310  0.19403544068639478
4600628  0.19403544068639478
3300068  0.17616732096946183
3300069  0.17616732096946183
3300070  0.17616732096946183
3300082  0.17616732096946183
3300083  0.17616732096946183
3300084  0.17616732096946183
3300129  0.17616732096946183
3300130  0.17616732096946183
3300133  0.17616732096946183
3500414  0.17616732096946183
3500415  0.17616732096946183
3500416  0.17616732096946183
3800384  0.16645616080402054
8200326  0.1638463841038081
11001304  0.1638463841038081
11001305  0.1638463841038081
8000326  0.15665380415610755
4600251  0.1561646208124846
4600252  0.1561646208124846
4600253  0.1561646208124846
4600262  0.1561646208124846
4600264  0.1561646208124846
8000325  0.15597711069385367
8200324  0.1532642583445535
10600818  0.08192319205190406
10801736  0.057928444636349226
11001351  0.057928444636349226
10600192  0.04096159602595203
10600195  0.04096159602595203
10600196  0.04096159602595203
10600197  0.04096159602595203
