3400045  inf
3400046  inf
3400124  inf
3400125  inf
3400128  inf
3400132  inf
3400133  inf
3400134  inf
3400135  inf
3400136  inf
3400137  inf
3400139  inf
3400140  inf
3400141  inf
3400143  inf
3400144  inf
3400145  inf
3400169  inf
3400170  inf
3400172  inf
3400176  inf
3400181  inf
3900265  inf
3400182  11449.0
3400193  11449.0
3400198  11449.0
3603002  2332.8
3900301  2332.8
3900302  2332.8
3900305  2332.8
3900308  2332.8
3900312  2332.8
3900314  2332.8
3900063  1944.0
3900070  1944.0
3900071  1944.0
3400185  1250.0
3400186  1250.0
3400187  1250.0
3400188  1250.0
3400189  1250.0
3400190  1250.0
3400191  1250.0
4500098  357.78125
4500099  357.78125
4500100  357.78125
4500101  357.78125
4500095  327.1142857142857
4500105  327.1142857142857
4500350  254.42222222222222
4500351  254.42222222222222
4500352  254.42222222222222
4500354  254.42222222222222
4500045  197.39655172413794
4500063  197.39655172413794
3603020  191.21311475409837
3600807  173.46969696969697
3600922  146.16216216216216
3600375  79.67368421052632
3600826  72.00628930817611
3600827  72.00628930817611
3600829  72.00628930817611
4600128  71.04081632653062
4600131  71.04081632653062
4600154  71.04081632653062
4700131  71.04081632653062
4700137  71.04081632653062
4700142  71.04081632653062
4700143  71.04081632653062
4700146  71.04081632653062
4700151  71.04081632653062
3600837  70.225
3600847  70.225
3600857  70.225
3600859  70.225
3600860  70.225
3600862  70.225
3600882  70.225
3600883  70.225
3600884  70.225
3600890  70.225
3600899  70.225
3600900  70.225
3600901  70.225
3600902  70.225
3600903  70.225
3600910  70.225
3600911  70.225
3600917  70.225
3600919  70.225
3600925  70.225
3600931  70.225
3706142  70.225
3706150  70.225
3706158  70.225
3706166  70.225
3803708  70.225
3803740  70.225
3803741  70.225
3803743  70.225
4103747  70.225
4103773  70.225
4103774  70.225
4103776  70.225
4600201  68.25490196078431
3601155  66.3558282208589
3203780  66.17919075144509
3203794  66.17919075144509
3203796  66.17919075144509
3601096  66.17919075144509
3601106  66.17919075144509
3601109  66.17919075144509
3601112  66.17919075144509
3601123  66.17919075144509
3601132  66.17919075144509
3601134  66.17919075144509
3601154  66.17919075144509
3601202  66.17919075144509
3601213  66.17919075144509
3601215  66.17919075144509
3601216  66.17919075144509
3601218  66.17919075144509
3601269  66.17919075144509
3601270  66.17919075144509
3601271  66.17919075144509
3601272  66.17919075144509
3601273  66.17919075144509
3601274  66.17919075144509
3601275  66.17919075144509
3601292  66.17919075144509
3601293  66.17919075144509
3601294  66.17919075144509
3601295  66.17919075144509
3601296  66.17919075144509
3601297  66.17919075144509
3601299  66.17919075144509
3601300  66.17919075144509
3601301  66.17919075144509
3601302  66.17919075144509
3601304  66.17919075144509
3601305  66.17919075144509
3601306  66.17919075144509
3601307  66.17919075144509
3601309  66.17919075144509
3601310  66.17919075144509
3601311  66.17919075144509
3601312  66.17919075144509
3601314  66.17919075144509
3601315  66.17919075144509
3601316  66.17919075144509
3601317  66.17919075144509
3601319  66.17919075144509
3601324  66.17919075144509
3700029  66.17919075144509
3701535  66.17919075144509
3703043  66.17919075144509
3704074  66.17919075144509
3705103  66.17919075144509
3706174  66.17919075144509
3600113  62.04255319148936
3600126  62.04255319148936
3600139  62.04255319148936
3600158  62.04255319148936
3600177  62.04255319148936
3600196  62.04255319148936
3600216  62.04255319148936
3600235  62.04255319148936
3600254  62.04255319148936
3600275  62.04255319148936
3600283  62.04255319148936
3600286  62.04255319148936
4600050  61.07017543859649
4600120  61.07017543859649
4600195  61.07017543859649
4600205  61.07017543859649
4600159  58.0
2600126  54.857142857142854
2600129  54.857142857142854
2600139  54.857142857142854
2600140  54.857142857142854
2600141  54.857142857142854
2600149  54.857142857142854
2600151  54.857142857142854
2600152  54.857142857142854
2600153  54.857142857142854
2600154  54.857142857142854
2600157  54.857142857142854
2600158  54.857142857142854
2600168  54.857142857142854
2600169  54.857142857142854
3500035  54.857142857142854
3500299  54.857142857142854
3500303  54.857142857142854
3500306  54.857142857142854
3603334  54.857142857142854
3603338  54.857142857142854
3603342  54.857142857142854
3603343  54.857142857142854
3603347  54.857142857142854
3603351  54.857142857142854
3603361  54.857142857142854
3603365  54.857142857142854
3603366  54.857142857142854
3603367  54.857142857142854
4300093  54.857142857142854
4300103  54.857142857142854
4300109  54.857142857142854
4300115  54.857142857142854
4300126  54.857142857142854
4300134  54.857142857142854
4300160  54.857142857142854
4300161  54.857142857142854
4300162  54.857142857142854
4300163  54.857142857142854
4300301  54.857142857142854
4300302  54.857142857142854
4300303  54.857142857142854
4300305  54.857142857142854
4300306  54.857142857142854
4300307  54.857142857142854
4300309  54.857142857142854
4300432  54.857142857142854
4300435  54.857142857142854
4300436  54.857142857142854
4300439  54.857142857142854
4300440  54.857142857142854
4300532  54.857142857142854
4300533  54.857142857142854
4300534  54.857142857142854
4300538  54.857142857142854
4300541  54.857142857142854
4300542  54.857142857142854
4300543  54.857142857142854
4300599  54.857142857142854
4300600  54.857142857142854
4300602  54.857142857142854
4300755  54.857142857142854
4300756  54.857142857142854
4300757  54.857142857142854
4300758  54.857142857142854
4300764  54.857142857142854
4300800  54.857142857142854
4300801  54.857142857142854
3600920  54.532544378698226
3601220  54.532544378698226
3601221  54.532544378698226
3601222  54.532544378698226
3601223  54.532544378698226
3601224  54.532544378698226
3601227  54.532544378698226
3601228  54.532544378698226
3601229  54.532544378698226
3601230  54.532544378698226
3601233  54.532544378698226
3601234  54.532544378698226
3601236  54.532544378698226
3601238  54.532544378698226
3601239  54.532544378698226
3601241  54.532544378698226
3601242  54.532544378698226
3601243  54.532544378698226
3601246  54.532544378698226
3601247  54.532544378698226
3601249  54.532544378698226
3601250  54.532544378698226
3601251  54.532544378698226
3601255  54.532544378698226
3601256  54.532544378698226
3601264  54.532544378698226
3601265  54.532544378698226
3601266  54.532544378698226
3601320  54.532544378698226
3601321  54.532544378698226
3601420  54.532544378698226
3601422  54.532544378698226
3601426  54.532544378698226
3601431  54.532544378698226
3601456  54.532544378698226
3601467  54.532544378698226
3601479  54.532544378698226
3601503  54.532544378698226
3601517  54.532544378698226
3601534  54.532544378698226
3601535  54.532544378698226
3601536  54.532544378698226
3601537  54.532544378698226
3601538  54.532544378698226
3601546  54.532544378698226
3601547  54.532544378698226
3601551  54.532544378698226
3601552  54.532544378698226
3601555  54.532544378698226
3601556  54.532544378698226
3601557  54.532544378698226
3601558  54.532544378698226
3601561  54.532544378698226
3601562  54.532544378698226
3601564  54.532544378698226
3601565  54.532544378698226
3601567  54.532544378698226
3601568  54.532544378698226
3601569  54.532544378698226
3601570  54.532544378698226
3601571  54.532544378698226
3601572  54.532544378698226
3601574  54.532544378698226
3601576  54.532544378698226
2900047  50.173611111111114
2900050  50.173611111111114
2900053  50.173611111111114
4700138  48.285714285714285
4700139  48.285714285714285
4600129  25.08955223880597
4000257  7.8604651162790695
4000260  7.8604651162790695
2800149  5.377777777777778
2800152  5.377777777777778
2900121  5.377777777777778
2900122  5.377777777777778
2900124  5.377777777777778
2900127  5.377777777777778
2900138  5.377777777777778
2900149  5.377777777777778
2900156  5.377777777777778
3300040  5.377777777777778
3300052  5.377777777777778
3300053  5.377777777777778
3300061  5.377777777777778
3300068  5.377777777777778
3300078  5.377777777777778
3300079  5.377777777777778
3300080  5.377777777777778
3300081  5.377777777777778
3300091  5.377777777777778
3300092  5.377777777777778
3300150  5.377777777777778
3300153  5.377777777777778
3300159  5.377777777777778
3300160  5.377777777777778
4200062  5.377777777777778
4800073  5.377777777777778
4800076  5.377777777777778
4800077  5.377777777777778
4800336  5.377777777777778
4800340  5.377777777777778
4800354  5.377777777777778
4800355  5.377777777777778
4800356  5.377777777777778
4900053  5.377777777777778
4900054  5.377777777777778
4900083  5.377777777777778
4900084  5.377777777777778
4900085  5.377777777777778
4900086  5.377777777777778
4900088  5.377777777777778
4900091  5.377777777777778
4900092  5.377777777777778
4900097  5.377777777777778
4900098  5.377777777777778
4900103  5.377777777777778
5000037  5.377777777777778
5000038  5.377777777777778
5100049  5.377777777777778
5100065  5.377777777777778
5100068  5.377777777777778
5100092  5.377777777777778
5100093  5.377777777777778
5100094  5.377777777777778
5100095  5.377777777777778
5100096  5.377777777777778
5100110  5.377777777777778
5100116  5.377777777777778
5100122  5.377777777777778
5100140  5.377777777777778
5100153  5.377777777777778
5100154  5.377777777777778
5100173  5.377777777777778
5100176  5.377777777777778
5100177  5.377777777777778
5100178  5.377777777777778
5100179  5.377777777777778
5100180  5.377777777777778
5100181  5.377777777777778
5100182  5.377777777777778
5100187  5.377777777777778
5100190  5.377777777777778
5100195  5.377777777777778
5100268  5.377777777777778
5100269  5.377777777777778
5100294  5.377777777777778
5100297  5.377777777777778
5100298  5.377777777777778
2900111  5.094736842105263
2900112  5.094736842105263
2900116  5.094736842105263
2900117  5.094736842105263
2900139  4.955056179775281
2900107  4.745098039215686
2900140  3.967032967032967
2700044  3.053435114503817
2700047  3.053435114503817
4900108  2.020618556701031
3600830  1.9405940594059405
3600834  1.9405940594059405
2700079  1.849056603773585
2700080  1.849056603773585
2700083  1.849056603773585
2700088  1.849056603773585
2700092  1.849056603773585
2700093  1.849056603773585
2700075  1.75
2700099  1.1523809523809523
2700100  1.1523809523809523
2700101  1.1523809523809523
2700103  1.1523809523809523
2700116  1.1523809523809523
2700132  1.1523809523809523
3000147  1.0204081632653061
3000148  1.0204081632653061
3000150  1.0204081632653061
3000144  1.0101010101010102
3000154  1.0101010101010102
3000052  0.9523809523809523
3000055  0.9523809523809523
3000068  0.9523809523809523
3000070  0.9523809523809523
3000088  0.9523809523809523
3000089  0.9523809523809523
3000093  0.9523809523809523
3000097  0.9523809523809523
3000098  0.9523809523809523
3000099  0.9523809523809523
3000100  0.9523809523809523
2700133  0.7788461538461539
2700134  0.7788461538461539
2700143  0.7788461538461539
2700200  0.7788461538461539
2700201  0.7788461538461539
3100096  0.48514851485148514
3100098  0.48514851485148514
3100101  0.48514851485148514
3100049  0.47115384615384615
3100050  0.47115384615384615
3100054  0.47115384615384615
3100058  0.47115384615384615
3100059  0.47115384615384615
3100060  0.47115384615384615
2700104  0.46226415094339623
2700105  0.46226415094339623
2700106  0.46226415094339623
2700107  0.46226415094339623
2700109  0.46226415094339623
2700110  0.46226415094339623
2700111  0.46226415094339623
2700112  0.46226415094339623
3100137  0.35294117647058826
3100149  0.35294117647058826
3000178  0.24271844660194175
3000145  0.2403846153846154
3000191  0.2403846153846154
3000193  0.2403846153846154
3000214  0.2403846153846154
3000215  0.2403846153846154
3000216  0.2403846153846154
3000218  0.2403846153846154
3000227  0.2403846153846154
3000229  0.2403846153846154
3000248  0.2403846153846154
3000260  0.2403846153846154
3100114  0.2403846153846154
3100124  0.2403846153846154
3100125  0.2403846153846154
3000172  0.23809523809523808
3000194  0.1523809523809524
3000230  0.1523809523809524
3000231  0.1523809523809524
3000233  0.1523809523809524
3000163  0.1509433962264151
1700045  0.03773584905660377
1700046  0.03773584905660377
1700047  0.03773584905660377
1700048  0.03773584905660377
1700069  0.03773584905660377
1700070  0.03773584905660377
1700074  0.03773584905660377
2000048  0.03773584905660377
2000049  0.03773584905660377
2000050  0.03773584905660377
3400177  0.03773584905660377
1700080  0.009345794392523364
1700086  0.009345794392523364
