2600206  0.13329358398914337
2600209  0.13329358398914337
2600210  0.13329358398914337
2600213  0.13329358398914337
2600214  0.13329358398914337
2600215  0.13329358398914337
2600217  0.13329358398914337
2700056  0.13329358398914337
2700057  0.13329358398914337
2700058  0.13329358398914337
2700059  0.13329358398914337
2700120  0.13329358398914337
2700121  0.13329358398914337
2700122  0.13329358398914337
2700123  0.13329358398914337
2700124  0.13329358398914337
2700127  0.13329358398914337
2700159  0.13329358398914337
2700160  0.13329358398914337
2700161  0.13329358398914337
2700162  0.13329358398914337
2700163  0.13329358398914337
2700166  0.13329358398914337
2500370  0.11848118156194687
2500515  0.11800090968608856
2500511  0.1158626526594162
2500514  0.11481022089719772
2500513  0.11457377672195435
2500512  0.11419115215539932
2500504  0.11290246248245239
2500510  0.1128167062997818
2500506  0.11139903962612152
2500507  0.1069360002875328
2500509  0.1060434952378273
2500328  0.08170254528522491
1100104  0.08088736981153488
1100106  0.07835113257169724
1100198  0.07660076022148132
1100256  0.07613928616046906
1100218  0.0739981159567833
1100237  0.07387847453355789
1100115  0.07273592799901962
1100277  0.07261024415493011
1500080  0.0724654346704483
1100128  0.07048675417900085
1100179  0.07031809538602829
1100285  0.06952255219221115
1100160  0.06840604543685913
1400093  0.06817324459552765
2500325  0.068079873919487
1100141  0.06751585006713867
1500079  0.06740841269493103
1400062  0.06737492233514786
2500204  0.06725286692380905
1400094  0.06712698936462402
1400092  0.06670057028532028
1100288  0.06623607128858566
2500320  0.06578844040632248
1100375  0.06345520913600922
2500324  0.06311896443367004
2500205  0.06280439347028732
2500323  0.06251323968172073
2500322  0.06213937699794769
1500081  0.06147362291812897
1400061  0.06087573990225792
2500319  0.0605483315885067
1400060  0.0590941347181797
2500516  0.058382268995046616
2500207  0.05822586640715599
2500318  0.05694136396050453
2500316  0.0557689294219017
1500082  0.0556652694940567
1700039  0.05271827057003975
1700163  0.05242086946964264
1500120  0.05214264616370201
1500121  0.051420483738183975
1600035  0.050500933080911636
1500083  0.049388397485017776
1700167  0.04777544364333153
1700268  0.047646909952163696
1500119  0.04722660779953003
1500084  0.04703380540013313
2600205  0.04693895950913429
1700271  0.04642918333411217
1700171  0.04617476090788841
1700267  0.04600832983851433
1700258  0.04584706947207451
1700262  0.045719411224126816
1500117  0.04519592598080635
1500118  0.045089323073625565
1700266  0.044995199888944626
1700175  0.04372534155845642
1700222  0.043582212179899216
1700274  0.043394312262535095
2500099  0.04334967955946922
2500098  0.04330180957913399
1700184  0.042819440364837646
2500075  0.04200613126158714
2500084  0.04154215008020401
1700180  0.04117729142308235
1700277  0.04059465602040291
2500091  0.04020503908395767
2500097  0.039280060678720474
1700278  0.03905203193426132
2500519  0.03780023381114006
1700286  0.03765326738357544
2600079  0.0369582362473011
2600080  0.036225575953722
2600082  0.035968050360679626
2500520  0.03539618104696274
2600081  0.03532437980175018
1700282  0.03515402227640152
2500521  0.03461781144142151
2500531  0.03342577815055847
2500524  0.0330018550157547
2500525  0.032554008066654205
