2500028  1.0
2900049  1.0
5900037  1.0
5900038  1.0
5900048  1.0
5900050  1.0
5900053  1.0
5900055  1.0
6000025  1.0
6000026  1.0
2500024  0.9882352941176471
5800027  0.9555555555555556
5800028  0.9555555555555556
6000024  0.9538461538461538
2500020  0.9491525423728814
7100044  0.9485294117647058
7100055  0.9465648854961832
9101002  0.9465648854961832
2700050  0.9352941176470588
2700051  0.9352941176470588
4600023  0.9204545454545454
5000086  0.9204545454545454
5000087  0.9204545454545454
5000088  0.9204545454545454
5900045  0.9204545454545454
5900046  0.9204545454545454
5900047  0.9204545454545454
4600024  0.9186046511627907
2700030  0.9097222222222222
5000032  0.9097222222222222
5000033  0.9097222222222222
5000034  0.9097222222222222
7100039  0.9090909090909091
7100040  0.9090909090909091
7100054  0.9057971014492754
2500011  0.8888888888888888
2500013  0.8888888888888888
2500016  0.8888888888888888
2700042  0.8784530386740331
2700043  0.8784530386740331
5000061  0.8743169398907104
5000062  0.8743169398907104
5000063  0.8743169398907104
7000030  0.8448275862068966
8300075  0.8153846153846154
8300079  0.8153846153846154
8300081  0.8153846153846154
8300083  0.8153846153846154
8300085  0.8153846153846154
8300087  0.8153846153846154
8300089  0.8153846153846154
8300091  0.8153846153846154
8300093  0.8125
8300095  0.8125
8300097  0.8125
8300099  0.8125
8300101  0.8125
8300103  0.8125
8300105  0.8125
8300109  0.8125
2100029  0.7857142857142857
2100030  0.7857142857142857
2100031  0.7857142857142857
2100034  0.7857142857142857
2100035  0.7857142857142857
2100036  0.7857142857142857
2100037  0.7857142857142857
2100038  0.7857142857142857
2100039  0.7857142857142857
2100040  0.7857142857142857
2100041  0.7857142857142857
2100045  0.7857142857142857
2100046  0.7857142857142857
2100047  0.7857142857142857
2100048  0.7857142857142857
2100049  0.7857142857142857
2100050  0.7857142857142857
2100051  0.7857142857142857
2100052  0.7857142857142857
2100056  0.7857142857142857
2100057  0.7857142857142857
2100058  0.7857142857142857
2100059  0.7857142857142857
2100060  0.7857142857142857
2100061  0.7857142857142857
2100062  0.7857142857142857
2100063  0.7857142857142857
2100064  0.7857142857142857
2100014  0.7753623188405797
7000047  0.7751196172248804
2700070  0.7168949771689498
5000107  0.7168949771689498
8200081  0.6893617021276596
7800092  0.6839826839826839
5900062  0.6837606837606838
4600039  0.6820512820512821
7800089  0.6820512820512821
2700026  0.6810344827586207
2700027  0.6810344827586207
2900013  0.6810344827586207
5000028  0.6810344827586207
5000029  0.6810344827586207
5800023  0.6810344827586207
5800024  0.6810344827586207
6000018  0.6810344827586207
6000019  0.6810344827586207
6000020  0.6810344827586207
6000021  0.6810344827586207
7800080  0.6810344827586207
7800081  0.6810344827586207
7800082  0.6810344827586207
7800083  0.6810344827586207
7800085  0.6810344827586207
7800086  0.6810344827586207
6900047  0.6794871794871795
8300068  0.6793478260869565
8300069  0.6793478260869565
8300073  0.6793478260869565
8200140  0.6778523489932886
6200024  0.6772486772486772
6400060  0.6772486772486772
6500032  0.6772486772486772
5900033  0.6764705882352942
5900034  0.6764705882352942
8200143  0.6756756756756757
4600040  0.675392670157068
5000052  0.6752136752136753
8300058  0.6736842105263158
5200016  0.6733333333333333
5200017  0.6733333333333333
5200018  0.6733333333333333
7000043  0.6653061224489796
6100032  0.6639676113360324
8200174  0.6639676113360324
7800072  0.6638655462184874
7800074  0.6638655462184874
2700038  0.6583333333333333
5000051  0.6583333333333333
7800067  0.6583333333333333
7800069  0.6583333333333333
1600018  0.6567164179104478
8200150  0.6567164179104478
6800039  0.6557377049180328
7000028  0.652
8200138  0.652
8200139  0.652
8200146  0.652
8500062  0.6516129032258065
1100009  0.6477732793522267
1100012  0.6477732793522267
1200008  0.6477732793522267
1200016  0.6477732793522267
1200017  0.6477732793522267
1200018  0.6477732793522267
1200019  0.6477732793522267
1200020  0.6477732793522267
1200021  0.6477732793522267
1200022  0.6477732793522267
1200023  0.6477732793522267
1200028  0.6477732793522267
1200029  0.6477732793522267
1200034  0.6477732793522267
1200038  0.6477732793522267
1200041  0.6477732793522267
1600027  0.6477732793522267
2200074  0.6477732793522267
2400016  0.6477732793522267
2400017  0.6477732793522267
4300015  0.6477732793522267
4300016  0.6477732793522267
4300017  0.6477732793522267
4700020  0.6477732793522267
4700021  0.6477732793522267
4700023  0.6477732793522267
4700024  0.6477732793522267
4700028  0.6477732793522267
4700035  0.6477732793522267
5500017  0.6477732793522267
5500018  0.6477732793522267
5500020  0.6477732793522267
5500021  0.6477732793522267
5500022  0.6477732793522267
6800038  0.6477732793522267
6900036  0.6477732793522267
6900040  0.6477732793522267
6900042  0.6477732793522267
6900044  0.6477732793522267
6900045  0.6477732793522267
6900046  0.6477732793522267
6900059  0.6477732793522267
7800060  0.6477732793522267
7800097  0.6473429951690821
7800104  0.6473429951690821
7800105  0.6473429951690821
5900080  0.6465863453815262
2700066  0.6451612903225806
7000025  0.6442687747035574
7000026  0.6442687747035574
7000027  0.6442687747035574
7000032  0.6442687747035574
5900068  0.6442307692307692
1600023  0.6428571428571428
6900034  0.6428571428571428
2200070  0.6411483253588517
8200058  0.6411290322580645
1500009  0.6367521367521367
1500010  0.6367521367521367
1500011  0.6367521367521367
1500015  0.6367521367521367
6900061  0.6367521367521367
6100018  0.6339622641509435
6100019  0.6339622641509435
6100020  0.6339622641509435
6100021  0.6339622641509435
6100022  0.6339622641509435
6100023  0.6339622641509435
6100024  0.6339622641509435
6100025  0.6339622641509435
6100044  0.6339622641509435
8200044  0.6339622641509435
8200045  0.6339622641509435
8200046  0.6339622641509435
8200047  0.6339622641509435
8200048  0.6339622641509435
8200049  0.6339622641509435
8200050  0.6339622641509435
8200051  0.6339622641509435
8200052  0.6339622641509435
8200057  0.6339622641509435
2600047  0.6176470588235294
5300017  0.6176470588235294
5300018  0.6176470588235294
5300020  0.6176470588235294
5300021  0.6176470588235294
5300022  0.6176470588235294
5300023  0.6176470588235294
5300026  0.6176470588235294
5300028  0.6176470588235294
2600015  0.6131386861313868
2600016  0.6131386861313868
2600017  0.6131386861313868
2600018  0.6131386861313868
2600019  0.6131386861313868
2600029  0.6131386861313868
2600031  0.6131386861313868
2600032  0.6131386861313868
2600033  0.6131386861313868
2600034  0.6131386861313868
2600035  0.6131386861313868
2600037  0.6131386861313868
2600038  0.6131386861313868
2600039  0.6131386861313868
2600044  0.6131386861313868
2600050  0.6131386861313868
2600051  0.6131386861313868
2600052  0.6131386861313868
2600053  0.6131386861313868
6700078  0.6068376068376069
6700079  0.6068376068376069
6700117  0.6068376068376069
6700118  0.6068376068376069
6700119  0.6068376068376069
6700120  0.6068376068376069
9100731  0.5986394557823129
9100835  0.5854545454545454
2300033  0.583941605839416
2600012  0.5793103448275863
5100018  0.5792349726775956
5100019  0.5792349726775956
5100026  0.5792349726775956
5100028  0.5792349726775956
1300008  0.5694915254237288
1300011  0.5694915254237288
1400009  0.5694915254237288
1400011  0.5694915254237288
1400015  0.5694915254237288
1600009  0.5694915254237288
2200042  0.5694915254237288
2200046  0.5694915254237288
2200050  0.5694915254237288
2300014  0.5694915254237288
2300017  0.5694915254237288
2300020  0.5694915254237288
2300032  0.5694915254237288
2400011  0.5694915254237288
2700062  0.5694915254237288
2700063  0.5694915254237288
4700015  0.5694915254237288
5000047  0.5694915254237288
5000048  0.5694915254237288
5100016  0.5694915254237288
5100017  0.5694915254237288
5100023  0.5694915254237288
5800017  0.5694915254237288
5800020  0.5694915254237288
5900018  0.5694915254237288
5900022  0.5694915254237288
5900024  0.5694915254237288
5900028  0.5694915254237288
5900029  0.5694915254237288
5900030  0.5694915254237288
6300024  0.5694915254237288
6300028  0.5694915254237288
6300030  0.5694915254237288
6300031  0.5694915254237288
6300032  0.5694915254237288
6300040  0.5694915254237288
6300044  0.5694915254237288
6300049  0.5694915254237288
6300053  0.5694915254237288
6300055  0.5694915254237288
6300059  0.5694915254237288
6300063  0.5694915254237288
6300064  0.5694915254237288
6300066  0.5694915254237288
6700021  0.5694915254237288
6700023  0.5694915254237288
6700028  0.5694915254237288
6700044  0.5694915254237288
6700049  0.5694915254237288
6700050  0.5694915254237288
6700051  0.5694915254237288
6700053  0.5694915254237288
6700058  0.5694915254237288
6700061  0.5694915254237288
6700064  0.5694915254237288
6700075  0.5694915254237288
6700076  0.5694915254237288
6700077  0.5694915254237288
6700084  0.5694915254237288
6700085  0.5694915254237288
6700086  0.5694915254237288
6700089  0.5694915254237288
6700093  0.5694915254237288
6700111  0.5694915254237288
6700112  0.5694915254237288
6700113  0.5694915254237288
6900023  0.5694915254237288
6900024  0.5694915254237288
6900027  0.5694915254237288
6900028  0.5694915254237288
6900029  0.5694915254237288
6900030  0.5694915254237288
7100033  0.5694915254237288
7100034  0.5694915254237288
7100035  0.5694915254237288
7200035  0.5694915254237288
7200036  0.5694915254237288
7200037  0.5694915254237288
7200039  0.5694915254237288
7200040  0.5694915254237288
7200041  0.5694915254237288
7200042  0.5694915254237288
7200043  0.5694915254237288
7200044  0.5694915254237288
7200046  0.5694915254237288
7200048  0.5694915254237288
7200052  0.5694915254237288
7300030  0.5694915254237288
7500034  0.5694915254237288
7700037  0.5694915254237288
7700039  0.5694915254237288
7800039  0.5694915254237288
7800040  0.5694915254237288
7800041  0.5694915254237288
7800042  0.5694915254237288
7800043  0.5694915254237288
7800044  0.5694915254237288
7800045  0.5694915254237288
7800046  0.5694915254237288
8600068  0.5694915254237288
8600073  0.5694915254237288
2200011  0.5675675675675675
2200065  0.5675675675675675
2200066  0.5675675675675675
9101566  0.5675675675675675
2300021  0.5618374558303887
2300011  0.5562913907284768
2800013  0.5562913907284768
2800016  0.5562913907284768
2800017  0.5562913907284768
6200019  0.5562913907284768
7100026  0.5562913907284768
7100028  0.5562913907284768
7100029  0.5562913907284768
7100030  0.5562913907284768
7200026  0.5562913907284768
7200027  0.5562913907284768
7200028  0.5562913907284768
7200031  0.5562913907284768
7200032  0.5562913907284768
7400030  0.5562913907284768
7600037  0.5562913907284768
7600059  0.5562913907284768
8000043  0.5562913907284768
8000046  0.5562913907284768
8300050  0.5562913907284768
8900095  0.5562913907284768
9100630  0.5562913907284768
9100641  0.5562913907284768
9100673  0.5562913907284768
9100686  0.5562913907284768
9100720  0.5562913907284768
1800010  0.5544554455445545
1800018  0.5544554455445545
1800020  0.5544554455445545
1800024  0.5544554455445545
1800027  0.5544554455445545
2700013  0.5544554455445545
2700016  0.5544554455445545
2700019  0.5544554455445545
2700020  0.5544554455445545
2700022  0.5544554455445545
2700046  0.5544554455445545
2700047  0.5544554455445545
4600015  0.5544554455445545
4600017  0.5544554455445545
4600018  0.5544554455445545
5000016  0.5544554455445545
5000018  0.5544554455445545
5000019  0.5544554455445545
5000021  0.5544554455445545
5000025  0.5544554455445545
5000068  0.5544554455445545
5000070  0.5544554455445545
5000076  0.5544554455445545
5000082  0.5544554455445545
5000083  0.5544554455445545
5000103  0.5544554455445545
6400019  0.5544554455445545
6400023  0.5544554455445545
6400026  0.5544554455445545
6400028  0.5544554455445545
6400029  0.5544554455445545
6400031  0.5544554455445545
6400034  0.5544554455445545
6400035  0.5544554455445545
6400036  0.5544554455445545
6400037  0.5544554455445545
6400044  0.5544554455445545
6400045  0.5544554455445545
6400052  0.5544554455445545
6500020  0.5544554455445545
6600020  0.5544554455445545
6800022  0.5544554455445545
6800024  0.5544554455445545
6800100  0.5544554455445545
6800105  0.5544554455445545
8100043  0.5544554455445545
8400081  0.5544554455445545
8400085  0.5544554455445545
8400086  0.5544554455445545
8400087  0.5544554455445545
8400088  0.5544554455445545
8400090  0.5544554455445545
8400093  0.5544554455445545
8400094  0.5544554455445545
8400095  0.5544554455445545
8400111  0.5544554455445545
8400096  0.554006968641115
