2500028  inf
2500024  14112.0
5900048  4374.0
5900050  4374.0
5900053  4374.0
5900055  4374.0
2500020  3136.0
2500011  1344.0
2500013  1344.0
2500016  1344.0
4600023  1312.2
5000086  1312.2
5000087  1312.2
5000088  1312.2
5900045  1312.2
5900046  1312.2
5900047  1312.2
2700050  1264.05
2700051  1264.05
4600024  1040.1666666666667
5000061  825.8064516129032
5000062  825.8064516129032
5000063  825.8064516129032
2700042  815.516129032258
2700043  815.516129032258
7000047  495.1698113207547
5900037  463.81081081081084
5900038  463.81081081081084
5800027  369.8
5800028  369.8
7100044  361.7608695652174
6000025  349.45454545454544
6000026  349.45454545454544
2700030  343.22
5000032  343.22
5000033  343.22
5000034  343.22
2700070  337.6575342465753
5000107  337.6575342465753
8200081  332.2025316455696
7100039  331.37254901960785
7100040  331.37254901960785
5900062  312.1951219512195
6100032  309.14942528735634
8200174  309.14942528735634
5900033  308.5833333333333
5900034  308.5833333333333
6000024  307.52
7000043  305.39080459770116
7100055  301.4901960784314
9101002  301.4901960784314
6900047  300.9642857142857
7800092  300.7710843373494
2700026  297.1904761904762
2700027  297.1904761904762
2900013  297.1904761904762
5000028  297.1904761904762
5000029  297.1904761904762
5800023  297.1904761904762
5800024  297.1904761904762
6000018  297.1904761904762
6000019  297.1904761904762
6000020  297.1904761904762
6000021  297.1904761904762
7800080  297.1904761904762
7800081  297.1904761904762
7800082  297.1904761904762
7800083  297.1904761904762
7800085  297.1904761904762
7800086  297.1904761904762
6100018  290.96907216494844
6100019  290.96907216494844
6100020  290.96907216494844
6100021  290.96907216494844
6100022  290.96907216494844
6100023  290.96907216494844
6100024  290.96907216494844
6100025  290.96907216494844
6100044  290.96907216494844
8200044  290.96907216494844
8200045  290.96907216494844
8200046  290.96907216494844
8200047  290.96907216494844
8200048  290.96907216494844
8200049  290.96907216494844
8200050  290.96907216494844
8200051  290.96907216494844
8200052  290.96907216494844
8200057  290.96907216494844
5000052  290.27906976744185
7000028  288.79347826086956
8200138  288.79347826086956
8200139  288.79347826086956
8200146  288.79347826086956
7000025  279.6736842105263
7000026  279.6736842105263
7000027  279.6736842105263
7000032  279.6736842105263
7100054  279.01785714285717
6800039  278.2608695652174
7800072  277.3777777777778
7800074  277.3777777777778
1600023  273.375
6900034  273.375
5900080  272.85263157894735
2600047  271.38461538461536
5300017  271.38461538461536
5300018  271.38461538461536
5300020  271.38461538461536
5300021  271.38461538461536
5300022  271.38461538461536
5300023  271.38461538461536
5300026  271.38461538461536
5300028  271.38461538461536
2700038  271.3478260869565
5000051  271.3478260869565
7800067  271.3478260869565
7800069  271.3478260869565
1100009  269.4736842105263
1100012  269.4736842105263
1200008  269.4736842105263
1200016  269.4736842105263
1200017  269.4736842105263
1200018  269.4736842105263
1200019  269.4736842105263
1200020  269.4736842105263
1200021  269.4736842105263
1200022  269.4736842105263
1200023  269.4736842105263
1200028  269.4736842105263
1200029  269.4736842105263
1200034  269.4736842105263
1200038  269.4736842105263
1200041  269.4736842105263
1600027  269.4736842105263
2200074  269.4736842105263
2400016  269.4736842105263
2400017  269.4736842105263
4300015  269.4736842105263
4300016  269.4736842105263
4300017  269.4736842105263
4700020  269.4736842105263
4700021  269.4736842105263
4700023  269.4736842105263
4700024  269.4736842105263
4700028  269.4736842105263
4700035  269.4736842105263
5500017  269.4736842105263
5500018  269.4736842105263
5500020  269.4736842105263
5500021  269.4736842105263
5500022  269.4736842105263
6800038  269.4736842105263
6900036  269.4736842105263
6900040  269.4736842105263
6900042  269.4736842105263
6900044  269.4736842105263
6900045  269.4736842105263
6900046  269.4736842105263
6900059  269.4736842105263
7800060  269.4736842105263
2700066  266.6666666666667
2600015  266.2641509433962
2600016  266.2641509433962
2600017  266.2641509433962
2600018  266.2641509433962
2600019  266.2641509433962
2600029  266.2641509433962
2600031  266.2641509433962
2600032  266.2641509433962
2600033  266.2641509433962
2600034  266.2641509433962
2600035  266.2641509433962
2600037  266.2641509433962
2600038  266.2641509433962
2600039  266.2641509433962
2600044  266.2641509433962
2600050  266.2641509433962
2600051  266.2641509433962
2600052  266.2641509433962
2600053  266.2641509433962
8200058  257.96938775510205
2600012  231.34426229508196
1300008  222.23622047244095
1300011  222.23622047244095
1400009  222.23622047244095
1400011  222.23622047244095
1400015  222.23622047244095
1600009  222.23622047244095
2200042  222.23622047244095
2200046  222.23622047244095
2200050  222.23622047244095
2300014  222.23622047244095
2300017  222.23622047244095
2300020  222.23622047244095
2300032  222.23622047244095
2400011  222.23622047244095
2700062  222.23622047244095
2700063  222.23622047244095
4700015  222.23622047244095
5000047  222.23622047244095
5000048  222.23622047244095
5100016  222.23622047244095
5100017  222.23622047244095
5100023  222.23622047244095
5800017  222.23622047244095
5800020  222.23622047244095
5900018  222.23622047244095
5900022  222.23622047244095
5900024  222.23622047244095
5900028  222.23622047244095
5900029  222.23622047244095
5900030  222.23622047244095
6300024  222.23622047244095
6300028  222.23622047244095
6300030  222.23622047244095
6300031  222.23622047244095
6300032  222.23622047244095
6300040  222.23622047244095
6300044  222.23622047244095
6300049  222.23622047244095
6300053  222.23622047244095
6300055  222.23622047244095
6300059  222.23622047244095
6300063  222.23622047244095
6300064  222.23622047244095
6300066  222.23622047244095
6700021  222.23622047244095
6700023  222.23622047244095
6700028  222.23622047244095
6700044  222.23622047244095
6700049  222.23622047244095
6700050  222.23622047244095
6700051  222.23622047244095
6700053  222.23622047244095
6700058  222.23622047244095
6700061  222.23622047244095
6700064  222.23622047244095
6700075  222.23622047244095
6700076  222.23622047244095
6700077  222.23622047244095
6700084  222.23622047244095
6700085  222.23622047244095
6700086  222.23622047244095
6700089  222.23622047244095
6700093  222.23622047244095
6700111  222.23622047244095
6700112  222.23622047244095
6700113  222.23622047244095
6900023  222.23622047244095
6900024  222.23622047244095
6900027  222.23622047244095
6900028  222.23622047244095
6900029  222.23622047244095
6900030  222.23622047244095
7100033  222.23622047244095
7100034  222.23622047244095
7100035  222.23622047244095
7200035  222.23622047244095
7200036  222.23622047244095
7200037  222.23622047244095
7200039  222.23622047244095
7200040  222.23622047244095
7200041  222.23622047244095
7200042  222.23622047244095
7200043  222.23622047244095
7200044  222.23622047244095
7200046  222.23622047244095
7200048  222.23622047244095
7200052  222.23622047244095
7300030  222.23622047244095
7500034  222.23622047244095
7700037  222.23622047244095
7700039  222.23622047244095
7800039  222.23622047244095
7800040  222.23622047244095
7800041  222.23622047244095
7800042  222.23622047244095
7800043  222.23622047244095
7800044  222.23622047244095
7800045  222.23622047244095
7800046  222.23622047244095
8600068  222.23622047244095
8600073  222.23622047244095
2200011  220.5
2200065  220.5
2200066  220.5
9101566  220.5
9100835  214.22314049586777
1500009  213.47115384615384
1500010  213.47115384615384
1500011  213.47115384615384
1500015  213.47115384615384
6900061  213.47115384615384
2300011  210.62686567164178
2800013  210.62686567164178
2800016  210.62686567164178
2800017  210.62686567164178
6200019  210.62686567164178
7100026  210.62686567164178
7100028  210.62686567164178
7100029  210.62686567164178
7100030  210.62686567164178
7200026  210.62686567164178
7200027  210.62686567164178
7200028  210.62686567164178
7200031  210.62686567164178
7200032  210.62686567164178
7400030  210.62686567164178
7600037  210.62686567164178
7600059  210.62686567164178
8000043  210.62686567164178
8000046  210.62686567164178
8300050  210.62686567164178
8900095  210.62686567164178
9100630  210.62686567164178
9100641  210.62686567164178
9100673  210.62686567164178
9100686  210.62686567164178
9100720  210.62686567164178
2300033  209.8360655737705
1800010  209.06666666666666
1800018  209.06666666666666
1800020  209.06666666666666
1800024  209.06666666666666
1800027  209.06666666666666
2700013  209.06666666666666
2700016  209.06666666666666
2700019  209.06666666666666
2700020  209.06666666666666
2700022  209.06666666666666
2700046  209.06666666666666
2700047  209.06666666666666
4600015  209.06666666666666
4600017  209.06666666666666
4600018  209.06666666666666
5000016  209.06666666666666
5000018  209.06666666666666
5000019  209.06666666666666
5000021  209.06666666666666
5000025  209.06666666666666
5000068  209.06666666666666
5000070  209.06666666666666
5000076  209.06666666666666
5000082  209.06666666666666
5000083  209.06666666666666
5000103  209.06666666666666
6400019  209.06666666666666
6400023  209.06666666666666
6400026  209.06666666666666
6400028  209.06666666666666
6400029  209.06666666666666
6400031  209.06666666666666
6400034  209.06666666666666
6400035  209.06666666666666
6400036  209.06666666666666
6400037  209.06666666666666
6400044  209.06666666666666
6400045  209.06666666666666
6400052  209.06666666666666
6500020  209.06666666666666
6600020  209.06666666666666
6800022  209.06666666666666
6800024  209.06666666666666
6800100  209.06666666666666
6800105  209.06666666666666
8100043  209.06666666666666
8400081  209.06666666666666
8400085  209.06666666666666
8400086  209.06666666666666
8400087  209.06666666666666
8400088  209.06666666666666
8400090  209.06666666666666
8400093  209.06666666666666
8400094  209.06666666666666
8400095  209.06666666666666
8400111  209.06666666666666
2300021  190.08270676691728
8400096  184.53284671532847
2100029  183.0125
2100030  183.0125
2100031  183.0125
2100034  183.0125
2100035  183.0125
2100036  183.0125
2100037  183.0125
2100038  183.0125
2100039  183.0125
2100040  183.0125
2100041  183.0125
2100045  183.0125
2100046  183.0125
2100047  183.0125
2100048  183.0125
2100049  183.0125
2100050  183.0125
2100051  183.0125
2100052  183.0125
2100056  183.0125
2100057  183.0125
2100058  183.0125
2100059  183.0125
2100060  183.0125
2100061  183.0125
2100062  183.0125
2100063  183.0125
2100064  183.0125
4600039  182.36082474226805
7800089  182.36082474226805
6700078  170.88135593220338
6700079  170.88135593220338
6700117  170.88135593220338
6700118  170.88135593220338
6700119  170.88135593220338
6700120  170.88135593220338
7800097  167.81308411214954
7800104  167.81308411214954
7800105  167.81308411214954
5900068  166.25925925925927
1600018  165.94285714285715
8200150  165.94285714285715
4600040  164.76237623762376
2200070  164.73394495412845
6200024  162.21782178217822
6400060  162.21782178217822
6500032  162.21782178217822
8300058  160.62745098039215
8300068  153.18627450980392
8300069  153.18627450980392
8300073  153.18627450980392
8300075  130.65116279069767
8300079  130.65116279069767
8300081  130.65116279069767
8300083  130.65116279069767
8300085  130.65116279069767
8300087  130.65116279069767
8300089  130.65116279069767
8300091  130.65116279069767
2100014  124.44565217391305
8300093  122.9090909090909
8300095  122.9090909090909
8300097  122.9090909090909
8300099  122.9090909090909
8300101  122.9090909090909
8300103  122.9090909090909
8300105  122.9090909090909
8300109  122.9090909090909
7000030  109.13636363636364
8200140  88.70434782608696
5200016  87.9396551724138
5200017  87.9396551724138
5200018  87.9396551724138
8200143  86.20689655172414
8500062  84.30578512396694
5100018  80.83453237410072
5100019  80.83453237410072
5100026  80.83453237410072
5100028  80.83453237410072
9100731  55.71223021582734
2900049  0.30434782608695654
