2500028  0.8587120175361633
2500024  0.7761513590812683
2500020  0.6696081161499023
5900055  0.5971477627754211
5900050  0.5943328738212585
5900053  0.5899756550788879
5900048  0.5886044502258301
7000047  0.5319690108299255
2500016  0.5236550569534302
2500011  0.5205394625663757
5900038  0.5198032855987549
2500013  0.5175246596336365
6000025  0.5172966718673706
6000026  0.5073633790016174
5900037  0.5011641383171082
8200081  0.487671434879303
2700030  0.4787946045398712
5000032  0.47268179059028625
6700120  0.4708424508571625
5100018  0.46811041235923767
7000030  0.467288076877594
5100019  0.4668295085430145
7800080  0.4656647741794586
5000033  0.46529385447502136
6700118  0.4651331901550293
5800024  0.4639630615711212
5000028  0.4636625051498413
5100026  0.46218785643577576
2700051  0.4618198275566101
7800085  0.46160006523132324
7800072  0.4591910243034363
7800086  0.4589292109012604
2700050  0.4582074284553528
9100835  0.4572869539260864
2700026  0.45709028840065
5900034  0.4568914771080017
8200044  0.45661601424217224
6100044  0.4564598798751831
5000029  0.45632630586624146
6900047  0.4554164409637451
5800023  0.454750120639801
2700038  0.45470505952835083
6000018  0.45415371656417847
5000034  0.4538736343383789
5000051  0.4535198509693146
1200016  0.4526296555995941
4700028  0.45257240533828735
5100028  0.4524625539779663
5000052  0.4523235857486725
7800067  0.4519977271556854
6700044  0.4518721401691437
2100038  0.4507506191730499
6700079  0.4503178894519806
7800081  0.45025214552879333
6000021  0.4500156342983246
5900062  0.44949543476104736
7200041  0.4493275284767151
6100020  0.44853171706199646
9100731  0.4482520520687103
7800040  0.448233038187027
5900030  0.4475031793117523
2600016  0.4473912715911865
2600044  0.4472775459289551
5500022  0.44672122597694397
6000019  0.4466996192932129
5300022  0.44651129841804504
6700086  0.44639793038368225
2900013  0.4460781216621399
8300083  0.4460781216621399
7800092  0.44600290060043335
6100022  0.44569283723831177
2600039  0.44555744528770447
5000062  0.4452883005142212
6100018  0.44510334730148315
8200049  0.4450213611125946
2100029  0.44499722123146057
8200048  0.4448353946208954
5900028  0.44480761885643005
2100048  0.44438591599464417
2600053  0.4441860318183899
2200065  0.44380608201026917
5300021  0.4437323808670044
2700042  0.4436628222465515
7800083  0.4435255825519562
6700078  0.44343167543411255
2100060  0.44335687160491943
2900049  0.4429272413253784
2100031  0.442425936460495
6700053  0.4424169659614563
5300026  0.44209814071655273
6100023  0.44189250469207764
2100046  0.4418201148509979
8200058  0.4414794147014618
2600050  0.44133463501930237
6000020  0.44114547967910767
4700020  0.4408567547798157
4700015  0.4401322901248932
5000086  0.4394844174385071
7800082  0.43932026624679565
2100059  0.43931999802589417
8400087  0.43898728489875793
8200047  0.4386436641216278
8400081  0.4383878707885742
2300032  0.4381430447101593
2100030  0.4381083548069
1200020  0.438105970621109
2100036  0.4380706250667572
6900034  0.4378533363342285
5900029  0.4378413259983063
7200046  0.43771615624427795
2600019  0.4374290406703949
6300063  0.4373472034931183
5300018  0.4372916519641876
2100052  0.43723008036613464
6700117  0.43716394901275635
6100025  0.43702858686447144
6700075  0.43691912293434143
2600033  0.43687912821769714
6700119  0.4367249608039856
7200040  0.43671664595603943
2600034  0.43665269017219543
6900040  0.4361315369606018
7800074  0.43589678406715393
2200046  0.4358304440975189
6700050  0.43566158413887024
2100047  0.43564799427986145
7300030  0.4355582594871521
8200051  0.43548616766929626
2600038  0.4354446530342102
6700089  0.4354240596294403
2100057  0.4354012608528137
5000087  0.4353734850883484
2600037  0.4353043735027313
2100045  0.43520888686180115
2700047  0.43515652418136597
6700085  0.435050904750824
5500021  0.4350377321243286
8200046  0.43463078141212463
1600009  0.43450039625167847
2100063  0.4344690144062042
2600032  0.43437814712524414
5800027  0.43428897857666016
2100056  0.4341992437839508
8200052  0.43417850136756897
6100019  0.4341603219509125
2600052  0.4340970516204834
6900023  0.4336429536342621
4700023  0.43362197279930115
2700027  0.4335843622684479
1200017  0.4335514307022095
7800069  0.43347078561782837
2300017  0.4334229826927185
5300028  0.43340134620666504
2700043  0.43338385224342346
5300017  0.4333747625350952
2100064  0.43335142731666565
6300031  0.43321049213409424
1400011  0.43320509791374207
4300017  0.4332014322280884
8200057  0.432854562997818
6800039  0.4328235685825348
8300099  0.4327770173549652
9101566  0.4327368438243866
4600024  0.4327174723148346
8300103  0.4327125549316406
7100034  0.43247535824775696
1100009  0.4324358105659485
7200027  0.43243545293807983
6700077  0.43242067098617554
7200052  0.4324203133583069
2100040  0.4322551190853119
8300087  0.432239830493927
6900046  0.43223270773887634
7100035  0.43200093507766724
7200036  0.43186238408088684
2100049  0.43181946873664856
7100033  0.431696355342865
7800041  0.4315442740917206
8200045  0.4313611090183258
7000026  0.4313093423843384
1500009  0.4311673045158386
2300033  0.431098997592926
7200048  0.4308221638202667
5100017  0.4306705594062805
5000063  0.4305824339389801
5100023  0.4305567145347595
8200150  0.4305489957332611
8900095  0.4304480254650116
1600018  0.4303863048553467
2200050  0.43031933903694153
1800024  0.4303032159805298
2100062  0.4302736520767212
2600029  0.4301412105560303
6900036  0.43010014295578003
2700066  0.42998960614204407
6700064  0.42988669872283936
1600027  0.42983776330947876
7100055  0.4296225905418396
2200074  0.4295504689216614
1400009  0.42952975630760193
2600035  0.4293542504310608
2100050  0.4292619526386261
6700023  0.4292551875114441
6300030  0.42923489212989807
6800105  0.42919105291366577
9100673  0.4291727840900421
6100024  0.429170697927475
2700019  0.4291219413280487
8300093  0.42907029390335083
6300040  0.42881548404693604
2600051  0.42875608801841736
5000061  0.4284983277320862
2100037  0.4284823536872864
1200029  0.4284743666648865
1200021  0.4284152388572693
5900045  0.42840689420700073
4700024  0.42818620800971985
6800024  0.42782002687454224
8300101  0.4275946319103241
5800028  0.4274947941303253
1200041  0.4273507595062256
2600017  0.42713868618011475
2100051  0.427071750164032
4700021  0.4270590543746948
2100035  0.4268716275691986
8200050  0.4267502725124359
2100041  0.4265296459197998
9100720  0.4265235364437103
2200066  0.426475465297699
6700113  0.42644214630126953
7800060  0.42638179659843445
1200018  0.42625173926353455
1300011  0.4262355864048004
6900024  0.4260934293270111
2700020  0.42599090933799744
2100058  0.4259852170944214
6900027  0.4257327914237976
1500015  0.42572665214538574
6700076  0.42560943961143494
7800043  0.4254896342754364
7700039  0.42507874965667725
7800039  0.4250524938106537
2100039  0.4247882664203644
1800010  0.424634724855423
1500010  0.42441871762275696
2600047  0.42430225014686584
1200038  0.42425641417503357
8300109  0.4242357909679413
6400028  0.4241953492164612
6200024  0.42410480976104736
2600012  0.42387428879737854
1600023  0.4236157536506653
6700021  0.4235812723636627
5500017  0.423399418592453
6300064  0.42339685559272766
8300058  0.4232068359851837
4300016  0.42313340306282043
6900059  0.4230769872665405
8300091  0.4229934811592102
5000088  0.4227186441421509
7200042  0.4225856065750122
8300075  0.4225437045097351
7100028  0.42253297567367554
6700061  0.422405868768692
8300081  0.4223823547363281
6300053  0.4222901463508606
5800017  0.4222652316093445
7200043  0.4222169518470764
5000107  0.42220646142959595
1200022  0.42217862606048584
7200044  0.42217129468917847
7800046  0.42209312319755554
6900030  0.4220356345176697
6700111  0.4219996929168701
7200032  0.4218309223651886
6300049  0.421802818775177
7600059  0.4214622676372528
4300015  0.42130663990974426
7100044  0.42128342390060425
2100061  0.4212023913860321
5900047  0.42095232009887695
8400093  0.4209102690219879
6700058  0.42087113857269287
6900028  0.4208418130874634
2300020  0.42084142565727234
6100021  0.42072176933288574
6300024  0.4206789433956146
2200011  0.420531690120697
8300095  0.4205164313316345
2400016  0.4204225242137909
6400031  0.42039111256599426
6300032  0.4203862249851227
5300023  0.42033690214157104
2600018  0.4203033745288849
2100034  0.42023608088493347
2300021  0.4201519191265106
7200035  0.4199601411819458
1800020  0.419923335313797
4700035  0.4198492467403412
5500020  0.4197655916213989
9100630  0.4197221100330353
2600015  0.41971978545188904
6700028  0.4195735454559326
8300105  0.4195622205734253
5900033  0.41951632499694824
5000047  0.41950371861457825
8300097  0.4193919897079468
6300044  0.419373482465744
6900044  0.4191064238548279
2300011  0.41907641291618347
2700063  0.41906899213790894
8400094  0.4190555512905121
6900042  0.4190256595611572
5200018  0.4189605712890625
2700046  0.41889476776123047
2400017  0.41884422302246094
8400096  0.41878756880760193
5100016  0.4187648296356201
1200028  0.4187045693397522
6400019  0.4184223413467407
8300079  0.4184021055698395
1500011  0.41828739643096924
8300089  0.4182600975036621
6700112  0.4181356132030487
2200042  0.41768088936805725
5000021  0.4176638424396515
6500020  0.41760721802711487
8300068  0.417422890663147
6400035  0.4174119532108307
5000083  0.4174082279205322
6300028  0.4172193109989166
1400015  0.4170723557472229
5500018  0.41705113649368286
8300085  0.4168968200683594
5000019  0.41682061553001404
7800105  0.4168127179145813
8300050  0.4167962372303009
1800018  0.41673222184181213
9100641  0.416579008102417
6700093  0.4164874851703644
7800042  0.41641655564308167
6700049  0.416294127702713
8200143  0.4161635637283325
5000103  0.4160541296005249
2200070  0.4160219430923462
5000068  0.4160059690475464
6800022  0.41586804389953613
1100012  0.4157755374908447
7200039  0.4157586991786957
2800017  0.4156906008720398
5900018  0.4156755208969116
2600031  0.4154815673828125
2400011  0.4147432744503021
7200031  0.41462644934654236
8600073  0.4145086109638214
6600020  0.41426655650138855
8600068  0.41416135430336
7100029  0.41415098309516907
5000082  0.4140454828739166
2800013  0.4139033555984497
2800016  0.4138685166835785
7200037  0.4138363301753998
6700051  0.4137098789215088
5000016  0.4136253297328949
7000032  0.4130140244960785
7400030  0.4129146933555603
5800020  0.41291356086730957
1200034  0.4128904342651367
6200019  0.41286155581474304
6300066  0.41284140944480896
7200026  0.412710964679718
4600015  0.4126572906970978
6400060  0.41247448325157166
8200140  0.41215091943740845
9101002  0.4119330048561096
6900045  0.41187262535095215
1200019  0.4118393063545227
5300020  0.4118104577064514
2700016  0.4116540551185608
6300055  0.4116513729095459
5900022  0.41159164905548096
7800045  0.41155439615249634
6400023  0.41152283549308777
7100054  0.411316841840744
5900080  0.41125279664993286
8200138  0.41124409437179565
8400088  0.4112173914909363
6500032  0.4110586941242218
6800038  0.4105246365070343
1300008  0.41051211953163147
6400037  0.4104902446269989
6400044  0.41047024726867676
8300073  0.41041073203086853
1200023  0.4102204442024231
1200008  0.41006287932395935
2100014  0.41003477573394775
4600023  0.4097289741039276
7800044  0.4096124768257141
2700062  0.4095868766307831
8200146  0.409524530172348
6800100  0.4091605842113495
5000025  0.40897735953330994
5900068  0.40887489914894104
6300059  0.40864232182502747
6900061  0.40838027000427246
8000046  0.40837594866752625
8400095  0.4083690643310547
9100686  0.4083370268344879
8400090  0.4082569479942322
7100026  0.40813589096069336
7700037  0.40801623463630676
6700084  0.4079809784889221
8400086  0.40792661905288696
7500034  0.40742987394332886
7000043  0.4072270691394806
2700022  0.4071000814437866
5200017  0.4067666530609131
5900046  0.40661484003067017
7100040  0.4064725339412689
7600037  0.40620988607406616
6000024  0.406141996383667
8100043  0.4060199558734894
7100039  0.40591779351234436
4600017  0.40531834959983826
6900029  0.40525346994400024
2300014  0.40498673915863037
6400029  0.4045754671096802
5000018  0.4045701324939728
7000028  0.4037652909755707
5000048  0.4028779864311218
7000027  0.40279969573020935
7800097  0.4026923179626465
8400085  0.4018719792366028
5200016  0.4018682837486267
6400036  0.4014483392238617
8400111  0.40085843205451965
4600018  0.40082627534866333
8500062  0.4006824195384979
6400052  0.4006113111972809
7800104  0.39979490637779236
2700070  0.3997068405151367
5000076  0.3996312916278839
8300069  0.39928510785102844
2700013  0.3980567455291748
7200028  0.3976401090621948
5900024  0.3968210518360138
6400045  0.3964826464653015
6400026  0.3963479697704315
8200139  0.39595815539360046
1800027  0.3956209123134613
8000043  0.39423123002052307
6400034  0.39243099093437195
5000070  0.3922821879386902
7100030  0.3921741545200348
4600039  0.39101195335388184
7000025  0.3887658715248108
4600040  0.387379914522171
7800089  0.3689920902252197
6100032  0.35459741950035095
8200174  0.35184699296951294
