2900701  0.10218517482280731
2900706  0.10218517482280731
2900707  0.10218517482280731
2900708  0.10218517482280731
2900709  0.10218517482280731
2900712  0.10218517482280731
2900714  0.10218517482280731
2900811  0.10218517482280731
2900812  0.10218517482280731
2900813  0.10218517482280731
2900814  0.10218517482280731
2900815  0.10218517482280731
2900816  0.10218517482280731
2900817  0.10218517482280731
2900322  0.09730814397335052
2900261  0.09551779925823212
2900259  0.09213376045227051
2900204  0.09207072854042053
2900223  0.08947481960058212
2900258  0.08930336683988571
2900226  0.08838619291782379
2900663  0.07411818206310272
2900809  0.07300795614719391
2900323  0.07287159562110901
2900950  0.0727873370051384
2900585  0.07255025207996368
2900193  0.07233751565217972
2900498  0.07208457589149475
2900620  0.07200431078672409
2900715  0.07180909067392349
2900325  0.0716351717710495
2900818  0.07155052572488785
2900932  0.07110777497291565
2900948  0.07104724645614624
2900928  0.07069812715053558
2900791  0.07054790109395981
2900461  0.07042830437421799
2900439  0.07040678709745407
2900463  0.07034800946712494
2900659  0.07031608372926712
2900190  0.07013489305973053
2900633  0.06963535398244858
2900943  0.06931115686893463
2900723  0.06881965696811676
2900819  0.06879974156618118
2900854  0.06865387409925461
2900947  0.0684758648276329
2900621  0.06809329241514206
2900625  0.06742411106824875
2900133  0.06739943474531174
2900174  0.0670621320605278
2900716  0.06673848628997803
2900820  0.06668397784233093
2900944  0.066639743745327
2900850  0.06629292666912079
2900853  0.06607937812805176
2900721  0.06604360044002533
2900945  0.0660402923822403
2900624  0.06586205214262009
2900131  0.06521423161029816
2900720  0.06511002779006958
2900134  0.0650353953242302
2900111  0.06474588066339493
2900156  0.06474363058805466
2900135  0.06349313259124756
2900116  0.0634504184126854
2900112  0.06324409693479538
2900114  0.061902668327093124
2900115  0.061215173453092575
2900113  0.06069840490818024
