2900701  inf
2900706  inf
2900707  inf
2900708  inf
2900709  inf
2900712  inf
2900714  inf
2900715  inf
2900716  264.5
2900721  264.5
2900723  264.5
2900190  1.849056603773585
2900193  1.849056603773585
2900204  1.849056603773585
2900932  1.8436578171091444
2900928  1.8328445747800586
2900131  0.9979381443298969
2900133  0.9979381443298969
2900134  0.9979381443298969
2900135  0.9979381443298969
2900943  0.8753501400560224
2900944  0.8753501400560224
2900947  0.8753501400560224
2900950  0.8753501400560224
2900174  0.7735148514851485
2900156  0.7594167679222357
2900111  0.628140703517588
2900112  0.628140703517588
2900113  0.628140703517588
2900114  0.628140703517588
2900115  0.628140703517588
2900116  0.628140703517588
2900439  0.36
2900323  0.2903225806451613
2900948  0.11940298507462686
2900259  0.07017543859649122
2900322  0.05460750853242321
2900325  0.05460750853242321
2900720  0.041666666666666664
2900223  0.025
2900226  0.025
2900258  0.015810276679841896
2900945  0.0044444444444444444
2900261  0.004424778761061947
2900461  0.0
2900463  0.0
2900498  0.0
2900585  0.0
2900620  0.0
2900621  0.0
2900624  0.0
2900625  0.0
2900633  0.0
2900659  0.0
2900663  0.0
2900791  0.0
2900809  0.0
2900811  0.0
2900812  0.0
2900813  0.0
2900814  0.0
2900815  0.0
2900816  0.0
2900817  0.0
2900818  0.0
2900819  0.0
2900820  0.0
2900850  0.0
2900853  0.0
2900854  0.0
