2900715  0.0051073068752884865
2900706  0.004552047234028578
2900709  0.003774163778871298
2900708  0.0037120638880878687
2900721  0.0035495259799063206
2900707  0.0034892838448286057
2900723  0.003373880637809634
2900701  0.0033070428762584925
2900712  0.00310511514544487
2900716  0.002656478201970458
2900714  0.0025985687971115112
2900204  0.002242479706183076
2900947  0.002139142481610179
2900943  0.0020594981033354998
2900439  0.001928352052345872
2900190  0.0018857456743717194
2900174  0.0018364795250818133
2900259  0.0018171024275943637
2900944  0.0018146727234125137
2900323  0.001809819950722158
2900820  0.0017660183366388083
2900948  0.0017598028061911464
2900791  0.00173179991543293
2900156  0.0017242906615138054
2900812  0.001723840949125588
2900816  0.0017126910388469696
2900813  0.001693924074061215
2900720  0.0016426648944616318
2900498  0.0016253716312348843
2900134  0.0015757319051772356
2900809  0.0015690447762608528
2900193  0.0015642466023564339
2900585  0.001561553799547255
2900322  0.0015187502140179276
2900116  0.0015032944502308965
2900223  0.0014919290551915765
2900624  0.0014578797854483128
2900463  0.0014512677444145083
2900325  0.0014420774532482028
2900854  0.001437949831597507
2900928  0.0014333861181512475
2900625  0.0014229632215574384
2900131  0.0014036126667633653
2900814  0.0013381966855376959
2900621  0.0013363861944526434
2900133  0.0013282063882797956
2900818  0.0013272472424432635
2900114  0.001323237898759544
2900817  0.0013224378926679492
2900261  0.0013165451819077134
2900932  0.0013066018000245094
2900111  0.0013032833812758327
2900950  0.001293563167564571
2900226  0.001293477602303028
2900819  0.0012812291970476508
2900853  0.0012262009549885988
2900115  0.0012159495381638408
2900620  0.0011976320529356599
2900811  0.0011517845559865236
2900135  0.0011411894811317325
2900633  0.001123077585361898
2900258  0.0011200871085748076
2900112  0.001103959046304226
2900663  0.0010683469008654356
2900945  0.001051094033755362
2900113  0.001039720606058836
2900659  0.0010272851213812828
2900815  0.0009732571779750288
2900850  0.0009461574954912066
2900461  0.0009383975993841887
