2900701  1.0
2900706  1.0
2900707  1.0
2900708  1.0
2900709  1.0
2900712  1.0
2900714  1.0
2900715  1.0
2900716  0.9591663046625439
2900721  0.9591663046625439
2900723  0.9591663046625439
2900190  0.2681913598619224
2900193  0.2681913598619224
2900204  0.2681913598619224
2900932  0.26207120918047955
2900928  0.2613541867446583
2900439  0.24494897427831783
2900720  0.2
2900131  0.19599157740244455
2900133  0.19599157740244455
2900134  0.19599157740244455
2900135  0.19599157740244455
2900943  0.18392797319442744
2900944  0.18392797319442744
2900947  0.18392797319442744
2900950  0.18392797319442744
2900174  0.17323973216880925
2900323  0.1732050807568877
2900156  0.17170070493586126
2900111  0.15655607277128736
2900112  0.15655607277128736
2900113  0.15655607277128736
2900114  0.15655607277128736
2900115  0.15655607277128736
2900116  0.15655607277128736
2900948  0.07396002616336389
2900259  0.06666666666666667
2900223  0.048507125007266595
2900226  0.048507125007266595
2900322  0.04815434123430768
2900325  0.04815434123430768
2900258  0.02626128657194451
2900945  0.014071950894605839
2900261  0.014037248126871928
2900461  0.0
2900463  0.0
2900498  0.0
2900585  0.0
2900620  0.0
2900621  0.0
2900624  0.0
2900625  0.0
2900633  0.0
2900659  0.0
2900663  0.0
2900791  0.0
2900809  0.0
2900811  0.0
2900812  0.0
2900813  0.0
2900814  0.0
2900815  0.0
2900816  0.0
2900817  0.0
2900818  0.0
2900819  0.0
2900820  0.0
2900850  0.0
2900853  0.0
2900854  0.0
