1400097  1.0
1400099  1.0
1400100  1.0
1400101  1.0
1400102  1.0
1400103  1.0
1400104  1.0
1400108  1.0
1400241  1.0
3100456  1.0
3100457  1.0
3100458  1.0
3100459  1.0
3100460  1.0
3100461  1.0
3100464  1.0
4300063  1.0
4300065  1.0
4300066  1.0
4300067  1.0
4300069  1.0
4300070  1.0
4300071  1.0
4300072  1.0
4300075  1.0
4300076  1.0
4300079  1.0
4300080  1.0
4300081  1.0
4300082  1.0
4300083  1.0
4300084  1.0
4300090  1.0
4300091  1.0
4300092  1.0
4300093  1.0
4300097  1.0
4300098  1.0
4300100  1.0
4300105  1.0
4300106  1.0
4300115  1.0
4300116  1.0
4300121  1.0
4300122  1.0
4300123  1.0
4300124  1.0
4300125  1.0
4300126  1.0
4300127  1.0
4300128  1.0
4300129  1.0
4300130  1.0
4300131  1.0
4300132  1.0
4300133  1.0
4300138  1.0
4300140  1.0
4300143  1.0
4300144  1.0
4300145  1.0
4300146  1.0
4300147  1.0
4300151  1.0
4300160  1.0
4900130  1.0
4900134  1.0
4900523  1.0
4900528  1.0
5300241  1.0
5300256  1.0
5300257  1.0
5300258  1.0
5300259  1.0
5300263  1.0
5300264  1.0
5300265  1.0
5300266  1.0
5300268  1.0
5300272  1.0
5703507  1.0
5703508  1.0
5703510  1.0
5703511  1.0
5703514  1.0
5703519  1.0
5703520  1.0
5703523  1.0
5700375  0.8
1400142  0.5
1400144  0.5
1400145  0.5
1400146  0.5
1400147  0.5
1400148  0.5
1400149  0.5
1400150  0.5
1400151  0.5
1400152  0.5
1400154  0.5
1400158  0.5
1400589  0.5
1400590  0.5
1400591  0.5
1400592  0.5
1400602  0.5
1400860  0.5
3000030  0.5
3000034  0.5
3000041  0.5
3100392  0.5
3100393  0.5
3100394  0.5
3100395  0.5
3100396  0.5
3100397  0.5
3100398  0.5
3100401  0.5
3900592  0.5
3900597  0.5
3900598  0.5
4900541  0.5
4900545  0.5
1400062  0.4444444444444444
1400063  0.4444444444444444
1400066  0.4444444444444444
1400069  0.4444444444444444
3100056  0.4444444444444444
3100057  0.4444444444444444
3100058  0.4444444444444444
3100138  0.4444444444444444
3100246  0.4444444444444444
3100302  0.4444444444444444
3100303  0.4444444444444444
3100304  0.4444444444444444
4900081  0.4444444444444444
5700113  0.4444444444444444
5700126  0.4444444444444444
5700139  0.4444444444444444
5700158  0.4444444444444444
5700177  0.4444444444444444
5700196  0.4444444444444444
5700216  0.4444444444444444
5700235  0.4444444444444444
5700254  0.4444444444444444
5700275  0.4444444444444444
5700283  0.4444444444444444
5700286  0.4444444444444444
5702992  0.4444444444444444
3100295  0.4
3100296  0.4
3100323  0.4
3100329  0.4
3100506  0.4
3100507  0.4
3100509  0.4
3100510  0.4
3100512  0.4
4100115  0.4
4100117  0.4
4100215  0.4
4900052  0.4
4900058  0.4
4900389  0.4
4900390  0.4
4900391  0.4
4900402  0.4
4900407  0.4
4900418  0.4
4900422  0.4
6300043  0.4
1400044  0.16666666666666663
1400047  0.16666666666666663
1400048  0.16666666666666663
1400053  0.16666666666666663
1500053  0.16666666666666663
3100074  0.16666666666666663
3100075  0.16666666666666663
3100076  0.16666666666666663
3100262  0.16666666666666663
3100263  0.16666666666666663
3100266  0.16666666666666663
3100269  0.16666666666666663
3100270  0.16666666666666663
3100271  0.16666666666666663
3100275  0.16666666666666663
3100276  0.16666666666666663
3100279  0.16666666666666663
3100280  0.16666666666666663
3100281  0.16666666666666663
3100284  0.16666666666666663
3100286  0.16666666666666663
3100290  0.16666666666666663
3100526  0.16666666666666663
3100527  0.16666666666666663
4100099  0.16666666666666663
4100101  0.16666666666666663
4100133  0.16666666666666663
4100134  0.16666666666666663
4100135  0.16666666666666663
4100136  0.16666666666666663
4100137  0.16666666666666663
4100138  0.16666666666666663
4100139  0.16666666666666663
4100140  0.16666666666666663
4100142  0.16666666666666663
4100143  0.16666666666666663
4100207  0.16666666666666663
4100224  0.16666666666666663
5800264  0.16666666666666663
5800267  0.16666666666666663
6300054  0.16666666666666663
6300055  0.16666666666666663
6300056  0.16666666666666663
