3100304  0.46834805607795715
3100323  0.46834805607795715
3100329  0.46834805607795715
3100392  0.46834805607795715
3100393  0.46834805607795715
3100394  0.46834805607795715
3100395  0.46834805607795715
3100396  0.46834805607795715
3100397  0.46834805607795715
3100398  0.46834805607795715
3100401  0.46834805607795715
3100456  0.46834805607795715
3100457  0.46834805607795715
3100458  0.46834805607795715
3100459  0.46834805607795715
3100460  0.46834805607795715
3100461  0.46834805607795715
3100464  0.46834805607795715
3100506  0.46834805607795715
3100507  0.46834805607795715
4900528  0.46834805607795715
4900541  0.46834805607795715
4900545  0.46834805607795715
5300241  0.46834805607795715
5300256  0.46834805607795715
5300257  0.46834805607795715
5300258  0.46834805607795715
5300259  0.46834805607795715
5300263  0.46834805607795715
5300264  0.46834805607795715
5300265  0.46834805607795715
5300266  0.46834805607795715
5300268  0.46834805607795715
5300272  0.46834805607795715
5700113  0.46834805607795715
5700126  0.46834805607795715
5700139  0.46834805607795715
5700158  0.46834805607795715
5700177  0.46834805607795715
5700196  0.46834805607795715
5700216  0.46834805607795715
5700235  0.46834805607795715
5700254  0.46834805607795715
5700275  0.46834805607795715
5700283  0.46834805607795715
5700286  0.46834805607795715
5700375  0.46834805607795715
5702992  0.46834805607795715
5703507  0.46834805607795715
5703508  0.46834805607795715
5703510  0.46834805607795715
5703511  0.46834805607795715
5703514  0.46834805607795715
5703519  0.46834805607795715
5703520  0.46834805607795715
5703523  0.46834805607795715
5800264  0.46834805607795715
5800267  0.46834805607795715
6300043  0.46834805607795715
6300054  0.46834805607795715
6300055  0.46834805607795715
6300056  0.46834805607795715
3100303  0.2646223306655884
4900523  0.20496635138988495
3100509  0.1412273347377777
4300132  0.06890370696783066
4300124  0.06666532903909683
4300125  0.0664590522646904
4300126  0.06639603525400162
4300093  0.06506338715553284
4300131  0.06360651552677155
4300123  0.06323528289794922
4300100  0.06289839744567871
4300122  0.06271466612815857
4300130  0.062214840203523636
4300105  0.062185950577259064
4300106  0.06184467673301697
4300127  0.06150790676474571
4300116  0.06122877076268196
4300097  0.06103413552045822
4300128  0.06101071462035179
4300121  0.060444898903369904
4300129  0.06014480069279671
4300115  0.05947943404316902
4300098  0.05938505753874779
4300133  0.04681523144245148
1400053  0.04553723707795143
1400147  0.04503782093524933
1400148  0.04484649375081062
1400103  0.04383479431271553
1400102  0.04373176395893097
1400104  0.043284062296152115
1400146  0.04324685037136078
1400062  0.042814865708351135
1400101  0.04276012256741524
1400100  0.04242904484272003
1400145  0.04209066927433014
1400108  0.041909895837306976
1400044  0.041851360350847244
4300092  0.04164150357246399
1400069  0.041498929262161255
1400047  0.04145476967096329
1400066  0.04109209030866623
1400063  0.04094776138663292
1400099  0.04091350734233856
1400048  0.04073908552527428
1400142  0.04064575582742691
1400097  0.04064290225505829
1400144  0.040299300104379654
1400149  0.04019499942660332
1500053  0.039518266916275024
3100058  0.0393974632024765
1400602  0.039387430995702744
1400860  0.03852409869432449
3100074  0.038083285093307495
1400158  0.03769875317811966
1400150  0.03759271651506424
3000030  0.037465065717697144
3000034  0.0373091921210289
1400154  0.03729018568992615
1400152  0.03716311231255531
3100056  0.03679664805531502
3100057  0.036698102951049805
1400592  0.03656218573451042
1400589  0.036517128348350525
1400591  0.0364534892141819
1400590  0.03590046241879463
1400241  0.03564827889204025
3000041  0.03489019721746445
1400151  0.03473534435033798
3100302  0.03004170022904873
3100296  0.027446331456303596
3100280  0.027225030586123466
3100279  0.026249535381793976
3100276  0.02624846249818802
3100275  0.026065248996019363
3100246  0.025580357760190964
3100262  0.025204479694366455
3100295  0.02513100579380989
3100075  0.024810882285237312
3100281  0.02480696700513363
3100263  0.024701135233044624
3100290  0.024430595338344574
3100138  0.024273714050650597
3100271  0.024059204384684563
3100269  0.023983556777238846
3100076  0.023845072835683823
3100270  0.023703647777438164
3100266  0.023674895986914635
3100286  0.023554913699626923
3100284  0.023401662707328796
4100207  0.020893266424536705
4300091  0.019710691645741463
4300076  0.019567176699638367
4300080  0.019534727558493614
4300079  0.019480843096971512
4100215  0.019169403240084648
4300090  0.018893413245677948
4300072  0.018777232617139816
4300084  0.018738484010100365
4300066  0.01857909746468067
4300081  0.018556764349341393
4300075  0.018518757075071335
4300067  0.018502982333302498
4300065  0.018316561356186867
4100224  0.01824597269296646
4300069  0.017815707251429558
4300070  0.01776321791112423
4300082  0.01764081045985222
4300063  0.017608290538191795
4300071  0.01760038174688816
4300083  0.01718374527990818
4100143  0.014288346283137798
4100134  0.013194896280765533
4100142  0.01319301500916481
3100510  0.013191196136176586
4100135  0.013010971248149872
4100133  0.012812845408916473
4100136  0.01268860138952732
3900592  0.012603259645402431
4100117  0.012601029127836227
4100140  0.01236773282289505
3900597  0.012199855409562588
3100527  0.012140752747654915
4100115  0.012110541574656963
4100139  0.012071019969880581
3900598  0.012067226693034172
3100526  0.012007055804133415
3100512  0.01196380890905857
4100138  0.01184932328760624
4100101  0.01184450089931488
4100099  0.011812102049589157
4100137  0.011725704185664654
4300138  0.00874811690300703
4900422  0.008503757417201996
4900081  0.008291852660477161
4900134  0.008117829449474812
4900389  0.008002490736544132
4900130  0.007977217435836792
4900418  0.007962578907608986
4300145  0.007892278954386711
4300140  0.007819254882633686
4300144  0.007801436819136143
4900390  0.007754616439342499
4300146  0.007660508155822754
4300151  0.007587930653244257
4900402  0.007553858682513237
4900058  0.00747888907790184
4300147  0.007422840688377619
4900407  0.007411607075482607
4900052  0.007363402750343084
4300160  0.007340853102505207
4900391  0.007125715259462595
4300143  0.007026534993201494
