4100639  1.0
4100640  1.0
4100660  1.0
4100661  1.0
4100702  1.0
4100703  1.0
4100723  1.0
4100724  1.0
4100764  1.0
4100765  1.0
4100785  1.0
4100786  1.0
9500094  0.6666666666666667
4100636  0.6
1500931  0.5625
8800060  0.5
9900183  0.3913043478260869
4100351  0.2857142857142857
4100353  0.2857142857142857
7300351  0.25
7300352  0.25
7300354  0.25
7300357  0.25
7300315  0.2376237623762376
7300316  0.2376237623762376
7300317  0.2376237623762376
4101229  0.22330097087378642
7300341  0.2068965517241379
7300342  0.2068965517241379
7300344  0.2068965517241379
7300347  0.2068965517241379
3300202  0.17431192660550454
4100456  0.15189873417721522
4100454  0.14634146341463417
4100473  0.14634146341463417
4100474  0.14634146341463417
4200317  0.14634146341463417
4200318  0.14634146341463417
7100190  0.13636363636363635
5002158  0.11731843575418999
2600593  0.09561752988047811
2600596  0.09561752988047811
2600591  0.09523809523809523
2600600  0.09523809523809523
2600602  0.09523809523809523
2600603  0.09523809523809523
2600605  0.09523809523809523
2600606  0.09523809523809523
2600607  0.09523809523809523
2600609  0.09523809523809523
2600615  0.09523809523809523
2600616  0.09523809523809523
2600625  0.09523809523809523
2600691  0.09523809523809523
2600701  0.09523809523809523
2600702  0.09523809523809523
2701244  0.09523809523809523
2701246  0.09523809523809523
2701247  0.09523809523809523
2701248  0.09523809523809523
2701253  0.09523809523809523
2701255  0.09523809523809523
2701265  0.09523809523809523
2701268  0.09523809523809523
2701270  0.09523809523809523
2701280  0.09523809523809523
2701282  0.09523809523809523
2901609  0.09523809523809523
2901610  0.09523809523809523
2901611  0.09523809523809523
3200768  0.09523809523809523
5101962  0.09326424870466321
5101963  0.09326424870466321
5101964  0.09326424870466321
5101971  0.09326424870466321
2901608  0.08823529411764708
5002182  0.08750000000000002
5002183  0.08750000000000002
5002184  0.08750000000000002
5002176  0.08713692946058094
5002157  0.08677685950413228
5002164  0.08677685950413228
5002165  0.08677685950413228
5002166  0.08677685950413228
5002169  0.08677685950413228
5002170  0.08677685950413228
5002174  0.08677685950413228
5002175  0.08677685950413228
5002178  0.08677685950413228
5002179  0.08677685950413228
5900725  0.08550185873605953
5101913  0.08518518518518514
5101916  0.08518518518518514
5101917  0.08518518518518514
5002150  0.08394160583941601
5002153  0.08394160583941601
2901590  0.08333333333333337
2901591  0.08333333333333337
2901592  0.08333333333333337
2901598  0.08333333333333337
2901599  0.08333333333333337
3000119  0.08333333333333337
3802667  0.08185053380782914
6300128  0.08127208480565373
5101946  0.08098591549295775
5101947  0.08098591549295775
5101951  0.08098591549295775
5101959  0.08098591549295775
5101961  0.08098591549295775
6300127  0.08070175438596494
1500926  0.07920792079207917
1500927  0.07920792079207917
1500928  0.07920792079207917
1500929  0.07920792079207917
1500930  0.07920792079207917
4200225  0.0786026200873362
6000068  0.07829181494661919
6000074  0.07829181494661919
6000075  0.07829181494661919
6000077  0.07829181494661919
6000078  0.07829181494661919
4601475  0.07823129251700678
4601476  0.07823129251700678
4601479  0.07823129251700678
4601480  0.07823129251700678
4200223  0.07792207792207795
3802660  0.07770270270270274
3802661  0.07770270270270274
3802665  0.07770270270270274
3802670  0.07770270270270274
3802671  0.07770270270270274
3802672  0.07770270270270274
3802674  0.07770270270270274
6101218  0.07770270270270274
6101219  0.07770270270270274
10500522  0.07770270270270274
2100592  0.07718120805369133
2100593  0.07718120805369133
2100594  0.07718120805369133
2100469  0.07692307692307687
2100470  0.07692307692307687
2100471  0.07692307692307687
2100472  0.07692307692307687
2100628  0.07615894039735094
2100629  0.07615894039735094
2100632  0.07615894039735094
2100633  0.07615894039735094
2100634  0.07615894039735094
2100635  0.07615894039735094
2100641  0.07615894039735094
2100642  0.07615894039735094
6000083  0.0744336569579288
6000080  0.0741935483870968
6000082  0.0741935483870968
6000087  0.0741935483870968
6000090  0.0741935483870968
3500292  0.07317073170731703
7100188  0.07228915662650603
1100199  0.06948640483383683
1100200  0.06948640483383683
1100203  0.06948640483383683
1100196  0.06824925816023741
2600551  0.06779661016949157
2600554  0.06779661016949157
2600726  0.06779661016949157
2600709  0.06760563380281692
2600710  0.06760563380281692
2600711  0.06760563380281692
2600725  0.06760563380281692
6000063  0.06725146198830412
6000064  0.06725146198830412
6000066  0.06725146198830412
2701190  0.06648199445983383
2701307  0.06648199445983383
2701308  0.06648199445983383
2701309  0.06648199445983383
2701314  0.06648199445983383
2701322  0.06648199445983383
2701325  0.06648199445983383
2701333  0.06648199445983383
2701335  0.06648199445983383
2901546  0.06648199445983383
3000162  0.06521739130434778
3000163  0.06521739130434778
3000164  0.06521739130434778
1100181  0.06515580736543913
7500144  0.06442577030812324
7500138  0.06371191135734067
7500139  0.06371191135734067
7500140  0.06371191135734067
7500141  0.06371191135734067
9500115  0.06366047745358094
9500116  0.06366047745358094
7500118  0.06353591160220995
9500093  0.06349206349206349
9500099  0.06349206349206349
9500104  0.06349206349206349
9500105  0.06349206349206349
9500113  0.06349206349206349
9500114  0.06349206349206349
9500137  0.06349206349206349
9500138  0.06349206349206349
9500139  0.06349206349206349
9500145  0.06349206349206349
9500147  0.06349206349206349
1100178  0.0633608815426997
6000067  0.0633608815426997
10500524  0.06301369863013695
1500925  0.06266318537859006
2701202  0.0625
2701203  0.0625
2701204  0.0625
2701209  0.0625
2701211  0.0625
2701221  0.0625
2701224  0.0625
2701226  0.0625
2701236  0.0625
2701238  0.0625
2901582  0.0625
2901583  0.0625
2901586  0.0625
3802654  0.0625
2600573  0.06233766233766236
2600574  0.06233766233766236
2600575  0.06233766233766236
2600576  0.06233766233766236
2600577  0.06233766233766236
2600578  0.06233766233766236
2600717  0.06233766233766236
2600718  0.06233766233766236
2600719  0.06233766233766236
2600720  0.06233766233766236
2600729  0.06233766233766236
2600731  0.06233766233766236
2600549  0.06217616580310881
2600558  0.06217616580310881
2600560  0.06217616580310881
2600561  0.06217616580310881
2600563  0.06217616580310881
2600564  0.06217616580310881
2600565  0.06217616580310881
2600567  0.06217616580310881
2600583  0.06217616580310881
2600672  0.06217616580310881
2600682  0.06217616580310881
2600683  0.06217616580310881
2600706  0.06217616580310881
2600713  0.06217616580310881
3200761  0.06217616580310881
3200776  0.06217616580310881
6400253  0.06217616580310881
10400117  0.060913705583756306
2100667  0.060846560846560815
2100668  0.060846560846560815
2100671  0.060846560846560815
1500907  0.06030150753768848
1500909  0.06030150753768848
1500910  0.06030150753768848
1500912  0.06030150753768848
6000050  0.05897435897435899
6000062  0.05897435897435899
6000092  0.05897435897435899
8800059  0.05867970660146704
8800062  0.05867970660146704
8800063  0.05867970660146704
8800064  0.05867970660146704
10300064  0.05867970660146704
10300066  0.05867970660146704
10300070  0.05867970660146704
2100951  0.058080808080808066
2100952  0.058080808080808066
2100955  0.058080808080808066
2100958  0.058080808080808066
7200543  0.05755395683453235
7200552  0.05755395683453235
6000031  0.057213930348258724
7100140  0.054545454545454564
10500520  0.0539906103286385
8500104  0.053811659192825156
8500105  0.053811659192825156
7100180  0.053333333333333344
7100121  0.053254437869822535
10500516  0.0532407407407407
10500498  0.053117782909930744
2100164  0.05239179954441908
2100182  0.05239179954441908
3802730  0.05239179954441908
3802763  0.05239179954441908
3802770  0.05239179954441908
3802778  0.05239179954441908
3802779  0.05239179954441908
3802780  0.05239179954441908
3802783  0.05239179954441908
3900153  0.05239179954441908
3900154  0.05239179954441908
3900155  0.05239179954441908
3900217  0.05239179954441908
3900220  0.05239179954441908
3900257  0.05239179954441908
3900258  0.05239179954441908
3900305  0.05239179954441908
3900308  0.05239179954441908
3900311  0.05239179954441908
3900312  0.05239179954441908
3900319  0.05239179954441908
3900321  0.05239179954441908
3900322  0.05239179954441908
3900326  0.05239179954441908
3900328  0.05239179954441908
3900345  0.05239179954441908
3900346  0.05239179954441908
3900347  0.05239179954441908
3900357  0.05239179954441908
3900360  0.05239179954441908
3900383  0.05239179954441908
3900384  0.05239179954441908
3900385  0.05239179954441908
3900386  0.05239179954441908
3900464  0.05239179954441908
3900467  0.05239179954441908
3900470  0.05239179954441908
3900614  0.05239179954441908
3900631  0.05239179954441908
3900785  0.05239179954441908
3900795  0.05239179954441908
3900807  0.05239179954441908
3901150  0.05239179954441908
3901171  0.05239179954441908
4002794  0.05239179954441908
4002795  0.05239179954441908
4002796  0.05239179954441908
4002797  0.05239179954441908
4002798  0.05239179954441908
4002799  0.05239179954441908
4002800  0.05239179954441908
4002801  0.05239179954441908
4002802  0.05239179954441908
4002805  0.05239179954441908
4002806  0.05239179954441908
4002807  0.05239179954441908
4002810  0.05239179954441908
4501522  0.05239179954441908
4501523  0.05239179954441908
5801136  0.05239179954441908
5801138  0.05239179954441908
5801139  0.05239179954441908
5801140  0.05239179954441908
5801141  0.05239179954441908
5801142  0.05239179954441908
5801143  0.05239179954441908
5801144  0.05239179954441908
5801145  0.05239179954441908
5801146  0.05239179954441908
5801147  0.05239179954441908
5801148  0.05239179954441908
5801149  0.05239179954441908
5801150  0.05239179954441908
5801153  0.05239179954441908
5801154  0.05239179954441908
5801157  0.05239179954441908
5801158  0.05239179954441908
5801161  0.05239179954441908
5801162  0.05239179954441908
5801163  0.05239179954441908
5801164  0.05239179954441908
5801166  0.05239179954441908
5801167  0.05239179954441908
5801168  0.05239179954441908
5801169  0.05239179954441908
5801170  0.05239179954441908
5801173  0.05239179954441908
5801174  0.05239179954441908
5801175  0.05239179954441908
5801176  0.05239179954441908
5801177  0.05239179954441908
5801178  0.05239179954441908
5801181  0.05239179954441908
5801182  0.05239179954441908
5801184  0.05239179954441908
5801185  0.05239179954441908
5801186  0.05239179954441908
5801188  0.05239179954441908
5801189  0.05239179954441908
5801190  0.05239179954441908
5801191  0.05239179954441908
5801192  0.05239179954441908
5801193  0.05239179954441908
5801194  0.05239179954441908
5801196  0.05239179954441908
5801197  0.05239179954441908
5801198  0.05239179954441908
5801200  0.05239179954441908
5801201  0.05239179954441908
5801202  0.05239179954441908
5801204  0.05239179954441908
5801205  0.05239179954441908
5801206  0.05239179954441908
5801207  0.05239179954441908
5801208  0.05239179954441908
5801209  0.05239179954441908
5801210  0.05239179954441908
5801211  0.05239179954441908
5801212  0.05239179954441908
5801216  0.05239179954441908
5801217  0.05239179954441908
5801220  0.05239179954441908
5801229  0.05239179954441908
5801230  0.05239179954441908
5801236  0.05239179954441908
5801237  0.05239179954441908
5801259  0.05239179954441908
5801263  0.05239179954441908
5801264  0.05239179954441908
5801274  0.05239179954441908
5801275  0.05239179954441908
5801284  0.05239179954441908
5801286  0.05239179954441908
5801297  0.05239179954441908
5801333  0.05239179954441908
5801337  0.05239179954441908
5801340  0.05239179954441908
5801345  0.05239179954441908
5801353  0.05239179954441908
5801354  0.05239179954441908
5801359  0.05239179954441908
5801368  0.05239179954441908
5801369  0.05239179954441908
5801373  0.05239179954441908
5801383  0.05239179954441908
5801384  0.05239179954441908
5801389  0.05239179954441908
5801393  0.05239179954441908
5801394  0.05239179954441908
5801399  0.05239179954441908
5801403  0.05239179954441908
5801404  0.05239179954441908
5801409  0.05239179954441908
5801413  0.05239179954441908
5801414  0.05239179954441908
5801419  0.05239179954441908
5801423  0.05239179954441908
5801424  0.05239179954441908
5801433  0.05239179954441908
5801434  0.05239179954441908
5801443  0.05239179954441908
5801444  0.05239179954441908
5801449  0.05239179954441908
5801453  0.05239179954441908
5801454  0.05239179954441908
5801463  0.05239179954441908
5801464  0.05239179954441908
5801473  0.05239179954441908
5801474  0.05239179954441908
5801483  0.05239179954441908
5801484  0.05239179954441908
5801494  0.05239179954441908
5801495  0.05239179954441908
5801501  0.05239179954441908
5801505  0.05239179954441908
5801506  0.05239179954441908
5801515  0.05239179954441908
5801519  0.05239179954441908
5801520  0.05239179954441908
5801527  0.05239179954441908
5801531  0.05239179954441908
5801532  0.05239179954441908
5801537  0.05239179954441908
5801541  0.05239179954441908
5801542  0.05239179954441908
5801547  0.05239179954441908
5801551  0.05239179954441908
5801552  0.05239179954441908
5801561  0.05239179954441908
5801562  0.05239179954441908
5801571  0.05239179954441908
5801572  0.05239179954441908
5801577  0.05239179954441908
5801581  0.05239179954441908
5801582  0.05239179954441908
5801591  0.05239179954441908
5801592  0.05239179954441908
5801601  0.05239179954441908
5801602  0.05239179954441908
5801609  0.05239179954441908
5801613  0.05239179954441908
5801614  0.05239179954441908
5801623  0.05239179954441908
5801624  0.05239179954441908
5801634  0.05239179954441908
5801635  0.05239179954441908
5801644  0.05239179954441908
5801645  0.05239179954441908
5801655  0.05239179954441908
5801656  0.05239179954441908
5801665  0.05239179954441908
5801666  0.05239179954441908
5801676  0.05239179954441908
5801677  0.05239179954441908
5801682  0.05239179954441908
5801686  0.05239179954441908
5801687  0.05239179954441908
5801693  0.05239179954441908
5801697  0.05239179954441908
5801698  0.05239179954441908
5801706  0.05239179954441908
5801710  0.05239179954441908
5801711  0.05239179954441908
5801718  0.05239179954441908
5801722  0.05239179954441908
5801723  0.05239179954441908
5801733  0.05239179954441908
5801734  0.05239179954441908
5801744  0.05239179954441908
5801745  0.05239179954441908
5801755  0.05239179954441908
5801756  0.05239179954441908
5801766  0.05239179954441908
5801767  0.05239179954441908
5801778  0.05239179954441908
5801779  0.05239179954441908
5801783  0.05239179954441908
5801787  0.05239179954441908
5801788  0.05239179954441908
5801793  0.05239179954441908
5801797  0.05239179954441908
5801798  0.05239179954441908
5801803  0.05239179954441908
5801807  0.05239179954441908
5801808  0.05239179954441908
5801812  0.05239179954441908
5801816  0.05239179954441908
5801817  0.05239179954441908
5801822  0.05239179954441908
5801826  0.05239179954441908
5801827  0.05239179954441908
5801832  0.05239179954441908
5801836  0.05239179954441908
5801837  0.05239179954441908
5801842  0.05239179954441908
5801846  0.05239179954441908
5801847  0.05239179954441908
5801851  0.05239179954441908
5801855  0.05239179954441908
5801856  0.05239179954441908
5801860  0.05239179954441908
5801864  0.05239179954441908
5801865  0.05239179954441908
5801870  0.05239179954441908
5801874  0.05239179954441908
5801875  0.05239179954441908
5801880  0.05239179954441908
5801884  0.05239179954441908
5801885  0.05239179954441908
5801892  0.05239179954441908
5801896  0.05239179954441908
5801897  0.05239179954441908
5801901  0.05239179954441908
5900662  0.05239179954441908
5900784  0.05239179954441908
5900995  0.05239179954441908
5901033  0.05239179954441908
3802623  0.05215419501133789
3802624  0.05215419501133789
3900765  0.05215419501133789
5002139  0.05215419501133789
5601299  0.05203619909502266
3900408  0.05191873589164786
3900411  0.05191873589164786
3900417  0.05191873589164786
3900444  0.05191873589164786
3900570  0.05191873589164786
3900573  0.05191873589164786
3900576  0.05191873589164786
3900579  0.05191873589164786
3900597  0.05191873589164786
5002137  0.05191873589164786
5002138  0.05191873589164786
5002141  0.05191873589164786
5002144  0.05191873589164786
5002274  0.05191873589164786
5101895  0.05191873589164786
5101896  0.05191873589164786
5101898  0.05191873589164786
5101901  0.05191873589164786
5101902  0.05191873589164786
5101903  0.05191873589164786
5101906  0.05191873589164786
5102064  0.05191873589164786
5601270  0.05191873589164786
5601271  0.05191873589164786
5601272  0.05191873589164786
5601275  0.05191873589164786
5701401  0.05191873589164786
5701402  0.05191873589164786
5701405  0.05191873589164786
3900685  0.05180180180180183
3900817  0.05122494432071267
3901091  0.05111111111111111
5002121  0.0506607929515418
5002122  0.0506607929515418
5002123  0.0506607929515418
5002124  0.0506607929515418
5002125  0.0506607929515418
5002128  0.0506607929515418
5002132  0.0506607929515418
5002133  0.0506607929515418
5002134  0.0506607929515418
3901142  0.05043859649122806
3901143  0.05043859649122806
3901145  0.05043859649122806
3901146  0.05043859649122806
3901147  0.05043859649122806
3901169  0.05043859649122806
3901179  0.05043859649122806
10500492  0.050108932461873645
3900486  0.049676025917926525
3900489  0.049676025917926525
3900492  0.049676025917926525
3900495  0.049676025917926525
3900498  0.049676025917926525
3900829  0.049676025917926525
10500496  0.049568965517241326
3900775  0.04946236559139783
2100310  0.04935622317596566
2100330  0.04935622317596566
2100333  0.04935622317596566
10300082  0.04858299595141702
10300084  0.04858299595141702
10300088  0.04858299595141702
2400133  0.04831932773109249
2100137  0.04791666666666672
2100138  0.04791666666666672
2100139  0.04791666666666672
2100140  0.04791666666666672
2100141  0.04791666666666672
2100142  0.04791666666666672
2100143  0.04791666666666672
2100144  0.04791666666666672
2100145  0.04791666666666672
2100146  0.04791666666666672
3900705  0.04742268041237119
3900725  0.04742268041237119
3900434  0.04536489151873768
3900437  0.04536489151873768
3900440  0.04536489151873768
3900443  0.04536489151873768
3900446  0.04536489151873768
4601468  0.04518664047151277
4701326  0.04518664047151277
4601463  0.045098039215686225
4601464  0.045098039215686225
4601465  0.045098039215686225
4701319  0.045098039215686225
4701320  0.045098039215686225
4701321  0.045098039215686225
4701322  0.045098039215686225
4701323  0.045098039215686225
3802626  0.045009784735812186
3802627  0.045009784735812186
3802628  0.045009784735812186
3802629  0.045009784735812186
3802630  0.045009784735812186
3802631  0.045009784735812186
3802632  0.045009784735812186
3802634  0.045009784735812186
3802641  0.045009784735812186
3802642  0.045009784735812186
3802643  0.045009784735812186
3802644  0.045009784735812186
3802645  0.045009784735812186
3802646  0.045009784735812186
3802647  0.045009784735812186
3802649  0.045009784735812186
3802761  0.045009784735812186
3802762  0.045009784735812186
3802765  0.045009784735812186
3802768  0.045009784735812186
3802769  0.045009784735812186
3802772  0.045009784735812186
6101212  0.045009784735812186
6101236  0.045009784735812186
3900397  0.044921875
6101207  0.044921875
6101208  0.044921875
6101209  0.044921875
3802615  0.04483430799220278
3802617  0.04483430799220278
3802618  0.04483430799220278
3802620  0.04483430799220278
3802622  0.04483430799220278
3802637  0.04483430799220278
3802651  0.04483430799220278
3802747  0.04483430799220278
3802751  0.04483430799220278
3802759  0.04483430799220278
3802760  0.04483430799220278
3802775  0.04483430799220278
3901155  0.04483430799220278
3901167  0.04483430799220278
3901177  0.04483430799220278
2100118  0.04356060606060608
2100119  0.04356060606060608
2100120  0.04356060606060608
2100121  0.04356060606060608
2100122  0.04356060606060608
2100123  0.04356060606060608
2100124  0.04356060606060608
2100125  0.04356060606060608
2100126  0.04356060606060608
2100127  0.04356060606060608
3900105  0.04356060606060608
3900106  0.04356060606060608
3900107  0.04356060606060608
3900108  0.04356060606060608
3900110  0.04356060606060608
3900111  0.04356060606060608
3900112  0.04356060606060608
3900114  0.04356060606060608
3900115  0.04356060606060608
3900374  0.04347826086956519
3900376  0.04347826086956519
3900377  0.04347826086956519
3900378  0.04347826086956519
3901138  0.04339622641509433
3901140  0.04339622641509433
3901141  0.04339622641509433
3901154  0.04339622641509433
3901158  0.04339622641509433
3901161  0.04339622641509433
3901165  0.04339622641509433
3901166  0.04339622641509433
3901175  0.04339622641509433
3901176  0.04339622641509433
3900084  0.043314500941619594
3900085  0.043314500941619594
3900086  0.043314500941619594
10500480  0.03938356164383561
10500482  0.03938356164383561
6200081  0.03821656050955413
4200304  0.037151702786377694
4200295  0.03053435114503822
2901543  0.030341340075853318
2901579  0.02937576499388006
2400107  0.02715466351829987
2400108  0.02715466351829987
2300077  0.025559105431309903
9300057  0.025263157894736876
7200542  0.025210084033613467
6200112  0.024870466321243567
6200113  0.024870466321243567
7100134  0.024819027921406445
7200466  0.024819027921406445
7200467  0.024819027921406445
8400056  0.024819027921406445
8400097  0.024819027921406445
9500299  0.024819027921406445
9500301  0.024819027921406445
9500303  0.024819027921406445
9500304  0.024819027921406445
9500305  0.024819027921406445
9500310  0.024819027921406445
6200132  0.024793388429752095
8800083  0.024742268041237137
8800085  0.024742268041237137
7200560  0.024691358024691357
6300079  0.02466598150051391
6300081  0.02466598150051391
7100175  0.02466598150051391
7100176  0.02466598150051391
7100177  0.02466598150051391
7100179  0.02466598150051391
7100195  0.02466598150051391
7100196  0.02466598150051391
7100198  0.02466598150051391
7200493  0.024615384615384595
7200494  0.024615384615384595
7200559  0.024615384615384595
10300233  0.02409638554216864
10300238  0.02409638554216864
3000160  0.02397602397602394
2901536  0.023880597014925398
2901537  0.023880597014925398
2901573  0.023880597014925398
2901574  0.023880597014925398
2901575  0.023880597014925398
2901576  0.023880597014925398
3000103  0.023880597014925398
3000140  0.023880597014925398
3000141  0.023880597014925398
3000142  0.023880597014925398
3000143  0.023880597014925398
3000144  0.023880597014925398
3000145  0.023880597014925398
3000146  0.023880597014925398
3000148  0.023880597014925398
3000152  0.023880597014925398
3000153  0.023880597014925398
3000155  0.023880597014925398
3000156  0.023880597014925398
3000158  0.023880597014925398
3000159  0.023880597014925398
3000166  0.023880597014925398
3300177  0.023880597014925398
3300178  0.023880597014925398
3300180  0.023880597014925398
3300181  0.023880597014925398
3300182  0.023880597014925398
3300183  0.023880597014925398
3300196  0.023880597014925398
3300197  0.023880597014925398
3300198  0.023880597014925398
3300200  0.023880597014925398
2901531  0.02385685884691846
2901532  0.02385685884691846
2901533  0.02385685884691846
7100123  0.02285714285714291
2400131  0.022772277227722793
7200443  0.022704837117472843
9500073  0.022704837117472843
6200080  0.022514071294559068
7100142  0.022471910112359605
2300107  0.022242817423540284
2300108  0.022242817423540284
7100120  0.022201665124884418
7700221  0.02216066481994461
2300096  0.022140221402214055
2300099  0.022140221402214055
2300100  0.022140221402214055
2300101  0.022140221402214055
2300104  0.022140221402214055
2300105  0.022140221402214055
2300106  0.022140221402214055
2300110  0.022140221402214055
2300111  0.022140221402214055
2300112  0.022140221402214055
7200456  0.022140221402214055
7200457  0.022140221402214055
7200458  0.022140221402214055
8400048  0.022140221402214055
7100088  0.022119815668202758
7100093  0.022119815668202758
7200476  0.022119815668202758
7200477  0.022119815668202758
7200478  0.022119815668202758
8800055  0.022119815668202758
7200407  0.022079116835326595
7200408  0.022079116835326595
7200409  0.022079116835326595
7200412  0.022079116835326595
7200414  0.022079116835326595
7200415  0.022079116835326595
7200417  0.022079116835326595
7200419  0.022079116835326595
7200436  0.022079116835326595
7700233  0.022079116835326595
7700241  0.022079116835326595
7100139  0.021838034576888044
7700197  0.021838034576888044
7700202  0.021838034576888044
7700203  0.021838034576888044
7700211  0.021838034576888044
7700212  0.021838034576888044
7700217  0.021838034576888044
7200167  0.02157598499061919
7200172  0.02157598499061919
7200173  0.02157598499061919
7200174  0.02157598499061919
7200175  0.02157598499061919
7200177  0.02157598499061919
4200256  0.021159153633854677
4200257  0.021159153633854677
4200252  0.02108157653528875
4200253  0.02108157653528875
4200254  0.02108157653528875
7200613  0.020947176684881552
7200614  0.020947176684881552
7200611  0.020909090909090877
7200612  0.020909090909090877
7200690  0.020909090909090877
10300251  0.020909090909090877
10300256  0.020909090909090877
1000547  0.020905923344947785
1000548  0.020905923344947785
1000549  0.020905923344947785
1100100  0.020905923344947785
1100101  0.020905923344947785
1100102  0.020905923344947785
1100114  0.020905923344947785
1100115  0.020905923344947785
1100116  0.020905923344947785
1100161  0.020905923344947785
1100162  0.020905923344947785
1100165  0.020905923344947785
7200393  0.020815264527320076
7200394  0.020815264527320076
7200395  0.020815264527320076
1500175  0.02067183462532296
1500176  0.02067183462532296
1500179  0.02067183462532296
1500182  0.02067183462532296
1500183  0.02067183462532296
1500184  0.02067183462532296
1500185  0.02067183462532296
7200368  0.02051282051282055
7200746  0.02051282051282055
7200747  0.02051282051282055
7200748  0.02051282051282055
7200749  0.02051282051282055
7200751  0.02051282051282055
8200779  0.02051282051282055
8200780  0.02051282051282055
8200781  0.02051282051282055
8200782  0.02051282051282055
7700213  0.020431328036322416
2300133  0.020253164556962022
1500148  0.02020202020202022
1500134  0.020185029436501245
1500135  0.020185029436501245
1500136  0.020185029436501245
1500137  0.020185029436501245
1500138  0.020185029436501245
1500139  0.020185029436501245
1500142  0.020185029436501245
1500143  0.020185029436501245
1500144  0.020185029436501245
1500149  0.020185029436501245
1500154  0.020185029436501245
1500155  0.020185029436501245
1500158  0.020185029436501245
1500160  0.020185029436501245
1500162  0.020185029436501245
3000123  0.01976935749588138
4200284  0.019656019656019708
4200270  0.019528071602929242
4300051  0.01948051948051943
4300052  0.01948051948051943
7800129  0.019401778496362154
8300057  0.019138755980861233
9700059  0.019138755980861233
1501273  0.019108280254777066
6700218  0.019108280254777066
7300281  0.019108280254777066
7300282  0.019108280254777066
7300285  0.019108280254777066
7300286  0.019108280254777066
7300287  0.019108280254777066
7300288  0.019108280254777066
7300295  0.019108280254777066
7500055  0.019108280254777066
7500058  0.019108280254777066
7500059  0.019108280254777066
7500062  0.019108280254777066
7500065  0.019108280254777066
7500071  0.019108280254777066
7500081  0.019108280254777066
7500082  0.019108280254777066
7500085  0.019108280254777066
7500150  0.019108280254777066
7500154  0.019108280254777066
7500155  0.019108280254777066
7500156  0.019108280254777066
7500157  0.019108280254777066
7500158  0.019108280254777066
7500159  0.019108280254777066
7500160  0.019108280254777066
7500162  0.019108280254777066
7500163  0.019108280254777066
7500164  0.019108280254777066
7500165  0.019108280254777066
7500166  0.019108280254777066
7500170  0.019108280254777066
7500171  0.019108280254777066
7500172  0.019108280254777066
7500173  0.019108280254777066
7500174  0.019108280254777066
7500175  0.019108280254777066
7500176  0.019108280254777066
7500177  0.019108280254777066
7500178  0.019108280254777066
7500179  0.019108280254777066
7500180  0.019108280254777066
7500181  0.019108280254777066
7500183  0.019108280254777066
7500184  0.019108280254777066
7500185  0.019108280254777066
7500186  0.019108280254777066
7500187  0.019108280254777066
7500188  0.019108280254777066
7500189  0.019108280254777066
7500190  0.019108280254777066
7500191  0.019108280254777066
7500192  0.019108280254777066
7500193  0.019108280254777066
7500194  0.019108280254777066
7500197  0.019108280254777066
7500198  0.019108280254777066
7500200  0.019108280254777066
7500201  0.019108280254777066
7500203  0.019108280254777066
7500204  0.019108280254777066
7500205  0.019108280254777066
7500209  0.019108280254777066
7500212  0.019108280254777066
7500215  0.019108280254777066
7500220  0.019108280254777066
7500221  0.019108280254777066
7600404  0.019108280254777066
7600405  0.019108280254777066
7600408  0.019108280254777066
7600409  0.019108280254777066
7600410  0.019108280254777066
7600411  0.019108280254777066
7600412  0.019108280254777066
7600413  0.019108280254777066
7600414  0.019108280254777066
9200128  0.019108280254777066
9200132  0.019108280254777066
10100109  0.019108280254777066
2400315  0.019093078758949833
6400726  0.019093078758949833
7400055  0.019093078758949833
7800128  0.019093078758949833
8000173  0.019093078758949833
8000180  0.019093078758949833
8500142  0.019093078758949833
8500143  0.019093078758949833
8500144  0.019093078758949833
8500145  0.019093078758949833
8600102  0.019093078758949833
8800112  0.019093078758949833
9300095  0.019093078758949833
9500335  0.019093078758949833
9600209  0.019093078758949833
9600221  0.019093078758949833
9900161  0.019093078758949833
10100147  0.019093078758949833
10100148  0.019093078758949833
10100149  0.019093078758949833
10100150  0.019093078758949833
10100151  0.019093078758949833
10200069  0.019093078758949833
10400049  0.019093078758949833
10400155  0.019093078758949833
6200123  0.019077901430842648
8400052  0.019077901430842648
8800096  0.019077901430842648
9500316  0.019077901430842648
6300142  0.019032513877874746
4400061  0.019002375296912066
4400062  0.019002375296912066
1100287  0.018972332015810278
2300063  0.018942383583267608
2300065  0.018942383583267608
2300066  0.018942383583267608
2300067  0.018942383583267608
2300068  0.018942383583267608
2300122  0.018942383583267608
2300123  0.018942383583267608
2300169  0.018942383583267608
2300171  0.018942383583267608
2300173  0.018942383583267608
2300175  0.018942383583267608
2300177  0.018942383583267608
2300180  0.018942383583267608
7700081  0.018942383583267608
9800042  0.018942383583267608
9800048  0.018942383583267608
9800049  0.018942383583267608
9800053  0.018942383583267608
9800094  0.018942383583267608
9800098  0.018942383583267608
1100284  0.01891252955082745
7200146  0.018897637795275646
7200143  0.018882769472856054
7700045  0.018794048551292075
7700068  0.018720748829953227
7700071  0.018720748829953227
7700072  0.018720748829953227
7700100  0.018720748829953227
7700111  0.018720748829953227
7700115  0.018720748829953227
7700116  0.018720748829953227
7700117  0.018720748829953227
7700118  0.018720748829953227
7700119  0.018720748829953227
7700122  0.018720748829953227
7700126  0.018720748829953227
7700127  0.018720748829953227
7700128  0.018720748829953227
7700129  0.018720748829953227
7700135  0.018720748829953227
7700137  0.018720748829953227
7700138  0.018720748829953227
7700148  0.018720748829953227
7700149  0.018720748829953227
7700191  0.018720748829953227
7700192  0.018720748829953227
7700194  0.018720748829953227
7700225  0.018720748829953227
7700229  0.018720748829953227
7700237  0.018720748829953227
7100042  0.0187061574434918
7100045  0.0187061574434918
7100053  0.0187061574434918
7100054  0.0187061574434918
7100056  0.0187061574434918
7100057  0.0187061574434918
7100058  0.0187061574434918
7100059  0.0187061574434918
7100061  0.0187061574434918
7100062  0.0187061574434918
7100064  0.0187061574434918
7100066  0.0187061574434918
7100067  0.0187061574434918
7100069  0.0187061574434918
7100075  0.0187061574434918
7100076  0.0187061574434918
7200699  0.0187061574434918
1400102  0.01869158878504673
2000660  0.01869158878504673
2400099  0.01869158878504673
2400100  0.01869158878504673
2400101  0.01869158878504673
2400102  0.01869158878504673
2400103  0.01869158878504673
2400156  0.01869158878504673
2400160  0.01869158878504673
2400164  0.01869158878504673
2400168  0.01869158878504673
2400172  0.01869158878504673
2400176  0.01869158878504673
2400180  0.01869158878504673
2400184  0.01869158878504673
2400188  0.01869158878504673
2400192  0.01869158878504673
2400196  0.01869158878504673
2400200  0.01869158878504673
2400204  0.01869158878504673
2400208  0.01869158878504673
2400212  0.01869158878504673
2400216  0.01869158878504673
2400220  0.01869158878504673
2400224  0.01869158878504673
2400228  0.01869158878504673
2400232  0.01869158878504673
2400236  0.01869158878504673
2400240  0.01869158878504673
2400244  0.01869158878504673
2400248  0.01869158878504673
2400252  0.01869158878504673
2400256  0.01869158878504673
2400260  0.01869158878504673
2400264  0.01869158878504673
2400268  0.01869158878504673
2400272  0.01869158878504673
2400276  0.01869158878504673
2400280  0.01869158878504673
2400284  0.01869158878504673
2400288  0.01869158878504673
2400292  0.01869158878504673
2400308  0.01869158878504673
2400319  0.01869158878504673
2400320  0.01869158878504673
2400321  0.01869158878504673
2400323  0.01869158878504673
2400327  0.01869158878504673
2400328  0.01869158878504673
2400329  0.01869158878504673
2400330  0.01869158878504673
2400331  0.01869158878504673
2400332  0.01869158878504673
2400333  0.01869158878504673
2400334  0.01869158878504673
2400335  0.01869158878504673
2400336  0.01869158878504673
2400337  0.01869158878504673
2400338  0.01869158878504673
2400343  0.01869158878504673
2400344  0.01869158878504673
2400345  0.01869158878504673
2400346  0.01869158878504673
2400347  0.01869158878504673
2400348  0.01869158878504673
2400349  0.01869158878504673
2400350  0.01869158878504673
2400351  0.01869158878504673
2400352  0.01869158878504673
2400353  0.01869158878504673
2400354  0.01869158878504673
2400355  0.01869158878504673
2400356  0.01869158878504673
2400357  0.01869158878504673
2400358  0.01869158878504673
2400359  0.01869158878504673
2400360  0.01869158878504673
2400361  0.01869158878504673
2400362  0.01869158878504673
2400363  0.01869158878504673
2400364  0.01869158878504673
2400365  0.01869158878504673
2400369  0.01869158878504673
2400370  0.01869158878504673
2400372  0.01869158878504673
2400385  0.01869158878504673
2400386  0.01869158878504673
5500164  0.01869158878504673
5500173  0.01869158878504673
5500182  0.01869158878504673
5500191  0.01869158878504673
5500209  0.01869158878504673
5500218  0.01869158878504673
5500236  0.01869158878504673
5500245  0.01869158878504673
5500254  0.01869158878504673
5500264  0.01869158878504673
5500282  0.01869158878504673
5500291  0.01869158878504673
5500300  0.01869158878504673
5500309  0.01869158878504673
5500318  0.01869158878504673
5500336  0.01869158878504673
5500345  0.01869158878504673
5500354  0.01869158878504673
5500363  0.01869158878504673
6200058  0.01869158878504673
6200060  0.01869158878504673
6200064  0.01869158878504673
6200065  0.01869158878504673
6200066  0.01869158878504673
6200070  0.01869158878504673
6200071  0.01869158878504673
6300049  0.01869158878504673
6300051  0.01869158878504673
6300055  0.01869158878504673
6300056  0.01869158878504673
6300060  0.01869158878504673
6300061  0.01869158878504673
6300151  0.01869158878504673
6300155  0.01869158878504673
6400050  0.01869158878504673
6400051  0.01869158878504673
6400054  0.01869158878504673
6400055  0.01869158878504673
6400058  0.01869158878504673
6400069  0.01869158878504673
6700092  0.01869158878504673
7200050  0.01869158878504673
7200076  0.01869158878504673
7200077  0.01869158878504673
7200079  0.01869158878504673
7200081  0.01869158878504673
7200083  0.01869158878504673
7200085  0.01869158878504673
7200087  0.01869158878504673
7200090  0.01869158878504673
7200093  0.01869158878504673
7200096  0.01869158878504673
7200099  0.01869158878504673
7200102  0.01869158878504673
7200105  0.01869158878504673
7200108  0.01869158878504673
7200111  0.01869158878504673
7200114  0.01869158878504673
7200117  0.01869158878504673
7200120  0.01869158878504673
7200121  0.01869158878504673
7200126  0.01869158878504673
7200131  0.01869158878504673
7200133  0.01869158878504673
7200138  0.01869158878504673
7200139  0.01869158878504673
7200250  0.01869158878504673
7200251  0.01869158878504673
7200252  0.01869158878504673
7200253  0.01869158878504673
7200254  0.01869158878504673
7200255  0.01869158878504673
7200256  0.01869158878504673
7200258  0.01869158878504673
7200259  0.01869158878504673
7200260  0.01869158878504673
7200261  0.01869158878504673
7200262  0.01869158878504673
7200263  0.01869158878504673
7200264  0.01869158878504673
7200265  0.01869158878504673
7200266  0.01869158878504673
7200267  0.01869158878504673
7200268  0.01869158878504673
7200273  0.01869158878504673
7200274  0.01869158878504673
7200277  0.01869158878504673
7200279  0.01869158878504673
7200281  0.01869158878504673
7200283  0.01869158878504673
7200285  0.01869158878504673
7200288  0.01869158878504673
7200289  0.01869158878504673
7200290  0.01869158878504673
7200291  0.01869158878504673
7200292  0.01869158878504673
7200293  0.01869158878504673
7200294  0.01869158878504673
7200296  0.01869158878504673
7200298  0.01869158878504673
7200303  0.01869158878504673
7200304  0.01869158878504673
7200305  0.01869158878504673
7200306  0.01869158878504673
7400047  0.01869158878504673
7400048  0.01869158878504673
7400051  0.01869158878504673
7400052  0.01869158878504673
7400066  0.01869158878504673
7800058  0.01869158878504673
7800059  0.01869158878504673
7800072  0.01869158878504673
7800073  0.01869158878504673
7800076  0.01869158878504673
7800077  0.01869158878504673
7800080  0.01869158878504673
7800083  0.01869158878504673
7800084  0.01869158878504673
7800085  0.01869158878504673
7800086  0.01869158878504673
7800087  0.01869158878504673
7800088  0.01869158878504673
7800089  0.01869158878504673
7800090  0.01869158878504673
7800091  0.01869158878504673
7800211  0.01869158878504673
7900055  0.01869158878504673
7900056  0.01869158878504673
7900059  0.01869158878504673
7900062  0.01869158878504673
7900063  0.01869158878504673
7900071  0.01869158878504673
7900087  0.01869158878504673
7900091  0.01869158878504673
8000082  0.01869158878504673
8000083  0.01869158878504673
8000086  0.01869158878504673
8000087  0.01869158878504673
8000088  0.01869158878504673
8000089  0.01869158878504673
8000098  0.01869158878504673
8000099  0.01869158878504673
8000109  0.01869158878504673
8000110  0.01869158878504673
8000122  0.01869158878504673
8000123  0.01869158878504673
8000124  0.01869158878504673
8000125  0.01869158878504673
8000126  0.01869158878504673
8000189  0.01869158878504673
8000199  0.01869158878504673
8100436  0.01869158878504673
8100437  0.01869158878504673
8100445  0.01869158878504673
8100446  0.01869158878504673
8100448  0.01869158878504673
8100449  0.01869158878504673
8100451  0.01869158878504673
8100452  0.01869158878504673
8100454  0.01869158878504673
8100455  0.01869158878504673
8100457  0.01869158878504673
8100458  0.01869158878504673
8100460  0.01869158878504673
8100461  0.01869158878504673
8100463  0.01869158878504673
8100464  0.01869158878504673
8100466  0.01869158878504673
8100467  0.01869158878504673
8100469  0.01869158878504673
8100470  0.01869158878504673
8100472  0.01869158878504673
8100473  0.01869158878504673
8100475  0.01869158878504673
8100476  0.01869158878504673
8100478  0.01869158878504673
8100485  0.01869158878504673
8100486  0.01869158878504673
8100488  0.01869158878504673
8100489  0.01869158878504673
8100491  0.01869158878504673
8100492  0.01869158878504673
8100494  0.01869158878504673
8100495  0.01869158878504673
8100497  0.01869158878504673
8100498  0.01869158878504673
8100500  0.01869158878504673
8100501  0.01869158878504673
8100503  0.01869158878504673
8100504  0.01869158878504673
8100506  0.01869158878504673
8100507  0.01869158878504673
8100509  0.01869158878504673
8100510  0.01869158878504673
8100512  0.01869158878504673
8100513  0.01869158878504673
8100515  0.01869158878504673
8100516  0.01869158878504673
8100518  0.01869158878504673
8100519  0.01869158878504673
8100521  0.01869158878504673
8100522  0.01869158878504673
8100524  0.01869158878504673
8100525  0.01869158878504673
8100527  0.01869158878504673
8100528  0.01869158878504673
8100530  0.01869158878504673
8100531  0.01869158878504673
8100533  0.01869158878504673
8100534  0.01869158878504673
8100536  0.01869158878504673
8100537  0.01869158878504673
8100539  0.01869158878504673
8100540  0.01869158878504673
8100542  0.01869158878504673
8100543  0.01869158878504673
8100545  0.01869158878504673
8100546  0.01869158878504673
8100548  0.01869158878504673
8100549  0.01869158878504673
8100551  0.01869158878504673
8100552  0.01869158878504673
8100555  0.01869158878504673
8100558  0.01869158878504673
8100562  0.01869158878504673
8300042  0.01869158878504673
8300043  0.01869158878504673
8300044  0.01869158878504673
8400042  0.01869158878504673
8400043  0.01869158878504673
8400044  0.01869158878504673
8500043  0.01869158878504673
8500044  0.01869158878504673
8500045  0.01869158878504673
8500054  0.01869158878504673
8500063  0.01869158878504673
8600046  0.01869158878504673
8600047  0.01869158878504673
8600050  0.01869158878504673
8700759  0.01869158878504673
8700760  0.01869158878504673
8800046  0.01869158878504673
8800047  0.01869158878504673
8800048  0.01869158878504673
8800120  0.01869158878504673
8900056  0.01869158878504673
8900057  0.01869158878504673
8900058  0.01869158878504673
8900059  0.01869158878504673
8900138  0.01869158878504673
9000042  0.01869158878504673
9000043  0.01869158878504673
9000044  0.01869158878504673
9000048  0.01869158878504673
9000100  0.01869158878504673
9000104  0.01869158878504673
9100047  0.01869158878504673
9100048  0.01869158878504673
9100059  0.01869158878504673
9100060  0.01869158878504673
9100074  0.01869158878504673
9100076  0.01869158878504673
9100080  0.01869158878504673
9100082  0.01869158878504673
9100083  0.01869158878504673
9100087  0.01869158878504673
9100088  0.01869158878504673
9100092  0.01869158878504673
9100175  0.01869158878504673
9100184  0.01869158878504673
9200047  0.01869158878504673
9200048  0.01869158878504673
9200049  0.01869158878504673
9300046  0.01869158878504673
9300047  0.01869158878504673
9300048  0.01869158878504673
9400038  0.01869158878504673
9400039  0.01869158878504673
9500052  0.01869158878504673
9500053  0.01869158878504673
9500054  0.01869158878504673
9500055  0.01869158878504673
9500056  0.01869158878504673
9600045  0.01869158878504673
9600046  0.01869158878504673
9600047  0.01869158878504673
9700043  0.01869158878504673
9700044  0.01869158878504673
9700045  0.01869158878504673
9900152  0.01869158878504673
9900153  0.01869158878504673
9900154  0.01869158878504673
10100047  0.01869158878504673
10100048  0.01869158878504673
10100051  0.01869158878504673
10100052  0.01869158878504673
10200052  0.01869158878504673
10200053  0.01869158878504673
10200056  0.01869158878504673
10200059  0.01869158878504673
10200060  0.01869158878504673
10400038  0.01869158878504673
10400044  0.01869158878504673
10400045  0.01869158878504673
10400062  0.01869158878504673
10400071  0.01869158878504673
10400080  0.01869158878504673
10500452  0.01869158878504673
3500278  0.018677042801556465
3700030  0.018677042801556465
5400033  0.018677042801556465
5500200  0.018677042801556465
5500227  0.018677042801556465
5500273  0.018677042801556465
5500327  0.018677042801556465
6700049  0.018677042801556465
6700050  0.018677042801556465
6700051  0.018677042801556465
6700053  0.018677042801556465
6700055  0.018677042801556465
6700056  0.018677042801556465
6700057  0.018677042801556465
6700059  0.018677042801556465
6700070  0.018677042801556465
6700071  0.018677042801556465
6700072  0.018677042801556465
1800063  0.018662519440124425
2000054  0.018662519440124425
2000055  0.018662519440124425
3600141  0.018648018648018683
3600160  0.018648018648018683
3600169  0.018648018648018683
3600178  0.018648018648018683
3600187  0.018648018648018683
3600196  0.018648018648018683
3600205  0.018648018648018683
5500073  0.018648018648018683
5500076  0.018648018648018683
5500079  0.018648018648018683
5500082  0.018648018648018683
5500085  0.018648018648018683
5500088  0.018648018648018683
5500091  0.018648018648018683
5500094  0.018648018648018683
5500097  0.018648018648018683
5500100  0.018648018648018683
5500103  0.018648018648018683
5500106  0.018648018648018683
5500110  0.018648018648018683
5500113  0.018648018648018683
5500116  0.018648018648018683
5500119  0.018648018648018683
5500122  0.018648018648018683
5500125  0.018648018648018683
5500128  0.018648018648018683
5500131  0.018648018648018683
5500134  0.018648018648018683
5500137  0.018648018648018683
5500140  0.018648018648018683
5500153  0.018648018648018683
5500154  0.018648018648018683
5500155  0.018648018648018683
10500444  0.018648018648018683
10500445  0.018648018648018683
10500446  0.018648018648018683
10500447  0.018648018648018683
10500448  0.018648018648018683
3500259  0.018633540372670843
3500260  0.018633540372670843
3500261  0.018633540372670843
3600060  0.018633540372670843
3600062  0.018633540372670843
3600064  0.018633540372670843
3600066  0.018633540372670843
3600068  0.018633540372670843
3600070  0.018633540372670843
3600072  0.018633540372670843
3600074  0.018633540372670843
3600076  0.018633540372670843
3600078  0.018633540372670843
3600080  0.018633540372670843
3600082  0.018633540372670843
3600094  0.018633540372670843
3600095  0.018633540372670843
3600096  0.018633540372670843
3600105  0.018633540372670843
3600114  0.018633540372670843
3600123  0.018633540372670843
3600132  0.018633540372670843
3600151  0.018633540372670843
1100041  0.018404907975460127
1100043  0.018404907975460127
1100049  0.018404907975460127
1100050  0.018404907975460127
1100051  0.018404907975460127
1100052  0.018404907975460127
1100053  0.018404907975460127
1100054  0.018404907975460127
1100055  0.018404907975460127
1100056  0.018404907975460127
1100057  0.018404907975460127
1100058  0.018404907975460127
1100059  0.018404907975460127
1100060  0.018404907975460127
1100061  0.018404907975460127
1100062  0.018404907975460127
1100065  0.018404907975460127
1100068  0.018404907975460127
1100069  0.018404907975460127
6500526  0.018404907975460127
1400038  0.018362662586074996
1400039  0.018362662586074996
1400040  0.018362662586074996
1400041  0.018362662586074996
1400042  0.018362662586074996
1400088  0.018362662586074996
1400089  0.018362662586074996
1500094  0.018362662586074996
1500116  0.018362662586074996
1500117  0.018362662586074996
1500118  0.018362662586074996
1500205  0.018362662586074996
1500208  0.018362662586074996
1500211  0.018362662586074996
1500212  0.018362662586074996
1500213  0.018362662586074996
1500443  0.018362662586074996
1500444  0.018362662586074996
1500446  0.018362662586074996
1500447  0.018362662586074996
1500451  0.018362662586074996
1500454  0.018362662586074996
1500457  0.018362662586074996
1500458  0.018362662586074996
1500459  0.018362662586074996
1500471  0.018362662586074996
1500474  0.018362662586074996
1500475  0.018362662586074996
1500484  0.018362662586074996
1500486  0.018362662586074996
1500488  0.018362662586074996
1500491  0.018362662586074996
1500494  0.018362662586074996
1500498  0.018362662586074996
1500539  0.018362662586074996
1500540  0.018362662586074996
1500542  0.018362662586074996
1500543  0.018362662586074996
1500554  0.018362662586074996
1500556  0.018362662586074996
1500557  0.018362662586074996
1500566  0.018362662586074996
1500568  0.018362662586074996
1500569  0.018362662586074996
1500572  0.018362662586074996
1500714  0.018362662586074996
1500715  0.018362662586074996
1500718  0.018362662586074996
1500719  0.018362662586074996
1500731  0.018362662586074996
2600482  0.018362662586074996
2600504  0.018362662586074996
2600505  0.018362662586074996
2600509  0.018362662586074996
2600510  0.018362662586074996
2600511  0.018362662586074996
2600512  0.018362662586074996
2600513  0.018362662586074996
2600514  0.018362662586074996
2600515  0.018362662586074996
2701169  0.018362662586074996
2701179  0.018362662586074996
2701180  0.018362662586074996
2701181  0.018362662586074996
2701182  0.018362662586074996
2701183  0.018362662586074996
2800095  0.018362662586074996
2800098  0.018362662586074996
2800110  0.018362662586074996
2800119  0.018362662586074996
2800183  0.018362662586074996
2800184  0.018362662586074996
2800187  0.018362662586074996
2800188  0.018362662586074996
2800192  0.018362662586074996
2800193  0.018362662586074996
2800194  0.018362662586074996
2800195  0.018362662586074996
2800196  0.018362662586074996
2800200  0.018362662586074996
2800201  0.018362662586074996
2800202  0.018362662586074996
2800203  0.018362662586074996
2800204  0.018362662586074996
2800205  0.018362662586074996
2800209  0.018362662586074996
2901344  0.018362662586074996
2901345  0.018362662586074996
2901346  0.018362662586074996
2901347  0.018362662586074996
2901350  0.018362662586074996
2901351  0.018362662586074996
2901352  0.018362662586074996
2901353  0.018362662586074996
2901354  0.018362662586074996
2901356  0.018362662586074996
2901357  0.018362662586074996
2901358  0.018362662586074996
2901359  0.018362662586074996
2901362  0.018362662586074996
2901363  0.018362662586074996
2901367  0.018362662586074996
2901370  0.018362662586074996
2901373  0.018362662586074996
2901374  0.018362662586074996
2901375  0.018362662586074996
2901378  0.018362662586074996
2901503  0.018362662586074996
2901504  0.018362662586074996
2901505  0.018362662586074996
2901506  0.018362662586074996
2901507  0.018362662586074996
2901508  0.018362662586074996
2901509  0.018362662586074996
3000039  0.018362662586074996
3000042  0.018362662586074996
3000045  0.018362662586074996
3000048  0.018362662586074996
3000061  0.018362662586074996
3000062  0.018362662586074996
3000068  0.018362662586074996
3000071  0.018362662586074996
3000084  0.018362662586074996
3000087  0.018362662586074996
3000088  0.018362662586074996
3000089  0.018362662586074996
3100082  0.018362662586074996
3100083  0.018362662586074996
3100106  0.018362662586074996
3100107  0.018362662586074996
3100110  0.018362662586074996
3100111  0.018362662586074996
3100114  0.018362662586074996
3100115  0.018362662586074996
3100117  0.018362662586074996
3100118  0.018362662586074996
3100121  0.018362662586074996
3100123  0.018362662586074996
3100124  0.018362662586074996
3100135  0.018362662586074996
3100139  0.018362662586074996
3100140  0.018362662586074996
3100144  0.018362662586074996
3100146  0.018362662586074996
3100149  0.018362662586074996
3100151  0.018362662586074996
3100152  0.018362662586074996
3100153  0.018362662586074996
3100154  0.018362662586074996
3100173  0.018362662586074996
3100195  0.018362662586074996
3100198  0.018362662586074996
3100199  0.018362662586074996
3100200  0.018362662586074996
3100204  0.018362662586074996
3100213  0.018362662586074996
3100223  0.018362662586074996
3100225  0.018362662586074996
3100226  0.018362662586074996
3100227  0.018362662586074996
3100228  0.018362662586074996
3100235  0.018362662586074996
3100236  0.018362662586074996
3100239  0.018362662586074996
3100251  0.018362662586074996
3100252  0.018362662586074996
3100254  0.018362662586074996
3100257  0.018362662586074996
3100259  0.018362662586074996
3100261  0.018362662586074996
3100262  0.018362662586074996
3100273  0.018362662586074996
3100274  0.018362662586074996
3100275  0.018362662586074996
3100276  0.018362662586074996
3100280  0.018362662586074996
3100281  0.018362662586074996
3100283  0.018362662586074996
3100286  0.018362662586074996
3100288  0.018362662586074996
3200740  0.018362662586074996
3200747  0.018362662586074996
3200748  0.018362662586074996
3200749  0.018362662586074996
3200750  0.018362662586074996
3200751  0.018362662586074996
3400037  0.018362662586074996
3400039  0.018362662586074996
3400040  0.018362662586074996
3400099  0.018362662586074996
3500282  0.011811023622047223
3500284  0.011811023622047223
