7100432  1.0
7100433  1.0
7100436  1.0
7100437  1.0
7100438  1.0
7100439  1.0
7100440  1.0
7100441  1.0
7100442  1.0
7100443  1.0
7100444  1.0
7100445  1.0
7100446  1.0
7100447  1.0
7100448  1.0
7100449  1.0
7100456  1.0
7100457  1.0
7100458  1.0
7100459  1.0
7100460  1.0
7100461  1.0
7100464  1.0
7100465  1.0
7100466  1.0
10300111  1.0
10300138  1.0
10300178  1.0
7100430  0.9259259259259259
7100431  0.9259259259259259
7100427  0.8928571428571429
7100296  0.8064516129032258
7100297  0.8064516129032258
7100298  0.8064516129032258
7100299  0.8064516129032258
7100300  0.8064516129032258
8300150  0.6
2200175  0.36764705882352944
10300148  0.33333333333333337
12800457  0.3157894736842105
12800514  0.19999999999999996
7100344  0.176056338028169
7100333  0.1633986928104575
7100321  0.15923566878980888
7100309  0.15822784810126578
8300038  0.15217391304347827
8300146  0.15217391304347827
8300147  0.15217391304347827
8300149  0.15217391304347827
8300152  0.15217391304347827
2200170  0.14534883720930236
2200171  0.14534883720930236
4600298  0.1171875
4600282  0.09765625
4600284  0.09765625
8300155  0.0859375
12800480  0.08064516129032262
12800482  0.08064516129032262
7100217  0.07377049180327866
7100218  0.07377049180327866
7100221  0.07377049180327866
12800516  0.0730337078651685
6900818  0.07082152974504252
6900804  0.07062146892655363
1900199  0.07002801120448177
1900200  0.07002801120448177
1900201  0.07002801120448177
1900202  0.07002801120448177
1900207  0.07002801120448177
1900213  0.07002801120448177
1900192  0.06983240223463683
6900758  0.06983240223463683
6900772  0.06983240223463683
1900183  0.06944444444444442
1900184  0.06944444444444442
1900185  0.06944444444444442
1900186  0.06944444444444442
1900187  0.06944444444444442
7100248  0.06870229007633588
7100249  0.06870229007633588
7100246  0.06818181818181823
7100247  0.06818181818181823
7100212  0.06716417910447758
7100213  0.06716417910447758
7100214  0.06716417910447758
7100215  0.06716417910447758
7100216  0.06716417910447758
7100243  0.06716417910447758
7100207  0.06666666666666665
7100208  0.06666666666666665
7100202  0.06617647058823528
2200105  0.06613756613756616
7100199  0.06569343065693434
7100196  0.06521739130434778
7100190  0.06474820143884896
7100191  0.06474820143884896
7100192  0.06474820143884896
7100193  0.06474820143884896
4600302  0.05464480874316935
12300086  0.05460750853242324
12800520  0.048484848484848464
10500116  0.04528985507246375
3101544  0.040909090909090895
3101580  0.040909090909090895
2200054  0.040000000000000036
2200055  0.040000000000000036
1100301  0.03898635477582846
1100304  0.03898635477582846
1501055  0.03898635477582846
3700118  0.03898635477582846
3700119  0.03898635477582846
3700120  0.03898635477582846
3700144  0.03898635477582846
3700256  0.03898635477582846
5100335  0.03898635477582846
5100336  0.03898635477582846
5100338  0.03898635477582846
5100339  0.03898635477582846
5100340  0.03898635477582846
5100341  0.03898635477582846
5100342  0.03898635477582846
5101462  0.03898635477582846
6800164  0.03898635477582846
6900886  0.03898635477582846
6900887  0.03898635477582846
6900888  0.03898635477582846
6900890  0.03898635477582846
7900185  0.03898635477582846
7900504  0.03898635477582846
7900545  0.03898635477582846
7900547  0.03898635477582846
7900548  0.03898635477582846
8101148  0.03898635477582846
8101149  0.03898635477582846
8101150  0.03898635477582846
9300084  0.03898635477582846
9300106  0.03898635477582846
9300109  0.03898635477582846
9300190  0.03898635477582846
9300192  0.03898635477582846
9300195  0.03898635477582846
9300196  0.03898635477582846
9300197  0.03898635477582846
9300203  0.03898635477582846
9300204  0.03898635477582846
9300205  0.03898635477582846
9300206  0.03898635477582846
9300207  0.03898635477582846
9300218  0.03898635477582846
9300219  0.03898635477582846
9300224  0.03898635477582846
9300225  0.03898635477582846
9300231  0.03898635477582846
9300232  0.03898635477582846
9300233  0.03898635477582846
9300274  0.03898635477582846
9300275  0.03898635477582846
9300284  0.03898635477582846
9300285  0.03898635477582846
9300296  0.03898635477582846
9300299  0.03898635477582846
9300310  0.03898635477582846
9300320  0.03898635477582846
9300323  0.03898635477582846
9300324  0.03898635477582846
9300478  0.03898635477582846
9300480  0.03898635477582846
9300481  0.03898635477582846
9300482  0.03898635477582846
9300483  0.03898635477582846
9300485  0.03898635477582846
9300486  0.03898635477582846
9300487  0.03898635477582846
9300489  0.03898635477582846
9300490  0.03898635477582846
9300493  0.03898635477582846
9300498  0.03898635477582846
9300504  0.03898635477582846
9300510  0.03898635477582846
9300514  0.03898635477582846
9300515  0.03898635477582846
9300516  0.03898635477582846
9300517  0.03898635477582846
9300518  0.03898635477582846
9300519  0.03898635477582846
9300520  0.03898635477582846
9300521  0.03898635477582846
9300522  0.03898635477582846
9300523  0.03898635477582846
9300525  0.03898635477582846
9300530  0.03898635477582846
9300537  0.03898635477582846
9300539  0.03898635477582846
9300540  0.03898635477582846
9300543  0.03898635477582846
9300545  0.03898635477582846
9300547  0.03898635477582846
9300550  0.03898635477582846
9300552  0.03898635477582846
9300554  0.03898635477582846
9300556  0.03898635477582846
9300557  0.03898635477582846
9300567  0.03898635477582846
9300568  0.03898635477582846
9300573  0.03898635477582846
9300574  0.03898635477582846
9300581  0.03898635477582846
9300583  0.03898635477582846
9300584  0.03898635477582846
9300586  0.03898635477582846
9300589  0.03898635477582846
9400627  0.03898635477582846
9400628  0.03898635477582846
9400638  0.03898635477582846
9400639  0.03898635477582846
9400649  0.03898635477582846
9400650  0.03898635477582846
9400651  0.03898635477582846
9400652  0.03898635477582846
9400653  0.03898635477582846
9400654  0.03898635477582846
9400657  0.03898635477582846
9400658  0.03898635477582846
9400659  0.03898635477582846
9400660  0.03898635477582846
9400661  0.03898635477582846
9400664  0.03898635477582846
9400665  0.03898635477582846
9400792  0.03898635477582846
9400796  0.03898635477582846
9400816  0.03898635477582846
9500963  0.03898635477582846
9500964  0.03898635477582846
9500974  0.03898635477582846
9500975  0.03898635477582846
9500985  0.03898635477582846
9500986  0.03898635477582846
9500987  0.03898635477582846
9500997  0.03898635477582846
9500998  0.03898635477582846
9500999  0.03898635477582846
9501000  0.03898635477582846
9501002  0.03898635477582846
9501003  0.03898635477582846
9600050  0.03898635477582846
9600071  0.03898635477582846
9600074  0.03898635477582846
9600075  0.03898635477582846
9600114  0.03898635477582846
9600125  0.03898635477582846
9600129  0.03898635477582846
9600130  0.03898635477582846
9600131  0.03898635477582846
9600132  0.03898635477582846
9600133  0.03898635477582846
9600136  0.03898635477582846
9600140  0.03898635477582846
9600141  0.03898635477582846
9600142  0.03898635477582846
9600143  0.03898635477582846
9600149  0.03898635477582846
9600151  0.03898635477582846
9600152  0.03898635477582846
9600162  0.03898635477582846
9600163  0.03898635477582846
9600211  0.03898635477582846
9600219  0.03898635477582846
9600221  0.03898635477582846
9600224  0.03898635477582846
9600233  0.03898635477582846
9600237  0.03898635477582846
9600241  0.03898635477582846
9600245  0.03898635477582846
9600249  0.03898635477582846
9600253  0.03898635477582846
9600257  0.03898635477582846
9600261  0.03898635477582846
9600265  0.03898635477582846
9600266  0.03898635477582846
9600268  0.03898635477582846
9600269  0.03898635477582846
9600271  0.03898635477582846
10500128  0.03898635477582846
10500129  0.03898635477582846
10500130  0.03898635477582846
10500132  0.03898635477582846
10500134  0.03898635477582846
11300073  0.03898635477582846
11300076  0.03898635477582846
11300129  0.03898635477582846
11300134  0.03898635477582846
11300135  0.03898635477582846
11300141  0.03898635477582846
11300145  0.03898635477582846
11300146  0.03898635477582846
11300147  0.03898635477582846
11300155  0.03898635477582846
11300156  0.03898635477582846
11300163  0.03898635477582846
11300169  0.03898635477582846
11300174  0.03898635477582846
11300180  0.03898635477582846
11300182  0.03898635477582846
11300190  0.03898635477582846
11300192  0.03898635477582846
11300201  0.03898635477582846
11300205  0.03898635477582846
11300235  0.03898635477582846
11300236  0.03898635477582846
11300237  0.03898635477582846
11300238  0.03898635477582846
11300240  0.03898635477582846
11400066  0.03898635477582846
11900080  0.03898635477582846
11900081  0.03898635477582846
11900084  0.03898635477582846
12000110  0.03898635477582846
1501051  0.03891050583657585
1501054  0.03891050583657585
6700083  0.03891050583657585
6900792  0.03891050583657585
1500949  0.03883495145631066
1500950  0.03883495145631066
1500952  0.03883495145631066
1500955  0.03883495145631066
1500976  0.03883495145631066
1500977  0.03883495145631066
1500978  0.03883495145631066
1500979  0.03883495145631066
1500980  0.03883495145631066
7900335  0.03883495145631066
7900336  0.03883495145631066
7900337  0.03883495145631066
8200101  0.03883495145631066
11900054  0.03883495145631066
11900055  0.03883495145631066
11900065  0.03883495145631066
11900066  0.03883495145631066
11900067  0.03883495145631066
11900068  0.03883495145631066
11900069  0.03883495145631066
11900075  0.03883495145631066
11900076  0.03883495145631066
12000054  0.03883495145631066
12000055  0.03883495145631066
12000064  0.03883495145631066
12000065  0.03883495145631066
12000075  0.03883495145631066
12000076  0.03883495145631066
12000079  0.03883495145631066
12000080  0.03883495145631066
12000081  0.03883495145631066
12000082  0.03883495145631066
12000210  0.03883495145631066
12000213  0.03883495145631066
12000229  0.03883495145631066
8700221  0.03881987577639756
7900562  0.03875968992248058
6700132  0.03870967741935483
6800096  0.03868471953578334
6800097  0.03868471953578334
6800093  0.038610038610038644
11300225  0.038535645472061675
9400738  0.038461538461538436
9400739  0.038461538461538436
9400740  0.038461538461538436
9400765  0.038461538461538436
9400823  0.038461538461538436
9400854  0.038461538461538436
11000113  0.038461538461538436
11900100  0.038461538461538436
7900516  0.03838771593090207
11000104  0.03838771593090207
3800260  0.03838383838383841
9300209  0.03838383838383841
9300210  0.03838383838383841
9300211  0.03838383838383841
9300214  0.03838383838383841
9300400  0.03838383838383841
9300409  0.03838383838383841
7900501  0.03831417624521072
7900502  0.03831417624521072
7900503  0.03831417624521072
7900524  0.03831417624521072
7900525  0.03831417624521072
7900528  0.03831417624521072
7900529  0.03831417624521072
7900532  0.03831417624521072
11300061  0.03831417624521072
3101538  0.03824091778202676
3101539  0.03824091778202676
3101577  0.03824091778202676
2100048  0.03816793893129766
2100049  0.03816793893129766
5100096  0.03816793893129766
5100098  0.03816793893129766
5100099  0.03816793893129766
5100100  0.03816793893129766
5100101  0.03816793893129766
5100102  0.03816793893129766
5100103  0.03816793893129766
5100105  0.03816793893129766
5100106  0.03816793893129766
5100610  0.03816793893129766
5100619  0.03816793893129766
7900153  0.03816793893129766
7900157  0.03816793893129766
7900159  0.03816793893129766
7900347  0.03816793893129766
7900348  0.03816793893129766
7900350  0.03816793893129766
7900352  0.03816793893129766
3800259  0.038076152304609256
7900443  0.037735849056603765
11200073  0.037735849056603765
8700171  0.03752345215759845
8800131  0.03738317757009346
10800166  0.03738317757009346
2500133  0.03687315634218291
11800089  0.036809815950920255
7800059  0.03658536585365857
7800060  0.03658536585365857
7800101  0.03658536585365857
7800117  0.03658536585365857
7800143  0.03658536585365857
7800148  0.03658536585365857
7800158  0.03658536585365857
10100524  0.03658536585365857
10100528  0.03658536585365857
10100542  0.03658536585365857
11800051  0.03658536585365857
11800063  0.03658536585365857
11800072  0.03658536585365857
11800078  0.03658536585365857
11800079  0.03658536585365857
11800108  0.03658536585365857
11800119  0.03658536585365857
11800123  0.03658536585365857
11800124  0.03658536585365857
11800125  0.03658536585365857
11800126  0.03658536585365857
11800127  0.03658536585365857
11800130  0.03658536585365857
11800134  0.03658536585365857
11800135  0.03658536585365857
11800136  0.03658536585365857
11800138  0.03658536585365857
11800140  0.03658536585365857
11800141  0.03658536585365857
11800144  0.03658536585365857
11800145  0.03658536585365857
11800146  0.03658536585365857
11800149  0.03658536585365857
11800151  0.03658536585365857
11800152  0.03658536585365857
11800161  0.03658536585365857
11800162  0.03658536585365857
11800184  0.03658536585365857
11800209  0.03658536585365857
11800211  0.03658536585365857
11800214  0.03658536585365857
11800223  0.03658536585365857
11800228  0.03658536585365857
11800233  0.03658536585365857
11800238  0.03658536585365857
11800248  0.03658536585365857
11800249  0.03658536585365857
11800252  0.03658536585365857
11800253  0.03658536585365857
11800255  0.03658536585365857
11800256  0.03658536585365857
11800257  0.03658536585365857
11800259  0.03658536585365857
1500982  0.0365111561866126
1500999  0.0365111561866126
1501001  0.0365111561866126
1501003  0.0365111561866126
1501032  0.0365111561866126
1501034  0.0365111561866126
1501037  0.0365111561866126
1900132  0.0365111561866126
1900133  0.0365111561866126
1900134  0.0365111561866126
1900135  0.0365111561866126
1900136  0.0365111561866126
1900137  0.0365111561866126
1900138  0.0365111561866126
2600136  0.0365111561866126
8400378  0.0365111561866126
8600480  0.0365111561866126
8600481  0.0365111561866126
8600482  0.0365111561866126
8600483  0.0365111561866126
8600489  0.0365111561866126
8600532  0.0365111561866126
8600565  0.0365111561866126
8600582  0.0365111561866126
8600632  0.0365111561866126
8900083  0.0365111561866126
9300075  0.0365111561866126
9300174  0.0365111561866126
9300193  0.0365111561866126
9300593  0.0365111561866126
9400672  0.0365111561866126
9400675  0.0365111561866126
9400742  0.0365111561866126
9400743  0.0365111561866126
9400746  0.0365111561866126
9400752  0.0365111561866126
9400753  0.0365111561866126
9400940  0.0365111561866126
9400943  0.0365111561866126
10800153  0.0365111561866126
10800154  0.0365111561866126
11900082  0.0365111561866126
12000186  0.0365111561866126
12000211  0.0365111561866126
12000245  0.0365111561866126
12300067  0.0365111561866126
12300073  0.0365111561866126
12300076  0.0365111561866126
12300106  0.0365111561866126
12300110  0.0365111561866126
12300111  0.0365111561866126
12300112  0.0365111561866126
12300114  0.0365111561866126
12300116  0.0365111561866126
12300117  0.0365111561866126
12300118  0.0365111561866126
12300120  0.0365111561866126
12300121  0.0365111561866126
12300133  0.0365111561866126
12300134  0.0365111561866126
12300217  0.0365111561866126
12300219  0.0365111561866126
12300222  0.0365111561866126
12300223  0.0365111561866126
12300227  0.0365111561866126
12300228  0.0365111561866126
12300232  0.0365111561866126
12300233  0.0365111561866126
12300236  0.0365111561866126
12300237  0.0365111561866126
12300239  0.0365111561866126
12300241  0.0365111561866126
12300243  0.0365111561866126
12300246  0.0365111561866126
12300248  0.0365111561866126
12300251  0.0365111561866126
12300253  0.0365111561866126
12400053  0.0365111561866126
12400054  0.0365111561866126
12400064  0.0365111561866126
12400065  0.0365111561866126
12400066  0.0365111561866126
12400067  0.0365111561866126
12400068  0.0365111561866126
12400074  0.0365111561866126
12400075  0.0365111561866126
12400087  0.0365111561866126
12400088  0.0365111561866126
12400089  0.0365111561866126
12400091  0.0365111561866126
12400095  0.0365111561866126
7900410  0.036437246963562764
8600421  0.036437246963562764
8600422  0.036437246963562764
8600514  0.036437246963562764
8600518  0.036437246963562764
8700209  0.036437246963562764
9600078  0.036437246963562764
9600079  0.036437246963562764
9600083  0.036437246963562764
9600085  0.036437246963562764
9600207  0.036437246963562764
4100527  0.036363636363636376
9900051  0.036363636363636376
9900052  0.036363636363636376
9900053  0.036363636363636376
9900106  0.036363636363636376
9900111  0.036363636363636376
10100454  0.036363636363636376
10100455  0.036363636363636376
10100456  0.036363636363636376
10100457  0.036363636363636376
10100458  0.036363636363636376
10100459  0.036363636363636376
11500391  0.036363636363636376
11500392  0.036363636363636376
11500393  0.036363636363636376
11600067  0.036363636363636376
11600071  0.036363636363636376
11600072  0.036363636363636376
11600074  0.036363636363636376
11600081  0.036363636363636376
11600099  0.036363636363636376
11600101  0.036363636363636376
11600102  0.036363636363636376
11600103  0.036363636363636376
11600209  0.036363636363636376
11600213  0.036363636363636376
11600214  0.036363636363636376
11600215  0.036363636363636376
11600216  0.036363636363636376
11600217  0.036363636363636376
11600218  0.036363636363636376
11600219  0.036363636363636376
11600221  0.036363636363636376
11600222  0.036363636363636376
11600223  0.036363636363636376
11600224  0.036363636363636376
11600225  0.036363636363636376
11600229  0.036363636363636376
11600230  0.036363636363636376
11600231  0.036363636363636376
11600232  0.036363636363636376
11600233  0.036363636363636376
11600234  0.036363636363636376
11600235  0.036363636363636376
11600236  0.036363636363636376
11600237  0.036363636363636376
11600238  0.036363636363636376
11600239  0.036363636363636376
11600240  0.036363636363636376
11600242  0.036363636363636376
11600243  0.036363636363636376
11600244  0.036363636363636376
11600245  0.036363636363636376
11600246  0.036363636363636376
11600247  0.036363636363636376
11600248  0.036363636363636376
11600249  0.036363636363636376
11600250  0.036363636363636376
11600251  0.036363636363636376
11600252  0.036363636363636376
11600253  0.036363636363636376
11600256  0.036363636363636376
11600257  0.036363636363636376
11600259  0.036363636363636376
11600260  0.036363636363636376
11600262  0.036363636363636376
11600263  0.036363636363636376
11600264  0.036363636363636376
11600268  0.036363636363636376
11600271  0.036363636363636376
11600274  0.036363636363636376
11600279  0.036363636363636376
11600280  0.036363636363636376
12000094  0.036363636363636376
12000102  0.036363636363636376
12000206  0.036363636363636376
12000225  0.036363636363636376
4100516  0.03621730382293764
4100518  0.03621730382293764
11300229  0.03621730382293764
7900425  0.035785288270377746
7900432  0.035785288270377746
7900422  0.035643564356435675
7900428  0.035643564356435675
7900430  0.035643564356435675
1100287  0.03556187766714081
8800129  0.034867503486750384
3101543  0.0346153846153846
3101579  0.0346153846153846
12600233  0.034146341463414664
12600238  0.034146341463414664
11000057  0.03384094754653133
1501273  0.03382949932341006
3200123  0.03382949932341006
2600315  0.03378378378378377
6900726  0.03378378378378377
7300218  0.03378378378378377
8200069  0.03378378378378377
8400281  0.03378378378378377
8400282  0.03378378378378377
8400285  0.03378378378378377
8400286  0.03378378378378377
8400287  0.03378378378378377
8400288  0.03378378378378377
8400295  0.03378378378378377
8500055  0.03378378378378377
8500058  0.03378378378378377
8500059  0.03378378378378377
8500062  0.03378378378378377
8500065  0.03378378378378377
8500071  0.03378378378378377
8500081  0.03378378378378377
8500082  0.03378378378378377
8500085  0.03378378378378377
8500150  0.03378378378378377
8500154  0.03378378378378377
8500155  0.03378378378378377
8500156  0.03378378378378377
8500157  0.03378378378378377
8500158  0.03378378378378377
8500159  0.03378378378378377
8500160  0.03378378378378377
8500162  0.03378378378378377
8500163  0.03378378378378377
8500164  0.03378378378378377
8500165  0.03378378378378377
8500166  0.03378378378378377
8500170  0.03378378378378377
8500171  0.03378378378378377
8500172  0.03378378378378377
8500173  0.03378378378378377
8500174  0.03378378378378377
8500175  0.03378378378378377
8500176  0.03378378378378377
8500177  0.03378378378378377
8500178  0.03378378378378377
8500179  0.03378378378378377
8500180  0.03378378378378377
8500181  0.03378378378378377
8500183  0.03378378378378377
8500184  0.03378378378378377
8500185  0.03378378378378377
8500186  0.03378378378378377
8500187  0.03378378378378377
8500188  0.03378378378378377
8500189  0.03378378378378377
8500190  0.03378378378378377
8500191  0.03378378378378377
8500192  0.03378378378378377
8500193  0.03378378378378377
8500194  0.03378378378378377
8500197  0.03378378378378377
8500198  0.03378378378378377
8500200  0.03378378378378377
8500201  0.03378378378378377
8500203  0.03378378378378377
8500204  0.03378378378378377
8500205  0.03378378378378377
8500209  0.03378378378378377
8500212  0.03378378378378377
8500215  0.03378378378378377
8500220  0.03378378378378377
8500221  0.03378378378378377
8600404  0.03378378378378377
8600405  0.03378378378378377
8600408  0.03378378378378377
8600409  0.03378378378378377
8600410  0.03378378378378377
8600411  0.03378378378378377
8600412  0.03378378378378377
8600413  0.03378378378378377
8600414  0.03378378378378377
8800128  0.03378378378378377
9000173  0.03378378378378377
9000180  0.03378378378378377
9700057  0.03378378378378377
10200142  0.03378378378378377
10200143  0.03378378378378377
10200144  0.03378378378378377
10200145  0.03378378378378377
10300102  0.03378378378378377
10500112  0.03378378378378377
10900128  0.03378378378378377
10900132  0.03378378378378377
11000095  0.03378378378378377
11200335  0.03378378378378377
11300209  0.03378378378378377
11300221  0.03378378378378377
11400059  0.03378378378378377
12500109  0.03378378378378377
12500147  0.03378378378378377
12500148  0.03378378378378377
12500149  0.03378378378378377
12500150  0.03378378378378377
12500151  0.03378378378378377
12700049  0.03378378378378377
12700155  0.03378378378378377
1000547  0.03377386196769461
1000548  0.03377386196769461
1000549  0.03377386196769461
1100114  0.03377386196769461
1100115  0.03377386196769461
1100116  0.03377386196769461
7900542  0.033726812816188834
8300055  0.03369272237196763
1100100  0.033625730994152
1100101  0.033625730994152
1100102  0.033625730994152
1100161  0.033625730994152
1100162  0.033625730994152
1100165  0.033625730994152
9800052  0.03360215053763438
10500096  0.03360215053763438
11200316  0.03360215053763438
12100161  0.03360215053763438
6700080  0.03355704697986572
6700123  0.03355704697986572
2500063  0.03351206434316356
2500065  0.03351206434316356
2500066  0.03351206434316356
2500067  0.03351206434316356
2500068  0.03351206434316356
2500122  0.03351206434316356
2500123  0.03351206434316356
2500169  0.03351206434316356
2500171  0.03351206434316356
2500173  0.03351206434316356
2500175  0.03351206434316356
2500177  0.03351206434316356
2500180  0.03351206434316356
6800142  0.03351206434316356
8700081  0.03351206434316356
11700042  0.03351206434316356
11700048  0.03351206434316356
11700049  0.03351206434316356
11700053  0.03351206434316356
11700094  0.03351206434316356
11700098  0.03351206434316356
3800061  0.03350083752093802
3800062  0.03350083752093802
10500055  0.03344481605351168
7900493  0.03338898163606008
7900494  0.03338898163606008
8000175  0.03338898163606008
8000176  0.03338898163606008
8000177  0.03338898163606008
8000179  0.03338898163606008
8000195  0.03338898163606008
8000196  0.03338898163606008
8000198  0.03338898163606008
1100284  0.033333333333333326
3101531  0.03327787021630613
3101532  0.03327787021630613
3101533  0.03327787021630613
3101536  0.03327787021630613
3101537  0.03327787021630613
3101573  0.03327787021630613
3101574  0.03327787021630613
3101575  0.03327787021630613
3101576  0.03327787021630613
3200103  0.03327787021630613
3200140  0.03327787021630613
3200141  0.03327787021630613
3200142  0.03327787021630613
3200143  0.03327787021630613
3200144  0.03327787021630613
3200145  0.03327787021630613
3200146  0.03327787021630613
3200148  0.03327787021630613
3200152  0.03327787021630613
3200153  0.03327787021630613
3200155  0.03327787021630613
3200156  0.03327787021630613
3200158  0.03327787021630613
3200159  0.03327787021630613
3200160  0.03327787021630613
3200166  0.03327787021630613
3500177  0.03327787021630613
3500178  0.03327787021630613
3500180  0.03327787021630613
3500181  0.03327787021630613
3500182  0.03327787021630613
3500183  0.03327787021630613
3500196  0.03327787021630613
3500197  0.03327787021630613
3500198  0.03327787021630613
3500200  0.03327787021630613
8700197  0.03322784810126578
6800079  0.03322259136212624
6800081  0.03322259136212624
7900456  0.03316749585406298
7900457  0.03316749585406298
7900458  0.03316749585406298
9800048  0.03316749585406298
1500175  0.033141210374639796
1500176  0.033141210374639796
1500179  0.033141210374639796
1500182  0.033141210374639796
1500183  0.033141210374639796
1500184  0.033141210374639796
1500185  0.033141210374639796
7900611  0.0331125827814569
7900612  0.0331125827814569
7900613  0.0331125827814569
7900614  0.0331125827814569
7900690  0.0331125827814569
8700213  0.0331125827814569
12600251  0.0331125827814569
12600256  0.0331125827814569
6700112  0.03304347826086962
6700113  0.03304347826086962
9800056  0.0329489291598023
1500148  0.03289473684210531
1400102  0.03285151116951379
1500134  0.03285151116951379
1500135  0.03285151116951379
1500136  0.03285151116951379
1500137  0.03285151116951379
1500138  0.03285151116951379
1500139  0.03285151116951379
1500142  0.03285151116951379
1500143  0.03285151116951379
1500144  0.03285151116951379
1500149  0.03285151116951379
1500154  0.03285151116951379
1500155  0.03285151116951379
1500158  0.03285151116951379
1500160  0.03285151116951379
1500162  0.03285151116951379
1700063  0.03285151116951379
1900054  0.03285151116951379
1900055  0.03285151116951379
1900660  0.03285151116951379
2600099  0.03285151116951379
2600100  0.03285151116951379
2600101  0.03285151116951379
2600102  0.03285151116951379
2600103  0.03285151116951379
2600156  0.03285151116951379
2600160  0.03285151116951379
2600164  0.03285151116951379
2600168  0.03285151116951379
2600172  0.03285151116951379
2600176  0.03285151116951379
2600180  0.03285151116951379
2600184  0.03285151116951379
2600188  0.03285151116951379
2600192  0.03285151116951379
2600196  0.03285151116951379
2600200  0.03285151116951379
2600204  0.03285151116951379
2600208  0.03285151116951379
2600212  0.03285151116951379
2600216  0.03285151116951379
2600220  0.03285151116951379
2600224  0.03285151116951379
2600228  0.03285151116951379
2600232  0.03285151116951379
2600236  0.03285151116951379
2600240  0.03285151116951379
2600244  0.03285151116951379
2600248  0.03285151116951379
2600252  0.03285151116951379
2600256  0.03285151116951379
2600260  0.03285151116951379
2600264  0.03285151116951379
2600268  0.03285151116951379
2600272  0.03285151116951379
2600276  0.03285151116951379
2600280  0.03285151116951379
2600284  0.03285151116951379
2600288  0.03285151116951379
2600292  0.03285151116951379
2600308  0.03285151116951379
2600319  0.03285151116951379
2600320  0.03285151116951379
2600321  0.03285151116951379
2600323  0.03285151116951379
2600327  0.03285151116951379
2600328  0.03285151116951379
2600329  0.03285151116951379
2600330  0.03285151116951379
2600331  0.03285151116951379
2600332  0.03285151116951379
2600333  0.03285151116951379
2600334  0.03285151116951379
2600335  0.03285151116951379
2600336  0.03285151116951379
2600337  0.03285151116951379
2600338  0.03285151116951379
2600343  0.03285151116951379
2600344  0.03285151116951379
2600345  0.03285151116951379
2600346  0.03285151116951379
2600347  0.03285151116951379
2600348  0.03285151116951379
2600349  0.03285151116951379
2600350  0.03285151116951379
2600351  0.03285151116951379
2600352  0.03285151116951379
2600353  0.03285151116951379
2600354  0.03285151116951379
2600355  0.03285151116951379
2600356  0.03285151116951379
2600357  0.03285151116951379
2600358  0.03285151116951379
2600359  0.03285151116951379
2600360  0.03285151116951379
2600361  0.03285151116951379
2600362  0.03285151116951379
2600363  0.03285151116951379
2600364  0.03285151116951379
2600365  0.03285151116951379
2600369  0.03285151116951379
2600370  0.03285151116951379
2600372  0.03285151116951379
2600385  0.03285151116951379
2600386  0.03285151116951379
4200073  0.03285151116951379
4200076  0.03285151116951379
4200079  0.03285151116951379
4200082  0.03285151116951379
4200085  0.03285151116951379
4200088  0.03285151116951379
4200091  0.03285151116951379
4200094  0.03285151116951379
4200097  0.03285151116951379
4200100  0.03285151116951379
4200103  0.03285151116951379
4200106  0.03285151116951379
4200110  0.03285151116951379
4200113  0.03285151116951379
4200116  0.03285151116951379
4200119  0.03285151116951379
4200122  0.03285151116951379
4200125  0.03285151116951379
4200128  0.03285151116951379
4200131  0.03285151116951379
4200134  0.03285151116951379
4200137  0.03285151116951379
4200140  0.03285151116951379
4200153  0.03285151116951379
4200154  0.03285151116951379
4200155  0.03285151116951379
4200164  0.03285151116951379
4200173  0.03285151116951379
4200182  0.03285151116951379
4200191  0.03285151116951379
4200200  0.03285151116951379
4200209  0.03285151116951379
4200218  0.03285151116951379
4200227  0.03285151116951379
4200236  0.03285151116951379
4200245  0.03285151116951379
4200254  0.03285151116951379
4200264  0.03285151116951379
4200273  0.03285151116951379
4200282  0.03285151116951379
4200291  0.03285151116951379
4200300  0.03285151116951379
4200309  0.03285151116951379
4200318  0.03285151116951379
4200327  0.03285151116951379
4200336  0.03285151116951379
4200345  0.03285151116951379
4200354  0.03285151116951379
4200363  0.03285151116951379
4300033  0.03285151116951379
4500030  0.03285151116951379
4600278  0.03285151116951379
4700141  0.03285151116951379
4700169  0.03285151116951379
4700196  0.03285151116951379
4700205  0.03285151116951379
6700058  0.03285151116951379
6700060  0.03285151116951379
6700064  0.03285151116951379
6700065  0.03285151116951379
6700066  0.03285151116951379
6700070  0.03285151116951379
6700071  0.03285151116951379
6800049  0.03285151116951379
6800051  0.03285151116951379
6800055  0.03285151116951379
6800056  0.03285151116951379
6800060  0.03285151116951379
6800061  0.03285151116951379
6800151  0.03285151116951379
6800155  0.03285151116951379
6900050  0.03285151116951379
6900051  0.03285151116951379
6900054  0.03285151116951379
6900055  0.03285151116951379
6900058  0.03285151116951379
6900069  0.03285151116951379
7300049  0.03285151116951379
7300050  0.03285151116951379
7300051  0.03285151116951379
7300053  0.03285151116951379
7300055  0.03285151116951379
7300056  0.03285151116951379
7300057  0.03285151116951379
7300059  0.03285151116951379
7300070  0.03285151116951379
7300071  0.03285151116951379
7300072  0.03285151116951379
7300092  0.03285151116951379
7900050  0.03285151116951379
7900076  0.03285151116951379
7900077  0.03285151116951379
7900079  0.03285151116951379
7900081  0.03285151116951379
7900083  0.03285151116951379
7900085  0.03285151116951379
7900087  0.03285151116951379
7900090  0.03285151116951379
7900093  0.03285151116951379
7900096  0.03285151116951379
7900099  0.03285151116951379
7900102  0.03285151116951379
7900105  0.03285151116951379
7900108  0.03285151116951379
7900111  0.03285151116951379
7900114  0.03285151116951379
7900117  0.03285151116951379
7900120  0.03285151116951379
7900121  0.03285151116951379
7900126  0.03285151116951379
7900131  0.03285151116951379
7900133  0.03285151116951379
7900138  0.03285151116951379
7900139  0.03285151116951379
7900143  0.03285151116951379
7900146  0.03285151116951379
7900250  0.03285151116951379
7900251  0.03285151116951379
7900252  0.03285151116951379
7900253  0.03285151116951379
7900254  0.03285151116951379
7900255  0.03285151116951379
7900256  0.03285151116951379
7900258  0.03285151116951379
7900259  0.03285151116951379
7900260  0.03285151116951379
7900261  0.03285151116951379
7900262  0.03285151116951379
7900263  0.03285151116951379
7900264  0.03285151116951379
7900265  0.03285151116951379
7900266  0.03285151116951379
7900267  0.03285151116951379
7900268  0.03285151116951379
7900273  0.03285151116951379
7900274  0.03285151116951379
7900277  0.03285151116951379
7900279  0.03285151116951379
7900281  0.03285151116951379
7900283  0.03285151116951379
7900285  0.03285151116951379
7900288  0.03285151116951379
7900289  0.03285151116951379
7900290  0.03285151116951379
7900291  0.03285151116951379
7900292  0.03285151116951379
7900293  0.03285151116951379
7900294  0.03285151116951379
7900296  0.03285151116951379
7900298  0.03285151116951379
7900303  0.03285151116951379
7900304  0.03285151116951379
7900305  0.03285151116951379
7900306  0.03285151116951379
7900699  0.03285151116951379
8000042  0.03285151116951379
8000045  0.03285151116951379
8000053  0.03285151116951379
8000054  0.03285151116951379
8000056  0.03285151116951379
8000057  0.03285151116951379
8000058  0.03285151116951379
8000059  0.03285151116951379
8000061  0.03285151116951379
8000062  0.03285151116951379
8000064  0.03285151116951379
8000066  0.03285151116951379
8000067  0.03285151116951379
8000069  0.03285151116951379
8000075  0.03285151116951379
8000076  0.03285151116951379
8200052  0.03285151116951379
8200053  0.03285151116951379
8200056  0.03285151116951379
8200059  0.03285151116951379
8200060  0.03285151116951379
8300047  0.03285151116951379
8300048  0.03285151116951379
8300051  0.03285151116951379
8300052  0.03285151116951379
8300066  0.03285151116951379
8700045  0.03285151116951379
8700068  0.03285151116951379
8700071  0.03285151116951379
8700072  0.03285151116951379
8700100  0.03285151116951379
8700111  0.03285151116951379
8700115  0.03285151116951379
8700116  0.03285151116951379
8700117  0.03285151116951379
8700118  0.03285151116951379
8700119  0.03285151116951379
8700122  0.03285151116951379
8700126  0.03285151116951379
8700127  0.03285151116951379
8700128  0.03285151116951379
8700129  0.03285151116951379
8700135  0.03285151116951379
8700137  0.03285151116951379
8700138  0.03285151116951379
8700148  0.03285151116951379
8700149  0.03285151116951379
8700191  0.03285151116951379
8700192  0.03285151116951379
8700194  0.03285151116951379
8700225  0.03285151116951379
8700229  0.03285151116951379
8700237  0.03285151116951379
8800058  0.03285151116951379
8800059  0.03285151116951379
8800072  0.03285151116951379
8800073  0.03285151116951379
8800076  0.03285151116951379
8800077  0.03285151116951379
8800080  0.03285151116951379
8800083  0.03285151116951379
8800084  0.03285151116951379
8800085  0.03285151116951379
8800086  0.03285151116951379
8800087  0.03285151116951379
8800088  0.03285151116951379
8800089  0.03285151116951379
8800090  0.03285151116951379
8800091  0.03285151116951379
8800211  0.03285151116951379
8900055  0.03285151116951379
8900056  0.03285151116951379
8900059  0.03285151116951379
8900062  0.03285151116951379
8900063  0.03285151116951379
8900071  0.03285151116951379
8900087  0.03285151116951379
8900091  0.03285151116951379
9000082  0.03285151116951379
9000083  0.03285151116951379
9000086  0.03285151116951379
9000087  0.03285151116951379
9000088  0.03285151116951379
9000089  0.03285151116951379
9000098  0.03285151116951379
9000099  0.03285151116951379
9000109  0.03285151116951379
9000110  0.03285151116951379
9000122  0.03285151116951379
9000123  0.03285151116951379
9000124  0.03285151116951379
9000125  0.03285151116951379
9000126  0.03285151116951379
9000189  0.03285151116951379
9000199  0.03285151116951379
9100436  0.03285151116951379
9100437  0.03285151116951379
9100445  0.03285151116951379
9100446  0.03285151116951379
9100448  0.03285151116951379
9100449  0.03285151116951379
9100451  0.03285151116951379
9100452  0.03285151116951379
9100454  0.03285151116951379
9100455  0.03285151116951379
9100457  0.03285151116951379
9100458  0.03285151116951379
9100460  0.03285151116951379
9100461  0.03285151116951379
9100463  0.03285151116951379
9100464  0.03285151116951379
9100466  0.03285151116951379
9100467  0.03285151116951379
9100469  0.03285151116951379
9100470  0.03285151116951379
9100472  0.03285151116951379
9100473  0.03285151116951379
9100475  0.03285151116951379
9100476  0.03285151116951379
9100478  0.03285151116951379
9100485  0.03285151116951379
9100486  0.03285151116951379
9100488  0.03285151116951379
9100489  0.03285151116951379
9100491  0.03285151116951379
9100492  0.03285151116951379
9100494  0.03285151116951379
9100495  0.03285151116951379
9100497  0.03285151116951379
9100498  0.03285151116951379
9100500  0.03285151116951379
9100501  0.03285151116951379
9100503  0.03285151116951379
9100504  0.03285151116951379
9100506  0.03285151116951379
9100507  0.03285151116951379
9100509  0.03285151116951379
9100510  0.03285151116951379
9100512  0.03285151116951379
9100513  0.03285151116951379
9100515  0.03285151116951379
9100516  0.03285151116951379
9100518  0.03285151116951379
9100519  0.03285151116951379
9100521  0.03285151116951379
9100522  0.03285151116951379
9100524  0.03285151116951379
9100525  0.03285151116951379
9100527  0.03285151116951379
9100528  0.03285151116951379
9100530  0.03285151116951379
9100531  0.03285151116951379
9100533  0.03285151116951379
9100534  0.03285151116951379
9100536  0.03285151116951379
9100537  0.03285151116951379
9100539  0.03285151116951379
9100540  0.03285151116951379
9100542  0.03285151116951379
9100543  0.03285151116951379
9100545  0.03285151116951379
9100546  0.03285151116951379
9100548  0.03285151116951379
9100549  0.03285151116951379
9100551  0.03285151116951379
9100552  0.03285151116951379
9100555  0.03285151116951379
9100558  0.03285151116951379
9100562  0.03285151116951379
9700042  0.03285151116951379
9700043  0.03285151116951379
9700044  0.03285151116951379
9800042  0.03285151116951379
9800043  0.03285151116951379
9800044  0.03285151116951379
10200043  0.03285151116951379
10200044  0.03285151116951379
10200045  0.03285151116951379
10200054  0.03285151116951379
10200063  0.03285151116951379
10300046  0.03285151116951379
10300047  0.03285151116951379
10300050  0.03285151116951379
10400759  0.03285151116951379
10400760  0.03285151116951379
10500046  0.03285151116951379
10500047  0.03285151116951379
10500048  0.03285151116951379
10500120  0.03285151116951379
10600056  0.03285151116951379
10600057  0.03285151116951379
10600058  0.03285151116951379
10600059  0.03285151116951379
10600138  0.03285151116951379
10700042  0.03285151116951379
10700043  0.03285151116951379
10700044  0.03285151116951379
10700048  0.03285151116951379
10700100  0.03285151116951379
10700104  0.03285151116951379
10800047  0.03285151116951379
10800048  0.03285151116951379
10800059  0.03285151116951379
10800060  0.03285151116951379
10800074  0.03285151116951379
10800076  0.03285151116951379
10800080  0.03285151116951379
10800082  0.03285151116951379
10800083  0.03285151116951379
10800087  0.03285151116951379
10800088  0.03285151116951379
10800092  0.03285151116951379
10800175  0.03285151116951379
10800184  0.03285151116951379
10900047  0.03285151116951379
10900048  0.03285151116951379
10900049  0.03285151116951379
11000046  0.03285151116951379
11000047  0.03285151116951379
11000048  0.03285151116951379
11100038  0.03285151116951379
11100039  0.03285151116951379
11200052  0.03285151116951379
11200053  0.03285151116951379
11200054  0.03285151116951379
11200055  0.03285151116951379
11200056  0.03285151116951379
11300045  0.03285151116951379
11300046  0.03285151116951379
11300047  0.03285151116951379
11400043  0.03285151116951379
11400044  0.03285151116951379
11400045  0.03285151116951379
12100152  0.03285151116951379
12100153  0.03285151116951379
12100154  0.03285151116951379
12500047  0.03285151116951379
12500048  0.03285151116951379
12500051  0.03285151116951379
12500052  0.03285151116951379
12700038  0.03285151116951379
12700044  0.03285151116951379
12700045  0.03285151116951379
12700062  0.03285151116951379
12700071  0.03285151116951379
12700080  0.03285151116951379
12800444  0.03285151116951379
12800445  0.03285151116951379
12800446  0.03285151116951379
12800447  0.03285151116951379
12800448  0.03285151116951379
12800452  0.03285151116951379
7900559  0.03284072249589487
8000142  0.03284072249589487
1100041  0.03280839895013121
1100043  0.03280839895013121
1100049  0.03280839895013121
1100050  0.03280839895013121
1100051  0.03280839895013121
1100052  0.03280839895013121
1100053  0.03280839895013121
1100054  0.03280839895013121
1100055  0.03280839895013121
1100056  0.03280839895013121
1100057  0.03280839895013121
1100058  0.03280839895013121
1100059  0.03280839895013121
1100060  0.03280839895013121
1100061  0.03280839895013121
1100062  0.03280839895013121
1100065  0.03280839895013121
1100068  0.03280839895013121
1100069  0.03280839895013121
7200526  0.03280839895013121
7900393  0.032786885245901676
7900394  0.032786885245901676
7900395  0.032786885245901676
7900407  0.032786885245901676
7900408  0.032786885245901676
7900409  0.032786885245901676
7900412  0.032786885245901676
7900414  0.032786885245901676
7900415  0.032786885245901676
7900417  0.032786885245901676
7900419  0.032786885245901676
7900436  0.032786885245901676
7900476  0.032786885245901676
7900477  0.032786885245901676
7900478  0.032786885245901676
8000088  0.032786885245901676
8000093  0.032786885245901676
8000139  0.032786885245901676
8700233  0.032786885245901676
8700241  0.032786885245901676
4700105  0.032765399737876844
4700114  0.032765399737876844
4700123  0.032765399737876844
4700132  0.032765399737876844
4700160  0.032765399737876844
4700178  0.032765399737876844
4700187  0.032765399737876844
7900466  0.03275862068965518
7900467  0.03275862068965518
10500083  0.03275862068965518
10500085  0.03275862068965518
11200299  0.03275862068965518
11200301  0.03275862068965518
11200303  0.03275862068965518
11200304  0.03275862068965518
11200305  0.03275862068965518
11200310  0.03275862068965518
4600259  0.0327225130890052
4600260  0.0327225130890052
4600261  0.0327225130890052
4700060  0.0327225130890052
4700062  0.0327225130890052
4700064  0.0327225130890052
4700066  0.0327225130890052
4700068  0.0327225130890052
4700070  0.0327225130890052
4700072  0.0327225130890052
4700074  0.0327225130890052
4700076  0.0327225130890052
4700078  0.0327225130890052
4700080  0.0327225130890052
4700082  0.0327225130890052
4700094  0.0327225130890052
4700095  0.0327225130890052
4700096  0.0327225130890052
4700151  0.0327225130890052
7900368  0.0326797385620915
7900746  0.0326797385620915
7900747  0.0326797385620915
7900748  0.0326797385620915
7900749  0.0326797385620915
7900751  0.0326797385620915
8700202  0.0326797385620915
8700203  0.0326797385620915
8700211  0.0326797385620915
8700212  0.0326797385620915
8700217  0.0326797385620915
9200779  0.0326797385620915
9200780  0.0326797385620915
9200781  0.0326797385620915
9200782  0.0326797385620915
8000134  0.032590051457976
9800097  0.032590051457976
1400038  0.03255208333333337
1400039  0.03255208333333337
1400040  0.03255208333333337
1400041  0.03255208333333337
1400042  0.03255208333333337
1400088  0.03255208333333337
1400089  0.03255208333333337
1500094  0.03255208333333337
1500116  0.03255208333333337
1500117  0.03255208333333337
1500118  0.03255208333333337
1500205  0.03255208333333337
1500208  0.03255208333333337
1500211  0.03255208333333337
1500212  0.03255208333333337
1500213  0.03255208333333337
1500443  0.03255208333333337
1500444  0.03255208333333337
1500446  0.03255208333333337
1500447  0.03255208333333337
1500451  0.03255208333333337
1500454  0.03255208333333337
1500457  0.03255208333333337
1500458  0.03255208333333337
1500459  0.03255208333333337
1500471  0.03255208333333337
1500474  0.03255208333333337
1500475  0.03255208333333337
1500484  0.03255208333333337
1500486  0.03255208333333337
1500488  0.03255208333333337
1500491  0.03255208333333337
1500494  0.03255208333333337
1500498  0.03255208333333337
1500539  0.03255208333333337
1500540  0.03255208333333337
1500542  0.03255208333333337
1500543  0.03255208333333337
1500554  0.03255208333333337
1500556  0.03255208333333337
1500557  0.03255208333333337
1500566  0.03255208333333337
1500568  0.03255208333333337
1500569  0.03255208333333337
1500572  0.03255208333333337
1500714  0.03255208333333337
1500715  0.03255208333333337
1500718  0.03255208333333337
1500719  0.03255208333333337
1500731  0.03255208333333337
2800482  0.03255208333333337
2800504  0.03255208333333337
2800505  0.03255208333333337
2800509  0.03255208333333337
2800510  0.03255208333333337
2800511  0.03255208333333337
2800512  0.03255208333333337
2800513  0.03255208333333337
2800514  0.03255208333333337
2800515  0.03255208333333337
2901169  0.03255208333333337
2901179  0.03255208333333337
2901180  0.03255208333333337
2901181  0.03255208333333337
2901182  0.03255208333333337
2901183  0.03255208333333337
3000095  0.03255208333333337
3000098  0.03255208333333337
3000110  0.03255208333333337
3000119  0.03255208333333337
3000183  0.03255208333333337
3000184  0.03255208333333337
3000187  0.03255208333333337
3000188  0.03255208333333337
3000192  0.03255208333333337
3000193  0.03255208333333337
3000194  0.03255208333333337
3000195  0.03255208333333337
3000196  0.03255208333333337
3000200  0.03255208333333337
3000201  0.03255208333333337
3000202  0.03255208333333337
3000203  0.03255208333333337
3000204  0.03255208333333337
3000205  0.03255208333333337
3000209  0.03255208333333337
3101344  0.03255208333333337
3101345  0.03255208333333337
3101346  0.03255208333333337
3101347  0.03255208333333337
3101350  0.03255208333333337
3101351  0.03255208333333337
3101352  0.03255208333333337
3101353  0.03255208333333337
3101354  0.03255208333333337
3101356  0.03255208333333337
3101357  0.03255208333333337
3101358  0.03255208333333337
3101359  0.03255208333333337
3101362  0.03255208333333337
3101363  0.03255208333333337
3101367  0.03255208333333337
3101370  0.03255208333333337
3101373  0.03255208333333337
3101374  0.03255208333333337
3101375  0.03255208333333337
3101378  0.03255208333333337
3101503  0.03255208333333337
3101504  0.03255208333333337
3101505  0.03255208333333337
3101506  0.03255208333333337
3101507  0.03255208333333337
3101508  0.03255208333333337
3101509  0.03255208333333337
3200039  0.03255208333333337
3200042  0.03255208333333337
3200045  0.03255208333333337
3200048  0.03255208333333337
3200061  0.03255208333333337
3200062  0.03255208333333337
3200068  0.03255208333333337
3200071  0.03255208333333337
3200084  0.03255208333333337
3200087  0.03255208333333337
3200088  0.03255208333333337
3200089  0.03255208333333337
3300082  0.03255208333333337
3300083  0.03255208333333337
3300106  0.03255208333333337
3300107  0.03255208333333337
3300110  0.03255208333333337
3300111  0.03255208333333337
3300114  0.03255208333333337
3300115  0.03255208333333337
3300117  0.03255208333333337
3300118  0.03255208333333337
3300121  0.03255208333333337
3300123  0.03255208333333337
3300124  0.03255208333333337
3300135  0.03255208333333337
3300139  0.03255208333333337
3300140  0.03255208333333337
3300144  0.03255208333333337
3300146  0.03255208333333337
3300149  0.03255208333333337
3300151  0.03255208333333337
3300152  0.03255208333333337
3300153  0.03255208333333337
3300154  0.03255208333333337
3300173  0.03255208333333337
3300195  0.03255208333333337
3300198  0.03255208333333337
3300199  0.03255208333333337
3300200  0.03255208333333337
3300204  0.03255208333333337
3300213  0.03255208333333337
3300223  0.03255208333333337
3300225  0.03255208333333337
3300226  0.03255208333333337
3300227  0.03255208333333337
3300228  0.03255208333333337
3300235  0.03255208333333337
3300236  0.03255208333333337
3300239  0.03255208333333337
3300251  0.03255208333333337
3300252  0.03255208333333337
3300254  0.03255208333333337
3300257  0.03255208333333337
3300259  0.03255208333333337
3300261  0.03255208333333337
3300262  0.03255208333333337
3300273  0.03255208333333337
3300274  0.03255208333333337
3300275  0.03255208333333337
3300276  0.03255208333333337
3300280  0.03255208333333337
3300281  0.03255208333333337
3300283  0.03255208333333337
3300286  0.03255208333333337
3300288  0.03255208333333337
3400740  0.03255208333333337
3400747  0.03255208333333337
3400748  0.03255208333333337
3400749  0.03255208333333337
3400750  0.03255208333333337
3400751  0.03255208333333337
3600037  0.03255208333333337
3600039  0.03255208333333337
3600040  0.03255208333333337
3600099  0.03255208333333337
7900560  0.03220338983050852
8000123  0.03205128205128205
8000120  0.03194888178913735
7900167  0.031523642732048995
7900172  0.031523642732048995
7900173  0.031523642732048995
7900174  0.031523642732048995
7900175  0.031523642732048995
7900177  0.031523642732048995
2600131  0.03146853146853146
3900252  0.03135888501742157
3900253  0.03135888501742157
3900254  0.03135888501742157
3900256  0.03135888501742157
3900257  0.03135888501742157
3900284  0.03119584055459268
3900270  0.03114186851211076
4000051  0.03114186851211076
4000052  0.03114186851211076
2500077  0.030874785591766707
4600304  0.025000000000000022
