7700044  0.6152654886245728
7200144  0.6151430010795593
7200142  0.613645613193512
7800099  0.6132552623748779
7700034  0.6126157641410828
7700031  0.6123791933059692
7500083  0.6122908592224121
7700043  0.6114750504493713
7700028  0.6106795072555542
7200141  0.6104919910430908
7700042  0.6080948710441589
7800100  0.6076622009277344
7800081  0.6073358058929443
7800082  0.6072253584861755
7700025  0.6069291234016418
7200089  0.6055139303207397
7200082  0.6045061349868774
7500075  0.6023811101913452
7200127  0.6003990173339844
7800101  0.5988965630531311
7200096  0.597623884677887
7500068  0.5966386198997498
7200140  0.5956928730010986
7200139  0.5950430035591125
7200147  0.5948487520217896
7200128  0.5933496952056885
7200130  0.5909008979797363
7200109  0.5904256105422974
7200108  0.5900553464889526
7500067  0.5896021127700806
7200103  0.5878236889839172
7200076  0.5876380205154419
7500065  0.5844165086746216
7800103  0.5843682885169983
7500058  0.5839606523513794
7500066  0.5836511850357056
7200075  0.5830327272415161
7800102  0.5827711224555969
7500059  0.5807420611381531
7200074  0.5753777623176575
7900513  0.5465009212493896
7900374  0.5433811545372009
7900464  0.541953444480896
7900381  0.5415714979171753
7900467  0.5407503247261047
7900469  0.5398298501968384
7900463  0.5386521220207214
7900471  0.5375254154205322
7900352  0.5369887948036194
7900478  0.5357643365859985
7900466  0.5353018641471863
7800168  0.5341443419456482
7900521  0.5334238409996033
7900447  0.5333110094070435
7900495  0.5330677032470703
7900449  0.5326571464538574
7900373  0.5325635075569153
7900356  0.5304961800575256
7900357  0.5288365483283997
7900486  0.5287906527519226
7900372  0.5286996364593506
7900367  0.5286755561828613
7900446  0.5276777148246765
7900361  0.527094304561615
7900529  0.5250287652015686
7900368  0.5247836709022522
7900360  0.524225115776062
7900255  0.524199366569519
7900351  0.5240750908851624
7900382  0.5235154628753662
7900552  0.5221341848373413
7900319  0.5215012431144714
7900358  0.5196887254714966
7900318  0.5192810297012329
7900294  0.5190781354904175
7900395  0.5190528631210327
7900369  0.5186277627944946
7900333  0.5183281898498535
7900254  0.518120288848877
7900359  0.5180286765098572
7900392  0.5179110765457153
7900316  0.5176195502281189
7900390  0.5170937180519104
7900391  0.516815185546875
7900320  0.5164434313774109
7900560  0.5161976218223572
7900568  0.5146175026893616
7900337  0.5129125714302063
7900389  0.512893557548523
7900325  0.5128486752510071
7900317  0.5111690759658813
7900321  0.510168731212616
7900350  0.5093532204627991
7900349  0.5072417259216309
7900253  0.5062455534934998
7900293  0.505772054195404
7900256  0.5056813359260559
7900322  0.504845917224884
7900225  0.504535973072052
7900291  0.5031834840774536
7900338  0.5021548867225647
7900228  0.5020409822463989
7900238  0.5011330842971802
7900219  0.4982716143131256
7900237  0.49273255467414856
7900252  0.49189257621765137
7900290  0.4914672076702118
7900230  0.4905027747154236
7900239  0.4875570237636566
7900216  0.4859476387500763
7900235  0.48411527276039124
7900341  0.4830361008644104
7900343  0.48240333795547485
7900243  0.48064687848091125
7900231  0.4799128472805023
7900265  0.4773682951927185
7900288  0.4764382243156433
7900342  0.4744490683078766
7900289  0.4723159968852997
7900270  0.47079867124557495
7900279  0.4707450568675995
7900213  0.46192219853401184
7900212  0.45894089341163635
7100227  0.35454413294792175
3000257  0.2829327881336212
2800069  0.280538409948349
2800301  0.2791599929332733
2800070  0.2787240743637085
2800119  0.2785477936267853
2800264  0.2783469557762146
2800304  0.27821624279022217
1500055  0.27780184149742126
2800305  0.27733030915260315
2800307  0.2765648066997528
2800313  0.27635428309440613
3000260  0.27629661560058594
2800116  0.27619075775146484
1500056  0.2761549651622772
2800117  0.27585357427597046
2800300  0.27556154131889343
1600086  0.2755257785320282
2800062  0.275517076253891
1600069  0.2753809690475464
2800311  0.2750060558319092
2800115  0.27477890253067017
1600070  0.2746541202068329
1500054  0.27457645535469055
1600048  0.2745586335659027
1600045  0.27452799677848816
1600074  0.27401626110076904
3100126  0.27295562624931335
3100113  0.27229979634284973
2800090  0.2720800042152405
2800088  0.27205565571784973
2800114  0.2720470726490021
1600046  0.27176016569137573
2800093  0.27169597148895264
2800091  0.27107763290405273
1600047  0.2705632746219635
1600080  0.2700440585613251
1500042  0.26990896463394165
3100139  0.2696531116962433
1500053  0.26846960186958313
2800089  0.2673104703426361
1500043  0.26723194122314453
4700062  0.26692792773246765
4700497  0.266460120677948
5000064  0.26546767354011536
4700522  0.26531943678855896
4700529  0.2649160921573639
4700523  0.26404085755348206
4600323  0.2639775276184082
4700525  0.2635553777217865
4600290  0.26330116391181946
4800053  0.2628118395805359
4700498  0.26272979378700256
4700524  0.2625795304775238
4700061  0.2625293731689453
4700500  0.262515127658844
4700052  0.26228687167167664
4700065  0.2617940902709961
4600295  0.261430025100708
5000065  0.2612026333808899
4700526  0.260949969291687
4700492  0.26076096296310425
4700491  0.2604023814201355
4700493  0.260151743888855
4600286  0.25996971130371094
4600284  0.25972387194633484
4600527  0.25955983996391296
4600296  0.2594391107559204
4600304  0.25899559259414673
4700068  0.258698046207428
4600303  0.2582224905490875
4600526  0.25802144408226013
5000066  0.2576444149017334
4700046  0.25762587785720825
4600329  0.25748831033706665
4600302  0.2568192183971405
5000085  0.2566438317298889
3100158  0.2563779056072235
4700486  0.2561098039150238
5000086  0.25533750653266907
4700047  0.2552320659160614
4700043  0.2549988031387329
4600281  0.2540707290172577
4600280  0.2531047463417053
7100181  0.24843116104602814
7100184  0.24828113615512848
7100201  0.24820587038993835
7100209  0.24801261723041534
7100121  0.24777467548847198
7100145  0.2477567046880722
7100179  0.24773047864437103
7100146  0.2476525455713272
7100120  0.24762029945850372
7100202  0.24759535491466522
7100197  0.2475425750017166
7100206  0.24748742580413818
7100215  0.247484028339386
7100169  0.24746735394001007
7100141  0.2474401742219925
7100123  0.2474309206008911
7100122  0.2473364621400833
7100144  0.24732491374015808
7100180  0.24724282324314117
7100150  0.24719664454460144
7100178  0.2471698373556137
7100165  0.24716849625110626
7100140  0.24715806543827057
7100174  0.2471025586128235
7100124  0.24709446728229523
7100168  0.24708648025989532
7100139  0.24702931940555573
7100167  0.24701251089572906
7100226  0.246801495552063
7100113  0.24671587347984314
7100175  0.24668951332569122
7100115  0.2466679960489273
7100127  0.24662427604198456
7100223  0.24660292267799377
7100224  0.24659797549247742
7100143  0.2464427649974823
7100138  0.2463744878768921
7100153  0.24634306132793427
7100142  0.24614708125591278
7100151  0.24572142958641052
7100119  0.24540694057941437
7100099  0.24531835317611694
7100061  0.24529200792312622
7100105  0.24527795612812042
5800114  0.24524468183517456
7100059  0.24521391093730927
7100103  0.24519622325897217
5800111  0.24519407749176025
7100102  0.24518027901649475
7100095  0.24515439569950104
7100104  0.24515308439731598
7100096  0.24515090882778168
7100078  0.24514026939868927
5800112  0.24513477087020874
7100098  0.24513380229473114
7100060  0.24512545764446259
7100077  0.24510744214057922
7100076  0.2450973242521286
7100081  0.24509017169475555
7100070  0.24509014189243317
7100092  0.245081827044487
3100177  0.2450716644525528
3100196  0.2450716644525528
3100216  0.2450716644525528
3100235  0.2450716644525528
3100254  0.2450716644525528
3100275  0.2450716644525528
3100283  0.2450716644525528
3100286  0.2450716644525528
3102909  0.2450716644525528
3102927  0.2450716644525528
3500043  0.2450716644525528
3500054  0.2450716644525528
3500055  0.2450716644525528
3500056  0.2450716644525528
3900059  0.2450716644525528
3901117  0.2450716644525528
4200053  0.2450716644525528
4200059  0.2450716644525528
4200379  0.2450716644525528
4200380  0.2450716644525528
4200381  0.2450716644525528
4200391  0.2450716644525528
4200396  0.2450716644525528
4200406  0.2450716644525528
4200410  0.2450716644525528
4600056  0.2450716644525528
4600057  0.2450716644525528
4600058  0.2450716644525528
4600074  0.2450716644525528
4600075  0.2450716644525528
4600076  0.2450716644525528
4600255  0.2450716644525528
4600262  0.2450716644525528
4600263  0.2450716644525528
4600266  0.2450716644525528
4600269  0.2450716644525528
4600270  0.2450716644525528
4600271  0.2450716644525528
4600275  0.2450716644525528
4600276  0.2450716644525528
5000038  0.2450716644525528
5000042  0.2450716644525528
5000087  0.2450716644525528
5000103  0.2450716644525528
5000104  0.2450716644525528
5000107  0.2450716644525528
5000108  0.2450716644525528
5000317  0.2450716644525528
5000318  0.2450716644525528
5000319  0.2450716644525528
5000320  0.2450716644525528
5000321  0.2450716644525528
5000322  0.2450716644525528
5000323  0.2450716644525528
5000324  0.2450716644525528
5000326  0.2450716644525528
5000591  0.2450716644525528
5000601  0.2450716644525528
5000713  0.2450716644525528
5000743  0.2450716644525528
5000746  0.2450716644525528
5100099  0.2450716644525528
5100101  0.2450716644525528
5100115  0.2450716644525528
5100117  0.2450716644525528
5100133  0.2450716644525528
5100134  0.2450716644525528
5100135  0.2450716644525528
5100136  0.2450716644525528
5100137  0.2450716644525528
5100138  0.2450716644525528
5100139  0.2450716644525528
5100140  0.2450716644525528
5100142  0.2450716644525528
5100143  0.2450716644525528
5100207  0.2450716644525528
5100215  0.2450716644525528
5100224  0.2450716644525528
5800082  0.2450716644525528
5800083  0.2450716644525528
5800106  0.2450716644525528
5800107  0.2450716644525528
7100108  0.2450716644525528
7800176  0.2450716644525528
7800184  0.2450716644525528
7900089  0.2450716644525528
7900139  0.2450716644525528
7900140  0.2450716644525528
7900141  0.2450716644525528
7900142  0.2450716644525528
7900143  0.2450716644525528
7900144  0.2450716644525528
7900145  0.2450716644525528
7900147  0.2450716644525528
7900149  0.2450716644525528
7900151  0.2450716644525528
7900152  0.2450716644525528
7900153  0.2450716644525528
7900159  0.2450716644525528
7900160  0.2450716644525528
7900162  0.2450716644525528
7900163  0.2450716644525528
7900164  0.2450716644525528
7900166  0.2450716644525528
7900169  0.2450716644525528
7900170  0.2450716644525528
7900172  0.2450716644525528
7900173  0.2450716644525528
7900175  0.2450716644525528
7900176  0.2450716644525528
7900186  0.2450716644525528
7900188  0.2450716644525528
7900189  0.2450716644525528
7900192  0.2450716644525528
7900193  0.2450716644525528
7900195  0.2450716644525528
7900196  0.2450716644525528
7900197  0.2450716644525528
7900199  0.2450716644525528
7900200  0.2450716644525528
7900203  0.2450716644525528
7900209  0.2450716644525528
7900210  0.2450716644525528
6900031  0.24507072567939758
5800162  0.24506837129592896
5800110  0.2450668215751648
7100094  0.24505886435508728
7100052  0.24505802989006042
7100072  0.245047926902771
7100093  0.24503538012504578
7100107  0.2450210154056549
5800108  0.24501660466194153
6900034  0.24500662088394165
7100106  0.24498683214187622
5800113  0.24498620629310608
5800171  0.24498122930526733
6900028  0.2449694722890854
7100062  0.24496574699878693
7100051  0.24495695531368256
7100073  0.24492914974689484
7100071  0.24491073191165924
5800109  0.2449052482843399
4600279  0.24362343549728394
7900211  0.2365807145833969
