7100104  0.5789720416069031
7100121  0.5662828683853149
7100119  0.5661484599113464
7100123  0.5546406507492065
7100120  0.5519622564315796
7100122  0.5440453886985779
7100124  0.5394447445869446
7100127  0.5176433324813843
2800115  0.5096144080162048
7100140  0.5026602745056152
7100144  0.5015709400177002
2800117  0.4997529983520508
7100150  0.49856990575790405
7100145  0.497768759727478
7100141  0.49720948934555054
7100151  0.49407169222831726
7100139  0.49277299642562866
7100142  0.49250528216362
7100143  0.49250203371047974
7100138  0.491770476102829
7900231  0.49171414971351624
7100146  0.4883011281490326
7900170  0.4853276014328003
7900337  0.48525863885879517
4600269  0.4846992790699005
7900317  0.4826616942882538
7100052  0.48195213079452515
4600290  0.4805481433868408
7200127  0.4799169898033142
7100227  0.4798901677131653
7900360  0.4790382981300354
7500068  0.4788462221622467
7100115  0.47870680689811707
7900139  0.478682279586792
4600074  0.4775175452232361
1500054  0.47661641240119934
7900143  0.4763340353965759
1600070  0.4761901795864105
7900359  0.4755385220050812
2800300  0.4755358397960663
4600271  0.47549161314964294
7900529  0.4754472076892853
5000066  0.47525015473365784
7900351  0.4752327501773834
7900342  0.47515663504600525
7100178  0.4751099646091461
5800083  0.4750288128852844
7900289  0.47501611709594727
4600276  0.47490382194519043
7700044  0.4748283326625824
7100078  0.4748263955116272
7900176  0.4745088219642639
5800108  0.47445160150527954
2800114  0.4743606448173523
2800313  0.47429773211479187
4200406  0.47395750880241394
7100081  0.4739527404308319
1500042  0.47383564710617065
1600074  0.4738355278968811
4600076  0.47376489639282227
3100177  0.47354620695114136
7900352  0.47338247299194336
4600286  0.47332048416137695
7900343  0.472868412733078
1500043  0.4728446304798126
7900471  0.4728440046310425
7200128  0.47264066338539124
4600279  0.4724709391593933
7900467  0.4723668396472931
7200109  0.4723644554615021
7900319  0.47222262620925903
7100167  0.4719061851501465
7100153  0.47188684344291687
7100096  0.47185075283050537
7900211  0.4718286693096161
7900321  0.47175055742263794
7100094  0.4714084565639496
4600295  0.4713412821292877
7900513  0.4712834656238556
5100115  0.47126609086990356
4600262  0.47115015983581543
3100275  0.4710202217102051
7900252  0.4709257483482361
4700047  0.47089043259620667
7900392  0.4708555042743683
4700068  0.47076907753944397
7900333  0.47064897418022156
3000260  0.4706123173236847
4600280  0.4705888628959656
4600266  0.4702863097190857
7700031  0.47003746032714844
2800307  0.4700300395488739
7900203  0.4699949026107788
5100142  0.4698507487773895
7900320  0.4698174297809601
7100060  0.46976327896118164
7900463  0.46975991129875183
7900254  0.4695011377334595
4600075  0.4694925844669342
7100077  0.469430148601532
4600527  0.4692913889884949
3100283  0.46929022669792175
7500059  0.4692784249782562
3000257  0.4691283702850342
7100165  0.46910956501960754
4700065  0.4689936935901642
7100224  0.46896135807037354
7100073  0.46894508600234985
7100181  0.46881526708602905
5000042  0.4687965512275696
5100215  0.4687584638595581
7200108  0.4687386155128479
4700046  0.468508243560791
3500055  0.46849948167800903
7900447  0.4682747423648834
7900159  0.46823883056640625
5000064  0.46819573640823364
7700043  0.46814480423927307
7100051  0.468101441860199
7100103  0.4680858552455902
3102909  0.4680512845516205
7900325  0.4680230915546417
4200381  0.4679523706436157
5000087  0.46794748306274414
4600526  0.4678330719470978
7900144  0.4677649140357971
7900219  0.46772897243499756
5000085  0.46771642565727234
7100059  0.46746253967285156
1600047  0.46740227937698364
1500056  0.467379093170166
7900255  0.46727433800697327
5000103  0.4672618508338928
7100174  0.46717336773872375
7800100  0.4670131504535675
7900486  0.46700042486190796
7800184  0.46698683500289917
5100224  0.46697404980659485
7800101  0.46696043014526367
2800091  0.46687763929367065
7900449  0.46687179803848267
2800088  0.46684473752975464
7900466  0.46679019927978516
7900373  0.4666525721549988
7700028  0.4665791690349579
7200130  0.46655911207199097
7900243  0.46651938557624817
7200096  0.4664863646030426
1600080  0.4664446711540222
1600086  0.46639198064804077
7500083  0.4663756787776947
4800053  0.4663083255290985
4700523  0.46629688143730164
7900357  0.4662642180919647
7900141  0.46616238355636597
4600281  0.4661458730697632
7900270  0.4660373032093048
7900225  0.4659615159034729
7500075  0.46585094928741455
7100184  0.46584299206733704
7900382  0.4658285677433014
7900145  0.46579083800315857
7700034  0.4657899737358093
4600270  0.46577802300453186
7800081  0.46576157212257385
5800111  0.46554329991340637
5000321  0.46548327803611755
7900316  0.46545299887657166
7900160  0.4654291868209839
4700061  0.46542108058929443
4700052  0.4654091000556946
4700493  0.4653821289539337
7100197  0.46534156799316406
7900279  0.46524637937545776
7100209  0.4652414321899414
5800109  0.4652114808559418
7100098  0.4651603698730469
7100061  0.4650678336620331
7900169  0.4650513827800751
7200082  0.46502116322517395
7900338  0.46491438150405884
7900228  0.464834600687027
7900381  0.46477311849594116
7900172  0.4647638499736786
2800089  0.46475496888160706
7100226  0.464748740196228
7900293  0.46472424268722534
3100286  0.46471187472343445
7900350  0.4646512269973755
7900356  0.46457594633102417
7900188  0.46446284651756287
5000746  0.46445900201797485
3100113  0.46431294083595276
5100133  0.46430954337120056
7900147  0.46430039405822754
5000324  0.4642089307308197
4600302  0.4641544818878174
7200103  0.46387824416160583
7900235  0.46374452114105225
4600275  0.4636830985546112
7900560  0.4635803997516632
7800103  0.46356508135795593
7200075  0.4634205996990204
7100202  0.46340739727020264
5000319  0.4634030759334564
5000086  0.46337422728538513
4600284  0.4632314443588257
4700498  0.4632095396518707
7100169  0.4632001221179962
4700525  0.46318191289901733
4600304  0.46311214566230774
4200391  0.4630235731601715
7900372  0.46292585134506226
7900469  0.4629017412662506
4700492  0.4628613293170929
7900089  0.46276572346687317
5800107  0.4627206027507782
7100092  0.4626661241054535
7900186  0.46265333890914917
4600263  0.4625858664512634
1500055  0.46257126331329346
5000065  0.4625602662563324
7900213  0.4623546600341797
7900495  0.4623396396636963
7100223  0.4622904062271118
7100070  0.4620495140552521
7900238  0.46203574538230896
7200139  0.46186596155166626
5800162  0.4618642330169678
7900464  0.46183717250823975
7900521  0.4617988169193268
7900446  0.46176597476005554
7900253  0.46171286702156067
5000743  0.46163642406463623
7900318  0.46148401498794556
5100140  0.4614489674568176
5800112  0.4614076018333435
7900322  0.46129322052001953
7800082  0.46122118830680847
7900294  0.4612167179584503
4700497  0.4611682891845703
7100180  0.4610539972782135
5800106  0.4610189199447632
7200074  0.4610174596309662
7900197  0.4610033631324768
7100113  0.46098628640174866
2800090  0.4609708786010742
4200396  0.46095162630081177
7100062  0.4609268605709076
7500066  0.46089479327201843
4600056  0.4608117640018463
4600296  0.460740327835083
1500053  0.4606097340583801
7800176  0.4605106711387634
7900367  0.4604772627353668
4600058  0.4604654312133789
7100215  0.4604266881942749
5100099  0.46038809418678284
7800102  0.4603806734085083
7100071  0.4603389799594879
2800116  0.46029743552207947
7900199  0.46027693152427673
7100108  0.46019837260246277
7900478  0.4601215124130249
5000038  0.460003137588501
7900153  0.4598984122276306
4200379  0.4598170518875122
7900256  0.45979753136634827
7200140  0.45976635813713074
5000713  0.459750771522522
5000108  0.459709107875824
3100235  0.4594138264656067
7900265  0.4592166543006897
7900193  0.45921534299850464
7900239  0.4592107832431793
1600069  0.45919644832611084
7900391  0.45904889702796936
4600057  0.4590141177177429
7100102  0.45894911885261536
7900209  0.458890438079834
7200076  0.4588099718093872
5100139  0.45878538489341736
7900164  0.45868462324142456
4600303  0.45867571234703064
7500058  0.4586557447910309
7900210  0.4586264491081238
4200410  0.45862022042274475
4700062  0.45858436822891235
7100201  0.4583704471588135
7800099  0.45823773741722107
7900196  0.4581967890262604
7900369  0.45819368958473206
7900361  0.4581604301929474
5000323  0.458143025636673
7100095  0.45812100172042847
7900175  0.45811861753463745
2800305  0.4581170976161957
7900152  0.4580226540565491
3102927  0.4578739404678345
3500043  0.45760151743888855
7900212  0.45755788683891296
3100139  0.45737695693969727
4600323  0.4573369026184082
7900341  0.45707908272743225
7100072  0.4569775462150574
7100099  0.4567234218120575
5000317  0.4566935896873474
5000326  0.45668941736221313
4600255  0.4566574692726135
7900291  0.456625372171402
7900192  0.4566168189048767
5100143  0.45655831694602966
5000601  0.4564664363861084
5800110  0.4564291536808014
7900166  0.4563559889793396
7200141  0.4563269317150116
7900368  0.4562482237815857
7900149  0.45621341466903687
5100207  0.456115186214447
3100196  0.45611488819122314
7900395  0.45610201358795166
2800093  0.45605939626693726
7100175  0.45599037408828735
7100168  0.4559633731842041
5000104  0.45592227578163147
3100216  0.4558197259902954
4700524  0.45559459924697876
4200380  0.45555514097213745
7100107  0.45547381043434143
2800311  0.45539578795433044
5800171  0.4553907811641693
6900031  0.4553322494029999
5100117  0.4553191065788269
6900034  0.4552818536758423
7100105  0.45523345470428467
7500067  0.45512518286705017
4700043  0.4551195502281189
4200053  0.4549412429332733
7700042  0.4549356698989868
5000320  0.4548880159854889
7800168  0.4548841714859009
7200142  0.45488131046295166
2800304  0.45480602979660034
5100137  0.4547337591648102
3100254  0.4547067880630493
7900349  0.45456016063690186
3901117  0.45455434918403625
7900151  0.4544835388660431
5100135  0.4542863368988037
7900142  0.45423418283462524
7200147  0.4541085958480835
7900200  0.45391780138015747
3100158  0.45390620827674866
7700025  0.4539012014865875
4700522  0.4536605775356293
4700486  0.45365750789642334
4700491  0.45360931754112244
2800119  0.4532995820045471
7900358  0.45328429341316223
5000107  0.4530375301837921
7900230  0.45297902822494507
4700500  0.45285820960998535
2800069  0.4527696371078491
7100093  0.4526730179786682
7100076  0.45251187682151794
3500056  0.45250311493873596
7900163  0.452407568693161
7900237  0.45240679383277893
7200089  0.4522922933101654
7900173  0.45221051573753357
7900288  0.4521945118904114
7100179  0.452142596244812
2800062  0.4518582224845886
7900195  0.45120862126350403
4600329  0.4510297179222107
7900162  0.4510277211666107
4700529  0.4509226977825165
2800264  0.45060327649116516
5100136  0.4505712389945984
7900568  0.4502499997615814
5800114  0.450017511844635
2800301  0.45001354813575745
1600045  0.4500117599964142
7900216  0.44991734623908997
6900028  0.44991549849510193
4200059  0.4498192369937897
5800113  0.4496912956237793
7200144  0.4495215117931366
7900189  0.4493885338306427
5000318  0.44929012656211853
5100101  0.44926419854164124
1600048  0.44920939207077026
4700526  0.4486408829689026
7900552  0.44855526089668274
5800082  0.4484322965145111
7500065  0.4483894407749176
5000591  0.4483824074268341
7900374  0.4479938745498657
7100206  0.4479510486125946
5100138  0.44763049483299255
7900290  0.4474170506000519
3900059  0.4473629891872406
7900389  0.44592058658599854
7100106  0.44567063450813293
3100126  0.4444637596607208
5000322  0.4441792666912079
7900390  0.4430031180381775
5100134  0.4427758455276489
7900140  0.4389216899871826
3500054  0.4377728998661041
2800070  0.43482035398483276
1600046  0.4304421544075012
