7100104  1.0
7100119  1.0
7100120  1.0
7100121  0.9486832980505138
7100122  0.9486832980505138
7100123  0.9486832980505138
7100124  0.9486832980505138
7100127  0.7745966692414834
2800115  0.7669649888473704
2800117  0.760638829255665
7900325  0.6900655593423543
7900170  0.674199862463242
7100224  0.659380473395787
7100226  0.659380473395787
7900316  0.659380473395787
7900317  0.659380473395787
7900318  0.659380473395787
7900319  0.659380473395787
7900320  0.659380473395787
7900321  0.659380473395787
7900322  0.659380473395787
7900333  0.659380473395787
7900513  0.659380473395787
7900231  0.6531972647421809
3000257  0.6529286250990105
3000260  0.6529286250990105
4600074  0.6529286250990105
4600075  0.6529286250990105
4600076  0.6529286250990105
4600262  0.6529286250990105
4600263  0.6529286250990105
4600266  0.6529286250990105
4600269  0.6529286250990105
4600270  0.6529286250990105
4600271  0.6529286250990105
4600275  0.6529286250990105
4600276  0.6529286250990105
4600279  0.6529286250990105
4600280  0.6529286250990105
4600281  0.6529286250990105
4600284  0.6529286250990105
4600286  0.6529286250990105
4600290  0.6529286250990105
4600526  0.6529286250990105
4600527  0.6529286250990105
4700052  0.6529286250990105
7100209  0.6529286250990105
7900337  0.6529286250990105
7900338  0.6529286250990105
7900341  0.6529286250990105
7900342  0.6529286250990105
7900343  0.6529286250990105
7900349  0.6529286250990105
7900350  0.6529286250990105
7900351  0.6529286250990105
7900352  0.6529286250990105
7900356  0.6529286250990105
7900357  0.6529286250990105
7900358  0.6529286250990105
7900359  0.6529286250990105
7900360  0.6529286250990105
7900361  0.6529286250990105
7900367  0.6529286250990105
7900368  0.6529286250990105
7900369  0.6529286250990105
7900372  0.6529286250990105
7900373  0.6529286250990105
7900374  0.6529286250990105
2800091  0.6454972243679028
2800114  0.6454972243679028
2800116  0.6454972243679028
2800119  0.6454972243679028
7100070  0.6454972243679028
7100071  0.6454972243679028
7100072  0.6454972243679028
7100073  0.6454972243679028
7100076  0.6454972243679028
7100077  0.6454972243679028
7100078  0.6454972243679028
7100081  0.6454972243679028
7100092  0.6454972243679028
7100093  0.6454972243679028
7100094  0.6454972243679028
7100095  0.6454972243679028
7100096  0.6454972243679028
7100098  0.6454972243679028
7100099  0.6454972243679028
7100102  0.6454972243679028
7100103  0.6454972243679028
7100105  0.6454972243679028
7100106  0.6454972243679028
7100107  0.6454972243679028
7100108  0.6454972243679028
7100113  0.6454972243679028
7100115  0.6454972243679028
7100153  0.6454972243679028
7100165  0.6454972243679028
7100167  0.6454972243679028
7100168  0.6454972243679028
7100169  0.6454972243679028
7100174  0.6454972243679028
7100175  0.6454972243679028
7100178  0.6454972243679028
7100179  0.6454972243679028
7100180  0.6454972243679028
7100181  0.6454972243679028
7100184  0.6454972243679028
7200127  0.6454972243679028
7200130  0.6454972243679028
7900270  0.6454972243679028
7900392  0.6454972243679028
7900446  0.6454972243679028
7900447  0.6454972243679028
7900449  0.6454972243679028
7900463  0.6454972243679028
7900464  0.6454972243679028
7900466  0.6454972243679028
7900467  0.6454972243679028
7900469  0.6454972243679028
7900471  0.6454972243679028
7100138  0.6324555320336759
7100139  0.6324555320336759
7100140  0.6324555320336759
7100141  0.6324555320336759
7100142  0.6324555320336759
7100143  0.6324555320336759
7100144  0.6324555320336759
7100145  0.6324555320336759
7100146  0.6324555320336759
7100150  0.6324555320336759
7100151  0.6324555320336759
7100227  0.6324555320336759
7900486  0.6324555320336759
7900529  0.6324555320336759
7100202  0.6210590034081188
2800062  0.6201736729460423
2800069  0.6201736729460423
2800070  0.6201736729460423
2800088  0.6201736729460423
2800089  0.6201736729460423
2800090  0.6201736729460423
2800093  0.6201736729460423
2800264  0.6201736729460423
2800300  0.6201736729460423
2800301  0.6201736729460423
2800304  0.6201736729460423
2800305  0.6201736729460423
2800307  0.6201736729460423
2800311  0.6201736729460423
2800313  0.6201736729460423
3100113  0.6201736729460423
3100126  0.6201736729460423
3100139  0.6201736729460423
3100158  0.6201736729460423
3100177  0.6201736729460423
3100196  0.6201736729460423
3100216  0.6201736729460423
3100235  0.6201736729460423
3100254  0.6201736729460423
3100275  0.6201736729460423
3100283  0.6201736729460423
3100286  0.6201736729460423
3102909  0.6201736729460423
3102927  0.6201736729460423
3500043  0.6201736729460423
3500054  0.6201736729460423
3500055  0.6201736729460423
3500056  0.6201736729460423
3900059  0.6201736729460423
3901117  0.6201736729460423
4200053  0.6201736729460423
4200059  0.6201736729460423
4200379  0.6201736729460423
4200380  0.6201736729460423
4200381  0.6201736729460423
4200391  0.6201736729460423
4200396  0.6201736729460423
4200406  0.6201736729460423
4200410  0.6201736729460423
4600056  0.6201736729460423
4600057  0.6201736729460423
4600058  0.6201736729460423
4600255  0.6201736729460423
4600295  0.6201736729460423
4600296  0.6201736729460423
4600302  0.6201736729460423
4600303  0.6201736729460423
4600304  0.6201736729460423
4600323  0.6201736729460423
4600329  0.6201736729460423
4700043  0.6201736729460423
4700046  0.6201736729460423
4700047  0.6201736729460423
4700061  0.6201736729460423
4700062  0.6201736729460423
4700065  0.6201736729460423
4700068  0.6201736729460423
4800053  0.6201736729460423
5000038  0.6201736729460423
5000042  0.6201736729460423
5000085  0.6201736729460423
5000086  0.6201736729460423
5000087  0.6201736729460423
5000103  0.6201736729460423
5000104  0.6201736729460423
5000107  0.6201736729460423
5000108  0.6201736729460423
5000601  0.6201736729460423
5000713  0.6201736729460423
5000743  0.6201736729460423
5000746  0.6201736729460423
5100099  0.6201736729460423
5100101  0.6201736729460423
5100115  0.6201736729460423
5100117  0.6201736729460423
5100133  0.6201736729460423
5100134  0.6201736729460423
5100135  0.6201736729460423
5100136  0.6201736729460423
5100137  0.6201736729460423
5100138  0.6201736729460423
5100139  0.6201736729460423
5100140  0.6201736729460423
5100142  0.6201736729460423
5100143  0.6201736729460423
5100207  0.6201736729460423
5100215  0.6201736729460423
5100224  0.6201736729460423
5800082  0.6201736729460423
5800083  0.6201736729460423
5800106  0.6201736729460423
5800107  0.6201736729460423
5800108  0.6201736729460423
5800109  0.6201736729460423
5800110  0.6201736729460423
5800111  0.6201736729460423
5800112  0.6201736729460423
5800113  0.6201736729460423
5800114  0.6201736729460423
5800162  0.6201736729460423
5800171  0.6201736729460423
6900028  0.6201736729460423
6900031  0.6201736729460423
6900034  0.6201736729460423
7100051  0.6201736729460423
7100052  0.6201736729460423
7100059  0.6201736729460423
7100060  0.6201736729460423
7100061  0.6201736729460423
7100062  0.6201736729460423
7100197  0.6201736729460423
7100215  0.6201736729460423
7100223  0.6201736729460423
7200074  0.6201736729460423
7200075  0.6201736729460423
7200076  0.6201736729460423
7200082  0.6201736729460423
7200089  0.6201736729460423
7200096  0.6201736729460423
7200103  0.6201736729460423
7200108  0.6201736729460423
7200109  0.6201736729460423
7200139  0.6201736729460423
7200140  0.6201736729460423
7200141  0.6201736729460423
7200142  0.6201736729460423
7200144  0.6201736729460423
7200147  0.6201736729460423
7500058  0.6201736729460423
7500059  0.6201736729460423
7500065  0.6201736729460423
7500066  0.6201736729460423
7500067  0.6201736729460423
7500068  0.6201736729460423
7500075  0.6201736729460423
7500083  0.6201736729460423
7700025  0.6201736729460423
7700028  0.6201736729460423
7700031  0.6201736729460423
7700034  0.6201736729460423
7700042  0.6201736729460423
7700043  0.6201736729460423
7700044  0.6201736729460423
7800081  0.6201736729460423
7800082  0.6201736729460423
7800099  0.6201736729460423
7800100  0.6201736729460423
7800101  0.6201736729460423
7800102  0.6201736729460423
7800103  0.6201736729460423
7800168  0.6201736729460423
7800176  0.6201736729460423
7800184  0.6201736729460423
7900089  0.6201736729460423
7900139  0.6201736729460423
7900140  0.6201736729460423
7900141  0.6201736729460423
7900142  0.6201736729460423
7900143  0.6201736729460423
7900144  0.6201736729460423
7900145  0.6201736729460423
7900147  0.6201736729460423
7900149  0.6201736729460423
7900151  0.6201736729460423
7900152  0.6201736729460423
7900153  0.6201736729460423
7900159  0.6201736729460423
7900162  0.6201736729460423
7900163  0.6201736729460423
7900164  0.6201736729460423
7900166  0.6201736729460423
7900169  0.6201736729460423
7900172  0.6201736729460423
7900175  0.6201736729460423
7900176  0.6201736729460423
7900186  0.6201736729460423
7900188  0.6201736729460423
7900189  0.6201736729460423
7900192  0.6201736729460423
7900195  0.6201736729460423
7900196  0.6201736729460423
7900197  0.6201736729460423
7900199  0.6201736729460423
7900200  0.6201736729460423
7900203  0.6201736729460423
7900209  0.6201736729460423
7900210  0.6201736729460423
7900211  0.6201736729460423
7900212  0.6201736729460423
7900213  0.6201736729460423
7900216  0.6201736729460423
7900219  0.6201736729460423
7900225  0.6201736729460423
7900228  0.6201736729460423
7900235  0.6201736729460423
7900243  0.6201736729460423
7900252  0.6201736729460423
7900253  0.6201736729460423
7900254  0.6201736729460423
7900255  0.6201736729460423
7900256  0.6201736729460423
7900265  0.6201736729460423
7900279  0.6201736729460423
7900288  0.6201736729460423
7900289  0.6201736729460423
7900290  0.6201736729460423
7900291  0.6201736729460423
7900293  0.6201736729460423
7900294  0.6201736729460423
7900381  0.6201736729460423
7900382  0.6201736729460423
7900389  0.6201736729460423
7900390  0.6201736729460423
7900391  0.6201736729460423
7900395  0.6201736729460423
7900478  0.6201736729460423
7900495  0.6201736729460423
7900552  0.6201736729460423
7900560  0.6201736729460423
7900568  0.6201736729460423
4700486  0.6067798762169179
4700491  0.6067798762169179
4700492  0.6067798762169179
4700493  0.6067798762169179
4700497  0.6067798762169179
4700498  0.6067798762169179
4700500  0.6067798762169179
4700522  0.6067798762169179
4700523  0.6067798762169179
4700524  0.6067798762169179
4700525  0.6067798762169179
4700526  0.6067798762169179
4700529  0.6067798762169179
5000064  0.6067798762169179
5000065  0.6067798762169179
5000066  0.6067798762169179
5000317  0.6067798762169179
5000318  0.6067798762169179
5000319  0.6067798762169179
5000320  0.6067798762169179
5000321  0.6067798762169179
5000322  0.6067798762169179
5000323  0.6067798762169179
5000324  0.6067798762169179
5000326  0.6067798762169179
5000591  0.6067798762169179
7100201  0.6067798762169179
7100206  0.6067798762169179
7900160  0.6067798762169179
7900173  0.6067798762169179
7900193  0.6067798762169179
7900230  0.6067798762169179
7900237  0.6067798762169179
7900238  0.6067798762169179
7900239  0.6067798762169179
7900521  0.6067798762169179
1500042  0.31622776601683794
1500043  0.31622776601683794
1500053  0.31622776601683794
1500054  0.31622776601683794
1500055  0.31622776601683794
1500056  0.31622776601683794
1600069  0.31622776601683794
1600070  0.31622776601683794
1600074  0.31622776601683794
1600080  0.31622776601683794
1600086  0.31622776601683794
7200128  0.31622776601683794
1600045  0.1414213562373095
1600046  0.1414213562373095
1600047  0.1414213562373095
1600048  0.1414213562373095
