4300236  0.9858120679855347
4300237  0.9855543375015259
4300235  0.9854714870452881
4300239  0.9854169487953186
3900059  0.9850806593894958
3900060  0.9850481748580933
4300171  0.9848938584327698
4300176  0.9847529530525208
4300178  0.9846829771995544
3900051  0.9846569895744324
3900061  0.9846090078353882
4300169  0.9846048951148987
4300234  0.9845679998397827
4300166  0.9845582842826843
4300240  0.984553337097168
4300225  0.9844160676002502
4300202  0.9843891263008118
4300160  0.9843738079071045
4300198  0.9843071699142456
4300179  0.9842819571495056
4300216  0.9842739701271057
4300190  0.984250545501709
4300211  0.984190821647644
4300200  0.9841160178184509
4300201  0.9840964078903198
4300183  0.9840885400772095
4300199  0.9840396046638489
3200622  0.9838072657585144
4300157  0.9837769269943237
3200404  0.9837192893028259
3200623  0.9836666584014893
4300248  0.9836558103561401
3900050  0.9836201667785645
3400030  0.9835507273674011
3200410  0.983516275882721
3900062  0.9834649562835693
3400369  0.9834473133087158
3400368  0.9833138585090637
3400473  0.9832825064659119
3900043  0.9832651615142822
3400395  0.9832277297973633
3200373  0.9832003116607666
4300249  0.9831719398498535
3400411  0.9830947518348694
3900042  0.9830709099769592
3900049  0.9830306172370911
3400372  0.9828223586082458
3400370  0.9827383160591125
3400367  0.9826952219009399
3200372  0.9826488494873047
3900063  0.9822607636451721
3900064  0.981856644153595
3900067  0.9816872477531433
4300250  0.9802707433700562
4300154  0.9693087339401245
3900129  0.964576244354248
3900077  0.9643341898918152
3900132  0.9635725021362305
3900121  0.9628075361251831
3900118  0.9617693424224854
3900082  0.9614766836166382
3900083  0.960888683795929
3900133  0.9608213305473328
3900080  0.96049565076828
3900079  0.9604191184043884
3900117  0.9604055881500244
3900081  0.9600374102592468
3900084  0.9600281715393066
4300321  0.9599515795707703
3900115  0.9598987698554993
3900102  0.959650456905365
4300331  0.9594988822937012
3900106  0.9594751596450806
3900104  0.9593591690063477
3900134  0.959071934223175
3900116  0.9589868783950806
3900085  0.958946704864502
4300320  0.9587211608886719
3900112  0.9587151408195496
3200367  0.9586898684501648
3900111  0.9586461186408997
3900089  0.9584692120552063
3900105  0.9583267569541931
4300332  0.9582545161247253
3900078  0.9580390453338623
3200336  0.9571061730384827
3900137  0.9568163752555847
4300293  0.9565076231956482
3200335  0.9565012454986572
4300291  0.9561296105384827
4300319  0.9557947516441345
4300294  0.9557281136512756
3200341  0.9556944370269775
2800031  0.9556671977043152
3900146  0.9555794596672058
4300295  0.9555699229240417
3200334  0.955389142036438
4300340  0.9553337693214417
4300292  0.955246090888977
3200343  0.9552003741264343
2700125  0.9551902413368225
4300300  0.9551567435264587
4300273  0.9551419019699097
4300307  0.9549620151519775
2700173  0.9548678994178772
2800054  0.9548453092575073
4000089  0.9547690153121948
3200331  0.9547556042671204
2800055  0.9547143578529358
3200095  0.954698383808136
2700182  0.9546586871147156
3200326  0.9544681906700134
4300314  0.9543258547782898
4300296  0.9543026089668274
3200096  0.9542912244796753
3200325  0.9542616605758667
4300312  0.9542365074157715
4300315  0.9542049169540405
3200315  0.9541497826576233
3200330  0.9541253447532654
4300313  0.9541168808937073
4300317  0.9540478587150574
2800056  0.9540445804595947
3200320  0.9540273547172546
3200347  0.9539404511451721
2700124  0.9538132548332214
3200314  0.9536722302436829
4000098  0.953664243221283
4300311  0.9533796310424805
3200094  0.9533035755157471
4000099  0.9532276391983032
2700123  0.9530993700027466
4300252  0.9530884623527527
4300310  0.9530124664306641
4000086  0.9528009295463562
4300297  0.9526629447937012
3200354  0.9525925517082214
3900149  0.9517799615859985
4300341  0.9514461755752563
3900171  0.9508408308029175
4000100  0.9505897164344788
3900172  0.9504998326301575
4300342  0.9504274725914001
4300343  0.9503293037414551
3900176  0.9499666094779968
3900154  0.9497107267379761
4000068  0.9496244192123413
3900167  0.9493515491485596
4000067  0.9492021203041077
3900187  0.9490355849266052
3900179  0.9490303993225098
3900151  0.9488343000411987
4000061  0.948724627494812
3900188  0.9484285712242126
4000063  0.9482909440994263
3900190  0.9479110240936279
4000062  0.947857677936554
3900192  0.9476248025894165
3900185  0.9474186897277832
3900189  0.9472589492797852
4400048  0.9471012949943542
3900150  0.9464433193206787
4000101  0.9454915523529053
4000103  0.9445456266403198
4300497  0.9444448351860046
4000106  0.9435968399047852
4400049  0.9430128931999207
4400050  0.9414252042770386
4300141  0.9411405920982361
4300352  0.9409188628196716
4300481  0.939754843711853
4300140  0.9396381974220276
4300346  0.9392977356910706
4300349  0.9389825463294983
4300357  0.9389424920082092
4300458  0.93825364112854
4300144  0.9380961656570435
4300138  0.9378817081451416
4300351  0.9377793669700623
4300387  0.9377360939979553
4300370  0.9375810623168945
4300441  0.9371129870414734
4300415  0.9366836547851562
4400051  0.9364727139472961
4300344  0.9364542961120605
4300388  0.9364148378372192
4300449  0.9363660216331482
4300109  0.9362196922302246
4300406  0.935795247554779
4300398  0.9357376098632812
4300371  0.9355795383453369
4300106  0.9355402588844299
4300150  0.9354308247566223
4300108  0.9350684881210327
4300137  0.9350351691246033
4300107  0.9349831342697144
4300391  0.9348422884941101
4300345  0.9347219467163086
4300116  0.934647798538208
4300110  0.9346383213996887
4300373  0.9343684911727905
4300134  0.9340653419494629
4300129  0.9339568614959717
4300112  0.9337367415428162
4300105  0.9334703683853149
4300136  0.9332640767097473
4300130  0.9329161047935486
4300133  0.9329048991203308
4300114  0.9328644275665283
4300115  0.9327427744865417
4300126  0.9321122169494629
4300127  0.9319852590560913
4300104  0.9316260814666748
4300151  0.9312400221824646
4400086  0.9304233193397522
4500058  0.9294747114181519
4300152  0.928871214389801
4300153  0.9285958409309387
2700122  0.9057894945144653
4500059  0.8949484825134277
4800101  0.8288443088531494
4800100  0.8280344009399414
4800099  0.8244564533233643
4800102  0.824417769908905
4500083  0.8188753128051758
4500068  0.8183331489562988
4500092  0.8178971409797668
4800103  0.8164579272270203
4500075  0.8162780404090881
4500067  0.8149391412734985
4800082  0.8144617080688477
4700043  0.8138870000839233
4700025  0.8136193752288818
4700042  0.8135648965835571
4500066  0.8135265111923218
4800081  0.8130869269371033
4700031  0.8127629160881042
4700034  0.8122581243515015
4600030  0.8119560480117798
4700028  0.8115484118461609
4600027  0.8105008602142334
4600033  0.8088667392730713
4800168  0.8087130784988403
4700044  0.8086884617805481
4500065  0.805042028427124
4800176  0.7999242544174194
4800184  0.7997382283210754
2700117  0.7727199792861938
1000340  0.7726672887802124
2700094  0.7726293206214905
2700119  0.772616446018219
2700118  0.7725825905799866
1000079  0.7725374698638916
1000036  0.7725245952606201
2700095  0.7725085020065308
1000885  0.7724772095680237
2300043  0.7724262475967407
2300045  0.7723965644836426
1000886  0.7723930478096008
1000338  0.7723789811134338
1000339  0.7723665237426758
1001157  0.772339940071106
1000078  0.7722930908203125
1001287  0.7722830772399902
1000342  0.772268533706665
1000884  0.7722554206848145
1001292  0.7722536325454712
1000889  0.7722142338752747
2300044  0.7722057104110718
1000854  0.7722009420394897
1000077  0.77215975522995
2700120  0.77215975522995
2700121  0.77215975522995
1000887  0.7721437811851501
