3200354  1.0
3200367  1.0
3200372  1.0
3200373  1.0
3400030  1.0
3400395  1.0
3400411  1.0
3400473  1.0
4300273  1.0
4300291  1.0
4300292  1.0
4300293  1.0
4300294  1.0
4300295  1.0
4300300  1.0
4300387  1.0
4300388  1.0
4300391  1.0
4300398  1.0
4300406  1.0
4300415  1.0
1000036  0.9701425001453319
1000077  0.9701425001453319
1000078  0.9701425001453319
1000079  0.9701425001453319
1000854  0.9701425001453319
1001157  0.9701425001453319
2300043  0.9701425001453319
2300044  0.9701425001453319
2300045  0.9701425001453319
2700094  0.9701425001453319
2700095  0.9701425001453319
2700117  0.9701425001453319
2700118  0.9701425001453319
2700119  0.9701425001453319
2700120  0.9701425001453319
2700121  0.9701425001453319
2700122  0.9701425001453319
2700123  0.9701425001453319
2700124  0.9701425001453319
2700125  0.9701425001453319
2700173  0.9701425001453319
2700182  0.9701425001453319
2800031  0.9701425001453319
2800054  0.9701425001453319
2800055  0.9701425001453319
2800056  0.9701425001453319
3200094  0.9701425001453319
3200095  0.9701425001453319
3200096  0.9701425001453319
3200314  0.9701425001453319
3200315  0.9701425001453319
3200320  0.9701425001453319
3200325  0.9701425001453319
3200326  0.9701425001453319
3200330  0.9701425001453319
3200331  0.9701425001453319
3200334  0.9701425001453319
3200335  0.9701425001453319
3200336  0.9701425001453319
3200341  0.9701425001453319
3200343  0.9701425001453319
3200347  0.9701425001453319
3200404  0.9701425001453319
3200410  0.9701425001453319
3200622  0.9701425001453319
3200623  0.9701425001453319
4300104  0.9701425001453319
4300105  0.9701425001453319
4300106  0.9701425001453319
4300107  0.9701425001453319
4300108  0.9701425001453319
4300109  0.9701425001453319
4300110  0.9701425001453319
4300112  0.9701425001453319
4300114  0.9701425001453319
4300115  0.9701425001453319
4300116  0.9701425001453319
4300126  0.9701425001453319
4300127  0.9701425001453319
4300129  0.9701425001453319
4300130  0.9701425001453319
4300133  0.9701425001453319
4300136  0.9701425001453319
4300137  0.9701425001453319
4300138  0.9701425001453319
4300140  0.9701425001453319
4300141  0.9701425001453319
4300144  0.9701425001453319
4300150  0.9701425001453319
4300151  0.9701425001453319
4300152  0.9701425001453319
4300153  0.9701425001453319
4300154  0.9701425001453319
4300157  0.9701425001453319
4300160  0.9701425001453319
4300166  0.9701425001453319
4300169  0.9701425001453319
4300176  0.9701425001453319
4300183  0.9701425001453319
4300190  0.9701425001453319
4300198  0.9701425001453319
4300199  0.9701425001453319
4300200  0.9701425001453319
4300201  0.9701425001453319
4300202  0.9701425001453319
4300211  0.9701425001453319
4300216  0.9701425001453319
4300225  0.9701425001453319
4300234  0.9701425001453319
4300235  0.9701425001453319
4300236  0.9701425001453319
4300237  0.9701425001453319
4300239  0.9701425001453319
4300240  0.9701425001453319
4300248  0.9701425001453319
4300252  0.9701425001453319
4300331  0.9701425001453319
4300332  0.9701425001453319
4500058  0.9701425001453319
4500059  0.9701425001453319
4500065  0.9701425001453319
4500066  0.9701425001453319
4500067  0.9701425001453319
4500068  0.9701425001453319
4500075  0.9701425001453319
4500083  0.9701425001453319
4600027  0.9701425001453319
4600030  0.9701425001453319
4600033  0.9701425001453319
4700025  0.9701425001453319
4700028  0.9701425001453319
4700031  0.9701425001453319
4700034  0.9701425001453319
4700042  0.9701425001453319
4700043  0.9701425001453319
4700044  0.9701425001453319
4800099  0.9701425001453319
4800100  0.9701425001453319
4800101  0.9701425001453319
4800102  0.9701425001453319
4800103  0.9701425001453319
4800168  0.9701425001453319
4800176  0.9701425001453319
4800184  0.9701425001453319
4300296  0.9682458365518541
4800081  0.9375
4800082  0.9375
4300134  0.9354143466934853
4300171  0.9354143466934853
4300178  0.9354143466934853
4300179  0.9354143466934853
4300249  0.9354143466934853
4300250  0.9354143466934853
4300441  0.9354143466934853
4300449  0.9354143466934853
3400367  0.9013878188659974
3400368  0.9013878188659974
3400369  0.9013878188659974
3400370  0.9013878188659974
3400372  0.9013878188659974
3900042  0.9013878188659974
3900043  0.9013878188659974
3900049  0.9013878188659974
3900050  0.9013878188659974
3900051  0.9013878188659974
3900059  0.9013878188659974
3900060  0.9013878188659974
3900061  0.9013878188659974
3900062  0.9013878188659974
3900063  0.9013878188659974
3900064  0.9013878188659974
3900067  0.9013878188659974
3900077  0.9013878188659974
3900078  0.9013878188659974
3900079  0.9013878188659974
3900080  0.9013878188659974
3900081  0.9013878188659974
3900082  0.9013878188659974
3900083  0.9013878188659974
3900084  0.9013878188659974
3900085  0.9013878188659974
3900089  0.9013878188659974
3900102  0.9013878188659974
3900104  0.9013878188659974
3900105  0.9013878188659974
3900106  0.9013878188659974
3900111  0.9013878188659974
3900112  0.9013878188659974
3900115  0.9013878188659974
3900116  0.9013878188659974
3900117  0.9013878188659974
3900118  0.9013878188659974
3900121  0.9013878188659974
3900167  0.9013878188659974
3900185  0.9013878188659974
3900187  0.9013878188659974
4000061  0.9013878188659974
4000062  0.9013878188659974
4000063  0.9013878188659974
4000067  0.9013878188659974
4000068  0.9013878188659974
4000086  0.9013878188659974
4000089  0.9013878188659974
4000098  0.9013878188659974
4000099  0.9013878188659974
4000100  0.9013878188659974
4000101  0.9013878188659974
4000103  0.9013878188659974
4000106  0.9013878188659974
4300307  0.9013878188659974
4300370  0.9013878188659974
4300371  0.9013878188659974
4300373  0.9013878188659974
4300497  0.9013878188659974
1000338  0.8685990362153793
1000339  0.8685990362153793
1000340  0.8685990362153793
1000342  0.8685990362153793
3900146  0.8660254037844387
3900149  0.8660254037844387
3900150  0.8660254037844387
3900188  0.8660254037844387
3900189  0.8660254037844387
1000884  0.82915619758885
1000885  0.82915619758885
1000886  0.82915619758885
1000887  0.82915619758885
1000889  0.82915619758885
1001287  0.82915619758885
1001292  0.82915619758885
3900129  0.82915619758885
3900132  0.82915619758885
3900133  0.82915619758885
3900134  0.82915619758885
3900137  0.82915619758885
3900154  0.82915619758885
3900171  0.82915619758885
3900172  0.82915619758885
3900176  0.82915619758885
3900192  0.82915619758885
4300310  0.82915619758885
4300311  0.82915619758885
4300312  0.82915619758885
4300313  0.82915619758885
4300314  0.82915619758885
4300315  0.82915619758885
4300317  0.82915619758885
4300319  0.82915619758885
4300320  0.82915619758885
4300321  0.82915619758885
4300340  0.82915619758885
4300341  0.82915619758885
4300342  0.82915619758885
4300343  0.82915619758885
4300344  0.82915619758885
4300345  0.82915619758885
4300346  0.82915619758885
4300351  0.82915619758885
4300352  0.82915619758885
4300357  0.82915619758885
4300458  0.82915619758885
4300481  0.82915619758885
4400048  0.82915619758885
4400049  0.82915619758885
4400050  0.82915619758885
4400051  0.82915619758885
4400086  0.82915619758885
4500092  0.82915619758885
3900179  0.7905694150420948
4300297  0.7905694150420948
3900151  0.7071067811865475
3900190  0.7071067811865475
4300349  0.5
