1200188  0.5440608263015747
1200199  0.5204752087593079
1200212  0.5149808526039124
1200205  0.5146684050559998
1200176  0.5085098743438721
1200189  0.508425235748291
1200198  0.5079639554023743
1200195  0.5061689615249634
1200222  0.5053319334983826
1200219  0.5026727914810181
1200175  0.49922555685043335
1200248  0.49596118927001953
1200192  0.49497953057289124
1200221  0.49331218004226685
1200211  0.4911426901817322
1200204  0.48258909583091736
1200215  0.46677762269973755
1200382  0.4616314470767975
1200408  0.4575904309749603
1200410  0.44790151715278625
1200135  0.4460558295249939
1200134  0.441300630569458
1200412  0.43862006068229675
1200411  0.43212929368019104
1200128  0.4320927858352661
1200290  0.43051186203956604
1200132  0.42747262120246887
1200390  0.42710262537002563
1200385  0.4261843264102936
1200380  0.42573025822639465
1200409  0.42540717124938965
1200415  0.4233020544052124
1200388  0.42265501618385315
1200383  0.4215681850910187
1200289  0.4191274642944336
1200288  0.4182858169078827
1200381  0.417648047208786
1000070  0.4152735471725464
1000161  0.41488587856292725
1200387  0.4097312390804291
1200413  0.4082762897014618
1200386  0.40489405393600464
1200133  0.40315020084381104
1200406  0.39671093225479126
1200384  0.39438456296920776
1200407  0.3924325108528137
1200127  0.38273143768310547
1200405  0.37895330786705017
