1500061  1.0
1500062  1.0
1500063  1.0
1500064  1.0
1600278  1.0
1600279  1.0
1600280  1.0
1700291  1.0
1700294  1.0
1700306  1.0
1700307  1.0
1700319  1.0
1700322  1.0
1700401  1.0
1700403  1.0
1800045  1.0
1800046  1.0
1800047  1.0
1800048  1.0
1800066  1.0
1800069  1.0
1800070  1.0
1800073  1.0
1800074  1.0
1800089  1.0
1800090  1.0
1800097  1.0
1800115  1.0
1800116  1.0
1800119  1.0
1800120  1.0
1800121  1.0
1800122  1.0
1800123  1.0
1800124  1.0
1800125  1.0
1800127  1.0
1800131  1.0
1800132  1.0
1300027  0.8944271909999159
1300030  0.8944271909999159
1300033  0.8944271909999159
1400050  0.8944271909999159
1400051  0.8944271909999159
1400052  0.8944271909999159
1400053  0.8944271909999159
1500048  0.8944271909999159
1500049  0.8944271909999159
1500050  0.8944271909999159
1500051  0.8944271909999159
1500079  0.8944271909999159
1500086  0.8944271909999159
1600275  0.8944271909999159
1700116  0.8944271909999159
1700117  0.8944271909999159
1700118  0.8944271909999159
1700119  0.8944271909999159
1700120  0.8944271909999159
1700220  0.8944271909999159
1700221  0.8944271909999159
1700230  0.8944271909999159
1700231  0.8944271909999159
1700250  0.8944271909999159
1700251  0.8944271909999159
1700265  0.8944271909999159
1700273  0.8944271909999159
1700274  0.8944271909999159
1700286  0.8944271909999159
1700287  0.8944271909999159
1700288  0.8944271909999159
1700289  0.8944271909999159
1700345  0.8944271909999159
1700349  0.8944271909999159
1700360  0.8944271909999159
1700361  0.8944271909999159
1700368  0.8944271909999159
1700369  0.8944271909999159
1700372  0.8944271909999159
1700373  0.8944271909999159
1700374  0.8944271909999159
1700375  0.8944271909999159
1700376  0.8944271909999159
1700378  0.8944271909999159
1700381  0.8944271909999159
1700392  0.8944271909999159
1700393  0.8944271909999159
1700394  0.8944271909999159
1700395  0.8944271909999159
1700396  0.8944271909999159
1400065  0.8660254037844387
1400066  0.8660254037844387
1400067  0.8660254037844387
1400068  0.8660254037844387
1400074  0.8660254037844387
1400075  0.8660254037844387
1400076  0.8660254037844387
1400077  0.8660254037844387
1400078  0.8660254037844387
1700245  0.8660254037844387
1700295  0.8660254037844387
1700296  0.8660254037844387
1700297  0.8660254037844387
1700299  0.8660254037844387
1700301  0.8660254037844387
1800077  0.8660254037844387
1800078  0.8660254037844387
1800079  0.8660254037844387
1800081  0.8660254037844387
1800084  0.8660254037844387
1800094  0.8660254037844387
1700142  0.75
1700143  0.75
1700144  0.75
1700145  0.75
1700146  0.75
1700147  0.75
1700152  0.75
1700155  0.75
1700268  0.5773502691896258
1700269  0.5773502691896258
1700270  0.5773502691896258
1000043  0.5
1000044  0.5
1000045  0.5
1100045  0.5
1100046  0.5
1100053  0.5
1100054  0.5
1200166  0.5
1200172  0.5
1500070  0.5
1700320  0.5
1900050  0.5
1900051  0.5
1200060  0.35355339059327373
1200067  0.35355339059327373
1200073  0.35355339059327373
1200085  0.35355339059327373
1200106  0.35355339059327373
1200107  0.35355339059327373
1200108  0.35355339059327373
1200109  0.35355339059327373
1200119  0.35355339059327373
1200120  0.35355339059327373
1200121  0.35355339059327373
1200122  0.35355339059327373
