4800092  0.47396156191825867
1900163  0.47324466705322266
4800095  0.472778856754303
4800127  0.4722830355167389
4800103  0.4715579152107239
4800120  0.4714032709598541
4800093  0.46999257802963257
4800104  0.46913644671440125
4800107  0.46899154782295227
4800090  0.4688100814819336
1900177  0.46872225403785706
4800094  0.46864983439445496
1900158  0.4686133861541748
1900184  0.4679567813873291
1900181  0.4664685130119324
1900165  0.46646571159362793
1900178  0.46643590927124023
4800108  0.4662145674228668
4800088  0.46576446294784546
4800091  0.46576082706451416
1900159  0.46559301018714905
4800109  0.465590238571167
4800105  0.4648102819919586
4800114  0.46480539441108704
1900186  0.4642866253852844
4800110  0.4640897512435913
4800115  0.463716059923172
1900171  0.4636420011520386
1900156  0.463474303483963
4800106  0.4634171724319458
4800112  0.4632789194583893
1900169  0.4622565805912018
1900166  0.46213826537132263
1800034  0.46145305037498474
1900196  0.46043509244918823
4500206  0.4601386785507202
1900164  0.460033118724823
4800098  0.4598890542984009
5101878  0.45872992277145386
1900168  0.4586107134819031
1900173  0.45809245109558105
5101844  0.45793408155441284
1900174  0.4579092860221863
1900170  0.4576212763786316
1600053  0.4569198489189148
5101913  0.45688560605049133
1900172  0.456683486700058
1900143  0.45619937777519226
1900223  0.4558708071708679
1900182  0.45563894510269165
4700340  0.4552753269672394
4500203  0.4550422430038452
4700391  0.45485052466392517
1900161  0.4548429846763611
4500202  0.454693078994751
4700637  0.4545879662036896
1900217  0.45448175072669983
5101890  0.45409467816352844
5101839  0.453946977853775
1900220  0.4535757303237915
1700951  0.4535684585571289
4700116  0.45346885919570923
5101813  0.453360915184021
5101751  0.45323121547698975
1900244  0.4528992474079132
1300603  0.4528012275695801
5101838  0.45262062549591064
5101911  0.4522205591201782
5101752  0.4519638419151306
1300509  0.4516311585903168
5101780  0.45158851146698
1700041  0.4515867233276367
5101865  0.4515005648136139
1500124  0.4514053463935852
4700114  0.45135337114334106
1300061  0.45120710134506226
5100259  0.45117488503456116
4700344  0.4511537253856659
5101840  0.45110923051834106
5101885  0.45109084248542786
5101803  0.45105528831481934
5100634  0.4510032534599304
1900288  0.45099151134490967
4700336  0.4509505331516266
5101829  0.4509083032608032
5100257  0.45051440596580505
4500204  0.4503169655799866
5101792  0.45007559657096863
5101795  0.44995224475860596
4700351  0.44992056488990784
4800175  0.44979381561279297
4700386  0.4497119188308716
1500122  0.4496328830718994
4700098  0.4496076703071594
4800171  0.44949477910995483
5101739  0.44942691922187805
1600055  0.449227899312973
5101800  0.44915810227394104
5100264  0.44915542006492615
4700300  0.4490780830383301
5101741  0.449041485786438
5101755  0.44903117418289185
5100791  0.4489824175834656
4700301  0.44889405369758606
4500571  0.4488663971424103
5101830  0.4488430321216583
5100260  0.44881483912467957
4800188  0.4486738443374634
1500118  0.44842761754989624
4800174  0.44831937551498413
5101791  0.4482988715171814
4700566  0.4482586681842804
5101781  0.44824516773223877
5101880  0.4482229948043823
4700361  0.44814765453338623
5101808  0.4479793608188629
4800195  0.44795069098472595
5101888  0.44780731201171875
5101737  0.44779184460639954
5101882  0.4477241337299347
5100773  0.44772040843963623
5100770  0.44771572947502136
5101784  0.44763097167015076
1500120  0.44761961698532104
1300055  0.44758856296539307
1900241  0.44756069779396057
5101912  0.44753485918045044
4800267  0.4474799633026123
1700109  0.44746384024620056
4800290  0.44746077060699463
1300507  0.4474167227745056
1500121  0.4474014937877655
1300508  0.4473976194858551
5100745  0.4473632276058197
5100746  0.4473322629928589
4700355  0.4473181962966919
4700097  0.44731807708740234
4700367  0.44730430841445923
1500125  0.4472208321094513
5101866  0.4472142159938812
4700159  0.4471031725406647
5101798  0.44707396626472473
4800202  0.4470236003398895
1300195  0.44695496559143066
5100801  0.4469119906425476
1300274  0.44681620597839355
4700501  0.44674167037010193
5100799  0.4467388391494751
5100621  0.4466593861579895
4700403  0.44660869240760803
1300604  0.4465925097465515
5101745  0.4465285539627075
4700498  0.44650664925575256
5101746  0.4464643597602844
1900137  0.44645556807518005
1500095  0.4464266300201416
4500566  0.44639092683792114
4700134  0.4463866651058197
4700147  0.44631069898605347
4800185  0.4462870657444
5100784  0.4462829828262329
4800269  0.4462801218032837
1500123  0.4462167024612427
1300056  0.4461924433708191
1700108  0.44619059562683105
1300067  0.44617852568626404
4200210  0.4461471736431122
1500094  0.4460304379463196
1800819  0.4460277855396271
5101732  0.4459919035434723
4200220  0.44597548246383667
4700374  0.44593310356140137
4700259  0.4459307789802551
5101742  0.4459001123905182
5101809  0.44588738679885864
4700363  0.44582074880599976
5100201  0.4458126127719879
1300270  0.4457525312900543
1900239  0.4456985294818878
5101778  0.44560298323631287
5101796  0.44558578729629517
1500117  0.4455542266368866
4700636  0.4455435872077942
4700345  0.4454670548439026
5101794  0.4454588294029236
5101842  0.4454178512096405
4800201  0.44535741209983826
5101743  0.4452529847621918
4800172  0.44522905349731445
4700260  0.44519975781440735
5100797  0.44515472650527954
5101783  0.4450407028198242
5101740  0.4450320601463318
4700565  0.4450012445449829
4800208  0.4448903203010559
4800070  0.4448762536048889
5100272  0.4448752999305725
4700310  0.4448339641094208
1600030  0.4448293447494507
5101835  0.44482651352882385
5100623  0.4448253810405731
4700402  0.44482293725013733
4800187  0.44482243061065674
4200211  0.444801390171051
5100765  0.44476190209388733
5100734  0.44465920329093933
1900140  0.4446300268173218
4800301  0.4445594847202301
1900238  0.4445303678512573
4500564  0.44447433948516846
5101797  0.44441691040992737
1300616  0.4444046914577484
5100619  0.4443798065185547
5100786  0.4443201422691345
4700294  0.4443131685256958
4700398  0.44427478313446045
4700157  0.44427359104156494
5101773  0.44419941306114197
4700505  0.44413599371910095
5100624  0.4440772235393524
4700306  0.44403254985809326
4700390  0.444011390209198
5101772  0.44387659430503845
1700101  0.44383329153060913
4800268  0.44382840394973755
4800257  0.44364142417907715
4800176  0.4436030387878418
1500119  0.4435805082321167
5100572  0.44357413053512573
5100737  0.4435633420944214
1700102  0.44355154037475586
5101887  0.4435258209705353
1300264  0.4434939920902252
4700298  0.44348135590553284
1900142  0.4433800280094147
5100246  0.4433792233467102
4800275  0.44335976243019104
1500173  0.4433162808418274
4500106  0.44320937991142273
4700181  0.44317519664764404
5100676  0.44313985109329224
5000612  0.44313549995422363
5100789  0.4430679976940155
5100777  0.44304272532463074
5101736  0.44303640723228455
4700152  0.4429950416088104
4800276  0.4429877698421478
5100265  0.44296732544898987
4800265  0.4429493844509125
1900275  0.4429208040237427
1900236  0.44285187125205994
5101886  0.4428211748600006
5100764  0.4428013265132904
4700258  0.4427715837955475
4500534  0.44275274872779846
1900284  0.44274312257766724
1300518  0.4426770508289337
4800186  0.4426765441894531
4800289  0.4425441324710846
5101786  0.44252076745033264
4700115  0.44247671961784363
5100574  0.4424293041229248
4700299  0.4423820674419403
5101744  0.44234421849250793
4700135  0.44231054186820984
5101836  0.442279577255249
4500579  0.44227883219718933
1600054  0.44226768612861633
4700499  0.4422435462474823
5100762  0.4422401785850525
5101884  0.4422400891780853
4700146  0.44222939014434814
4200212  0.4422082006931305
1300266  0.4422032833099365
5101879  0.4421660602092743
5100263  0.4421648383140564
5100774  0.4421292245388031
5101733  0.4421233534812927
1700105  0.44211938977241516
5101832  0.44210854172706604
4500572  0.44210681319236755
5100680  0.44209590554237366
4700266  0.4420888125896454
5101777  0.44208869338035583
1000044  0.4420585334300995
5100761  0.44204720854759216
5101804  0.4419885575771332
4800066  0.4419777989387512
4700569  0.4419690668582916
5100240  0.4419429302215576
4700426  0.441872239112854
1900146  0.44185930490493774
5100807  0.44184595346450806
4200219  0.4418230652809143
1300515  0.44178131222724915
4800272  0.4417080283164978
5101747  0.44170576333999634
5100744  0.44169360399246216
5000606  0.4416791796684265
5100591  0.4416349232196808
4800190  0.44155263900756836
1700946  0.44150587916374207
1900243  0.44148653745651245
4500530  0.44146236777305603
4800229  0.44143441319465637
4500544  0.4414343237876892
5101889  0.44143375754356384
5101892  0.44142112135887146
4500650  0.4413992464542389
5100748  0.4413139820098877
5101782  0.44130462408065796
1900130  0.4412802457809448
5101831  0.44126442074775696
4800291  0.44123318791389465
4700096  0.44123199582099915
4800288  0.44116342067718506
4500061  0.4411376416683197
4500656  0.4411155581474304
5100639  0.4410060942173004
4700275  0.4409995973110199
5100266  0.44099265336990356
4700572  0.44094118475914
4800295  0.4409186542034149
5100237  0.44087713956832886
4800297  0.4408453404903412
4700252  0.4408332109451294
5100600  0.44079747796058655
5101881  0.4407316744327545
5100775  0.44072115421295166
5101864  0.4406795799732208
5101833  0.44066160917282104
4700564  0.4406246244907379
5100769  0.44055265188217163
5100768  0.4405292868614197
5100638  0.4405103027820587
4500548  0.44047248363494873
5100195  0.44040772318840027
1900112  0.4403829276561737
5100738  0.4403824806213379
5100581  0.4403344392776489
4800273  0.4402807354927063
4800196  0.4402770400047302
4700356  0.4402729272842407
1300269  0.4402686655521393
5101810  0.44017940759658813
4200218  0.440142959356308
4700256  0.4401358962059021
5100806  0.4401116967201233
4800263  0.4401043951511383
5100587  0.4400961399078369
5100733  0.4400898814201355
5100685  0.44002094864845276
4200213  0.4400053024291992
4800312  0.43999266624450684
5101779  0.4399655759334564
4800280  0.43996450304985046
4700420  0.4399486482143402
5101793  0.43992891907691956
5101801  0.439892441034317
4700141  0.4398803412914276
5101837  0.439834326505661
5100798  0.43976205587387085
4800296  0.43975895643234253
5100571  0.43970203399658203
5100788  0.4396918714046478
4200226  0.4396803081035614
4800279  0.43967893719673157
4800173  0.4396710991859436
4800274  0.43966829776763916
5100575  0.43966594338417053
4700235  0.4396069645881653
4500565  0.4395921230316162
4700292  0.43952813744544983
4700302  0.4394933581352234
5100606  0.43942195177078247
1900128  0.43940970301628113
1900283  0.43939051032066345
4700335  0.43938660621643066
4800286  0.43931084871292114
5100776  0.4392450451850891
5100679  0.43924054503440857
1900131  0.43923231959342957
1900125  0.43921592831611633
4700357  0.43919017910957336
5100593  0.4391777515411377
4800281  0.4390257000923157
5100193  0.43897441029548645
4800303  0.4389708340167999
1900129  0.43896588683128357
5100673  0.43886610865592957
4200222  0.4387904405593872
5100583  0.43874436616897583
1300606  0.43874162435531616
4700350  0.4386666417121887
5101841  0.4386485517024994
4700297  0.43859076499938965
5100785  0.43854397535324097
5100763  0.4384947419166565
5100204  0.43846774101257324
1900116  0.4384441375732422
4700255  0.4384142756462097
4700496  0.4383871257305145
5100739  0.4383567273616791
5100808  0.4383383095264435
4800179  0.43831631541252136
4800294  0.43829259276390076
5100205  0.43822234869003296
5100191  0.4382191002368927
4800304  0.4381817877292633
5100312  0.4380837082862854
4800305  0.43796443939208984
1900147  0.4379499852657318
5101771  0.43791285157203674
4500573  0.43779492378234863
5100597  0.43778374791145325
4800191  0.43777674436569214
4500640  0.43777307868003845
4800258  0.4377300441265106
5101802  0.4377138018608093
1300043  0.43768200278282166
4800270  0.43758857250213623
5100796  0.4375837445259094
5100601  0.4375414252281189
4700567  0.4374995827674866
4700142  0.4374710023403168
1900098  0.4374213218688965
4700500  0.437360018491745
4700262  0.43734073638916016
1300919  0.43718791007995605
5100584  0.4371701180934906
5100633  0.4371253252029419
4700138  0.4370473325252533
4700151  0.43703678250312805
5100194  0.4370132386684418
5100740  0.43696174025535583
4800300  0.43678778409957886
5100603  0.43666690587997437
5101883  0.4365845024585724
1900145  0.43657177686691284
4800259  0.43656685948371887
4800063  0.4365033507347107
5100578  0.43647301197052
5100682  0.4364229738712311
4800068  0.4363957643508911
1900126  0.43630754947662354
5100810  0.4362662732601166
4700622  0.4362098276615143
1300605  0.4361565113067627
5100699  0.43613553047180176
5100592  0.43611231446266174
4700616  0.4360964000225067
4700304  0.4360680878162384
4800079  0.43605729937553406
4700303  0.43603676557540894
5100696  0.4360068440437317
5100579  0.43597838282585144
4800060  0.4359428584575653
1300066  0.43592873215675354
1900115  0.4358757436275482
4800193  0.43585723638534546
4700261  0.43582385778427124
4800184  0.43581998348236084
4800239  0.4357481300830841
4800293  0.43572112917900085
1000030  0.4356711804866791
4700497  0.4356686472892761
5100790  0.435598224401474
4700619  0.435567706823349
4800278  0.4355055093765259
5100598  0.43549367785453796
5100249  0.4353950321674347
5100708  0.4353818893432617
5100199  0.43534234166145325
4700257  0.4353407919406891
1900117  0.43533024191856384
5100681  0.43533024191856384
1900133  0.4353119730949402
1000035  0.4352383017539978
5100599  0.4352126121520996
4800271  0.43518704175949097
4800262  0.43514591455459595
5100238  0.4351366460323334
4200217  0.43509459495544434
4800073  0.43507328629493713
4800189  0.4349960386753082
4800069  0.4348851442337036
1900150  0.4348665177822113
4800067  0.4348543882369995
1900109  0.4348255395889282
4800169  0.4347873628139496
5100207  0.4347546696662903
1500182  0.4344981014728546
5101834  0.4343937039375305
4700568  0.4342726767063141
1900120  0.4342588186264038
1300514  0.4341917335987091
1300268  0.43406274914741516
4700254  0.4339056611061096
1900114  0.43388187885284424
5000611  0.43381327390670776
5100239  0.43373963236808777
1900132  0.4336754381656647
5100709  0.43364453315734863
4800064  0.4335912764072418
1900229  0.4335496425628662
4800298  0.4335269629955292
5100735  0.43349793553352356
4800299  0.4333110451698303
5100604  0.43323996663093567
1900122  0.4329775273799896
4700296  0.4328945577144623
1300044  0.4328272342681885
5100576  0.43262365460395813
1300045  0.4324316680431366
4500633  0.4324296712875366
5100698  0.43220585584640503
1900141  0.4320566952228546
5100620  0.432054728269577
5100585  0.43201887607574463
5100678  0.4316140115261078
5100588  0.4314892590045929
4700317  0.4313656985759735
5100616  0.43133074045181274
4800065  0.43128278851509094
5100701  0.43095269799232483
5100700  0.43077829480171204
1900111  0.4306100606918335
4200195  0.43059998750686646
4800074  0.4305848181247711
5100622  0.4304649233818054
5100693  0.4303809702396393
5100198  0.4301730990409851
4700295  0.43004468083381653
5100582  0.4299581050872803
5100200  0.42991870641708374
4700502  0.4299106299877167
5100672  0.4295092523097992
5100697  0.42929285764694214
4800264  0.42912042140960693
4700617  0.4289909899234772
5100251  0.4288559556007385
1900099  0.4287845492362976
5100573  0.4284956455230713
1900121  0.427916020154953
5100589  0.4278157949447632
4700620  0.42761439085006714
5100243  0.42737242579460144
4800062  0.4272679388523102
5100602  0.42710867524147034
5100677  0.4264393448829651
5100783  0.4263935685157776
1900127  0.4252108931541443
