1100064	inf
1600259	1.0
1600256	0.7071067811865475
1600265	0.4082482904638631
1600636	0.2773500981126146
1600359	0.22360679774997896
5202308	0.2182178902359924
1600216	0.18569533817705186
1600215	0.18257418583505536
1400605	0.1796053020267749
3100142	0.17407765595569785
1600267	0.13130643285972254
1600255	0.1270001270001905
1600283	0.11785113019775793
5202310	0.1125087900926024
5202309	0.1091089451179962
5202386	0.10660035817780521
5202356	0.10482848367219183
5202315	0.10425720702853739
1600634	0.10206207261596577
5202306	0.10153461651336192
1600350	0.10153461651336192
1600632	0.10101525445522107
2200119	0.10101525445522107
5700195	0.08804509063256238
5202301	0.08481889296799709
4100747	0.08032193289024989
5202278	0.07537783614444091
4100746	0.07352146220938077
4100942	0.07035975447302918
4100260	0.07018624063435965
4100740	0.06696495301824251
4100257	0.06565321642986127
5700369	0.05783149319662402
5700394	0.05670479771237427
5700345	0.05652334189442215
4100929	0.05314940034527339
4100925	0.052999894000318
6200068	0.04914731871829905
4100128	0.04499212706658475
6200067	0.043233770116711694
6200064	0.0430730492253948
6200063	0.04303314829119352
4701091	0.0413802944301184
5202121	0.041239304942116126
6200050	0.039746431675858215
4100940	0.037037037037037035
6200031	0.034964180063753285
4701169	0.03407990882954985
4701179	0.03407990882954985
4701142	0.03398138330152924
4700112	0.031512674583162724
4700108	0.0314970394174356
4100109	0.03146583877637763
4701175	0.03137279025690793
4701165	0.03137279025690793
4700374	0.03135736227945324
4701138	0.03132657448383193
4700084	0.03126526997403612
2200070	0.031204323970714827
2200064	0.03117398431942748
1100285	0.01890159923745809
1600175	0.018321656997643758
1100282	0.017792017089454125
1600148	0.01724907234827223
1600134	0.017246506858208475
1300063	0.017220914757957267
1100039	0.017054817003221697
1600205	0.016419940661725654
1600707	0.016406675593723583
1600690	0.016404467873119666
