1001356  0.13272278010845184
1800114  0.13253575563430786
1601098  0.132501021027565
1800213  0.1324758231639862
1001334  0.1324332058429718
1800214  0.1324148327112198
1800767  0.13240082561969757
1001332  0.1324004828929901
1601099  0.13237883150577545
1800115  0.13237883150577545
1800182  0.13237883150577545
1800578  0.13237883150577545
1800609  0.13237883150577545
1800610  0.13237883150577545
1800616  0.13237883150577545
1800618  0.13237883150577545
1800620  0.13237883150577545
1800621  0.13237883150577545
1800627  0.13237883150577545
1800628  0.13237883150577545
1800633  0.13237883150577545
1800634  0.13237883150577545
1800636  0.13237883150577545
1800637  0.13237883150577545
1800639  0.13237883150577545
1800640  0.13237883150577545
1800642  0.13237883150577545
1800727  0.13237883150577545
1801007  0.13237883150577545
1801008  0.13237883150577545
1901403  0.13237883150577545
1901409  0.13237883150577545
1901410  0.13237883150577545
1901416  0.13237883150577545
1901423  0.13237883150577545
1901424  0.13237883150577545
1901430  0.13237883150577545
1901431  0.13237883150577545
1901432  0.13237883150577545
2001272  0.13237883150577545
2001273  0.13237883150577545
2001277  0.13237883150577545
2001278  0.13237883150577545
2001279  0.13237883150577545
2001285  0.13237883150577545
2001292  0.13237883150577545
2001293  0.13237883150577545
2001299  0.13237883150577545
2001300  0.13237883150577545
2001301  0.13237883150577545
2001303  0.13237883150577545
2001304  0.13237883150577545
2001307  0.13237883150577545
2001310  0.13237883150577545
2001311  0.13237883150577545
2001313  0.13237883150577545
2001316  0.13237883150577545
2001318  0.13237883150577545
2600121  0.13237883150577545
2600124  0.13237883150577545
1800536  0.13234983384609222
1800216  0.1323413848876953
1800730  0.1323186606168747
1800745  0.13230867683887482
1001340  0.13227415084838867
1800567  0.13227246701717377
1800735  0.13224352896213531
1800734  0.1322343349456787
1800732  0.13223011791706085
1800558  0.13221806287765503
1800747  0.13221287727355957
1800215  0.13219943642616272
1800559  0.13219322264194489
1800561  0.13218697905540466
1800535  0.13218086957931519
1001360  0.13216394186019897
1800756  0.13215628266334534
1001348  0.13214287161827087
1800113  0.13210828602313995
1800541  0.1321049928665161
1800750  0.1320704072713852
1800566  0.13205471634864807
1800562  0.13203124701976776
1800737  0.13203001022338867
1800748  0.1319960653781891
1800755  0.13199220597743988
1800539  0.13196812570095062
1800738  0.13195906579494476
1800217  0.13194692134857178
1601083  0.1319265514612198
1800563  0.13191433250904083
1800743  0.13190923631191254
1800218  0.13189661502838135
1601091  0.13186894357204437
1800542  0.13177509605884552
1001347  0.13173893094062805
1800220  0.13168276846408844
1800552  0.13166140019893646
1800549  0.13165563344955444
1601084  0.13164478540420532
1601085  0.13161973655223846
1001333  0.1316026896238327
1001354  0.13159842789173126
1800112  0.13159412145614624
1800547  0.13124695420265198
1800548  0.1312006115913391
1800604  0.13119249045848846
1800551  0.1311737447977066
1800588  0.13098524510860443
1001355  0.13095715641975403
1800579  0.13092570006847382
1800111  0.13073812425136566
1800589  0.13059291243553162
1800596  0.13054348528385162
1800584  0.13050653040409088
1800581  0.1304492950439453
1800592  0.13044825196266174
1800545  0.1304197460412979
1800597  0.13040171563625336
1800602  0.13040171563625336
1800591  0.13035115599632263
1800583  0.13029782474040985
1800593  0.13028649985790253
1800586  0.13016191124916077
1800585  0.1301412284374237
1800594  0.13005003333091736
1800582  0.13001187145709991
1800643  0.12812010943889618
1801006  0.12799431383609772
1800771  0.12747827172279358
1800723  0.12580618262290955
1801004  0.12267613410949707
1801005  0.12238964438438416
1800773  0.12227822095155716
1800888  0.12223257124423981
1800832  0.12222393602132797
1800872  0.12195444107055664
1800889  0.12178386747837067
1800873  0.12175190448760986
1800871  0.12168500572443008
1800892  0.12158403545618057
1801003  0.12123513221740723
1800890  0.12107640504837036
1800721  0.12094257771968842
1801002  0.12086533010005951
1800685  0.12081044912338257
1800887  0.12056159228086472
1800683  0.12052162736654282
1800720  0.1204480305314064
1800722  0.12042802572250366
1800875  0.1203087866306305
1800684  0.12027689069509506
1800694  0.12023641169071198
1800714  0.12001842260360718
1800713  0.11977025121450424
1800708  0.11967657506465912
1800717  0.1196744441986084
1800710  0.11964153498411179
1800697  0.11960144340991974
1800719  0.11951921135187149
1800711  0.11921294778585434
