1400223  0.49136748909950256
1400227  0.4913536012172699
1400525  0.49135279655456543
1400547  0.4913296103477478
1400216  0.49132832884788513
1400329  0.491324782371521
1400533  0.491323858499527
1201102  0.49130573868751526
1201105  0.49130573868751526
1201145  0.49130573868751526
1201146  0.49130573868751526
1201147  0.49130573868751526
1201150  0.49130573868751526
1201151  0.49130573868751526
1201152  0.49130573868751526
1201153  0.49130573868751526
1201154  0.49130573868751526
1201155  0.49130573868751526
1201158  0.49130573868751526
1201168  0.49130573868751526
1201176  0.49130573868751526
1201207  0.49130573868751526
1201208  0.49130573868751526
1201211  0.49130573868751526
1201214  0.49130573868751526
1201215  0.49130573868751526
1201217  0.49130573868751526
1201218  0.49130573868751526
1201221  0.49130573868751526
1201222  0.49130573868751526
1201223  0.49130573868751526
1201229  0.49130573868751526
1201230  0.49130573868751526
1201233  0.49130573868751526
1201234  0.49130573868751526
1201238  0.49130573868751526
1201239  0.49130573868751526
1201240  0.49130573868751526
1201241  0.49130573868751526
1201243  0.49130573868751526
1201247  0.49130573868751526
1201248  0.49130573868751526
1201249  0.49130573868751526
1201251  0.49130573868751526
1201256  0.49130573868751526
1201257  0.49130573868751526
1201258  0.49130573868751526
1201259  0.49130573868751526
1201260  0.49130573868751526
1201262  0.49130573868751526
1201263  0.49130573868751526
1201268  0.49130573868751526
1201269  0.49130573868751526
1201270  0.49130573868751526
1201271  0.49130573868751526
1201272  0.49130573868751526
1201273  0.49130573868751526
1201274  0.49130573868751526
1201279  0.49130573868751526
1201280  0.49130573868751526
1201281  0.49130573868751526
1201283  0.49130573868751526
1201284  0.49130573868751526
1201285  0.49130573868751526
1201286  0.49130573868751526
1201287  0.49130573868751526
1201292  0.49130573868751526
1201293  0.49130573868751526
1201295  0.49130573868751526
1201297  0.49130573868751526
1201302  0.49130573868751526
1201303  0.49130573868751526
1201304  0.49130573868751526
1201307  0.49130573868751526
1201314  0.49130573868751526
1201315  0.49130573868751526
1201316  0.49130573868751526
1201324  0.49130573868751526
1201332  0.49130573868751526
1201333  0.49130573868751526
1201351  0.49130573868751526
1201352  0.49130573868751526
1201368  0.49130573868751526
1201370  0.49130573868751526
1201371  0.49130573868751526
1201372  0.49130573868751526
1201373  0.49130573868751526
1201374  0.49130573868751526
1201377  0.49130573868751526
1201384  0.49130573868751526
1201390  0.49130573868751526
1201396  0.49130573868751526
1201398  0.49130573868751526
1201399  0.49130573868751526
1201402  0.49130573868751526
1201413  0.49130573868751526
1201420  0.49130573868751526
1201423  0.49130573868751526
1201460  0.49130573868751526
1201462  0.49130573868751526
1201463  0.49130573868751526
1201464  0.49130573868751526
1201465  0.49130573868751526
1201466  0.49130573868751526
1201468  0.49130573868751526
1201469  0.49130573868751526
1201471  0.49130573868751526
1201475  0.49130573868751526
1201476  0.49130573868751526
1201477  0.49130573868751526
1201478  0.49130573868751526
1201479  0.49130573868751526
1201484  0.49130573868751526
1201485  0.49130573868751526
1201489  0.49130573868751526
1201490  0.49130573868751526
1201492  0.49130573868751526
1201494  0.49130573868751526
1201498  0.49130573868751526
1201499  0.49130573868751526
1201504  0.49130573868751526
1201505  0.49130573868751526
1201508  0.49130573868751526
1201585  0.49130573868751526
1201588  0.49130573868751526
1201592  0.49130573868751526
1201599  0.49130573868751526
1201602  0.49130573868751526
1201633  0.49130573868751526
1201634  0.49130573868751526
1201635  0.49130573868751526
1201636  0.49130573868751526
1201637  0.49130573868751526
1201638  0.49130573868751526
1201639  0.49130573868751526
1201642  0.49130573868751526
1201643  0.49130573868751526
1201644  0.49130573868751526
1201648  0.49130573868751526
1201649  0.49130573868751526
1201650  0.49130573868751526
1202090  0.49130573868751526
1202098  0.49130573868751526
1202104  0.49130573868751526
1202105  0.49130573868751526
1202106  0.49130573868751526
1202108  0.49130573868751526
1202109  0.49130573868751526
1202113  0.49130573868751526
1202114  0.49130573868751526
1202118  0.49130573868751526
1202119  0.49130573868751526
1202122  0.49130573868751526
1202134  0.49130573868751526
1202136  0.49130573868751526
1202144  0.49130573868751526
1202146  0.49130573868751526
1202147  0.49130573868751526
1202148  0.49130573868751526
1202151  0.49130573868751526
1202153  0.49130573868751526
1202154  0.49130573868751526
1202157  0.49130573868751526
1202162  0.49130573868751526
1202185  0.49130573868751526
1202188  0.49130573868751526
1202204  0.49130573868751526
1202305  0.49130573868751526
1202313  0.49130573868751526
1202317  0.49130573868751526
1202318  0.49130573868751526
1202319  0.49130573868751526
1202326  0.49130573868751526
1202327  0.49130573868751526
1202328  0.49130573868751526
1202331  0.49130573868751526
1202332  0.49130573868751526
1202336  0.49130573868751526
1202340  0.49130573868751526
1202341  0.49130573868751526
1202342  0.49130573868751526
1202345  0.49130573868751526
1202349  0.49130573868751526
1202354  0.49130573868751526
1202355  0.49130573868751526
1202356  0.49130573868751526
1202357  0.49130573868751526
1202359  0.49130573868751526
1202366  0.49130573868751526
1202370  0.49130573868751526
1202375  0.49130573868751526
1202376  0.49130573868751526
1202378  0.49130573868751526
1202382  0.49130573868751526
1300029  0.49130573868751526
1300032  0.49130573868751526
1300035  0.49130573868751526
1300038  0.49130573868751526
1300041  0.49130573868751526
1300046  0.49130573868751526
1300049  0.49130573868751526
1300052  0.49130573868751526
1300055  0.49130573868751526
1400174  0.49130573868751526
1400175  0.49130573868751526
1400188  0.49130573868751526
1400190  0.49130573868751526
1400191  0.49130573868751526
1400192  0.49130573868751526
1400193  0.49130573868751526
1400553  0.49130573868751526
1400554  0.49130573868751526
1400555  0.49130573868751526
1400556  0.49130573868751526
1400560  0.49130573868751526
1400562  0.49130573868751526
1400570  0.49130573868751526
1400573  0.49130573868751526
1400574  0.49130573868751526
1400575  0.49130573868751526
1400576  0.49130573868751526
1400578  0.49130573868751526
1400579  0.49130573868751526
1400580  0.49130573868751526
1400582  0.49130573868751526
1400583  0.49130573868751526
1400584  0.49130573868751526
1400586  0.49130573868751526
1400587  0.49130573868751526
1400588  0.49130573868751526
1400589  0.49130573868751526
1400590  0.49130573868751526
1400593  0.49130573868751526
1400603  0.49130573868751526
1400604  0.49130573868751526
1400605  0.49130573868751526
1400606  0.49130573868751526
1400607  0.49130573868751526
1400615  0.49130573868751526
1400616  0.49130573868751526
1400618  0.49130573868751526
1400619  0.49130573868751526
1400620  0.49130573868751526
1400621  0.49130573868751526
1400623  0.49130573868751526
1400625  0.49130573868751526
1400626  0.49130573868751526
1400627  0.49130573868751526
1400629  0.49130573868751526
1400630  0.49130573868751526
1400634  0.49130573868751526
1400645  0.49130573868751526
1400646  0.49130573868751526
1400647  0.49130573868751526
1400648  0.49130573868751526
1400649  0.49130573868751526
1400651  0.49130573868751526
1400652  0.49130573868751526
1400653  0.49130573868751526
1400654  0.49130573868751526
1400655  0.49130573868751526
1400656  0.49130573868751526
1400657  0.49130573868751526
1400659  0.49130573868751526
1400662  0.49130573868751526
1400728  0.49130573868751526
1400729  0.49130573868751526
1400731  0.49130573868751526
1400732  0.49130573868751526
1400733  0.49130573868751526
1400734  0.49130573868751526
1400735  0.49130573868751526
1400736  0.49130573868751526
1400737  0.49130573868751526
1400738  0.49130573868751526
1400739  0.49130573868751526
1400740  0.49130573868751526
1400741  0.49130573868751526
1400743  0.49130573868751526
1400746  0.49130573868751526
1400229  0.4913027882575989
1400328  0.49129995703697205
1400238  0.49129870533943176
1400234  0.49129748344421387
1400217  0.49129635095596313
1400235  0.4912927746772766
1400233  0.4912923276424408
1400414  0.4912802278995514
1400221  0.4912799000740051
1400522  0.4912533164024353
1400536  0.49125054478645325
1400542  0.49124178290367126
1400248  0.4912291467189789
1400239  0.49122822284698486
1400205  0.49122685194015503
1400209  0.4912261962890625
1400211  0.49121689796447754
1400523  0.49121642112731934
1400393  0.49121561646461487
1400194  0.49120232462882996
1400527  0.49119704961776733
1202060  0.4911888837814331
1400537  0.49118518829345703
1400538  0.4911801815032959
1400543  0.49117493629455566
1400231  0.4911673665046692
1400551  0.4911656379699707
1400199  0.4911509156227112
1400230  0.4911382496356964
1400237  0.4911353886127472
1400546  0.49113428592681885
1400197  0.49113354086875916
1400228  0.4911317527294159
1202086  0.4911235272884369
1400295  0.491119384765625
1400226  0.4911186397075653
1400407  0.49110928177833557
1400219  0.4910956919193268
1400220  0.49109524488449097
1400541  0.4910779297351837
1400213  0.4910711944103241
1400214  0.4910576343536377
1400400  0.4910430312156677
1400296  0.49100416898727417
1400532  0.49100279808044434
1400524  0.49099981784820557
1400236  0.49099957942962646
1400383  0.49098819494247437
1400266  0.49098527431488037
1400529  0.4909761846065521
1400208  0.49096715450286865
1400242  0.4909662902355194
1201797  0.49095582962036133
1400232  0.4909457862377167
1400195  0.4909350872039795
1202083  0.4909304976463318
1400530  0.49091866612434387
1400215  0.4909009635448456
1400218  0.49088868498802185
1400210  0.4908447861671448
1202067  0.4908146858215332
1202057  0.4907850921154022
1202084  0.4907741844654083
1400212  0.4907552897930145
1202061  0.49075278639793396
1202068  0.490725040435791
1202085  0.4906935691833496
1202071  0.4905392527580261
1201946  0.4905224144458771
1201925  0.49050846695899963
1201942  0.49050623178482056
1201865  0.49049946665763855
1201828  0.4904908537864685
1201818  0.4904571771621704
1201923  0.4904538691043854
1201968  0.49037855863571167
1201915  0.4903737008571625
1202058  0.4902629554271698
1202082  0.4902525842189789
1201932  0.4902443289756775
1201845  0.4901540279388428
1202066  0.4901265501976013
1201926  0.49011361598968506
1201832  0.49009832739830017
1201808  0.4900910258293152
1201941  0.49006709456443787
1201896  0.4900621771812439
1201847  0.49004054069519043
1201826  0.4899454712867737
1201934  0.48991894721984863
1201930  0.48991867899894714
1201918  0.48991066217422485
1201927  0.48988017439842224
1201840  0.48986300826072693
1201885  0.4898098111152649
1201931  0.48973098397254944
1201860  0.4897189736366272
1202065  0.4897046983242035
1201924  0.48967745900154114
1202063  0.4896760880947113
1201928  0.4896663725376129
1202081  0.4896560311317444
1201899  0.4895949363708496
1201842  0.48957812786102295
1201830  0.48957619071006775
1201836  0.4895726442337036
1201839  0.48947665095329285
1201904  0.4894622564315796
1201906  0.4894467294216156
1201929  0.48943132162094116
1201964  0.48943108320236206
1202080  0.4893918037414551
1201841  0.4893890619277954
1201955  0.4893772304058075
1201846  0.4893401861190796
1201850  0.4893282949924469
1201829  0.48917821049690247
1201838  0.48916909098625183
1202079  0.4890076816082001
1201907  0.48898589611053467
1201833  0.4885261654853821
1201831  0.4884611964225769
1201786  0.3327896296977997
1201099  0.09886094927787781
1200696  0.07428561896085739
1200695  0.07285138219594955
1200440  0.07266126573085785
1200684  0.0725393146276474
1200602  0.0721229612827301
1200595  0.07206018269062042
1200520  0.07201342284679413
1200516  0.07198618352413177
1200667  0.07198178768157959
1200683  0.07194507122039795
1200670  0.0718315839767456
1200633  0.07178915292024612
1200524  0.07174738496541977
1200668  0.07174547761678696
1200682  0.07170388847589493
1200640  0.07165675610303879
1200444  0.0716305524110794
1200647  0.07148047536611557
1200576  0.07140681892633438
1200445  0.07140139490365982
1200436  0.07137545943260193
1200441  0.0712260976433754
1200543  0.07118584215641022
1200502  0.07112720608711243
1200661  0.07102862745523453
1200508  0.07097244262695312
1200492  0.0709490105509758
1200479  0.0709061473608017
1200493  0.07090573757886887
1200484  0.07086309045553207
1200544  0.07085870951414108
1200515  0.07083865255117416
1200680  0.07082710415124893
1200509  0.07082656025886536
1200446  0.0708257406949997
1200526  0.07082371413707733
1200542  0.07075480371713638
1200467  0.07069214433431625
1200447  0.07066967338323593
1200654  0.07062379270792007
1200671  0.07057347893714905
1200507  0.07056708633899689
1200541  0.07054264843463898
1200494  0.07045506685972214
1200528  0.07042315602302551
1200503  0.07039163261651993
1200495  0.07032094150781631
1200485  0.0703166127204895
1200504  0.07017948478460312
1200490  0.07012441754341125
1200545  0.07005865126848221
1200539  0.07001172751188278
1200489  0.06998208165168762
1200470  0.06995406001806259
1200672  0.06993609666824341
1200471  0.06988237053155899
1200466  0.06987951695919037
1200679  0.0696653425693512
1200540  0.06965324282646179
1200457  0.06951487809419632
1200531  0.06951484084129333
1200451  0.06945531070232391
1200448  0.06928762793540955
1200458  0.0692557767033577
1200464  0.06881524622440338
1200459  0.06858409941196442
1200456  0.06839209794998169
1200435  0.06460148841142654
1101001  0.06430257856845856
1200433  0.0636424645781517
1200408  0.06359384953975677
1200341  0.06339122354984283
1200399  0.06336254626512527
1200432  0.06315949559211731
1200202  0.06309587508440018
1200417  0.0630379468202591
1200430  0.06303410977125168
1200340  0.06299234926700592
1200416  0.06296363472938538
1200431  0.06286091357469559
1200325  0.0628083199262619
1200406  0.06272369623184204
1200213  0.06272004544734955
1200322  0.06262640655040741
1200429  0.06256469339132309
1200209  0.06253012269735336
1200420  0.06252369284629822
1200398  0.06250206381082535
1200212  0.06241904944181442
1200403  0.06239653378725052
1200343  0.062375422567129135
1200342  0.062343381345272064
1200336  0.06231022998690605
1200337  0.06229442358016968
1200371  0.06227812170982361
1200321  0.062276214361190796
1200335  0.06226515769958496
1200203  0.062234655022621155
1200240  0.06222149357199669
1200413  0.06220760568976402
1200409  0.062143612653017044
1200372  0.06212570145726204
1200237  0.0621199831366539
1200338  0.0620880201458931
1200412  0.06202709674835205
1200319  0.062024571001529694
1200422  0.061996664851903915
1200334  0.061956413090229034
1200358  0.061847347766160965
1200324  0.06183240935206413
1200367  0.06181567162275314
1200234  0.06174946203827858
1200394  0.06174679845571518
1200235  0.06173726171255112
1200346  0.06173146516084671
1200366  0.06168938800692558
1200250  0.06162872537970543
1200226  0.06159378960728645
1200236  0.06156997010111809
1200233  0.06156081706285477
1200331  0.06131318584084511
1200320  0.06125963479280472
1200227  0.061224766075611115
1200232  0.061203282326459885
1200423  0.061113860458135605
1200216  0.06108497455716133
1200365  0.06107291206717491
1200323  0.061069853603839874
1200352  0.061064306646585464
1200214  0.06102629378437996
1200217  0.06087609380483627
1200428  0.06077693775296211
1200225  0.060378652065992355
1200229  0.06008568033576012
1201783  0.04949512332677841
1201651  0.0493813119828701
1201782  0.048847079277038574
1201750  0.04873257875442505
1201715  0.0486341193318367
1201744  0.04851825162768364
1201656  0.048482827842235565
1201759  0.04841975122690201
1201777  0.048334479331970215
1201776  0.04830421134829521
1201773  0.048274338245391846
1201758  0.04826066270470619
1201714  0.04825223982334137
1201733  0.048224031925201416
1201748  0.048168789595365524
1201663  0.04813264310359955
1201702  0.04812027886509895
1201680  0.04805730655789375
1201659  0.04802084341645241
1201718  0.048012856394052505
1201772  0.04799375310540199
1201691  0.047978680580854416
1201749  0.04795791953802109
1201707  0.047937195748090744
1201695  0.047931089997291565
1201755  0.047904226928949356
1201742  0.04790263622999191
1201764  0.04788739234209061
1201717  0.047807905822992325
1201765  0.04780561849474907
1201658  0.04779275134205818
1201757  0.047784969210624695
1201706  0.04775305092334747
1201657  0.047739382833242416
1201734  0.04771944507956505
1201683  0.04770714044570923
1201712  0.04769305884838104
1201688  0.04765826836228371
1201687  0.0476214773952961
1201689  0.04759015142917633
1201737  0.04756747558712959
1201713  0.0475572794675827
1201756  0.04754630848765373
1201698  0.04748765379190445
1201705  0.04745019972324371
1201729  0.04744424298405647
1201682  0.04740329086780548
1201732  0.047354165464639664
1201722  0.04734969139099121
1201668  0.04733601585030556
1201727  0.04732146114110947
1201703  0.04730094596743584
1201672  0.04730001091957092
1201681  0.04725862294435501
1201723  0.04718297719955444
1201679  0.0471285805106163
1201726  0.04710976034402847
1201690  0.04696151241660118
1201769  0.04694417491555214
1201673  0.046906206756830215
1201697  0.046884264796972275
1201770  0.04682488366961479
1201678  0.04679477959871292
1201664  0.04672357812523842
1201675  0.04665498435497284
1201670  0.04658150672912598
1201669  0.04652421176433563
1200698  0.04056781530380249
1201096  0.026783078908920288
1201041  0.02635709010064602
1200700  0.026186535134911537
1201000  0.02613101154565811
1200900  0.026022860780358315
1200961  0.02594670280814171
1200849  0.0259372778236866
1200997  0.02591060847043991
1200969  0.02586699277162552
1200996  0.02584102749824524
1200965  0.02580120600759983
1200898  0.025783473625779152
1200903  0.025781940668821335
1200899  0.0257760901004076
1200845  0.025761649012565613
1200860  0.0257287435233593
1200705  0.02570495381951332
1200702  0.025702908635139465
1200904  0.025656268000602722
1200908  0.02565462328493595
1200763  0.02562219835817814
1200824  0.025606000795960426
1200959  0.02557315118610859
1200794  0.025531960651278496
1200889  0.025531891733407974
1200862  0.025501111522316933
1200739  0.02548483945429325
1200892  0.025464562699198723
1200995  0.02545514889061451
1200918  0.025448864325881004
1200706  0.025448717176914215
1200701  0.025448143482208252
1200727  0.025434918701648712
1200819  0.025413405150175095
1200769  0.025381382554769516
1200888  0.025374578312039375
1200820  0.025362877175211906
1200738  0.02535800263285637
1200709  0.02533281221985817
1200779  0.025317594408988953
1200887  0.025308918207883835
1200808  0.025299392640590668
1200865  0.025241168215870857
1200754  0.02523736283183098
1200801  0.025220675393939018
1200818  0.025217147544026375
1200893  0.025193048641085625
1200740  0.02515673078596592
1200743  0.025154227390885353
1200976  0.025153502821922302
1200882  0.02512199990451336
1200788  0.02512078359723091
1200878  0.025115320459008217
1200730  0.02510124444961548
1200987  0.025071080774068832
1200732  0.025012575089931488
1200994  0.02498486638069153
1200874  0.024977097287774086
1200726  0.02495613507926464
1200711  0.024895312264561653
1200717  0.024844525381922722
1200712  0.024807825684547424
1200715  0.024773908779025078
1200721  0.024773161858320236
1200714  0.02461676299571991
1200720  0.024562712758779526
