1202355  0.5284105539321899
1200576  0.5268939733505249
1200996  0.5257214903831482
1202356  0.5254491567611694
1202319  0.5243847966194153
1202345  0.524225115776062
1200801  0.5236223936080933
1202376  0.5228157639503479
1202354  0.5226543545722961
1200976  0.5222963690757751
1202326  0.5217314958572388
1202366  0.5216765999794006
1202332  0.5215539932250977
1202305  0.5207260847091675
1202318  0.5196486711502075
1202378  0.5196402668952942
1202357  0.5196014046669006
1202327  0.5194982886314392
1202317  0.5194804072380066
1202336  0.5193656086921692
1202331  0.5191658139228821
1200661  0.5190490484237671
1202341  0.5189701318740845
1200961  0.5189248919487
1201102  0.518907368183136
1201105  0.5185218453407288
1202342  0.5184946656227112
1202370  0.5181480050086975
1202328  0.5181138515472412
1200654  0.5179488658905029
1202313  0.5177738666534424
1202349  0.5173289179801941
1200918  0.5171064734458923
1202340  0.5165930986404419
1202382  0.5165315866470337
1200965  0.5164923667907715
1201099  0.5160444974899292
1202359  0.5158948302268982
1200969  0.515674352645874
1400407  0.5155656337738037
1400414  0.5152032375335693
1200959  0.5150256156921387
1201000  0.5149856805801392
1200997  0.5146912932395935
1201234  0.5144946575164795
1200987  0.5140814781188965
1200994  0.513664186000824
1201808  0.5127893686294556
1200995  0.5127540826797485
1201096  0.5122364163398743
1202375  0.508625328540802
1201041  0.5060592293739319
1200320  0.5051663517951965
1202136  0.505024254322052
1201832  0.5049389004707336
1200874  0.5048009157180786
1201681  0.5046399235725403
1201271  0.5044244527816772
1201633  0.5043320655822754
1201713  0.5042735934257507
1200717  0.5041880011558533
1201233  0.5039646029472351
1201846  0.5039413571357727
1400174  0.5037015676498413
1200696  0.5035260319709778
1200233  0.5034586191177368
1201650  0.5034108757972717
1200682  0.5033929347991943
1202085  0.5033711194992065
1400652  0.5033019781112671
1200667  0.503042459487915
1200331  0.5030122399330139
1201262  0.503009021282196
1200727  0.5029846429824829
1400560  0.5027886629104614
1202105  0.5027491450309753
1200429  0.5026922225952148
1200226  0.5026583075523376
1201230  0.5026226043701172
1200457  0.5025862455368042
1400587  0.5025806427001953
1201656  0.5025357007980347
1200431  0.5024730563163757
1201396  0.5024607181549072
1400215  0.5023433566093445
1201475  0.5021581649780273
1400731  0.5019879341125488
1201770  0.5019292235374451
1201845  0.5019058585166931
1201352  0.5018808841705322
1201150  0.5018669962882996
1200214  0.5018088817596436
1200444  0.5017591714859009
1200322  0.5017545819282532
1200232  0.5017544031143188
1201672  0.5017243027687073
1200670  0.5016033053398132
1300049  0.5015841722488403
1400232  0.5015533566474915
1400525  0.5014956593513489
1400618  0.5014886260032654
1200336  0.501467227935791
1400236  0.5014595985412598
1200337  0.5014437437057495
1400538  0.5014263987541199
1200464  0.5013703107833862
1201896  0.5013023614883423
1400616  0.5012277364730835
1400551  0.5012221932411194
1200602  0.5011972784996033
1300052  0.5011452436447144
1201286  0.5010398626327515
1200447  0.5009797215461731
1202106  0.5009738206863403
1400630  0.5009655356407166
1201351  0.5009294748306274
1201146  0.5007060766220093
1201151  0.5006763339042664
1400740  0.500627338886261
1202109  0.500567615032196
1201384  0.5005653500556946
1400575  0.5005024671554565
1200503  0.5004864931106567
1201928  0.5004789233207703
1200824  0.5004537105560303
1200892  0.5004218816757202
1400541  0.5003811717033386
1200493  0.5003639459609985
1201377  0.5003622174263
1400239  0.500332236289978
1400605  0.5003275275230408
1201673  0.5002492666244507
1201307  0.5002366304397583
1400210  0.5001972913742065
1400529  0.5001749992370605
1202080  0.500079333782196
1201258  0.5000554323196411
1200399  0.5000491142272949
1201968  0.5000424385070801
1400192  0.4999969005584717
1201688  0.4999699592590332
1201690  0.49996519088745117
1201218  0.4999534487724304
1201217  0.4999440908432007
1400230  0.49993181228637695
1200520  0.4999120533466339
1201147  0.4998961389064789
1201154  0.4998127818107605
1400553  0.4997817575931549
1200794  0.49977895617485046
1201929  0.49974673986434937
1200203  0.49972692131996155
1201748  0.4996426999568939
1400235  0.4996241629123688
1200225  0.4996206760406494
1400220  0.4995981752872467
1400533  0.4995730519294739
1200888  0.4995599091053009
1201370  0.4995565116405487
1202065  0.49953919649124146
1202058  0.49953266978263855
1200720  0.49949565529823303
1201726  0.4994926154613495
1400621  0.49946460127830505
1201734  0.49946215748786926
1201772  0.4993838667869568
1201639  0.49934372305870056
1201742  0.49930763244628906
1200738  0.4992780387401581
1400191  0.4992524981498718
1201592  0.4992416799068451
1200507  0.4992395341396332
1400627  0.4991975724697113
1201839  0.4991970360279083
1400589  0.4991702437400818
1400606  0.4991539716720581
1201783  0.49909090995788574
1200485  0.49908164143562317
1200236  0.49904701113700867
1400583  0.4990431070327759
1400579  0.49896135926246643
1400237  0.4989381432533264
1201727  0.4989076852798462
1200683  0.49889785051345825
1400213  0.49889689683914185
1200352  0.49888110160827637
1200334  0.49884647130966187
1201643  0.49881014227867126
1201669  0.49876946210861206
1201478  0.49875321984291077
1400623  0.4987510144710541
1200595  0.4987403452396393
1201718  0.4987359046936035
1201463  0.49873143434524536
1400573  0.4986996054649353
1201860  0.4986737370491028
1201782  0.49867162108421326
1200754  0.4986564815044403
1201333  0.4986564815044403
1201287  0.49865543842315674
1400197  0.49865490198135376
1201831  0.49859774112701416
1200819  0.4985581636428833
1200509  0.4985211193561554
1200714  0.4985203444957733
1200441  0.4985074996948242
1202134  0.49850696325302124
1200695  0.49850383400917053
1200432  0.49847105145454407
1200202  0.4984578490257263
1201368  0.4984554350376129
1201777  0.4984269440174103
1201765  0.4984080493450165
1200898  0.4983850121498108
1200358  0.49836432933807373
1200417  0.4983535706996918
1400647  0.4983476400375366
1200235  0.4982556402683258
1300046  0.4982282221317291
1201659  0.49822041392326355
1200445  0.49821218848228455
1201840  0.49820172786712646
1400195  0.4981894791126251
1200490  0.4981343150138855
1200430  0.4981268048286438
1201818  0.49812227487564087
1200526  0.498096227645874
1201602  0.49809202551841736
1400400  0.4980814456939697
1201476  0.49805939197540283
1200705  0.49805915355682373
1300029  0.4980333149433136
1400522  0.49803081154823303
1200458  0.49802976846694946
1200412  0.49794095754623413
1201702  0.4979332685470581
1200680  0.4978947341442108
1201769  0.4978267550468445
1400556  0.4978046715259552
1200726  0.49778905510902405
1400662  0.4977564513683319
1200372  0.4977389872074127
1201698  0.4977262318134308
1201222  0.4977231025695801
1400524  0.49769172072410583
1201269  0.4976672828197479
1400620  0.4976651668548584
1200788  0.4976383447647095
1201248  0.4976271986961365
1200408  0.4976126551628113
1200494  0.49756938219070435
1201240  0.4975557029247284
1200541  0.49755439162254333
1201268  0.49754536151885986
1400654  0.49753516912460327
1201697  0.4975312650203705
1400738  0.49752071499824524
1202113  0.4974648356437683
1201644  0.497418612241745
1201679  0.4974161982536316
1201737  0.49740949273109436
1400199  0.49739915132522583
1202084  0.49738943576812744
1201468  0.49738872051239014
1400655  0.49737703800201416
1201297  0.497329980134964
1400214  0.49732986092567444
1201670  0.49732550978660583
1200470  0.49731701612472534
1201214  0.49728959798812866
1400593  0.49728158116340637
1201492  0.4972715973854065
1201927  0.49724674224853516
1202090  0.4971815347671509
1200394  0.4971621036529541
1201830  0.4971175491809845
1400588  0.4971027672290802
1200721  0.4970044493675232
1200524  0.49697965383529663
1300032  0.49695122241973877
1400656  0.49694666266441345
1201460  0.4969225823879242
1201750  0.4969140589237213
1201263  0.49691152572631836
1200323  0.49691030383110046
1202082  0.49688658118247986
1201955  0.49688050150871277
1400737  0.4968465566635132
1201484  0.49684426188468933
1201398  0.49679088592529297
1200340  0.49678876996040344
1201749  0.4967697560787201
1400193  0.49672991037368774
1201683  0.4966958165168762
1202079  0.49668699502944946
1400216  0.4966360628604889
1200515  0.4966251254081726
1201691  0.496599018573761
1400217  0.4965831935405731
1201850  0.4965357482433319
1200504  0.4965124726295471
1400590  0.49650999903678894
1200451  0.4964939057826996
1400221  0.49648991227149963
1400739  0.4964834451675415
1200484  0.49648168683052063
1200860  0.4964766204357147
1201479  0.49646803736686707
1101001  0.4964612126350403
1400651  0.49645888805389404
1201925  0.49642667174339294
1201918  0.4964071214199066
1202057  0.4964051842689514
1202068  0.496341735124588
1200730  0.4963323175907135
1201786  0.49633127450942993
1202067  0.49632662534713745
1201680  0.49632611870765686
1201907  0.49631935358047485
1201498  0.4963076710700989
1200711  0.49630260467529297
1201272  0.49629074335098267
1400586  0.496282696723938
1200365  0.496258407831192
1202204  0.4962526857852936
1400212  0.4962514042854309
1201706  0.496245414018631
1200531  0.49623003602027893
1202104  0.49620819091796875
1202119  0.4962044358253479
1400649  0.49620285630226135
1200440  0.49618983268737793
1400527  0.4961097240447998
1200428  0.49609658122062683
1202122  0.49606817960739136
1400562  0.4960627853870392
1201215  0.496054083108902
1202066  0.49600833654403687
1201420  0.4960011839866638
1400584  0.49596118927001953
1201284  0.4959540367126465
1400546  0.4958999454975128
1201776  0.4958967864513397
1201373  0.4958946704864502
1200435  0.4958816170692444
1201490  0.4958670735359192
1201273  0.49586454033851624
1200342  0.4957900047302246
1300035  0.4957663118839264
1200433  0.4957631528377533
1201682  0.4957527220249176
1201842  0.49574416875839233
1201466  0.49572446942329407
1201885  0.49572083353996277
1200217  0.495697945356369
1201733  0.4956185221672058
1200341  0.4956086277961731
1201847  0.49559637904167175
1200740  0.4955768883228302
1200808  0.49555227160453796
1201316  0.49554431438446045
1200671  0.49551764130592346
1400736  0.49550357460975647
1202118  0.4955034554004669
1400733  0.4954870045185089
1400542  0.4954836666584015
1201477  0.49545615911483765
1400530  0.49544456601142883
1201941  0.4954434633255005
1400242  0.49543994665145874
1400603  0.4953819215297699
1400743  0.4953424036502838
1400234  0.4953383207321167
1201489  0.4953368008136749
1201464  0.49530380964279175
1201668  0.4952844977378845
1201372  0.49527013301849365
1202061  0.49525147676467896
1201703  0.49523457884788513
1200448  0.49522849917411804
1201285  0.4952206611633301
1200715  0.4951897859573364
1200489  0.4951607286930084
1200492  0.4951554536819458
1400328  0.49513500928878784
1200343  0.4951293468475342
1201390  0.4951115846633911
1400607  0.49508678913116455
1400329  0.49506083130836487
1200406  0.4950176179409027
1202060  0.495001882314682
1400653  0.49497541785240173
1201651  0.4949721097946167
1200709  0.4949597120285034
1202108  0.49494481086730957
1200495  0.4949344992637634
1201155  0.49490851163864136
1200706  0.4948977530002594
1201663  0.4948768615722656
1201926  0.4948689043521881
1400646  0.4948466122150421
1201599  0.49484264850616455
1201283  0.4948062002658844
1400231  0.49476221203804016
1200845  0.4947371184825897
1201399  0.4947105050086975
1201153  0.4947030246257782
1201208  0.4946955442428589
1201315  0.4946400225162506
1400729  0.49460262060165405
1200416  0.4945957362651825
1200371  0.4945763349533081
1201402  0.494560569524765
1201293  0.49453726410865784
1200882  0.49453458189964294
1200420  0.49453410506248474
1200893  0.49453410506248474
1400223  0.49453410506248474
1200900  0.4945065975189209
1201499  0.49446672201156616
1201906  0.49446576833724976
1400547  0.4944499731063843
1201829  0.49438244104385376
1200467  0.49434176087379456
1201243  0.4943355321884155
1200700  0.4943160116672516
1201260  0.49430814385414124
1201865  0.4942832887172699
1201332  0.49426835775375366
1200502  0.49426066875457764
1201469  0.4941921830177307
1201705  0.4941904544830322
1200668  0.494131863117218
1201465  0.49407249689102173
1400226  0.49405375123023987
1400659  0.4940387010574341
1201664  0.4940343201160431
1400266  0.4940164089202881
1200878  0.4939786493778229
1400570  0.49397847056388855
1400537  0.493961364030838
1400580  0.49393948912620544
1200820  0.49392715096473694
1201637  0.4938742220401764
1400218  0.4938734173774719
1201280  0.49383947253227234
1201636  0.4938187599182129
1202063  0.49377819895744324
1201687  0.49372541904449463
1400211  0.49370554089546204
1400295  0.49364563822746277
1400383  0.4935799837112427
1201241  0.4935755133628845
1300041  0.49355775117874146
1201833  0.49354901909828186
1201295  0.49351418018341064
1201152  0.49346673488616943
1400619  0.49345844984054565
1201292  0.49344927072525024
1201942  0.4934050440788269
1202114  0.49339911341667175
1400532  0.4933985471725464
1200516  0.4933767020702362
1400626  0.49336326122283936
1200324  0.4933629035949707
1200862  0.4933575689792633
1201274  0.4933549463748932
1200338  0.49334144592285156
1201371  0.49333158135414124
1201755  0.49333006143569946
1201756  0.49329832196235657
1201714  0.4932742416858673
1400625  0.4932559132575989
1201773  0.49324139952659607
1201259  0.493233859539032
1400233  0.49318963289260864
1200466  0.49316346645355225
1200640  0.4931626617908478
1200423  0.4931507110595703
1202185  0.4931439757347107
1201304  0.49314165115356445
1201757  0.4930517077445984
1400735  0.49303072690963745
1200739  0.49301964044570923
1200508  0.49299490451812744
1201281  0.49297550320625305
1201797  0.4929385781288147
1400190  0.49287858605384827
1201836  0.4928782284259796
1200321  0.492858350276947
1201588  0.4928444027900696
1200335  0.492822527885437
1400615  0.4928191602230072
1201915  0.49279436469078064
1201924  0.4927462041378021
1201758  0.4927382171154022
1201505  0.49270787835121155
1200413  0.4927029013633728
1201504  0.49265649914741516
1200459  0.49256137013435364
1400209  0.49255698919296265
1201717  0.4925445020198822
1201723  0.49253663420677185
1202098  0.49253374338150024
1200367  0.4924860894680023
1400188  0.49247023463249207
1400238  0.49246618151664734
1200398  0.49242866039276123
1201303  0.4924284815788269
1201221  0.4924159348011017
1200446  0.4922902286052704
1201964  0.4922693371772766
1200540  0.4922443628311157
1200209  0.4921441674232483
1200366  0.4921146631240845
1201732  0.4920964539051056
1200216  0.4920879900455475
1200213  0.49206027388572693
1200712  0.49205684661865234
1200769  0.49201488494873047
1200237  0.4920021891593933
1400554  0.4919663071632385
1400543  0.49193525314331055
1201279  0.49191316962242126
1200227  0.4919053912162781
1400227  0.49188023805618286
1200212  0.4917856454849243
1201841  0.4917362928390503
1201256  0.4917184114456177
1201211  0.49169421195983887
1400536  0.4916370213031769
1400734  0.4916154146194458
1400576  0.4916032552719116
1200319  0.4915984869003296
1201675  0.491578072309494
1201324  0.4915684163570404
1200633  0.4915461242198944
1200471  0.4915034770965576
1202071  0.49146926403045654
1201462  0.491412490606308
1201695  0.4913809597492218
1201930  0.49137070775032043
1201508  0.49127161502838135
1200647  0.4912475347518921
1200701  0.4912438690662384
1200528  0.491237074136734
1201168  0.49122166633605957
1400648  0.4912129044532776
1201826  0.49121278524398804
1201932  0.4911980628967285
1200818  0.4911919832229614
1201657  0.4911123812198639
1201251  0.49109798669815063
1201145  0.49108263850212097
1200479  0.49106547236442566
1200865  0.49103856086730957
1400523  0.4910273551940918
1202154  0.4910270571708679
1201689  0.49101537466049194
1400228  0.4910123348236084
1200889  0.49098312854766846
1200903  0.49092406034469604
1200908  0.49092355370521545
1202081  0.49084287881851196
1200763  0.49081721901893616
1201923  0.4908168613910675
1202083  0.4907377362251282
1201485  0.49071475863456726
1200456  0.49069744348526
1400741  0.4906855523586273
1201759  0.4906659722328186
1400728  0.49064093828201294
1201257  0.49062293767929077
1200684  0.49058493971824646
1201207  0.4905552268028259
1201722  0.49052998423576355
1201158  0.49052056670188904
1200403  0.4905094504356384
1200743  0.4904918372631073
1201838  0.490462064743042
1400604  0.4904360771179199
1400194  0.49041834473609924
1400645  0.4903510510921478
1400175  0.4903028905391693
1201374  0.4902650713920593
1200698  0.4902461767196655
1201423  0.4902310371398926
1300055  0.49009275436401367
1400732  0.49009081721305847
1200849  0.49008697271347046
1200679  0.49007856845855713
1201642  0.4900461435317993
1201764  0.4900320768356323
1201494  0.49001047015190125
1200250  0.4899073541164398
1201302  0.4898730218410492
1200325  0.4898301661014557
1201249  0.48977622389793396
1201176  0.4897584319114685
1201707  0.4897553026676178
1201648  0.48974472284317017
1200899  0.4896996021270752
1201229  0.4896717667579651
1201649  0.48965775966644287
1200240  0.48965322971343994
1200542  0.4896385371685028
1201931  0.4896174669265747
1400629  0.48953744769096375
1201946  0.48946890234947205
1201223  0.4894186854362488
1200779  0.4893256723880768
1201904  0.48930490016937256
1400229  0.48930010199546814
1200732  0.48929423093795776
1201239  0.4892779588699341
1400582  0.48926690220832825
1201238  0.4891989231109619
1201934  0.48918643593788147
1202148  0.48918095231056213
1400657  0.48914507031440735
1400248  0.48912641406059265
1400219  0.48900219798088074
1300038  0.4888584613800049
1400555  0.4888361990451813
1201658  0.48879945278167725
1201678  0.48856037855148315
1400746  0.48853111267089844
1400205  0.4884258210659027
1200436  0.4884243905544281
1201638  0.48836201429367065
1200904  0.4883338212966919
1200544  0.48830482363700867
1400574  0.4882921874523163
1202086  0.48809024691581726
1200422  0.4880523681640625
1201729  0.4879990518093109
1201270  0.48793694376945496
1200543  0.48775604367256165
1202162  0.4877232611179352
1201314  0.4876571595668793
1200409  0.4875783622264862
1400393  0.487454354763031
1200887  0.487276554107666
1200229  0.48719504475593567
1201413  0.48717257380485535
1202151  0.4870920777320862
1201828  0.4870234727859497
1202146  0.4868408739566803
1400634  0.48666873574256897
1201585  0.4866662621498108
1201712  0.48659220337867737
1400208  0.4865569770336151
1201744  0.48641374707221985
1200702  0.4862593710422516
1200672  0.48615148663520813
1201899  0.48609524965286255
1400578  0.4858153164386749
1201715  0.48578739166259766
1202147  0.4855910539627075
1200545  0.4854849576950073
1200234  0.485380619764328
1200346  0.48535051941871643
1202144  0.48523056507110596
1201635  0.4848812222480774
1201247  0.4848102629184723
1202157  0.4846467971801758
1400296  0.4845885634422302
1202153  0.4845034182071686
1200539  0.48389604687690735
1201471  0.4832683503627777
1202188  0.4828653335571289
1201634  0.47697311639785767
