1200576  1.0
1200801  1.0
1202305  1.0
1202313  1.0
1202317  1.0
1202318  1.0
1202319  1.0
1202326  1.0
1202327  1.0
1202331  1.0
1202332  1.0
1202336  1.0
1202340  1.0
1202341  1.0
1202342  1.0
1202345  1.0
1202349  1.0
1202354  1.0
1202355  1.0
1202356  1.0
1202357  1.0
1202359  1.0
1202366  1.0
1202370  1.0
1202375  1.0
1202376  1.0
1202378  1.0
1202382  1.0
1200661  0.9759000729485332
1400414  0.9759000729485332
1202328  0.9746794344808964
1201096  0.9534625892455924
1201099  0.9534625892455924
1201102  0.9534625892455924
1201105  0.9
1200918  0.8944271909999159
1200959  0.8606629658238705
1200961  0.8606629658238705
1200965  0.8606629658238705
1200969  0.8606629658238705
1200976  0.8606629658238705
1200987  0.8606629658238705
1200994  0.8606629658238705
1200995  0.8606629658238705
1200996  0.8606629658238705
1200997  0.8606629658238705
1201000  0.8606629658238705
1200654  0.8304547985373997
1400407  0.8304547985373997
1201234  0.7181848464596079
1201041  0.6350852961085883
1101001  0.563436169819011
1200202  0.563436169819011
1200203  0.563436169819011
1200209  0.563436169819011
1200212  0.563436169819011
1200213  0.563436169819011
1200214  0.563436169819011
1200216  0.563436169819011
1200217  0.563436169819011
1200225  0.563436169819011
1200226  0.563436169819011
1200227  0.563436169819011
1200229  0.563436169819011
1200232  0.563436169819011
1200233  0.563436169819011
1200234  0.563436169819011
1200235  0.563436169819011
1200236  0.563436169819011
1200237  0.563436169819011
1200240  0.563436169819011
1200250  0.563436169819011
1200319  0.563436169819011
1200320  0.563436169819011
1200321  0.563436169819011
1200322  0.563436169819011
1200323  0.563436169819011
1200324  0.563436169819011
1200325  0.563436169819011
1200331  0.563436169819011
1200334  0.563436169819011
1200335  0.563436169819011
1200336  0.563436169819011
1200337  0.563436169819011
1200338  0.563436169819011
1200340  0.563436169819011
1200341  0.563436169819011
1200342  0.563436169819011
1200343  0.563436169819011
1200346  0.563436169819011
1200352  0.563436169819011
1200358  0.563436169819011
1200365  0.563436169819011
1200366  0.563436169819011
1200367  0.563436169819011
1200371  0.563436169819011
1200372  0.563436169819011
1200394  0.563436169819011
1200398  0.563436169819011
1200403  0.563436169819011
1200406  0.563436169819011
1200408  0.563436169819011
1200409  0.563436169819011
1200412  0.563436169819011
1200413  0.563436169819011
1200416  0.563436169819011
1200417  0.563436169819011
1200420  0.563436169819011
1200422  0.563436169819011
1200428  0.563436169819011
1200429  0.563436169819011
1200430  0.563436169819011
1200431  0.563436169819011
1200432  0.563436169819011
1200433  0.563436169819011
1200435  0.563436169819011
1200436  0.563436169819011
1200440  0.563436169819011
1200441  0.563436169819011
1200444  0.563436169819011
1200445  0.563436169819011
1200446  0.563436169819011
1200447  0.563436169819011
1200448  0.563436169819011
1200451  0.563436169819011
1200456  0.563436169819011
1200457  0.563436169819011
1200458  0.563436169819011
1200459  0.563436169819011
1200464  0.563436169819011
1200466  0.563436169819011
1200467  0.563436169819011
1200470  0.563436169819011
1200471  0.563436169819011
1200479  0.563436169819011
1200484  0.563436169819011
1200489  0.563436169819011
1200490  0.563436169819011
1200492  0.563436169819011
1200493  0.563436169819011
1200494  0.563436169819011
1200495  0.563436169819011
1200502  0.563436169819011
1200503  0.563436169819011
1200504  0.563436169819011
1200507  0.563436169819011
1200508  0.563436169819011
1200509  0.563436169819011
1200515  0.563436169819011
1200516  0.563436169819011
1200520  0.563436169819011
1200524  0.563436169819011
1200526  0.563436169819011
1200528  0.563436169819011
1200531  0.563436169819011
1200595  0.563436169819011
1200602  0.563436169819011
1200633  0.563436169819011
1200640  0.563436169819011
1200647  0.563436169819011
1200667  0.563436169819011
1200668  0.563436169819011
1200670  0.563436169819011
1200671  0.563436169819011
1200672  0.563436169819011
1200679  0.563436169819011
1200680  0.563436169819011
1200682  0.563436169819011
1200683  0.563436169819011
1200684  0.563436169819011
1200695  0.563436169819011
1200696  0.563436169819011
1200698  0.563436169819011
1200700  0.563436169819011
1200701  0.563436169819011
1200702  0.563436169819011
1200705  0.563436169819011
1200706  0.563436169819011
1200709  0.563436169819011
1200711  0.563436169819011
1200712  0.563436169819011
1200714  0.563436169819011
1200715  0.563436169819011
1200717  0.563436169819011
1200720  0.563436169819011
1200721  0.563436169819011
1200726  0.563436169819011
1200727  0.563436169819011
1200730  0.563436169819011
1200732  0.563436169819011
1200738  0.563436169819011
1200739  0.563436169819011
1200740  0.563436169819011
1200743  0.563436169819011
1200754  0.563436169819011
1200763  0.563436169819011
1200769  0.563436169819011
1200779  0.563436169819011
1200788  0.563436169819011
1200794  0.563436169819011
1200808  0.563436169819011
1200818  0.563436169819011
1200819  0.563436169819011
1200820  0.563436169819011
1200824  0.563436169819011
1200845  0.563436169819011
1200849  0.563436169819011
1200860  0.563436169819011
1200862  0.563436169819011
1200865  0.563436169819011
1200874  0.563436169819011
1200878  0.563436169819011
1200882  0.563436169819011
1200887  0.563436169819011
1200888  0.563436169819011
1200889  0.563436169819011
1200892  0.563436169819011
1200893  0.563436169819011
1200898  0.563436169819011
1200899  0.563436169819011
1200900  0.563436169819011
1200903  0.563436169819011
1200904  0.563436169819011
1200908  0.563436169819011
1201145  0.563436169819011
1201146  0.563436169819011
1201147  0.563436169819011
1201150  0.563436169819011
1201151  0.563436169819011
1201152  0.563436169819011
1201153  0.563436169819011
1201154  0.563436169819011
1201155  0.563436169819011
1201158  0.563436169819011
1201168  0.563436169819011
1201176  0.563436169819011
1201207  0.563436169819011
1201208  0.563436169819011
1201211  0.563436169819011
1201214  0.563436169819011
1201215  0.563436169819011
1201217  0.563436169819011
1201218  0.563436169819011
1201221  0.563436169819011
1201222  0.563436169819011
1201223  0.563436169819011
1201229  0.563436169819011
1201230  0.563436169819011
1201233  0.563436169819011
1201238  0.563436169819011
1201239  0.563436169819011
1201240  0.563436169819011
1201241  0.563436169819011
1201243  0.563436169819011
1201247  0.563436169819011
1201248  0.563436169819011
1201249  0.563436169819011
1201251  0.563436169819011
1201256  0.563436169819011
1201257  0.563436169819011
1201258  0.563436169819011
1201259  0.563436169819011
1201260  0.563436169819011
1201262  0.563436169819011
1201263  0.563436169819011
1201268  0.563436169819011
1201269  0.563436169819011
1201270  0.563436169819011
1201271  0.563436169819011
1201272  0.563436169819011
1201273  0.563436169819011
1201274  0.563436169819011
1201279  0.563436169819011
1201280  0.563436169819011
1201281  0.563436169819011
1201283  0.563436169819011
1201284  0.563436169819011
1201285  0.563436169819011
1201286  0.563436169819011
1201287  0.563436169819011
1201292  0.563436169819011
1201293  0.563436169819011
1201295  0.563436169819011
1201297  0.563436169819011
1201302  0.563436169819011
1201303  0.563436169819011
1201304  0.563436169819011
1201307  0.563436169819011
1201314  0.563436169819011
1201315  0.563436169819011
1201316  0.563436169819011
1201324  0.563436169819011
1201332  0.563436169819011
1201333  0.563436169819011
1201351  0.563436169819011
1201352  0.563436169819011
1201368  0.563436169819011
1201370  0.563436169819011
1201371  0.563436169819011
1201372  0.563436169819011
1201373  0.563436169819011
1201374  0.563436169819011
1201377  0.563436169819011
1201384  0.563436169819011
1201390  0.563436169819011
1201396  0.563436169819011
1201398  0.563436169819011
1201399  0.563436169819011
1201402  0.563436169819011
1201413  0.563436169819011
1201420  0.563436169819011
1201423  0.563436169819011
1201460  0.563436169819011
1201462  0.563436169819011
1201463  0.563436169819011
1201464  0.563436169819011
1201465  0.563436169819011
1201466  0.563436169819011
1201468  0.563436169819011
1201469  0.563436169819011
1201471  0.563436169819011
1201475  0.563436169819011
1201476  0.563436169819011
1201477  0.563436169819011
1201478  0.563436169819011
1201479  0.563436169819011
1201484  0.563436169819011
1201485  0.563436169819011
1201489  0.563436169819011
1201490  0.563436169819011
1201492  0.563436169819011
1201494  0.563436169819011
1201498  0.563436169819011
1201499  0.563436169819011
1201504  0.563436169819011
1201505  0.563436169819011
1201508  0.563436169819011
1201585  0.563436169819011
1201588  0.563436169819011
1201592  0.563436169819011
1201599  0.563436169819011
1201602  0.563436169819011
1201633  0.563436169819011
1201642  0.563436169819011
1201643  0.563436169819011
1201644  0.563436169819011
1201648  0.563436169819011
1201649  0.563436169819011
1201650  0.563436169819011
1201651  0.563436169819011
1201656  0.563436169819011
1201657  0.563436169819011
1201658  0.563436169819011
1201659  0.563436169819011
1201663  0.563436169819011
1201664  0.563436169819011
1201668  0.563436169819011
1201669  0.563436169819011
1201670  0.563436169819011
1201672  0.563436169819011
1201673  0.563436169819011
1201675  0.563436169819011
1201678  0.563436169819011
1201679  0.563436169819011
1201680  0.563436169819011
1201681  0.563436169819011
1201682  0.563436169819011
1201683  0.563436169819011
1201687  0.563436169819011
1201688  0.563436169819011
1201689  0.563436169819011
1201690  0.563436169819011
1201691  0.563436169819011
1201695  0.563436169819011
1201697  0.563436169819011
1201698  0.563436169819011
1201702  0.563436169819011
1201703  0.563436169819011
1201705  0.563436169819011
1201706  0.563436169819011
1201707  0.563436169819011
1201712  0.563436169819011
1201713  0.563436169819011
1201714  0.563436169819011
1201715  0.563436169819011
1201717  0.563436169819011
1201718  0.563436169819011
1201722  0.563436169819011
1201723  0.563436169819011
1201726  0.563436169819011
1201727  0.563436169819011
1201729  0.563436169819011
1201732  0.563436169819011
1201733  0.563436169819011
1201734  0.563436169819011
1201737  0.563436169819011
1201742  0.563436169819011
1201744  0.563436169819011
1201748  0.563436169819011
1201749  0.563436169819011
1201750  0.563436169819011
1201755  0.563436169819011
1201756  0.563436169819011
1201757  0.563436169819011
1201758  0.563436169819011
1201759  0.563436169819011
1201764  0.563436169819011
1201765  0.563436169819011
1201769  0.563436169819011
1201770  0.563436169819011
1201772  0.563436169819011
1201773  0.563436169819011
1201776  0.563436169819011
1201777  0.563436169819011
1201782  0.563436169819011
1201783  0.563436169819011
1201786  0.563436169819011
1201797  0.563436169819011
1201808  0.563436169819011
1201818  0.563436169819011
1201826  0.563436169819011
1201828  0.563436169819011
1201829  0.563436169819011
1201830  0.563436169819011
1201831  0.563436169819011
1201832  0.563436169819011
1201833  0.563436169819011
1201836  0.563436169819011
1201838  0.563436169819011
1201839  0.563436169819011
1201840  0.563436169819011
1201841  0.563436169819011
1201842  0.563436169819011
1201845  0.563436169819011
1201846  0.563436169819011
1201847  0.563436169819011
1201850  0.563436169819011
1201860  0.563436169819011
1201865  0.563436169819011
1201885  0.563436169819011
1201896  0.563436169819011
1201899  0.563436169819011
1201904  0.563436169819011
1201906  0.563436169819011
1201907  0.563436169819011
1201915  0.563436169819011
1201918  0.563436169819011
1201923  0.563436169819011
1201924  0.563436169819011
1201925  0.563436169819011
1201926  0.563436169819011
1201927  0.563436169819011
1201928  0.563436169819011
1201929  0.563436169819011
1201930  0.563436169819011
1201931  0.563436169819011
1201932  0.563436169819011
1201934  0.563436169819011
1201941  0.563436169819011
1201942  0.563436169819011
1201946  0.563436169819011
1201955  0.563436169819011
1201964  0.563436169819011
1201968  0.563436169819011
1202057  0.563436169819011
1202058  0.563436169819011
1202060  0.563436169819011
1202061  0.563436169819011
1202063  0.563436169819011
1202065  0.563436169819011
1202066  0.563436169819011
1202067  0.563436169819011
1202068  0.563436169819011
1202071  0.563436169819011
1202079  0.563436169819011
1202080  0.563436169819011
1202081  0.563436169819011
1202082  0.563436169819011
1202083  0.563436169819011
1202084  0.563436169819011
1202085  0.563436169819011
1202086  0.563436169819011
1202090  0.563436169819011
1202098  0.563436169819011
1202104  0.563436169819011
1202105  0.563436169819011
1202106  0.563436169819011
1202108  0.563436169819011
1202109  0.563436169819011
1202113  0.563436169819011
1202114  0.563436169819011
1202118  0.563436169819011
1202122  0.563436169819011
1202134  0.563436169819011
1202136  0.563436169819011
1202185  0.563436169819011
1202188  0.563436169819011
1202204  0.563436169819011
1300029  0.563436169819011
1300032  0.563436169819011
1300035  0.563436169819011
1300038  0.563436169819011
1300041  0.563436169819011
1300046  0.563436169819011
1300049  0.563436169819011
1300052  0.563436169819011
1300055  0.563436169819011
1400174  0.563436169819011
1400175  0.563436169819011
1400188  0.563436169819011
1400190  0.563436169819011
1400191  0.563436169819011
1400192  0.563436169819011
1400193  0.563436169819011
1400194  0.563436169819011
1400195  0.563436169819011
1400197  0.563436169819011
1400199  0.563436169819011
1400205  0.563436169819011
1400208  0.563436169819011
1400209  0.563436169819011
1400210  0.563436169819011
1400211  0.563436169819011
1400212  0.563436169819011
1400213  0.563436169819011
1400214  0.563436169819011
1400215  0.563436169819011
1400216  0.563436169819011
1400217  0.563436169819011
1400218  0.563436169819011
1400219  0.563436169819011
1400220  0.563436169819011
1400221  0.563436169819011
1400223  0.563436169819011
1400226  0.563436169819011
1400227  0.563436169819011
1400228  0.563436169819011
1400229  0.563436169819011
1400230  0.563436169819011
1400231  0.563436169819011
1400232  0.563436169819011
1400233  0.563436169819011
1400234  0.563436169819011
1400235  0.563436169819011
1400236  0.563436169819011
1400237  0.563436169819011
1400238  0.563436169819011
1400239  0.563436169819011
1400242  0.563436169819011
1400248  0.563436169819011
1400266  0.563436169819011
1400328  0.563436169819011
1400329  0.563436169819011
1400400  0.563436169819011
1400522  0.563436169819011
1400523  0.563436169819011
1400524  0.563436169819011
1400525  0.563436169819011
1400527  0.563436169819011
1400529  0.563436169819011
1400530  0.563436169819011
1400532  0.563436169819011
1400533  0.563436169819011
1400536  0.563436169819011
1400537  0.563436169819011
1400538  0.563436169819011
1400541  0.563436169819011
1400542  0.563436169819011
1400543  0.563436169819011
1400546  0.563436169819011
1400547  0.563436169819011
1400551  0.563436169819011
1400553  0.563436169819011
1400554  0.563436169819011
1400555  0.563436169819011
1400556  0.563436169819011
1400560  0.563436169819011
1400562  0.563436169819011
1400570  0.563436169819011
1400573  0.563436169819011
1400574  0.563436169819011
1400575  0.563436169819011
1400576  0.563436169819011
1400578  0.563436169819011
1400579  0.563436169819011
1400580  0.563436169819011
1400582  0.563436169819011
1400583  0.563436169819011
1400584  0.563436169819011
1400586  0.563436169819011
1400587  0.563436169819011
1400588  0.563436169819011
1400589  0.563436169819011
1400590  0.563436169819011
1400593  0.563436169819011
1400603  0.563436169819011
1400604  0.563436169819011
1400605  0.563436169819011
1400606  0.563436169819011
1400607  0.563436169819011
1400615  0.563436169819011
1400616  0.563436169819011
1400618  0.563436169819011
1400619  0.563436169819011
1400620  0.563436169819011
1400621  0.563436169819011
1400623  0.563436169819011
1400625  0.563436169819011
1400626  0.563436169819011
1400627  0.563436169819011
1400629  0.563436169819011
1400630  0.563436169819011
1400634  0.563436169819011
1400645  0.563436169819011
1400646  0.563436169819011
1400647  0.563436169819011
1400648  0.563436169819011
1400649  0.563436169819011
1400651  0.563436169819011
1400652  0.563436169819011
1400653  0.563436169819011
1400654  0.563436169819011
1400655  0.563436169819011
1400656  0.563436169819011
1400657  0.563436169819011
1400659  0.563436169819011
1400662  0.563436169819011
1400728  0.563436169819011
1400729  0.563436169819011
1400731  0.563436169819011
1400732  0.563436169819011
1400733  0.563436169819011
1400734  0.563436169819011
1400735  0.563436169819011
1400736  0.563436169819011
1400737  0.563436169819011
1400738  0.563436169819011
1400739  0.563436169819011
1400740  0.563436169819011
1400741  0.563436169819011
1400743  0.563436169819011
1400746  0.563436169819011
1200399  0.23354968324845687
1200423  0.23354968324845687
1200485  0.23354968324845687
1400383  0.08770580193070293
1202119  0.062017367294604234
1200539  0.044721359549995794
1200540  0.044721359549995794
1200541  0.044721359549995794
1200542  0.044721359549995794
1200543  0.044721359549995794
1200544  0.044721359549995794
1200545  0.044721359549995794
1202153  0.044721359549995794
1202154  0.044721359549995794
1400393  0.044721359549995794
1201634  0.042257712736425826
1201635  0.042257712736425826
1201636  0.042257712736425826
1201637  0.042257712736425826
1201638  0.042257712736425826
1201639  0.042257712736425826
1202144  0.042257712736425826
1202146  0.042257712736425826
1202147  0.042257712736425826
1202148  0.042257712736425826
1202151  0.042257712736425826
1202157  0.042257712736425826
1202162  0.042257712736425826
1400295  0.042257712736425826
1400296  0.042257712736425826
