7400087  inf
7400089  inf
7400091  inf
7400093  inf
7400095  inf
7400097  inf
7400099  inf
7400101  112812.5
7400103  112812.5
7400105  112812.5
7400107  74892.0
7400109  74892.0
7400111  74892.0
7400113  74892.0
7400117  74892.0
7400083  2615.2758620689656
2000042  1834.9112903225807
2000013  1569.1655172413793
2000014  1569.1655172413793
2000058  1569.1655172413793
2000059  1569.1655172413793
2000060  1569.1655172413793
2000061  1569.1655172413793
2000062  1569.1655172413793
2000063  1569.1655172413793
2000064  1569.1655172413793
2000065  1569.1655172413793
2000069  1569.1655172413793
2000070  1569.1655172413793
2000071  1569.1655172413793
2000072  1569.1655172413793
2000073  1569.1655172413793
2000074  1569.1655172413793
2000075  1569.1655172413793
2000076  1569.1655172413793
2000078  1569.1655172413793
2000079  1569.1655172413793
2000080  1569.1655172413793
2000081  1569.1655172413793
2000082  1569.1655172413793
2000083  1569.1655172413793
2000084  1569.1655172413793
2000085  1569.1655172413793
2000086  1569.1655172413793
3600048  416.7197802197802
3600049  416.7197802197802
5200068  416.7197802197802
5200071  416.7197802197802
5200076  416.7197802197802
5200049  403.95472440944883
5200050  403.95472440944883
2700042  400.17843866171006
4200016  400.17843866171006
4700016  400.17843866171006
4800017  400.17843866171006
4800020  400.17843866171006
4800026  400.17843866171006
4900017  400.17843866171006
5300039  400.17843866171006
5700022  400.17843866171006
5700032  400.17843866171006
5700033  400.17843866171006
5700034  400.17843866171006
5700035  400.17843866171006
5700047  400.17843866171006
5700048  400.17843866171006
5700056  400.17843866171006
5700057  400.17843866171006
5700066  400.17843866171006
5900055  400.17843866171006
6000023  400.17843866171006
6000024  400.17843866171006
6000025  400.17843866171006
6000055  400.17843866171006
6000056  400.17843866171006
6000057  400.17843866171006
6000060  400.17843866171006
6000061  400.17843866171006
6000062  400.17843866171006
6000063  400.17843866171006
6000065  400.17843866171006
6000068  400.17843866171006
6000069  400.17843866171006
6000071  400.17843866171006
6000073  400.17843866171006
6000075  400.17843866171006
6000077  400.17843866171006
6000090  400.17843866171006
6000091  400.17843866171006
6000092  400.17843866171006
6000094  400.17843866171006
6000095  400.17843866171006
6000096  400.17843866171006
6000097  400.17843866171006
6000100  400.17843866171006
6000101  400.17843866171006
6100048  400.17843866171006
6200028  400.17843866171006
6300029  400.17843866171006
6300030  400.17843866171006
6300031  400.17843866171006
6300040  400.17843866171006
6300041  400.17843866171006
6300049  400.17843866171006
6300050  400.17843866171006
6300051  400.17843866171006
6300058  400.17843866171006
6500030  400.17843866171006
6500032  400.17843866171006
6500033  400.17843866171006
6500034  400.17843866171006
6500035  400.17843866171006
6500036  400.17843866171006
6500058  400.17843866171006
6500059  400.17843866171006
6500062  400.17843866171006
6500063  400.17843866171006
6500079  400.17843866171006
6900040  400.17843866171006
6900048  400.17843866171006
6900049  400.17843866171006
6900074  400.17843866171006
7600086  400.17843866171006
7600087  400.17843866171006
7900090  400.17843866171006
7900094  400.17843866171006
7900095  400.17843866171006
7900098  400.17843866171006
7900101  400.17843866171006
7900102  400.17843866171006
7900103  400.17843866171006
7900108  400.17843866171006
7900109  400.17843866171006
7900112  400.17843866171006
7900114  400.17843866171006
7900117  400.17843866171006
4400016  398.6962962962963
4400018  398.6962962962963
4400019  398.6962962962963
4400020  398.6962962962963
4600016  398.6962962962963
4600017  398.6962962962963
4600018  398.6962962962963
5400022  398.6962962962963
7000042  398.6962962962963
7600076  398.6962962962963
7600077  398.6962962962963
7600081  398.6962962962963
7600082  398.6962962962963
7800060  398.6962962962963
7800062  398.6962962962963
7800064  398.6962962962963
2700041  397.2250922509225
2700044  397.2250922509225
2700046  397.2250922509225
7600071  397.2250922509225
7600072  397.2250922509225
7600091  397.2250922509225
7600095  397.2250922509225
1800025  396.49355432780845
7600067  396.49355432780845
7600068  396.49355432780845
1800021  395.7647058823529
1800022  395.7647058823529
6700124  395.03853211009175
6700132  395.03853211009175
6700133  395.03853211009175
6700134  395.03853211009175
6700138  395.03853211009175
7600066  395.03853211009175
2600020  394.31501831501834
2700014  394.31501831501834
2700020  394.31501831501834
6700037  394.31501831501834
6800038  394.31501831501834
6800041  394.31501831501834
7600055  394.31501831501834
7600056  394.31501831501834
7600058  394.31501831501834
7600059  394.31501831501834
7600065  394.31501831501834
3600064  393.5372549019608
3600065  393.5372549019608
3600060  393.1146245059289
3600061  393.1146245059289
5200103  393.1146245059289
5200104  393.1146245059289
5200105  393.1146245059289
5200106  393.1146245059289
5500123  393.1146245059289
5500124  393.1146245059289
6700146  390.7368421052632
6700150  390.7368421052632
6700151  390.7368421052632
6700152  390.7368421052632
6700156  390.7368421052632
1800017  389.86714542190305
1800014  389.168458781362
5900026  388.06299212598424
6700034  387.92072072072074
6700032  387.2230215827338
2200013  379.215
7400053  379.215
7400056  379.215
7400057  379.215
3600021  375.46039603960395
3600022  375.46039603960395
3600024  375.46039603960395
5200019  375.46039603960395
5200021  375.46039603960395
5200022  375.46039603960395
5200026  375.46039603960395
5200081  375.46039603960395
5200083  375.46039603960395
5200089  375.46039603960395
5200090  375.46039603960395
5200109  375.46039603960395
5500022  375.46039603960395
5500026  375.46039603960395
5500112  375.46039603960395
5500117  375.46039603960395
5900047  375.46039603960395
5900048  375.46039603960395
1100033  369.96585365853656
1500027  369.96585365853656
3600015  369.96585365853656
3600018  369.96585365853656
5600022  369.96585365853656
5600024  369.96585365853656
7500054  369.3652597402597
5700059  369.3254901960784
5700061  369.3254901960784
5700062  369.3254901960784
5700070  369.3254901960784
5700080  369.3254901960784
6300052  367.8828125
5900040  366.98225806451615
7700068  366.98225806451615
7700072  366.98225806451615
7700075  366.98225806451615
6900050  366.4513618677043
7900115  366.4513618677043
7900135  366.4513618677043
5300020  366.39130434782606
5900022  366.39130434782606
5900029  366.39130434782606
5900031  366.39130434782606
5900032  366.39130434782606
5900034  366.39130434782606
5900037  366.39130434782606
5900038  366.39130434782606
5900039  366.39130434782606
7700056  366.39130434782606
1000005  365.8022508038585
1100007  365.8022508038585
1100009  365.8022508038585
1100012  365.8022508038585
1100015  365.8022508038585
1400009  365.8022508038585
1500011  365.8022508038585
1700016  365.8022508038585
1700017  365.8022508038585
1700020  365.8022508038585
2500014  365.8022508038585
2500015  365.8022508038585
2500016  365.8022508038585
2500019  365.8022508038585
2500039  365.8022508038585
4300016  365.8022508038585
4300017  365.8022508038585
4300018  365.8022508038585
4300024  365.8022508038585
4300025  365.8022508038585
4300033  365.8022508038585
4300046  365.8022508038585
4300047  365.8022508038585
4300052  365.8022508038585
4300055  365.8022508038585
4300058  365.8022508038585
4300059  365.8022508038585
4300064  365.8022508038585
6500064  365.73980582524274
6500065  365.73980582524274
7900121  365.73980582524274
7900122  365.73980582524274
1600011  361.1940298507463
1600029  361.1940298507463
1600030  361.1940298507463
1600031  361.1940298507463
1600009  360.5214152700186
3900015  359.0607210626186
3900017  359.0607210626186
3900018  359.0607210626186
3900019  359.0607210626186
3900020  359.0607210626186
3900021  359.0607210626186
3900029  359.0607210626186
5600074  308.2661870503597
5600066  307.58058252427185
5700072  168.6811320754717
5700086  168.6811320754717
5700076  155.00954198473283
5600070  154.12713472485768
