7400097  0.35794439911842346
7400095  0.3572143614292145
7400089  0.3438173532485962
7400093  0.3433476388454437
7400087  0.34092968702316284
7400099  0.3357944190502167
7400117  0.3340986669063568
7400091  0.33361536264419556
7400101  0.31554415822029114
7400105  0.3084997236728668
7400107  0.3038564920425415
7400103  0.3003048300743103
7400111  0.29517555236816406
7400109  0.2949087917804718
7400113  0.29434069991111755
7400083  0.27572932839393616
2000078  0.26024866104125977
2000042  0.2581980526447296
2000059  0.2515663206577301
2000079  0.24760091304779053
2000069  0.24684013426303864
2000080  0.24621638655662537
2000083  0.24472613632678986
2000073  0.24326759576797485
2000085  0.2424924671649933
2000060  0.24197004735469818
7600095  0.24090316891670227
6000056  0.24067047238349915
2000082  0.24000127613544464
2000075  0.23960331082344055
2700042  0.23872502148151398
2000084  0.23866060376167297
6000101  0.23846089839935303
2000014  0.23787648975849152
4400020  0.23728077113628387
2000070  0.23588918149471283
7800064  0.2357272207736969
4600017  0.2351818084716797
2000064  0.23501187562942505
6700134  0.23473979532718658
7900112  0.23451250791549683
5700061  0.23435182869434357
6500058  0.2343282699584961
2000071  0.2342381477355957
6500035  0.23423564434051514
2000081  0.2341887503862381
6100048  0.2338618040084839
7900135  0.23326054215431213
2000074  0.23325099050998688
2000013  0.23325008153915405
5700048  0.23297539353370667
5900026  0.23259687423706055
6300029  0.23256102204322815
2000063  0.23255351185798645
2000065  0.2323518991470337
5700070  0.2319786101579666
6300052  0.231657475233078
6900074  0.22971715033054352
6000061  0.22968877851963043
4400019  0.22967581450939178
3600061  0.2296753227710724
4700016  0.2296205461025238
7900117  0.229376882314682
3600048  0.22903145849704742
7600082  0.22868911921977997
4800026  0.22854268550872803
5400022  0.22841015458106995
5200049  0.22828902304172516
2000062  0.2281886637210846
6000057  0.22764743864536285
5500124  0.22726154327392578
2000086  0.22656500339508057
7800060  0.2265537679195404
6300049  0.22646464407444
5700066  0.22630725800991058
5200105  0.2262975573539734
5700032  0.22620061039924622
3600018  0.2258015275001526
6900049  0.22568510472774506
3600060  0.22559690475463867
7000042  0.2252883017063141
5700080  0.22527073323726654
2700044  0.22526578605175018
6000065  0.22512288391590118
6000060  0.22493866086006165
6500079  0.22490617632865906
6000071  0.2248314768075943
6500032  0.22475822269916534
5700035  0.22452406585216522
5200106  0.22389711439609528
6700132  0.22364158928394318
6000100  0.2236073613166809
4800020  0.22346390783786774
6000094  0.22337836027145386
6300030  0.22332878410816193
6000091  0.2232721447944641
5200050  0.22321972250938416
5700059  0.2230132520198822
6300050  0.22286586463451385
6500036  0.2226029336452484
4200016  0.22258979082107544
6900050  0.22256557643413544
6000097  0.2225426435470581
7600091  0.22230519354343414
2000072  0.2221304178237915
4900017  0.22207649052143097
5900048  0.22181709110736847
2000061  0.22181102633476257
6000062  0.2217862457036972
7700075  0.22166870534420013
5200076  0.22162693738937378
1800025  0.22151395678520203
7900109  0.22147344052791595
6500030  0.2213933914899826
2000058  0.2207322120666504
6500065  0.22050614655017853
7600087  0.22040636837482452
6800041  0.22031429409980774
6000023  0.22028805315494537
7900095  0.220186248421669
5700047  0.22015732526779175
5500026  0.22013498842716217
6000055  0.21974974870681763
2000076  0.2196829915046692
7600068  0.21948380768299103
6300041  0.21944943070411682
7900102  0.2192765772342682
5900055  0.21918682754039764
7800062  0.21915149688720703
6300040  0.2191188633441925
7700072  0.21890652179718018
2700046  0.21879792213439941
6000068  0.21844561398029327
5700062  0.21822969615459442
5200090  0.21818898618221283
4400018  0.21803295612335205
5500123  0.21772432327270508
6800038  0.21756426990032196
6500034  0.21747681498527527
7600076  0.21745102107524872
6000024  0.2173212766647339
6500033  0.21728116273880005
5200068  0.21684187650680542
6300058  0.2168097198009491
7600077  0.21665959060192108
7600081  0.21625550091266632
6000092  0.21618501842021942
4800017  0.21611261367797852
2700041  0.21578386425971985
1400009  0.21577098965644836
5200103  0.21534472703933716
7900114  0.21533583104610443
7600056  0.21524669229984283
6900048  0.2151784896850586
6000073  0.21507826447486877
5700022  0.2150445580482483
7900115  0.21498975157737732
3600021  0.21491427719593048
1800017  0.2148381918668747
6700133  0.2148047834634781
7600086  0.21369320154190063
6000075  0.21340562403202057
7900103  0.2133551687002182
6200028  0.21334579586982727
5200104  0.21317577362060547
5200026  0.2127332091331482
4300018  0.21273183822631836
5700057  0.21268586814403534
5700034  0.2122291624546051
6300031  0.21221685409545898
5200022  0.2116893082857132
6000069  0.21168585121631622
5300039  0.21168483793735504
7900122  0.21150347590446472
7700068  0.21134056150913239
6000095  0.21111784875392914
5200021  0.21098177134990692
1100033  0.2105044722557068
6700124  0.21034197509288788
7600067  0.21024402976036072
6500062  0.21004675328731537
6000096  0.21003980934619904
5700033  0.20999528467655182
5200071  0.2098633199930191
6500063  0.20985989272594452
3600022  0.2098555862903595
1700017  0.2095808982849121
7900098  0.20954529941082
5900029  0.20944082736968994
5200019  0.20933638513088226
5900031  0.2089785486459732
5200109  0.20858916640281677
4600018  0.20847603678703308
7900101  0.20839104056358337
1000005  0.20824697613716125
7600071  0.2082003802061081
6700037  0.20814648270606995
2700014  0.2076839655637741
6700151  0.20765624940395355
2500014  0.20753861963748932
6500059  0.20745891332626343
5600070  0.20739753544330597
7700056  0.2071206420660019
6700138  0.20697395503520966
5900039  0.2066802680492401
5900038  0.20616187155246735
5700056  0.2060873955488205
4300055  0.20605303347110748
3600065  0.20603543519973755
5900040  0.20599031448364258
6000090  0.205814927816391
1100007  0.2057679295539856
4300046  0.2057270109653473
3600024  0.2056964486837387
2500015  0.20564793050289154
5200081  0.2055816948413849
5700076  0.2055516093969345
7900090  0.20510874688625336
5200089  0.20501567423343658
4300058  0.20445744693279266
1100015  0.20437763631343842
7900108  0.20421260595321655
6300051  0.20416846871376038
1800021  0.20415230095386505
6900040  0.20401854813098907
4300017  0.20369333028793335
2200013  0.20318743586540222
7900094  0.20288538932800293
6000063  0.2028251439332962
7600072  0.20276276767253876
6000025  0.2026878148317337
4400016  0.20237575471401215
5600066  0.20213378965854645
3900020  0.20166660845279694
5200083  0.20125751197338104
7900121  0.20056621730327606
5500112  0.20053958892822266
2500039  0.20028738677501678
6000077  0.2002745419740677
1700016  0.20023353397846222
5500117  0.20020897686481476
1800022  0.20001168549060822
1700020  0.19992312788963318
3600049  0.1997680813074112
3600064  0.1994808167219162
7600055  0.19917376339435577
5700086  0.1991625726222992
4600016  0.19899845123291016
7400057  0.19894596934318542
7500054  0.1988452821969986
2500019  0.19870980083942413
6700034  0.19846715033054352
4300033  0.19844208657741547
5900047  0.19828620553016663
1500011  0.19764894247055054
4300016  0.1975651979446411
4300052  0.19706688821315765
5900022  0.19702990353107452
7600059  0.19697941839694977
1600009  0.19680632650852203
6500064  0.1965969055891037
5500022  0.1964825540781021
1800014  0.1962497979402542
7400053  0.19608043134212494
5900032  0.19540148973464966
5700072  0.1952304095029831
5900037  0.19496992230415344
1600011  0.19494420289993286
2700020  0.19453227519989014
1500027  0.19382146000862122
2600020  0.19278132915496826
7600066  0.19242209196090698
4300025  0.19198155403137207
6700150  0.1918555349111557
2500016  0.1916317492723465
4300024  0.19162237644195557
1100012  0.19129779934883118
1600029  0.19119198620319366
5300020  0.19108402729034424
1100009  0.19072338938713074
3900019  0.19072070717811584
3600015  0.1905404031276703
6700152  0.18915314972400665
6700032  0.18904642760753632
4300059  0.18885305523872375
3900021  0.18863224983215332
3900015  0.18791748583316803
5600022  0.1876779943704605
4300047  0.18743230402469635
5900034  0.18660181760787964
7600065  0.18640881776809692
1600031  0.18574942648410797
5600074  0.18537035584449768
4300064  0.1839139759540558
3900018  0.18389606475830078
6700146  0.1837320178747177
6700156  0.18289156258106232
1600030  0.1821715086698532
7600058  0.18213431537151337
7400056  0.18081577122211456
3900029  0.17927318811416626
5600024  0.17827081680297852
3900017  0.17618724703788757
