7400087  1.0
7400089  1.0
7400091  1.0
7400093  1.0
7400095  1.0
7400097  1.0
7400099  1.0
7400101  0.9979013618001529
7400103  0.9979013618001529
7400105  0.9979013618001529
7400107  0.996850385877389
7400109  0.996850385877389
7400111  0.996850385877389
7400113  0.996850385877389
7400117  0.996850385877389
7400083  0.9196437793249426
2000042  0.8908856293929664
2000013  0.8757174366991367
2000014  0.8757174366991367
2000058  0.8757174366991367
2000059  0.8757174366991367
2000060  0.8757174366991367
2000061  0.8757174366991367
2000062  0.8757174366991367
2000063  0.8757174366991367
2000064  0.8757174366991367
2000065  0.8757174366991367
2000069  0.8757174366991367
2000070  0.8757174366991367
2000071  0.8757174366991367
2000072  0.8757174366991367
2000073  0.8757174366991367
2000074  0.8757174366991367
2000075  0.8757174366991367
2000076  0.8757174366991367
2000078  0.8757174366991367
2000079  0.8757174366991367
2000080  0.8757174366991367
2000081  0.8757174366991367
2000082  0.8757174366991367
2000083  0.8757174366991367
2000084  0.8757174366991367
2000085  0.8757174366991367
2000086  0.8757174366991367
3600048  0.6828438033870169
3600049  0.6828438033870169
5200068  0.6828438033870169
5200071  0.6828438033870169
5200076  0.6828438033870169
5200049  0.6775934778359184
5200050  0.6775934778359184
2700042  0.6755548950847167
4200016  0.6755548950847167
4700016  0.6755548950847167
4800017  0.6755548950847167
4800020  0.6755548950847167
4800026  0.6755548950847167
4900017  0.6755548950847167
5300039  0.6755548950847167
5700022  0.6755548950847167
5700032  0.6755548950847167
5700033  0.6755548950847167
5700034  0.6755548950847167
5700035  0.6755548950847167
5700047  0.6755548950847167
5700048  0.6755548950847167
5700056  0.6755548950847167
5700057  0.6755548950847167
5700066  0.6755548950847167
5900055  0.6755548950847167
6000023  0.6755548950847167
6000024  0.6755548950847167
6000025  0.6755548950847167
6000055  0.6755548950847167
6000056  0.6755548950847167
6000057  0.6755548950847167
6000060  0.6755548950847167
6000061  0.6755548950847167
6000062  0.6755548950847167
6000063  0.6755548950847167
6000065  0.6755548950847167
6000068  0.6755548950847167
6000069  0.6755548950847167
6000071  0.6755548950847167
6000073  0.6755548950847167
6000075  0.6755548950847167
6000077  0.6755548950847167
6000090  0.6755548950847167
6000091  0.6755548950847167
6000092  0.6755548950847167
6000094  0.6755548950847167
6000095  0.6755548950847167
6000096  0.6755548950847167
6000097  0.6755548950847167
6000100  0.6755548950847167
6000101  0.6755548950847167
6100048  0.6755548950847167
6200028  0.6755548950847167
6300029  0.6755548950847167
6300030  0.6755548950847167
6300031  0.6755548950847167
6300040  0.6755548950847167
6300041  0.6755548950847167
6300049  0.6755548950847167
6300050  0.6755548950847167
6300051  0.6755548950847167
6300058  0.6755548950847167
6500030  0.6755548950847167
6500032  0.6755548950847167
6500033  0.6755548950847167
6500034  0.6755548950847167
6500035  0.6755548950847167
6500036  0.6755548950847167
6500058  0.6755548950847167
6500059  0.6755548950847167
6500062  0.6755548950847167
6500063  0.6755548950847167
6500079  0.6755548950847167
6900040  0.6755548950847167
6900048  0.6755548950847167
6900049  0.6755548950847167
6900074  0.6755548950847167
7600086  0.6755548950847167
7600087  0.6755548950847167
7900090  0.6755548950847167
7900094  0.6755548950847167
7900095  0.6755548950847167
7900098  0.6755548950847167
7900101  0.6755548950847167
7900102  0.6755548950847167
7900103  0.6755548950847167
7900108  0.6755548950847167
7900109  0.6755548950847167
7900112  0.6755548950847167
7900114  0.6755548950847167
7900117  0.6755548950847167
4400016  0.6748728606906573
4400018  0.6748728606906573
4400019  0.6748728606906573
4400020  0.6748728606906573
4600016  0.6748728606906573
4600017  0.6748728606906573
4600018  0.6748728606906573
5400022  0.6748728606906573
7000042  0.6748728606906573
7600076  0.6748728606906573
7600077  0.6748728606906573
7600081  0.6748728606906573
7600082  0.6748728606906573
7800060  0.6748728606906573
7800062  0.6748728606906573
7800064  0.6748728606906573
2700041  0.6741928878623906
2700044  0.6741928878623906
2700046  0.6741928878623906
7600071  0.6741928878623906
7600072  0.6741928878623906
7600091  0.6741928878623906
7600095  0.6741928878623906
1800025  0.6738536712935645
7600067  0.6738536712935645
7600068  0.6738536712935645
1800021  0.6735149662350745
1800022  0.6735149662350745
6700124  0.6731767714026865
6700132  0.6731767714026865
6700133  0.6731767714026865
6700134  0.6731767714026865
6700138  0.6731767714026865
7600066  0.6731767714026865
3600064  0.6729936515545207
3600065  0.6729936515545207
3600060  0.6728927577751481
3600061  0.6728927577751481
5200103  0.6728927577751481
5200104  0.6728927577751481
5200105  0.6728927577751481
5200106  0.6728927577751481
5500123  0.6728927577751481
5500124  0.6728927577751481
2600020  0.6728390855166763
2700014  0.6728390855166763
2700020  0.6728390855166763
6700037  0.6728390855166763
6800038  0.6728390855166763
6800041  0.6728390855166763
7600055  0.6728390855166763
7600056  0.6728390855166763
7600058  0.6728390855166763
7600059  0.6728390855166763
7600065  0.6728390855166763
6700146  0.6711582458050382
6700150  0.6711582458050382
6700151  0.6711582458050382
6700152  0.6711582458050382
6700156  0.6711582458050382
1800017  0.6707126090331905
5900026  0.6706038229407
1800014  0.6703814746713469
6700034  0.6698226061812276
6700032  0.669489940351828
2200013  0.6655050232215739
7400053  0.6655050232215739
7400056  0.6655050232215739
7400057  0.6655050232215739
3600021  0.6636589585746575
3600022  0.6636589585746575
3600024  0.6636589585746575
5200019  0.6636589585746575
5200021  0.6636589585746575
5200022  0.6636589585746575
5200026  0.6636589585746575
5200081  0.6636589585746575
5200083  0.6636589585746575
5200089  0.6636589585746575
5200090  0.6636589585746575
5200109  0.6636589585746575
5500022  0.6636589585746575
5500026  0.6636589585746575
5500112  0.6636589585746575
5500117  0.6636589585746575
5900047  0.6636589585746575
5900048  0.6636589585746575
5700059  0.6620154796589214
5700061  0.6620154796589214
5700062  0.6620154796589214
5700070  0.6620154796589214
5700080  0.6620154796589214
6300052  0.6612819442761325
1100033  0.6609184418770494
1500027  0.6609184418770494
3600015  0.6609184418770494
3600018  0.6609184418770494
5600022  0.6609184418770494
5600024  0.6609184418770494
7500054  0.6606160312266364
6900050  0.6605508418477615
7900115  0.6605508418477615
7900135  0.6605508418477615
6500064  0.6601861987938366
6500065  0.6601861987938366
7900121  0.6601861987938366
7900122  0.6601861987938366
5900040  0.6594105265155308
7700068  0.6594105265155308
7700072  0.6594105265155308
7700075  0.6594105265155308
5300020  0.6591101800975288
5900022  0.6591101800975288
5900029  0.6591101800975288
5900031  0.6591101800975288
5900032  0.6591101800975288
5900034  0.6591101800975288
5900037  0.6591101800975288
5900038  0.6591101800975288
5900039  0.6591101800975288
7700056  0.6591101800975288
1000005  0.6588102437088016
1100007  0.6588102437088016
1100009  0.6588102437088016
1100012  0.6588102437088016
1100015  0.6588102437088016
1400009  0.6588102437088016
1500011  0.6588102437088016
1700016  0.6588102437088016
1700017  0.6588102437088016
1700020  0.6588102437088016
2500014  0.6588102437088016
2500015  0.6588102437088016
2500016  0.6588102437088016
2500019  0.6588102437088016
2500039  0.6588102437088016
4300016  0.6588102437088016
4300017  0.6588102437088016
4300018  0.6588102437088016
4300024  0.6588102437088016
4300025  0.6588102437088016
4300033  0.6588102437088016
4300046  0.6588102437088016
4300047  0.6588102437088016
4300052  0.6588102437088016
4300055  0.6588102437088016
4300058  0.6588102437088016
4300059  0.6588102437088016
4300064  0.6588102437088016
1600011  0.6574469134854176
1600029  0.6574469134854176
1600030  0.6574469134854176
1600031  0.6574469134854176
1600009  0.6570971146240046
3900015  0.6566533341973916
3900017  0.6566533341973916
3900018  0.6566533341973916
3900019  0.6566533341973916
3900020  0.6566533341973916
3900021  0.6566533341973916
3900029  0.6566533341973916
5600066  0.6310167060103926
5600074  0.629415607850419
5700072  0.536563967356953
5700086  0.536563967356953
5700076  0.5253431677201276
5600070  0.5240706349645402
