1501738  0.4988853931427002
1400281  0.4919980466365814
1501708  0.4911211133003235
2401176  0.48683127760887146
2401185  0.48509207367897034
1400298  0.48367586731910706
1400299  0.4833727478981018
2401186  0.4829361140727997
1501710  0.4821780025959015
1400291  0.48166000843048096
1400297  0.4815157949924469
1501709  0.4811560809612274
1501711  0.4808160960674286
1400296  0.47919952869415283
1400285  0.4778682291507721
1400280  0.4770924746990204
1400772  0.47651293873786926
2401187  0.4763910472393036
1400290  0.47436273097991943
1400305  0.47302109003067017
1701551  0.4695301055908203
1400234  0.46902674436569214
1701560  0.46886950731277466
2401193  0.46831414103507996
1501721  0.46736305952072144
1400303  0.46716487407684326
1400286  0.46651577949523926
1701542  0.46565431356430054
1501725  0.46560707688331604
1400292  0.4653240442276001
1701539  0.4651852250099182
1400472  0.4646034240722656
2301114  0.46333587169647217
1400485  0.4616612195968628
1400408  0.46161824464797974
1701544  0.46123796701431274
1400249  0.4610556662082672
1701549  0.46021997928619385
1701541  0.45946404337882996
1400479  0.4593590795993805
2201278  0.45853254199028015
1400425  0.4582717716693878
1400634  0.4578188359737396
1400466  0.4575527310371399
1400692  0.45740407705307007
1400475  0.45652684569358826
1400461  0.45623505115509033
1701538  0.45569220185279846
1501717  0.45460230112075806
1400469  0.45450982451438904
1400561  0.45441025495529175
1701540  0.4541521370410919
1400675  0.45380911231040955
1400465  0.45379847288131714
1400664  0.4537753760814667
1400663  0.45362767577171326
1701557  0.4527965784072876
1400633  0.45213499665260315
1400620  0.4515276849269867
1601147  0.45138055086135864
1701548  0.4508499503135681
1400688  0.449911504983902
1601148  0.4486939609050751
2301120  0.44825804233551025
1400545  0.4478349983692169
1400293  0.4473992884159088
1601154  0.447383850812912
1400551  0.44720524549484253
1400954  0.446580708026886
2201279  0.4465397894382477
1401006  0.44637978076934814
1400600  0.446050226688385
1400483  0.44597291946411133
1400477  0.44569826126098633
1400649  0.4454042911529541
1400589  0.445366770029068
1400690  0.4453357458114624
1400214  0.4451233744621277
1400631  0.4445408582687378
1501727  0.44362273812294006
1400672  0.4433339834213257
1400112  0.44318923354148865
1400677  0.44291284680366516
1400730  0.4425640106201172
1400733  0.44245192408561707
2201285  0.44230979681015015
1400470  0.44204404950141907
1400713  0.44195932149887085
1400114  0.4417477250099182
1601161  0.4416710138320923
1400630  0.4415479004383087
1601155  0.44149914383888245
1400595  0.4411466717720032
1001447  0.4410361051559448
1400539  0.4409618079662323
1601158  0.4408264458179474
2301113  0.440805047750473
1400462  0.4407688081264496
1400586  0.4407571256160736
1400597  0.44052040576934814
1400738  0.44041210412979126
1400596  0.4403111934661865
1400750  0.4398869574069977
1400544  0.43967774510383606
2201272  0.4396634101867676
1400717  0.4396011531352997
1400588  0.4394775331020355
1400585  0.43908020853996277
2201273  0.4388354420661926
1400643  0.4383801221847534
1400216  0.43790891766548157
1400725  0.4377078413963318
1400538  0.4375435709953308
1400478  0.4373876452445984
1400607  0.4373050630092621
1400546  0.43712979555130005
1400724  0.43712854385375977
1400714  0.43675312399864197
1601157  0.4363609552383423
1401007  0.4362049102783203
1401004  0.4360608756542206
1701559  0.4358613193035126
1400471  0.435624897480011
1400613  0.4355711042881012
1400212  0.43535757064819336
1400542  0.43516600131988525
1801089  0.43510252237319946
1400735  0.4350665509700775
1400605  0.4349804222583771
1400686  0.4348689913749695
1400219  0.43472638726234436
1601146  0.4344628155231476
1400587  0.4343973994255066
1400566  0.4340823292732239
1001449  0.43373972177505493
1400584  0.43352410197257996
1400548  0.433452308177948
1400751  0.4333769381046295
1400215  0.43307575583457947
1400113  0.43292927742004395
1400740  0.43273642659187317
1400726  0.4326416254043579
1001448  0.432420939207077
1400599  0.43185025453567505
1601160  0.4311203062534332
1400642  0.4310031831264496
1400748  0.43049317598342896
1001455  0.43041151762008667
2301112  0.4302590787410736
1400550  0.4300675690174103
1401001  0.4299483597278595
1400591  0.4298660457134247
1400737  0.42978212237358093
1401003  0.42939960956573486
1400612  0.4283781051635742
1400570  0.4280218183994293
1400722  0.42774391174316406
1400213  0.4271453320980072
1401002  0.4269825220108032
1400640  0.42663082480430603
1400110  0.42655983567237854
1400687  0.426328182220459
1400720  0.4263087213039398
1400619  0.4258728623390198
1400753  0.42561787366867065
1400592  0.425104022026062
1801083  0.42425793409347534
1400711  0.42376989126205444
1400716  0.4234509766101837
1400564  0.42329636216163635
1400217  0.42323392629623413
1400741  0.42269623279571533
1400697  0.4222365915775299
2201277  0.4222002923488617
1801081  0.42208823561668396
1400636  0.42193225026130676
1401005  0.4217119514942169
1400562  0.42161884903907776
1400648  0.4215759336948395
1400581  0.4213739335536957
1400759  0.4210779070854187
1400758  0.4209810793399811
1601156  0.4206675887107849
1400770  0.42051735520362854
1901340  0.42028066515922546
1801082  0.4198247492313385
1400565  0.4191422760486603
1400111  0.41836899518966675
1400746  0.4182053208351135
1601145  0.4177328050136566
1901333  0.4176081120967865
1400776  0.41630569100379944
1400582  0.4156455397605896
1400774  0.4145556092262268
1400594  0.41429635882377625
1400637  0.41381070017814636
1400723  0.41339564323425293
1400700  0.41241925954818726
1400569  0.41171762347221375
1901334  0.41152945160865784
1400555  0.40896132588386536
1901332  0.4075627028942108
1400639  0.4013686776161194
1400554  0.3980256915092468
