1501708  1.0
1501709  1.0
1501710  1.0
1501711  1.0
1501738  1.0
1400249  0.8164965809277261
1400280  0.8164965809277261
1400281  0.8164965809277261
1400285  0.8164965809277261
1400286  0.8164965809277261
1400290  0.8164965809277261
1400291  0.8164965809277261
1400292  0.8164965809277261
1400296  0.8164965809277261
1400297  0.8164965809277261
1400298  0.8164965809277261
1400299  0.8164965809277261
1400303  0.8164965809277261
1400305  0.8164965809277261
1400620  0.8164965809277261
1400772  0.7745966692414834
2401176  0.7745966692414834
2401185  0.7745966692414834
2401186  0.7745966692414834
2401187  0.7745966692414834
2401193  0.7745966692414834
1400234  0.5773502691896258
1400293  0.5773502691896258
1400408  0.5773502691896258
1400425  0.5773502691896258
1400461  0.5773502691896258
1400462  0.5773502691896258
1400465  0.5773502691896258
1400466  0.5773502691896258
1400469  0.5773502691896258
1400470  0.5773502691896258
1400471  0.5773502691896258
1400472  0.5773502691896258
1400475  0.5773502691896258
1400477  0.5773502691896258
1400478  0.5773502691896258
1400479  0.5773502691896258
1400483  0.5773502691896258
1400485  0.5773502691896258
1400672  0.5773502691896258
1400675  0.5773502691896258
1400677  0.5773502691896258
1501717  0.5773502691896258
1501721  0.5773502691896258
1501725  0.5773502691896258
1501727  0.5773502691896258
1701538  0.5773502691896258
1701539  0.5773502691896258
1701540  0.5773502691896258
1701541  0.5773502691896258
1701542  0.5773502691896258
1701544  0.5773502691896258
1701548  0.5773502691896258
1701549  0.5773502691896258
1701551  0.5773502691896258
1701557  0.5773502691896258
1701559  0.5773502691896258
1701560  0.5773502691896258
1400954  0.5163977794943222
1400630  0.43301270189221935
1400631  0.43301270189221935
1001447  0.4082482904638631
1001448  0.4082482904638631
1001449  0.4082482904638631
1001455  0.4082482904638631
1400633  0.4082482904638631
1400634  0.4082482904638631
1400663  0.4082482904638631
1400664  0.4082482904638631
1400613  0.3872983346207417
1400776  0.3872983346207417
2201272  0.3872983346207417
2201273  0.3872983346207417
2201277  0.3872983346207417
2201278  0.3872983346207417
2201279  0.3872983346207417
2201285  0.3872983346207417
1400110  0.3779644730092272
1400111  0.3779644730092272
1400112  0.3779644730092272
1400113  0.3779644730092272
1400114  0.3779644730092272
1400212  0.3779644730092272
1400213  0.3779644730092272
1400214  0.3779644730092272
1400215  0.3779644730092272
1400216  0.3779644730092272
1400217  0.3779644730092272
1400219  0.3779644730092272
1400538  0.3779644730092272
1400539  0.3779644730092272
1400542  0.3779644730092272
1400544  0.3779644730092272
1400545  0.3779644730092272
1400546  0.3779644730092272
1400548  0.3779644730092272
1400550  0.3779644730092272
1400551  0.3779644730092272
1400554  0.3779644730092272
1400555  0.3779644730092272
1400561  0.3779644730092272
1400562  0.3779644730092272
1400564  0.3779644730092272
1400565  0.3779644730092272
1400566  0.3779644730092272
1400569  0.3779644730092272
1400570  0.3779644730092272
1400581  0.3779644730092272
1400582  0.3779644730092272
1400584  0.3779644730092272
1400585  0.3779644730092272
1400586  0.3779644730092272
1400587  0.3779644730092272
1400588  0.3779644730092272
1400589  0.3779644730092272
1400591  0.3779644730092272
1400592  0.3779644730092272
1400594  0.3779644730092272
1400595  0.3779644730092272
1400596  0.3779644730092272
1400597  0.3779644730092272
1400599  0.3779644730092272
1400600  0.3779644730092272
1400605  0.3779644730092272
1400607  0.3779644730092272
1400612  0.3779644730092272
1400619  0.3779644730092272
1400686  0.3779644730092272
1400687  0.3779644730092272
1400688  0.3779644730092272
1400697  0.3779644730092272
1400700  0.3779644730092272
1400711  0.3779644730092272
1400713  0.3779644730092272
1400714  0.3779644730092272
1400716  0.3779644730092272
1400717  0.3779644730092272
1400720  0.3779644730092272
1400722  0.3779644730092272
1400723  0.3779644730092272
1400724  0.3779644730092272
1400725  0.3779644730092272
1400726  0.3779644730092272
1400730  0.3779644730092272
1400733  0.3779644730092272
1400735  0.3779644730092272
1400737  0.3779644730092272
1400738  0.3779644730092272
1400740  0.3779644730092272
1400748  0.3779644730092272
1400750  0.3779644730092272
1400751  0.3779644730092272
1400753  0.3779644730092272
1400758  0.3779644730092272
1400759  0.3779644730092272
1400770  0.3779644730092272
1401001  0.3779644730092272
1401002  0.3779644730092272
1401003  0.3779644730092272
1401004  0.3779644730092272
1401005  0.3779644730092272
1401006  0.3779644730092272
1401007  0.3779644730092272
1801081  0.3779644730092272
1801082  0.3779644730092272
1801083  0.3779644730092272
1801089  0.3779644730092272
1400648  0.3481553119113957
1400649  0.3481553119113957
1400690  0.3481553119113957
1400692  0.3481553119113957
2301112  0.3481553119113957
2301113  0.3481553119113957
2301114  0.3481553119113957
2301120  0.3481553119113957
1601145  0.3333333333333333
1601146  0.3333333333333333
1601147  0.3333333333333333
1601148  0.3333333333333333
1601154  0.3333333333333333
1601155  0.3333333333333333
1601156  0.3333333333333333
1601157  0.3333333333333333
1601158  0.3333333333333333
1601160  0.3333333333333333
1601161  0.3333333333333333
1400774  0.2581988897471611
1901332  0.2581988897471611
1901333  0.2581988897471611
1901334  0.2581988897471611
1901340  0.2581988897471611
1400636  0.18257418583505536
1400637  0.18257418583505536
1400642  0.18257418583505536
1400643  0.18257418583505536
1400741  0.18257418583505536
1400746  0.18257418583505536
1400639  0.17407765595569785
1400640  0.17407765595569785
