1200030  1.0
1200053  1.0
1200054  1.0
1200055  1.0
2400030  1.0
2400035  1.0
2400044  1.0
2500043  1.0
2500044  1.0
2500045  1.0
2500055  1.0
2500056  1.0
2500061  1.0
2500066  1.0
2500067  1.0
2500603  1.0
2500604  1.0
2500605  1.0
2500606  1.0
2500616  1.0
2500919  1.0
2600076  1.0
2600077  1.0
2600078  1.0
2600094  1.0
2600095  1.0
2600096  1.0
2600114  1.0
2600115  1.0
2600118  1.0
2600121  1.0
2600122  1.0
2600125  1.0
2600126  1.0
2600129  1.0
2600130  1.0
2600136  1.0
2600138  1.0
2600160  1.0
2600254  1.0
2600271  1.0
2600273  1.0
2600274  1.0
2600275  1.0
2600276  1.0
2600277  1.0
2600278  1.0
2600279  1.0
2600280  1.0
2600281  1.0
2600282  1.0
2600283  1.0
2600285  1.0
2600289  1.0
2600314  1.0
2600315  1.0
2600320  1.0
2600325  1.0
2600326  1.0
2600330  1.0
2600331  1.0
2600334  1.0
2600335  1.0
2600336  1.0
2600341  1.0
2600343  1.0
2600347  1.0
2600367  1.0
2600372  1.0
2600373  1.0
2600404  1.0
2600410  1.0
2600482  1.0
2600483  1.0
2600484  1.0
2600485  1.0
2600486  1.0
2600487  1.0
2600488  1.0
2600491  1.0
2600622  1.0
2600623  1.0
3300094  1.0
3300095  1.0
3300117  1.0
3300118  1.0
3300119  1.0
3300120  1.0
3300121  1.0
3300122  1.0
3300123  1.0
3300124  1.0
3300125  1.0
3300173  1.0
3300182  1.0
3400036  1.0
3400077  1.0
3400078  1.0
3400079  1.0
3500606  1.0
3500611  1.0
3500612  1.0
4100191  1.0
4100193  1.0
4100194  1.0
4100195  1.0
4100198  1.0
4100199  1.0
4100200  1.0
4100201  1.0
4100204  1.0
4100205  1.0
4100237  1.0
4100238  1.0
4100239  1.0
4100240  1.0
4100243  1.0
4100246  1.0
4100571  1.0
4100572  1.0
4100573  1.0
4100574  1.0
4100575  1.0
4100576  1.0
4100578  1.0
4100579  1.0
4100581  1.0
4100582  1.0
4100583  1.0
4100584  1.0
4100585  1.0
4100587  1.0
4100588  1.0
4100589  1.0
4100591  1.0
4100592  1.0
4100593  1.0
4100597  1.0
4100598  1.0
4100599  1.0
4100600  1.0
4100601  1.0
4100602  1.0
4100603  1.0
4100605  1.0
4100615  1.0
4100618  1.0
4100619  1.0
4100620  1.0
4100621  1.0
4100622  1.0
4100623  1.0
4100643  1.0
4100644  1.0
4100645  1.0
4100646  1.0
4100647  1.0
4100648  1.0
4100649  1.0
4100651  1.0
4100654  1.0
4100657  1.0
4100692  1.0
4100695  1.0
4100696  1.0
4100697  1.0
4100698  1.0
4100699  1.0
4100700  1.0
4100707  1.0
4100708  1.0
4100826  1.0
4100827  1.0
4100828  1.0
4100829  1.0
4100830  1.0
4100833  1.0
4100839  1.0
4100842  1.0
4100845  1.0
4100846  1.0
4100847  1.0
4100848  1.0
4100849  1.0
4100850  1.0
4100851  1.0
4100854  1.0
4100855  1.0
4100856  1.0
4100859  1.0
4100860  1.0
4100863  1.0
4100864  1.0
4100865  1.0
4100866  1.0
4100867  1.0
4100868  1.0
4100869  1.0
4100873  1.0
4100874  1.0
4100875  1.0
4100877  1.0
4100878  1.0
4100880  1.0
4100883  1.0
4100885  1.0
4100886  1.0
4100887  1.0
4100888  1.0
4100893  1.0
4100894  1.0
4100898  1.0
4100936  1.0
4100937  1.0
4100940  1.0
4100941  1.0
4100942  1.0
4100946  1.0
4100951  1.0
4100952  1.0
4100953  1.0
4100954  1.0
4100955  1.0
4100960  1.0
4100962  1.0
4100963  1.0
4100964  1.0
4100965  1.0
4100970  1.0
4100973  1.0
4100977  1.0
4100992  1.0
4100995  1.0
4100996  1.0
4100998  1.0
4101003  1.0
4101005  1.0
4101011  1.0
4101012  1.0
4101014  1.0
4101043  1.0
4101047  1.0
4101049  1.0
4101052  1.0
4101053  1.0
4101066  1.0
4101071  1.0
4101074  1.0
4101077  1.0
4101080  1.0
4101082  1.0
4101083  1.0
4101084  1.0
4101093  1.0
4101095  1.0
4101098  1.0
4101100  1.0
4101101  1.0
4101118  1.0
4101120  1.0
4101132  1.0
4101145  1.0
4101157  1.0
4101158  1.0
4101159  1.0
4101160  1.0
4101161  1.0
4101162  1.0
4101163  1.0
4101167  1.0
4101168  1.0
4101169  1.0
4101170  1.0
4101172  1.0
4101175  1.0
4101176  1.0
4101177  1.0
4101179  1.0
4101180  1.0
4101183  1.0
4101186  1.0
4101187  1.0
4101188  1.0
4101190  1.0
4101194  1.0
4101197  1.0
4101198  1.0
4101199  1.0
4101201  1.0
4101202  1.0
4101205  1.0
4101208  1.0
4101209  1.0
4101210  1.0
4101212  1.0
4101216  1.0
4101218  1.0
4101230  1.0
4101231  1.0
4101232  1.0
4101233  1.0
4101234  1.0
4101235  1.0
4101238  1.0
4101253  1.0
4101254  1.0
4101255  1.0
4101256  1.0
4101257  1.0
4101258  1.0
4101259  1.0
4101260  1.0
4101261  1.0
4101263  1.0
4101273  1.0
4101274  1.0
4101275  1.0
4101276  1.0
4101278  1.0
4101279  1.0
4101280  1.0
4101281  1.0
4101282  1.0
4101283  1.0
4101284  1.0
4101285  1.0
4101288  1.0
4101289  1.0
4101290  1.0
4101291  1.0
4101292  1.0
4101293  1.0
4101294  1.0
4101299  1.0
4101300  1.0
4101301  1.0
4101302  1.0
4101303  1.0
4101304  1.0
4101305  1.0
4101306  1.0
4101308  1.0
4101309  1.0
4101310  1.0
4101311  1.0
4101312  1.0
4101313  1.0
4101314  1.0
4101316  1.0
4101317  1.0
4101319  1.0
4101330  1.0
4101331  1.0
4101332  1.0
4101334  1.0
4101335  1.0
4101336  1.0
4101337  1.0
4101342  1.0
4101344  1.0
4101345  1.0
4101346  1.0
4101347  1.0
4101351  1.0
4101352  1.0
4101377  1.0
4101378  1.0
4101379  1.0
4101380  1.0
4101381  1.0
4101382  1.0
4101387  1.0
4101389  1.0
4101390  1.0
4101391  1.0
4101392  1.0
4101396  1.0
4101398  1.0
4101399  1.0
4101400  1.0
4101401  1.0
4101402  1.0
4101407  1.0
4101409  1.0
4101410  1.0
4101411  1.0
4101412  1.0
4101416  1.0
4101418  1.0
4101419  1.0
4101421  1.0
4101432  1.0
4101433  1.0
4101434  1.0
4101438  1.0
4101444  1.0
4101445  1.0
4101448  1.0
4101450  1.0
4101451  1.0
4101452  1.0
4101454  1.0
4101456  1.0
4101457  1.0
4101458  1.0
4101459  1.0
4101460  1.0
4101472  1.0
4101474  1.0
4101475  1.0
4101478  1.0
4101479  1.0
4101480  1.0
4101481  1.0
4101484  1.0
4101485  1.0
4101502  1.0
4101503  1.0
4101504  1.0
4101507  1.0
4101508  1.0
4101509  1.0
4101511  1.0
4101512  1.0
4101513  1.0
4101517  1.0
4101520  1.0
4101521  1.0
4101523  1.0
4101526  1.0
4101529  1.0
4101530  1.0
4101533  1.0
4101534  1.0
4101535  1.0
4101536  1.0
4101537  1.0
4101540  1.0
4101543  1.0
4101544  1.0
4101586  1.0
4101621  1.0
4101622  1.0
4101625  1.0
4101627  1.0
4101672  1.0
4101682  1.0
4101683  1.0
4101684  1.0
4101685  1.0
4101686  1.0
4101687  1.0
4101688  1.0
4101689  1.0
4101690  1.0
4101692  1.0
4400106  1.0
4400650  1.0
4400656  1.0
