2103446  1.0
2103482  1.0
1000174  0.03448275862068961
1000175  0.03448275862068961
1000188  0.03448275862068961
1000190  0.03448275862068961
1000191  0.03448275862068961
1000192  0.03448275862068961
1000193  0.03448275862068961
1000194  0.03448275862068961
1000195  0.03448275862068961
1000197  0.03448275862068961
1000199  0.03448275862068961
1000205  0.03448275862068961
1000208  0.03448275862068961
1000209  0.03448275862068961
1000210  0.03448275862068961
1000211  0.03448275862068961
1000212  0.03448275862068961
1000213  0.03448275862068961
1000214  0.03448275862068961
1000215  0.03448275862068961
1000216  0.03448275862068961
1000217  0.03448275862068961
1000218  0.03448275862068961
1000219  0.03448275862068961
1000220  0.03448275862068961
1000221  0.03448275862068961
1000223  0.03448275862068961
1000226  0.03448275862068961
1000227  0.03448275862068961
1000228  0.03448275862068961
1000229  0.03448275862068961
1000230  0.03448275862068961
1000231  0.03448275862068961
1000232  0.03448275862068961
1000233  0.03448275862068961
1000234  0.03448275862068961
1000235  0.03448275862068961
1000236  0.03448275862068961
1000237  0.03448275862068961
1000238  0.03448275862068961
1000239  0.03448275862068961
1000242  0.03448275862068961
1000248  0.03448275862068961
1000266  0.03448275862068961
1000328  0.03448275862068961
1000329  0.03448275862068961
1000400  0.03448275862068961
1000522  0.03448275862068961
1000523  0.03448275862068961
1000524  0.03448275862068961
1000525  0.03448275862068961
1000527  0.03448275862068961
1000529  0.03448275862068961
1000530  0.03448275862068961
1000532  0.03448275862068961
1000533  0.03448275862068961
1000536  0.03448275862068961
1000537  0.03448275862068961
1000538  0.03448275862068961
1000541  0.03448275862068961
1000542  0.03448275862068961
1000543  0.03448275862068961
1000546  0.03448275862068961
1000547  0.03448275862068961
1000551  0.03448275862068961
1000553  0.03448275862068961
1000554  0.03448275862068961
1000555  0.03448275862068961
1000556  0.03448275862068961
1000560  0.03448275862068961
1000562  0.03448275862068961
1000570  0.03448275862068961
1000573  0.03448275862068961
1000574  0.03448275862068961
1000575  0.03448275862068961
1000576  0.03448275862068961
1000578  0.03448275862068961
1000579  0.03448275862068961
1000580  0.03448275862068961
1000582  0.03448275862068961
1000583  0.03448275862068961
1000584  0.03448275862068961
1000586  0.03448275862068961
1000587  0.03448275862068961
1000588  0.03448275862068961
1000589  0.03448275862068961
1000590  0.03448275862068961
1000593  0.03448275862068961
1000603  0.03448275862068961
1000604  0.03448275862068961
1000605  0.03448275862068961
1000606  0.03448275862068961
1000607  0.03448275862068961
1000615  0.03448275862068961
1000616  0.03448275862068961
1000618  0.03448275862068961
1000619  0.03448275862068961
1000620  0.03448275862068961
1000621  0.03448275862068961
1000623  0.03448275862068961
1000625  0.03448275862068961
1000626  0.03448275862068961
1000627  0.03448275862068961
1000629  0.03448275862068961
1000630  0.03448275862068961
1000634  0.03448275862068961
1000645  0.03448275862068961
1000646  0.03448275862068961
1000647  0.03448275862068961
1000648  0.03448275862068961
1000649  0.03448275862068961
1000651  0.03448275862068961
1000652  0.03448275862068961
1000653  0.03448275862068961
1000654  0.03448275862068961
1000655  0.03448275862068961
1000656  0.03448275862068961
1000657  0.03448275862068961
1000659  0.03448275862068961
1000662  0.03448275862068961
1000728  0.03448275862068961
1000729  0.03448275862068961
1000731  0.03448275862068961
1000732  0.03448275862068961
1000733  0.03448275862068961
1000734  0.03448275862068961
1000735  0.03448275862068961
1000736  0.03448275862068961
1000737  0.03448275862068961
1000738  0.03448275862068961
1000739  0.03448275862068961
1000740  0.03448275862068961
1000741  0.03448275862068961
1000743  0.03448275862068961
1000746  0.03448275862068961
1100029  0.03448275862068961
1100032  0.03448275862068961
1100035  0.03448275862068961
1100038  0.03448275862068961
1100041  0.03448275862068961
1100046  0.03448275862068961
1100049  0.03448275862068961
1100052  0.03448275862068961
1100055  0.03448275862068961
1200202  0.03448275862068961
1200203  0.03448275862068961
1200209  0.03448275862068961
1200212  0.03448275862068961
1200213  0.03448275862068961
1200214  0.03448275862068961
1200216  0.03448275862068961
1200217  0.03448275862068961
1200225  0.03448275862068961
1200226  0.03448275862068961
1200227  0.03448275862068961
1200229  0.03448275862068961
1200232  0.03448275862068961
1200233  0.03448275862068961
1200234  0.03448275862068961
1200235  0.03448275862068961
1200236  0.03448275862068961
1200237  0.03448275862068961
1200240  0.03448275862068961
1200250  0.03448275862068961
1200318  0.03448275862068961
1200319  0.03448275862068961
1200320  0.03448275862068961
1200321  0.03448275862068961
1200322  0.03448275862068961
1200323  0.03448275862068961
1200324  0.03448275862068961
1200330  0.03448275862068961
1200333  0.03448275862068961
1200334  0.03448275862068961
1200335  0.03448275862068961
1200336  0.03448275862068961
1200337  0.03448275862068961
1200339  0.03448275862068961
1200340  0.03448275862068961
1200341  0.03448275862068961
1200342  0.03448275862068961
1200345  0.03448275862068961
1200351  0.03448275862068961
1200357  0.03448275862068961
1200364  0.03448275862068961
1200365  0.03448275862068961
1200366  0.03448275862068961
1200370  0.03448275862068961
1200371  0.03448275862068961
1200393  0.03448275862068961
1200397  0.03448275862068961
1200402  0.03448275862068961
1200405  0.03448275862068961
1200407  0.03448275862068961
1200408  0.03448275862068961
1200411  0.03448275862068961
1200412  0.03448275862068961
1200415  0.03448275862068961
1200416  0.03448275862068961
1200419  0.03448275862068961
1200421  0.03448275862068961
1200427  0.03448275862068961
1200428  0.03448275862068961
1200429  0.03448275862068961
1200430  0.03448275862068961
1200431  0.03448275862068961
1200432  0.03448275862068961
1200434  0.03448275862068961
1200435  0.03448275862068961
1200439  0.03448275862068961
1200440  0.03448275862068961
1200443  0.03448275862068961
1200444  0.03448275862068961
1200445  0.03448275862068961
1200446  0.03448275862068961
1200447  0.03448275862068961
1200450  0.03448275862068961
1200455  0.03448275862068961
1200456  0.03448275862068961
1200457  0.03448275862068961
1200458  0.03448275862068961
1200463  0.03448275862068961
1200465  0.03448275862068961
1200466  0.03448275862068961
1200469  0.03448275862068961
1200470  0.03448275862068961
1200478  0.03448275862068961
1200483  0.03448275862068961
1200488  0.03448275862068961
1200489  0.03448275862068961
1200491  0.03448275862068961
1200492  0.03448275862068961
1200493  0.03448275862068961
1200494  0.03448275862068961
1200501  0.03448275862068961
1200502  0.03448275862068961
1200503  0.03448275862068961
1200506  0.03448275862068961
1200507  0.03448275862068961
1200508  0.03448275862068961
1200514  0.03448275862068961
1200515  0.03448275862068961
1200519  0.03448275862068961
1200523  0.03448275862068961
1200525  0.03448275862068961
1200527  0.03448275862068961
1200530  0.03448275862068961
1200594  0.03448275862068961
1200601  0.03448275862068961
1200632  0.03448275862068961
1200639  0.03448275862068961
1200646  0.03448275862068961
1200666  0.03448275862068961
1200667  0.03448275862068961
1200669  0.03448275862068961
1200670  0.03448275862068961
1200671  0.03448275862068961
1200678  0.03448275862068961
1200679  0.03448275862068961
1200681  0.03448275862068961
1200682  0.03448275862068961
1200683  0.03448275862068961
1200694  0.03448275862068961
1200695  0.03448275862068961
1200697  0.03448275862068961
1200699  0.03448275862068961
1200700  0.03448275862068961
1200701  0.03448275862068961
1200704  0.03448275862068961
1200705  0.03448275862068961
1200708  0.03448275862068961
1200710  0.03448275862068961
1200711  0.03448275862068961
1200713  0.03448275862068961
1200714  0.03448275862068961
1200716  0.03448275862068961
1200719  0.03448275862068961
1200720  0.03448275862068961
1200725  0.03448275862068961
1200726  0.03448275862068961
1200729  0.03448275862068961
1200731  0.03448275862068961
1200737  0.03448275862068961
1200738  0.03448275862068961
1200739  0.03448275862068961
1200742  0.03448275862068961
1200753  0.03448275862068961
1200762  0.03448275862068961
1200768  0.03448275862068961
1200778  0.03448275862068961
1200787  0.03448275862068961
1200793  0.03448275862068961
1200807  0.03448275862068961
1200817  0.03448275862068961
1200818  0.03448275862068961
1200819  0.03448275862068961
1200823  0.03448275862068961
1200844  0.03448275862068961
1200848  0.03448275862068961
1200859  0.03448275862068961
1200861  0.03448275862068961
1200864  0.03448275862068961
1200873  0.03448275862068961
1200877  0.03448275862068961
1200881  0.03448275862068961
1200886  0.03448275862068961
1200887  0.03448275862068961
1200888  0.03448275862068961
1200891  0.03448275862068961
1200892  0.03448275862068961
1200897  0.03448275862068961
1200898  0.03448275862068961
1200899  0.03448275862068961
1200902  0.03448275862068961
1200903  0.03448275862068961
1200907  0.03448275862068961
1201144  0.03448275862068961
1201145  0.03448275862068961
1201146  0.03448275862068961
1201149  0.03448275862068961
1201150  0.03448275862068961
1201151  0.03448275862068961
1201152  0.03448275862068961
1201153  0.03448275862068961
1201154  0.03448275862068961
1201157  0.03448275862068961
1201167  0.03448275862068961
1201175  0.03448275862068961
1201206  0.03448275862068961
1201207  0.03448275862068961
1201210  0.03448275862068961
1201213  0.03448275862068961
1201214  0.03448275862068961
1201216  0.03448275862068961
1201217  0.03448275862068961
1201220  0.03448275862068961
1201221  0.03448275862068961
1201222  0.03448275862068961
1201228  0.03448275862068961
1201229  0.03448275862068961
1201232  0.03448275862068961
1201237  0.03448275862068961
1201238  0.03448275862068961
1201239  0.03448275862068961
1201240  0.03448275862068961
1201242  0.03448275862068961
1201246  0.03448275862068961
1201247  0.03448275862068961
1201248  0.03448275862068961
1201250  0.03448275862068961
1201255  0.03448275862068961
1201256  0.03448275862068961
1201257  0.03448275862068961
1201258  0.03448275862068961
1201259  0.03448275862068961
1201261  0.03448275862068961
1201262  0.03448275862068961
1201267  0.03448275862068961
1201268  0.03448275862068961
1201269  0.03448275862068961
1201270  0.03448275862068961
1201271  0.03448275862068961
1201272  0.03448275862068961
1201273  0.03448275862068961
1201278  0.03448275862068961
1201279  0.03448275862068961
1201280  0.03448275862068961
1201282  0.03448275862068961
1201283  0.03448275862068961
1201284  0.03448275862068961
1201285  0.03448275862068961
1201286  0.03448275862068961
1201291  0.03448275862068961
1201292  0.03448275862068961
1201294  0.03448275862068961
1201296  0.03448275862068961
1201301  0.03448275862068961
1201302  0.03448275862068961
1201303  0.03448275862068961
1201306  0.03448275862068961
1201313  0.03448275862068961
1201314  0.03448275862068961
1201315  0.03448275862068961
1201323  0.03448275862068961
1201331  0.03448275862068961
1201332  0.03448275862068961
1201350  0.03448275862068961
1201351  0.03448275862068961
1201367  0.03448275862068961
1201369  0.03448275862068961
1201370  0.03448275862068961
1201371  0.03448275862068961
1201372  0.03448275862068961
1201373  0.03448275862068961
1201376  0.03448275862068961
1201383  0.03448275862068961
1201389  0.03448275862068961
1201395  0.03448275862068961
1201397  0.03448275862068961
1201398  0.03448275862068961
1201401  0.03448275862068961
1201412  0.03448275862068961
1201419  0.03448275862068961
1201422  0.03448275862068961
1201459  0.03448275862068961
1201461  0.03448275862068961
1201462  0.03448275862068961
1201463  0.03448275862068961
1201464  0.03448275862068961
1201465  0.03448275862068961
1201467  0.03448275862068961
1201468  0.03448275862068961
1201470  0.03448275862068961
1201474  0.03448275862068961
1201475  0.03448275862068961
1201476  0.03448275862068961
1201477  0.03448275862068961
1201478  0.03448275862068961
1201483  0.03448275862068961
1201484  0.03448275862068961
1201488  0.03448275862068961
1201489  0.03448275862068961
1201491  0.03448275862068961
1201493  0.03448275862068961
1201497  0.03448275862068961
1201498  0.03448275862068961
1201503  0.03448275862068961
1201504  0.03448275862068961
1201507  0.03448275862068961
1201584  0.03448275862068961
1201587  0.03448275862068961
1201591  0.03448275862068961
1201598  0.03448275862068961
1201601  0.03448275862068961
1201632  0.03448275862068961
1201641  0.03448275862068961
1201642  0.03448275862068961
1201643  0.03448275862068961
1201647  0.03448275862068961
1201648  0.03448275862068961
1201649  0.03448275862068961
1201650  0.03448275862068961
1201655  0.03448275862068961
1201656  0.03448275862068961
1201657  0.03448275862068961
1201658  0.03448275862068961
1201662  0.03448275862068961
1201663  0.03448275862068961
1201667  0.03448275862068961
1201668  0.03448275862068961
1201669  0.03448275862068961
1201671  0.03448275862068961
1201672  0.03448275862068961
1201674  0.03448275862068961
1201677  0.03448275862068961
1201678  0.03448275862068961
1201679  0.03448275862068961
1201680  0.03448275862068961
1201681  0.03448275862068961
1201682  0.03448275862068961
1201686  0.03448275862068961
1201687  0.03448275862068961
1201688  0.03448275862068961
1201689  0.03448275862068961
1201690  0.03448275862068961
1201694  0.03448275862068961
1201696  0.03448275862068961
1201697  0.03448275862068961
1201701  0.03448275862068961
1201702  0.03448275862068961
1201704  0.03448275862068961
1201705  0.03448275862068961
1201706  0.03448275862068961
1201711  0.03448275862068961
1201712  0.03448275862068961
1201713  0.03448275862068961
1201714  0.03448275862068961
1201716  0.03448275862068961
1201717  0.03448275862068961
1201721  0.03448275862068961
1201722  0.03448275862068961
1201725  0.03448275862068961
1201726  0.03448275862068961
1201728  0.03448275862068961
1201731  0.03448275862068961
1201732  0.03448275862068961
1201733  0.03448275862068961
1201736  0.03448275862068961
1201741  0.03448275862068961
1201743  0.03448275862068961
1201747  0.03448275862068961
1201748  0.03448275862068961
1201749  0.03448275862068961
1201754  0.03448275862068961
1201755  0.03448275862068961
1201756  0.03448275862068961
1201757  0.03448275862068961
1201758  0.03448275862068961
1201763  0.03448275862068961
1201764  0.03448275862068961
1201768  0.03448275862068961
1201769  0.03448275862068961
1201771  0.03448275862068961
1201772  0.03448275862068961
1201775  0.03448275862068961
1201776  0.03448275862068961
1201781  0.03448275862068961
1201782  0.03448275862068961
1201785  0.03448275862068961
1201796  0.03448275862068961
1201807  0.03448275862068961
1201817  0.03448275862068961
1201825  0.03448275862068961
1201827  0.03448275862068961
1201828  0.03448275862068961
1201829  0.03448275862068961
1201830  0.03448275862068961
1201831  0.03448275862068961
1201832  0.03448275862068961
1201835  0.03448275862068961
1201837  0.03448275862068961
1201838  0.03448275862068961
1201839  0.03448275862068961
1201840  0.03448275862068961
1201841  0.03448275862068961
1201844  0.03448275862068961
1201845  0.03448275862068961
1201846  0.03448275862068961
1201849  0.03448275862068961
1201859  0.03448275862068961
1201864  0.03448275862068961
1201884  0.03448275862068961
1201895  0.03448275862068961
1201898  0.03448275862068961
1201903  0.03448275862068961
1201905  0.03448275862068961
1201906  0.03448275862068961
1201914  0.03448275862068961
1201917  0.03448275862068961
1201922  0.03448275862068961
1201923  0.03448275862068961
1201924  0.03448275862068961
1201925  0.03448275862068961
1201926  0.03448275862068961
1201927  0.03448275862068961
1201928  0.03448275862068961
1201929  0.03448275862068961
1201930  0.03448275862068961
1201931  0.03448275862068961
1201933  0.03448275862068961
1201940  0.03448275862068961
1201941  0.03448275862068961
1201945  0.03448275862068961
1201954  0.03448275862068961
1201963  0.03448275862068961
1201967  0.03448275862068961
1202056  0.03448275862068961
1202057  0.03448275862068961
1202059  0.03448275862068961
1202060  0.03448275862068961
1202062  0.03448275862068961
1202064  0.03448275862068961
1202065  0.03448275862068961
1202066  0.03448275862068961
1202067  0.03448275862068961
1202070  0.03448275862068961
1202078  0.03448275862068961
1202079  0.03448275862068961
1202080  0.03448275862068961
1202081  0.03448275862068961
1202082  0.03448275862068961
1202083  0.03448275862068961
1202084  0.03448275862068961
1202085  0.03448275862068961
1202089  0.03448275862068961
1202097  0.03448275862068961
1202103  0.03448275862068961
1202104  0.03448275862068961
1202105  0.03448275862068961
1202107  0.03448275862068961
1202108  0.03448275862068961
1202112  0.03448275862068961
1202113  0.03448275862068961
1202117  0.03448275862068961
1202121  0.03448275862068961
1202133  0.03448275862068961
1202135  0.03448275862068961
1202184  0.03448275862068961
1202187  0.03448275862068961
1202203  0.03448275862068961
1301000  0.03448275862068961
1500131  0.03448275862068961
1500132  0.03448275862068961
1500133  0.03448275862068961
1500134  0.03448275862068961
1400035  0.032258064516129004
1400036  0.032258064516129004
1400037  0.032258064516129004
1500094  0.032258064516129004
1500144  0.032258064516129004
1500145  0.032258064516129004
1500146  0.032258064516129004
1500149  0.032258064516129004
1500150  0.032258064516129004
1500152  0.032258064516129004
1500163  0.032258064516129004
1500168  0.032258064516129004
1500169  0.032258064516129004
1500170  0.032258064516129004
1500172  0.032258064516129004
1500173  0.032258064516129004
1500174  0.032258064516129004
1500175  0.032258064516129004
1500176  0.032258064516129004
1500177  0.032258064516129004
1500178  0.032258064516129004
1500179  0.032258064516129004
1500180  0.032258064516129004
1500182  0.032258064516129004
1500183  0.032258064516129004
1500187  0.032258064516129004
1500188  0.032258064516129004
1500189  0.032258064516129004
1500190  0.032258064516129004
1500191  0.032258064516129004
1500192  0.032258064516129004
1500193  0.032258064516129004
1500194  0.032258064516129004
1500195  0.032258064516129004
1500199  0.032258064516129004
1500201  0.032258064516129004
1500210  0.032258064516129004
1500211  0.032258064516129004
2103464  0.005988023952095856
2100035  0.0007097232079489313
2100040  0.0007097232079489313
2100045  0.0007097232079489313
2100050  0.0007097232079489313
2100053  0.0007097232079489313
2100056  0.0007097232079489313
2100065  0.0007097232079489313
2100085  0.0007097232079489313
2100098  0.0007097232079489313
2100108  0.0007097232079489313
2100111  0.0007097232079489313
2100114  0.0007097232079489313
2100117  0.0007097232079489313
2100120  0.0007097232079489313
2100123  0.0007097232079489313
2100126  0.0007097232079489313
2100147  0.0007097232079489313
2100155  0.0007097232079489313
2100158  0.0007097232079489313
2100169  0.0007097232079489313
2100170  0.0007097232079489313
2100171  0.0007097232079489313
2100174  0.0007097232079489313
2100175  0.0007097232079489313
2100178  0.0007097232079489313
2100179  0.0007097232079489313
2100180  0.0007097232079489313
2100181  0.0007097232079489313
2100183  0.0007097232079489313
2100185  0.0007097232079489313
2100186  0.0007097232079489313
2100187  0.0007097232079489313
2100192  0.0007097232079489313
2100193  0.0007097232079489313
2100194  0.0007097232079489313
2100195  0.0007097232079489313
2100199  0.0007097232079489313
2100200  0.0007097232079489313
2100201  0.0007097232079489313
2100205  0.0007097232079489313
2100206  0.0007097232079489313
2100911  0.0007097232079489313
2100912  0.0007097232079489313
2100913  0.0007097232079489313
2100914  0.0007097232079489313
2100915  0.0007097232079489313
2100916  0.0007097232079489313
2100918  0.0007097232079489313
2100919  0.0007097232079489313
2100920  0.0007097232079489313
2100921  0.0007097232079489313
2100923  0.0007097232079489313
2100924  0.0007097232079489313
2100926  0.0007097232079489313
2100927  0.0007097232079489313
2100928  0.0007097232079489313
2100931  0.0007097232079489313
2100932  0.0007097232079489313
2100933  0.0007097232079489313
2100936  0.0007097232079489313
2100945  0.0007097232079489313
2100946  0.0007097232079489313
2100947  0.0007097232079489313
2100948  0.0007097232079489313
2100949  0.0007097232079489313
2100954  0.0007097232079489313
2100961  0.0007097232079489313
2100962  0.0007097232079489313
2100964  0.0007097232079489313
2100965  0.0007097232079489313
2100966  0.0007097232079489313
2100967  0.0007097232079489313
2100968  0.0007097232079489313
2100969  0.0007097232079489313
2100970  0.0007097232079489313
2100971  0.0007097232079489313
2100973  0.0007097232079489313
2100981  0.0007097232079489313
2100982  0.0007097232079489313
2100985  0.0007097232079489313
2100986  0.0007097232079489313
2100994  0.0007097232079489313
2100995  0.0007097232079489313
2100997  0.0007097232079489313
2100998  0.0007097232079489313
2101019  0.0007097232079489313
2101020  0.0007097232079489313
2101022  0.0007097232079489313
2101027  0.0007097232079489313
2101028  0.0007097232079489313
2101030  0.0007097232079489313
2101031  0.0007097232079489313
2101035  0.0007097232079489313
2101037  0.0007097232079489313
2101039  0.0007097232079489313
2101042  0.0007097232079489313
2101044  0.0007097232079489313
2101046  0.0007097232079489313
2101054  0.0007097232079489313
2101055  0.0007097232079489313
2101056  0.0007097232079489313
2101059  0.0007097232079489313
2101060  0.0007097232079489313
2101061  0.0007097232079489313
2101063  0.0007097232079489313
2101064  0.0007097232079489313
2101067  0.0007097232079489313
2101068  0.0007097232079489313
2101070  0.0007097232079489313
2101071  0.0007097232079489313
2101072  0.0007097232079489313
2101073  0.0007097232079489313
2101074  0.0007097232079489313
2101075  0.0007097232079489313
2101078  0.0007097232079489313
2101079  0.0007097232079489313
2101080  0.0007097232079489313
2101082  0.0007097232079489313
2101083  0.0007097232079489313
2101084  0.0007097232079489313
2101085  0.0007097232079489313
2101086  0.0007097232079489313
2101087  0.0007097232079489313
2101090  0.0007097232079489313
2101091  0.0007097232079489313
2101092  0.0007097232079489313
2101094  0.0007097232079489313
2101095  0.0007097232079489313
2101096  0.0007097232079489313
2101097  0.0007097232079489313
2101098  0.0007097232079489313
2101099  0.0007097232079489313
2101100  0.0007097232079489313
2101109  0.0007097232079489313
2101110  0.0007097232079489313
2101111  0.0007097232079489313
2101120  0.0007097232079489313
2101121  0.0007097232079489313
2101123  0.0007097232079489313
2101125  0.0007097232079489313
2101126  0.0007097232079489313
2101127  0.0007097232079489313
2101128  0.0007097232079489313
2101131  0.0007097232079489313
2101132  0.0007097232079489313
2101134  0.0007097232079489313
2101137  0.0007097232079489313
2101138  0.0007097232079489313
2101139  0.0007097232079489313
2101141  0.0007097232079489313
2101144  0.0007097232079489313
2101627  0.0007097232079489313
2101628  0.0007097232079489313
2101629  0.0007097232079489313
2101630  0.0007097232079489313
2101632  0.0007097232079489313
2101635  0.0007097232079489313
2101636  0.0007097232079489313
2101637  0.0007097232079489313
2101638  0.0007097232079489313
2101639  0.0007097232079489313
2101640  0.0007097232079489313
2101641  0.0007097232079489313
2101642  0.0007097232079489313
2101645  0.0007097232079489313
2101651  0.0007097232079489313
2101652  0.0007097232079489313
2101654  0.0007097232079489313
2101655  0.0007097232079489313
2101656  0.0007097232079489313
2101657  0.0007097232079489313
2101658  0.0007097232079489313
2101659  0.0007097232079489313
2101660  0.0007097232079489313
2101663  0.0007097232079489313
2101664  0.0007097232079489313
2101665  0.0007097232079489313
2101667  0.0007097232079489313
2101677  0.0007097232079489313
2101678  0.0007097232079489313
2101679  0.0007097232079489313
2101680  0.0007097232079489313
2101681  0.0007097232079489313
2101682  0.0007097232079489313
2101684  0.0007097232079489313
2101685  0.0007097232079489313
2101686  0.0007097232079489313
2101688  0.0007097232079489313
2101689  0.0007097232079489313
2101692  0.0007097232079489313
2101693  0.0007097232079489313
2101695  0.0007097232079489313
2101696  0.0007097232079489313
2101697  0.0007097232079489313
2101700  0.0007097232079489313
2101701  0.0007097232079489313
2101704  0.0007097232079489313
2101705  0.0007097232079489313
2101706  0.0007097232079489313
2101709  0.0007097232079489313
2101720  0.0007097232079489313
2101721  0.0007097232079489313
2101722  0.0007097232079489313
2101723  0.0007097232079489313
2101724  0.0007097232079489313
2101725  0.0007097232079489313
2101727  0.0007097232079489313
2101728  0.0007097232079489313
2101729  0.0007097232079489313
2101731  0.0007097232079489313
2101732  0.0007097232079489313
2101735  0.0007097232079489313
2101736  0.0007097232079489313
2101738  0.0007097232079489313
2101739  0.0007097232079489313
2101740  0.0007097232079489313
2101743  0.0007097232079489313
2101744  0.0007097232079489313
2101747  0.0007097232079489313
2101748  0.0007097232079489313
2101749  0.0007097232079489313
2101752  0.0007097232079489313
2101758  0.0007097232079489313
2101761  0.0007097232079489313
2101762  0.0007097232079489313
2101764  0.0007097232079489313
2101765  0.0007097232079489313
2101766  0.0007097232079489313
2101768  0.0007097232079489313
2101769  0.0007097232079489313
2101770  0.0007097232079489313
2101774  0.0007097232079489313
2101775  0.0007097232079489313
2101776  0.0007097232079489313
2101777  0.0007097232079489313
2101778  0.0007097232079489313
2101779  0.0007097232079489313
2101781  0.0007097232079489313
2101783  0.0007097232079489313
2101784  0.0007097232079489313
2101785  0.0007097232079489313
2101786  0.0007097232079489313
2101789  0.0007097232079489313
2101790  0.0007097232079489313
2101791  0.0007097232079489313
2101794  0.0007097232079489313
2101795  0.0007097232079489313
2101796  0.0007097232079489313
2101797  0.0007097232079489313
2101798  0.0007097232079489313
2101799  0.0007097232079489313
2101800  0.0007097232079489313
2101802  0.0007097232079489313
2101803  0.0007097232079489313
2101804  0.0007097232079489313
2101805  0.0007097232079489313
2101806  0.0007097232079489313
2101807  0.0007097232079489313
2101808  0.0007097232079489313
2101809  0.0007097232079489313
2101812  0.0007097232079489313
2101813  0.0007097232079489313
2101814  0.0007097232079489313
2101815  0.0007097232079489313
2101816  0.0007097232079489313
2101819  0.0007097232079489313
2101820  0.0007097232079489313
2101821  0.0007097232079489313
2101822  0.0007097232079489313
2101823  0.0007097232079489313
2101824  0.0007097232079489313
2101825  0.0007097232079489313
2101830  0.0007097232079489313
2101831  0.0007097232079489313
2101832  0.0007097232079489313
2101833  0.0007097232079489313
2101835  0.0007097232079489313
2101836  0.0007097232079489313
2101838  0.0007097232079489313
2101840  0.0007097232079489313
2101841  0.0007097232079489313
2101843  0.0007097232079489313
2101845  0.0007097232079489313
2101846  0.0007097232079489313
2101849  0.0007097232079489313
