4100070  0.9828768372535706
4200104  0.9826818704605103
3800167  0.9824753999710083
3800171  0.9823258519172668
3800154  0.9822613000869751
3800149  0.982240617275238
3800172  0.9822261333465576
3800150  0.9821681976318359
3800187  0.9821658730506897
3800188  0.982121467590332
4100051  0.982115626335144
3800185  0.9820437431335449
3800189  0.9820374250411987
3800192  0.982002854347229
4100049  0.981913149356842
3800179  0.9818459153175354
3800146  0.9818155169487
4100050  0.9817933440208435
3800176  0.9817671179771423
4200105  0.9817165732383728
4100048  0.9817158579826355
3800137  0.9814731478691101
4200106  0.9813659191131592
4200107  0.981038510799408
4200108  0.9804219603538513
4200109  0.9798952341079712
4300067  0.955917239189148
4200375  0.9553250670433044
4200428  0.9552341103553772
4300068  0.9551138281822205
4200378  0.9543933868408203
4200360  0.9542754292488098
4300066  0.9541722536087036
4200357  0.9540630578994751
4200475  0.9540250897407532
4200358  0.9539896845817566
4200420  0.9539865851402283
4200393  0.9538497924804688
4200374  0.9537985920906067
4200385  0.9537398219108582
4200459  0.9535220265388489
4300059  0.9532731175422668
4200436  0.9531315565109253
4300058  0.9529546499252319
4300075  0.9528483152389526
4300065  0.9522383809089661
4200402  0.9520069360733032
4200344  0.9519490003585815
4300083  0.9515777826309204
4300092  0.951219379901886
4400027  0.9493377804756165
4400030  0.9476508498191833
4200110  0.9357025623321533
4200248  0.9181580543518066
4200199  0.9166355729103088
4200249  0.9156638383865356
4200178  0.9152929782867432
4200198  0.9152407646179199
4200240  0.9151354432106018
4200211  0.9149835109710693
4200190  0.9144593477249146
4200179  0.9143315553665161
4200183  0.9142459630966187
4200235  0.9142305254936218
4200225  0.9137630462646484
4200239  0.9136559963226318
4200200  0.9136307835578918
4200202  0.9133995175361633
4200234  0.9129382371902466
4200216  0.9128991365432739
4200236  0.9127165675163269
4200201  0.9118738770484924
4200237  0.9113646745681763
4200250  0.9111396074295044
4200176  0.91081303358078
4200252  0.9090627431869507
4200273  0.9072545766830444
4200274  0.9039453268051147
4200275  0.88350510597229
4200172  0.8760347962379456
4400033  0.8657227754592896
4800367  0.7868311405181885
4800368  0.7839576005935669
4500101  0.7834388017654419
4800473  0.7833083271980286
4500103  0.7832318544387817
4500102  0.7830418348312378
4600042  0.7827971577644348
4500099  0.782525897026062
4500082  0.7823720574378967
4500100  0.7814932465553284
4600044  0.7810699939727783
4600043  0.7808305025100708
4500168  0.7804427146911621
4600031  0.779679000377655
4600028  0.7793886661529541
4800030  0.7791492938995361
4600034  0.7788374423980713
4500184  0.7788197994232178
4800369  0.7781060338020325
4500176  0.7778708338737488
4600025  0.7762579321861267
4200154  0.7749029994010925
4500081  0.7704230546951294
4800370  0.7698585391044617
4200130  0.7695362567901611
4200115  0.7691975831985474
4200127  0.7678723931312561
4800372  0.7678328156471252
4200157  0.7669979333877563
4200153  0.765863835811615
4200126  0.7651048302650452
4200152  0.7645705342292786
4200138  0.7644136548042297
4200136  0.7643580436706543
4200129  0.764071524143219
4200140  0.7635109424591064
4800395  0.762201726436615
4200144  0.7621877789497375
4200137  0.7611117362976074
4200114  0.7607759833335876
4200141  0.7603714466094971
4200116  0.7598955035209656
4200133  0.7581087350845337
4200150  0.758009135723114
4200134  0.7576436996459961
4800411  0.7567599415779114
4200151  0.7567052841186523
4200166  0.7514287829399109
4200160  0.7489134073257446
4200169  0.7469393014907837
4200112  0.7433390617370605
4200171  0.7370707392692566
4200339  0.6284506320953369
3800134  0.5197057723999023
2700094  0.363445907831192
2700347  0.36324504017829895
2600055  0.3632340729236603
2600031  0.36315909028053284
2500182  0.36314427852630615
2600056  0.3631089925765991
2700341  0.3631054162979126
2700367  0.36305755376815796
2700314  0.3630131483078003
2700095  0.36298877000808716
2700096  0.36296752095222473
2700343  0.36293670535087585
2700326  0.3629034161567688
2700331  0.3628506660461426
2700325  0.3628416657447815
2700335  0.36283642053604126
2700330  0.36279618740081787
2700320  0.36264389753341675
2700372  0.36256086826324463
2700354  0.3625519573688507
2700334  0.3625466823577881
2700315  0.3625427186489105
2600054  0.362474262714386
2700336  0.3624557852745056
1500043  0.3623654544353485
1500044  0.3623654544353485
1500045  0.3623654544353485
2400036  0.3623654544353485
2400077  0.3623654544353485
2400078  0.3623654544353485
2400079  0.3623654544353485
2400854  0.3623654544353485
2400884  0.3623654544353485
2400885  0.3623654544353485
2400886  0.3623654544353485
2400887  0.3623654544353485
2400889  0.3623654544353485
2401157  0.3623654544353485
2401287  0.3623654544353485
2401292  0.3623654544353485
2500094  0.3623654544353485
2500095  0.3623654544353485
2500117  0.3623654544353485
2500118  0.3623654544353485
2500119  0.3623654544353485
2500120  0.3623654544353485
2500121  0.3623654544353485
2500122  0.3623654544353485
2500123  0.3623654544353485
2500124  0.3623654544353485
2500125  0.3623654544353485
2700373  0.3623654544353485
2700404  0.3623654544353485
2700410  0.3623654544353485
2700622  0.3623654544353485
2700623  0.3623654544353485
3700061  0.3623654544353485
3700062  0.3623654544353485
3700063  0.3623654544353485
3700067  0.3623654544353485
3700068  0.3623654544353485
3700086  0.3623654544353485
3700091  0.3623654544353485
3700100  0.3623654544353485
3700101  0.3623654544353485
3700102  0.3623654544353485
3700103  0.3623654544353485
3700105  0.3623654544353485
3700108  0.3623654544353485
3800042  0.3623654544353485
3800043  0.3623654544353485
3800049  0.3623654544353485
3800050  0.3623654544353485
3800051  0.3623654544353485
3800059  0.3623654544353485
3800060  0.3623654544353485
3800061  0.3623654544353485
3800062  0.3623654544353485
3800063  0.3623654544353485
3800064  0.3623654544353485
3800067  0.3623654544353485
3800077  0.3623654544353485
3800078  0.3623654544353485
3800079  0.3623654544353485
3800080  0.3623654544353485
3800081  0.3623654544353485
3800082  0.3623654544353485
3800083  0.3623654544353485
3800084  0.3623654544353485
3800085  0.3623654544353485
3800089  0.3623654544353485
3800102  0.3623654544353485
3800104  0.3623654544353485
3800105  0.3623654544353485
3800106  0.3623654544353485
3800111  0.3623654544353485
3800112  0.3623654544353485
3800115  0.3623654544353485
3800116  0.3623654544353485
3800117  0.3623654544353485
3800118  0.3623654544353485
3800121  0.3623654544353485
3800129  0.3623654544353485
3800132  0.3623654544353485
3800133  0.3623654544353485
4200276  0.3623654544353485
4200277  0.3623654544353485
4200279  0.3623654544353485
4200283  0.3623654544353485
4200290  0.3623654544353485
4200293  0.3623654544353485
4200294  0.3623654544353485
4200295  0.3623654544353485
4200296  0.3623654544353485
4200297  0.3623654544353485
4200298  0.3623654544353485
4200300  0.3623654544353485
4200302  0.3623654544353485
4200303  0.3623654544353485
4200304  0.3623654544353485
4200314  0.3623654544353485
4200315  0.3623654544353485
4200325  0.3623654544353485
4200326  0.3623654544353485
4200328  0.3623654544353485
4200329  0.3623654544353485
4200330  0.3623654544353485
4200333  0.3623654544353485
4200336  0.3623654544353485
4200337  0.3623654544353485
4200338  0.3623654544353485
2500173  0.36234569549560547
