4100050  0.500062108039856
2400885  0.4982103705406189
2400884  0.49161356687545776
4200344  0.4902980923652649
4200336  0.4897276759147644
2400886  0.48969680070877075
2400889  0.4874686300754547
4100048  0.48615220189094543
4200330  0.48444831371307373
4200328  0.4841329753398895
3800154  0.483720988035202
3800192  0.48350071907043457
4300092  0.4833580255508423
2401287  0.4832671880722046
2401292  0.4826774597167969
4200333  0.4826141595840454
4200329  0.48189541697502136
4200337  0.48184913396835327
4200459  0.48166874051094055
4200338  0.4810751676559448
4200325  0.48056840896606445
4200326  0.4786388874053955
4100051  0.47845762968063354
3700105  0.47722622752189636
3800179  0.47705671191215515
3800167  0.4769057333469391
2400887  0.47638288140296936
3800149  0.4759625196456909
3800146  0.47521352767944336
3800043  0.47510775923728943
4100070  0.4743415117263794
4100049  0.4742976129055023
3800150  0.4736051559448242
3800050  0.4719734191894531
3800189  0.4702606797218323
3700101  0.4698787331581116
4200293  0.46970656514167786
3700061  0.4695056676864624
3700067  0.4691821336746216
4200297  0.4682663679122925
3800188  0.46803054213523865
4200279  0.4678657352924347
4200290  0.467498242855072
3700108  0.46749046444892883
3700068  0.46744289994239807
3800060  0.46735143661499023
4200358  0.4672868251800537
4800370  0.46710115671157837
3800062  0.4663735032081604
3800106  0.4663461148738861
4800411  0.46608421206474304
4200375  0.4660806953907013
4500099  0.46607697010040283
4200154  0.46559885144233704
4200276  0.4653925597667694
4200436  0.4653732478618622
2700331  0.46530604362487793
3800051  0.4650931656360626
4200296  0.4649309515953064
2700095  0.4647325873374939
4800368  0.46452292799949646
3800083  0.46446749567985535
3800067  0.46437910199165344
3800102  0.46437472105026245
3700091  0.4643710255622864
3800077  0.4642828106880188
2700410  0.46420708298683167
3700063  0.46419858932495117
4200298  0.4641021192073822
3800112  0.46395325660705566
3800187  0.4638078212738037
2700320  0.4637435972690582
4200339  0.4633796513080597
4200109  0.46322059631347656
4200303  0.4631076455116272
2500123  0.4629784822463989
4200172  0.4629392921924591
3800111  0.46271294355392456
3800171  0.4626982510089874
3800104  0.4626656770706177
3800084  0.4624503552913666
3800172  0.4624251127243042
2400854  0.4621761441230774
4200360  0.4620543122291565
4200133  0.46202340722084045
4200294  0.46165671944618225
3700100  0.46158480644226074
2500120  0.4615700840950012
3800064  0.46150776743888855
3800105  0.46143850684165955
4200314  0.46138882637023926
3800061  0.4613792300224304
4200236  0.4612365961074829
3800063  0.46120548248291016
3800116  0.46090787649154663
4200235  0.4606960415840149
2700404  0.46066048741340637
3800185  0.4605601131916046
3800085  0.4603230655193329
3700102  0.4602770507335663
3800042  0.4601898193359375
4200137  0.4600745737552643
2700336  0.45997023582458496
4200302  0.45986121892929077
4300083  0.4597966969013214
3800049  0.4595889151096344
4200273  0.45939525961875916
3800121  0.45938676595687866
3800132  0.459258496761322
4500082  0.45922937989234924
4500100  0.45922088623046875
4800369  0.459101140499115
4200249  0.45905834436416626
3700062  0.45882606506347656
3800137  0.4587322473526001
4200393  0.4586961269378662
3800115  0.45863762497901917
4200166  0.4586138129234314
2500117  0.45851826667785645
3800080  0.45836544036865234
4200211  0.4582807421684265
3800089  0.45820727944374084
2400036  0.4581855535507202
2500122  0.458053857088089
2700367  0.4580196440219879
3800081  0.45791393518447876
4200202  0.45787495374679565
4200295  0.45785465836524963
4600028  0.45778658986091614
4200141  0.45775431394577026
4200107  0.457712322473526
4200428  0.4576965868473053
4200144  0.45753851532936096
2700094  0.4574989378452301
4200374  0.457306832075119
3700086  0.457279771566391
4200378  0.45703285932540894
4200176  0.4569912552833557
2600056  0.4569695293903351
4200357  0.45676928758621216
4600034  0.45661601424217224
4600044  0.4565950930118561
4200112  0.45654454827308655
4200136  0.45646932721138
4200283  0.4563068747520447
2600031  0.45616698265075684
4200151  0.45607253909111023
3800078  0.4560275077819824
4200475  0.4560015797615051
3800133  0.4558541476726532
3800059  0.4557482600212097
3800118  0.4556340277194977
4200239  0.4553682804107666
4800367  0.45534783601760864
4200198  0.4553430378437042
3800129  0.45530369877815247
3800117  0.45518919825553894
4200304  0.4551734924316406
4200127  0.455146461725235
4300067  0.45511317253112793
2700623  0.45507803559303284
3800176  0.4550677537918091
4200138  0.4550064504146576
4200200  0.45486679673194885
4200116  0.45478689670562744
2600054  0.45478683710098267
2401157  0.45465266704559326
4200152  0.45464205741882324
4800372  0.45460620522499084
4200153  0.4544074535369873
4200277  0.45417723059654236
4200171  0.4541145861148834
4200252  0.4540559947490692
4200160  0.4540526270866394
2700372  0.4539770483970642
2500173  0.45394402742385864
4300068  0.4537915885448456
4300075  0.453464150428772
4200106  0.45340797305107117
2700341  0.45325976610183716
2500119  0.45325490832328796
4200420  0.453072726726532
4200274  0.45307034254074097
4200300  0.45298048853874207
2400079  0.4529278576374054
4800473  0.45284727215766907
4200157  0.45265114307403564
4200385  0.45259249210357666
4200199  0.45259228348731995
4500168  0.45238247513771057
4300059  0.45236071944236755
4200104  0.45229941606521606
4200275  0.4522892236709595
4200140  0.45220518112182617
4200234  0.4517805576324463
4200130  0.4517240524291992
2700373  0.45153453946113586
2500124  0.4514794945716858
4200201  0.4513587951660156
3700103  0.4513002336025238
4200134  0.45124244689941406
2500118  0.4512125849723816
4300066  0.45114076137542725
2700330  0.4510800838470459
4200402  0.450906366109848
2700325  0.4508856236934662
4500103  0.45050227642059326
2600055  0.4504472613334656
2500094  0.4504101574420929
4600031  0.4502395689487457
3800134  0.4502135217189789
4200105  0.4501989185810089
4400033  0.4501512050628662
4200237  0.450128436088562
2700343  0.4501163065433502
4200110  0.4500076174736023
2700314  0.4499557614326477
4500176  0.44990435242652893
1500045  0.44977810978889465
4200150  0.44976547360420227
3800079  0.4497186839580536
4500102  0.44970759749412537
4200240  0.4496065676212311
2700096  0.44957345724105835
4800030  0.44947564601898193
4800395  0.44944024085998535
4200129  0.44939643144607544
2700315  0.4490675926208496
4200225  0.4490428864955902
4600043  0.44891539216041565
2500121  0.44860976934432983
2500125  0.4486049711704254
2700326  0.44856107234954834
2500095  0.44847410917282104
4200250  0.4483981728553772
4300065  0.4482633173465729
4200115  0.4482055604457855
4500081  0.44814372062683105
3800082  0.44809800386428833
2500182  0.44793081283569336
2400077  0.44777998328208923
2400078  0.4467414617538452
4200114  0.44665786623954773
4200179  0.44640985131263733
4200216  0.4462253451347351
2700334  0.4461686611175537
4200178  0.4460248053073883
4200108  0.4454289376735687
2700335  0.44507986307144165
4300058  0.44499266147613525
4200183  0.44495469331741333
4200190  0.4446316659450531
4200169  0.44448697566986084
1500044  0.44395384192466736
4600042  0.44367191195487976
4200315  0.44359487295150757
2700354  0.44358137249946594
4200248  0.44277167320251465
2700622  0.4426552355289459
4600025  0.4424459934234619
2700347  0.44211509823799133
4200126  0.44209083914756775
4500184  0.4407530128955841
4400030  0.43955525755882263
4500101  0.4386759400367737
1500043  0.43708619475364685
4400027  0.43686527013778687
