1000361  1.0
1000364  1.0
1000365  1.0
1000374  1.0
1000375  1.0
1000376  1.0
1000377  1.0
1000321  0.9607689228305227
1000324  0.9607689228305227
1000327  0.9607689228305227
1000328  0.9607689228305227
1000337  0.9607689228305227
1000338  0.9607689228305227
1000339  0.9607689228305227
1000340  0.9607689228305227
1000399  0.9607689228305227
1000400  0.9607689228305227
1000401  0.9607689228305227
1000411  0.9607689228305227
1000412  0.9607689228305227
1000413  0.9607689228305227
1000415  0.9607689228305227
1000418  0.9607689228305227
1000419  0.9607689228305227
1000420  0.9607689228305227
1000422  0.9607689228305227
1000423  0.9607689228305227
1000427  0.9607689228305227
1000471  0.9607689228305227
1000472  0.9607689228305227
1000473  0.9607689228305227
1000476  0.9607689228305227
1000487  0.9607689228305227
1000349  0.7637626158259734
1000350  0.7637626158259734
1000258  0.7071067811865476
1000292  0.6432675209026768
1000067  0.5855400437691199
1000068  0.5855400437691199
1000097  0.5855400437691199
1000098  0.5855400437691199
1000110  0.5855400437691199
1000111  0.5855400437691199
1000112  0.5855400437691199
1000113  0.5855400437691199
1000114  0.5855400437691199
1000248  0.5855400437691199
1000249  0.5855400437691199
1000250  0.5855400437691199
1000283  0.5855400437691199
1000284  0.5855400437691199
1000508  0.5855400437691199
1000512  0.5855400437691199
1000513  0.5855400437691199
1000522  0.5855400437691199
1000526  0.5855400437691199
1000527  0.5855400437691199
1000536  0.5855400437691199
1000540  0.5855400437691199
1000541  0.5855400437691199
1000058  0.10206207261596577
1000059  0.10206207261596577
1000237  0.10206207261596577
