1000095  1.0
1000096  1.0
1000097  1.0
1100117  0.9010914559387476
1100175  0.9010914559387476
1100177  0.9010914559387476
1100180  0.9010914559387476
1100183  0.9010914559387476
1100187  0.9010914559387476
1100188  0.9010914559387476
1100189  0.9010914559387476
1100190  0.9010914559387476
1100191  0.9010914559387476
1100193  0.9010914559387476
1100194  0.9010914559387476
1100195  0.9010914559387476
1100196  0.9010914559387476
1100197  0.9010914559387476
1100198  0.9010914559387476
1100200  0.9010914559387476
1100201  0.9010914559387476
1400059  0.9010914559387476
1400063  0.9010914559387476
1400067  0.9010914559387476
1400078  0.9010914559387476
1400079  0.9010914559387476
1400080  0.9010914559387476
1200040  0.7564979554674989
1200044  0.7564979554674989
1200048  0.7564979554674989
1200052  0.7564979554674989
1200056  0.7564979554674989
1200060  0.7564979554674989
1200064  0.7564979554674989
1200068  0.7564979554674989
1200072  0.7564979554674989
1200083  0.7564979554674989
1200084  0.7564979554674989
1200085  0.7564979554674989
1300042  0.6631853547951846
1300079  0.6631853547951846
1300080  0.6631853547951846
1300093  0.6631853547951846
1300094  0.6631853547951846
1300097  0.6631853547951846
1300098  0.6631853547951846
1300099  0.6631853547951846
1300100  0.6631853547951846
1300101  0.6631853547951846
1300102  0.6631853547951846
1800058  0.6571287406727709
1800061  0.6571287406727709
1800071  0.6571287406727709
1800072  0.6571287406727709
1800073  0.6571287406727709
1500060  0.6139903313441727
1500064  0.6139903313441727
1500068  0.6139903313441727
1500072  0.6139903313441727
1500076  0.6139903313441727
1500080  0.6139903313441727
1500084  0.6139903313441727
1500088  0.6139903313441727
1500091  0.6139903313441727
1500095  0.6139903313441727
1500099  0.6139903313441727
1500103  0.6139903313441727
1500107  0.6139903313441727
1500111  0.6139903313441727
1500115  0.6139903313441727
1500126  0.6139903313441727
1500127  0.6139903313441727
1500128  0.6139903313441727
1000107  0.534386340217642
1100211  0.5244880544857486
1100238  0.49362406479924364
1100265  0.1835325870964494
