1000046  0.22576449811458588
1000047  0.22576449811458588
1000455  0.22576449811458588
1000459  0.22576449811458588
1000460  0.22576449811458588
1000461  0.22576449811458588
1000498  0.22576449811458588
1000501  0.22576449811458588
1000504  0.22576449811458588
1000505  0.22576449811458588
1000525  0.22576449811458588
1000529  0.22576449811458588
1000530  0.22576449811458588
1000531  0.22576449811458588
1400940  0.22576449811458588
1400945  0.22576449811458588
1400946  0.22576449811458588
1400947  0.22576449811458588
1400948  0.22576449811458588
1400949  0.22576449811458588
1400951  0.22576449811458588
1400952  0.22576449811458588
1400954  0.22576449811458588
1400961  0.22576449811458588
1400964  0.22576449811458588
1400969  0.22576449811458588
1400970  0.22576449811458588
1400976  0.22576449811458588
2100133  0.22576449811458588
2100134  0.22576449811458588
2100135  0.22576449811458588
2100237  0.22576449811458588
2100238  0.22576449811458588
2100239  0.22576449811458588
2100240  0.22576449811458588
2100241  0.22576449811458588
2100245  0.22576449811458588
2100258  0.22576449811458588
2100259  0.22576449811458588
2100261  0.22576449811458588
2100262  0.22576449811458588
2100264  0.22576449811458588
2100307  0.22576449811458588
2100309  0.22576449811458588
2100311  0.22576449811458588
2100312  0.22576449811458588
2100316  0.22576449811458588
2100317  0.22576449811458588
2100318  0.22576449811458588
2100319  0.22576449811458588
2200083  0.22576449811458588
2200084  0.22576449811458588
2200085  0.22576449811458588
2200086  0.22576449811458588
2200087  0.22576449811458588
2200088  0.22576449811458588
2100300  0.18852564692497253
1000557  0.17086175084114075
2100299  0.16278260946273804
2100265  0.16161589324474335
2100298  0.1605871021747589
2100274  0.16025972366333008
2100268  0.15847191214561462
2100273  0.15810146927833557
2100267  0.15798348188400269
2100296  0.15787531435489655
2100275  0.15708418190479279
2100277  0.15607982873916626
2100297  0.15537793934345245
2100269  0.15473748743534088
2100272  0.15416522324085236
2100270  0.15362542867660522
2100132  0.1266036331653595
1400051  0.11546402424573898
1400939  0.11301209777593613
1000560  0.11149906367063522
1300449  0.10635098814964294
1400045  0.10531453043222427
1000563  0.10367917269468307
1300450  0.10346153378486633
1300457  0.1018843874335289
1000564  0.10146112740039825
1300440  0.10120493173599243
1400043  0.09893213212490082
1400726  0.09880674630403519
1300451  0.09753842651844025
1400833  0.09602110087871552
1400832  0.0937524065375328
1300443  0.09207649528980255
1400831  0.08921443670988083
1400737  0.08813183754682541
1300441  0.08807678520679474
1400738  0.08766163140535355
1400826  0.08719554543495178
1400827  0.08655297756195068
1400829  0.08600985258817673
1400766  0.08533827215433121
1400828  0.08487164974212646
1400740  0.0845986157655716
1400830  0.08356205374002457
1400753  0.08047875016927719
1400754  0.07890230417251587
2100128  0.07749918848276138
1400981  0.07598013430833817
1400983  0.07177510857582092
1700536  0.07117403298616409
2100125  0.07113448530435562
2100096  0.06996369361877441
1700533  0.06993640959262848
1400984  0.06913924217224121
2100097  0.06858135759830475
1400988  0.06849560141563416
2100121  0.06809277832508087
2100122  0.06766487658023834
1700527  0.06529683619737625
1700524  0.06366991996765137
1400935  0.06261712312698364
1400402  0.06187984347343445
1400834  0.06115664914250374
1400934  0.0592091865837574
1400928  0.05900702252984047
1400844  0.05842206999659538
1400929  0.05790923163294792
1400905  0.057594649493694305
1400931  0.05746283754706383
1400906  0.05738120526075363
1400932  0.056729257106781006
1400930  0.056455645710229874
1400933  0.05623148754239082
1400912  0.053719282150268555
1400910  0.0530499629676342
1400401  0.04516860470175743
1400055  0.044858891516923904
1400155  0.04205983132123947
1400386  0.04109692946076393
1400382  0.040644798427820206
1400374  0.04044429585337639
1400400  0.040429893881082535
1400375  0.0397280715405941
1400388  0.03957246616482735
1400387  0.03913081809878349
1400399  0.03907930105924606
1400381  0.03887096047401428
1400380  0.0373828299343586
1400376  0.037331607192754745
