1400826  inf
1400827  inf
1400828  inf
1400829  inf
1400830  inf
1400844  inf
1700533  12.0
1400766  9.0
1400831  8.0
1300457  7.2
2100237  7.2
2100238  7.2
2100239  7.2
2100240  7.2
2100241  7.2
2100245  6.25
1000455  3.0
1000459  3.0
1000460  3.0
1000461  3.0
1000498  3.0
1000501  3.0
1000504  3.0
1000505  3.0
1400832  3.0
1400833  3.0
1400834  3.0
1700536  3.0
1400981  1.0
1300440  0.9473684210526315
1300441  0.9473684210526315
1300443  0.9473684210526315
1300449  0.9473684210526315
1300450  0.9473684210526315
1300451  0.9473684210526315
1400043  0.9473684210526315
1400045  0.9473684210526315
1400051  0.9473684210526315
1400055  0.9473684210526315
1400155  0.9473684210526315
1400374  0.9473684210526315
1400375  0.9473684210526315
1400376  0.9473684210526315
1400380  0.9473684210526315
1400381  0.9473684210526315
1400382  0.9473684210526315
1400386  0.9473684210526315
1400387  0.9473684210526315
1400388  0.9473684210526315
1400399  0.9473684210526315
1400400  0.9473684210526315
1400401  0.9473684210526315
1400402  0.9473684210526315
1400726  0.9473684210526315
1400737  0.9473684210526315
1400738  0.9473684210526315
1400740  0.9473684210526315
1400753  0.9473684210526315
1400754  0.9473684210526315
1700524  0.9473684210526315
1700527  0.9473684210526315
2100096  0.9473684210526315
2100097  0.9473684210526315
2100121  0.9473684210526315
2100122  0.9473684210526315
2100125  0.9473684210526315
2100128  0.9473684210526315
2100132  0.9473684210526315
2100133  0.9473684210526315
2100134  0.9473684210526315
2100135  0.9473684210526315
2100258  0.9473684210526315
2100259  0.9473684210526315
2100261  0.9473684210526315
2100262  0.9473684210526315
2100264  0.9473684210526315
2100265  0.9473684210526315
2100267  0.9473684210526315
2100268  0.9473684210526315
2100269  0.9473684210526315
2100270  0.9473684210526315
2100272  0.9473684210526315
2100273  0.9473684210526315
2100274  0.9473684210526315
2100275  0.9473684210526315
2100277  0.9473684210526315
2100296  0.9473684210526315
2100297  0.9473684210526315
2100298  0.9473684210526315
2100299  0.9473684210526315
2100300  0.9473684210526315
2100307  0.9473684210526315
2100309  0.9473684210526315
2100311  0.9473684210526315
2100312  0.9473684210526315
2100316  0.9473684210526315
2100317  0.9473684210526315
2100318  0.9473684210526315
2100319  0.9473684210526315
2200083  0.9473684210526315
2200084  0.9473684210526315
2200085  0.9473684210526315
2200086  0.9473684210526315
2200087  0.9473684210526315
2200088  0.9473684210526315
1000046  0.9411764705882353
1000047  0.9411764705882353
1400905  0.8181818181818182
1400906  0.8181818181818182
1400910  0.8181818181818182
1400912  0.8181818181818182
1400928  0.75
1400929  0.75
1400930  0.75
1400931  0.75
1400932  0.75
1400933  0.75
1400934  0.75
1400935  0.75
1400939  0.75
1400940  0.75
1400945  0.75
1400946  0.75
1400947  0.75
1400948  0.75
1400949  0.75
1400976  0.75
1400983  0.75
1400984  0.75
1400988  0.75
1400961  0.5714285714285714
1400951  0.5
1400952  0.5
1400954  0.5
1400964  0.5
1400969  0.5
1400970  0.5
1000525  0.4444444444444444
1000529  0.4444444444444444
1000530  0.4444444444444444
1000531  0.4444444444444444
1000557  0.4444444444444444
1000560  0.4444444444444444
1000563  0.4444444444444444
1000564  0.4444444444444444
