1400826  0.16675373911857605
1400830  0.16174361109733582
1400827  0.15201565623283386
1400844  0.14085645973682404
1400828  0.13267600536346436
1400833  0.1289452761411667
1400829  0.12760430574417114
2100237  0.12256502360105515
1700533  0.12066425383090973
2100238  0.12030566483736038
2100245  0.11404407769441605
1300457  0.11376161873340607
1400831  0.11339298635721207
1400832  0.11044131219387054
1400766  0.1101171001791954
2100240  0.10993809998035431
2100241  0.10824979096651077
1000461  0.10766123980283737
1300450  0.10677886009216309
2100096  0.10605059564113617
2100239  0.10513383895158768
1000459  0.10474186390638351
1400976  0.10449013113975525
1000501  0.10434757173061371
1400961  0.10388855636119843
1000504  0.10228763520717621
1400981  0.10171890258789062
1400932  0.10009268671274185
1400928  0.0997648760676384
1400905  0.09975791722536087
1700536  0.09905277192592621
1000525  0.09824522584676743
1000498  0.09800808131694794
1400946  0.09797442704439163
1000505  0.09752988070249557
1000460  0.09730136394500732
1400738  0.09722604602575302
1300451  0.09702537208795547
1400387  0.09614478796720505
2100296  0.09583814442157745
1400906  0.09581765532493591
1400401  0.09503099322319031
1000564  0.09493071585893631
1400910  0.09488799422979355
2100318  0.09462396800518036
1000560  0.09457650780677795
1000531  0.0944833755493164
2100269  0.09445757418870926
2100298  0.09427930414676666
1400930  0.09409915655851364
1400949  0.09394432604312897
1400969  0.09384262561798096
1400940  0.09340851753950119
1400970  0.09311452507972717
1400935  0.09299685806035995
1400045  0.09273988008499146
1000557  0.09247125685214996
1000530  0.09245917946100235
2100311  0.0924416184425354
2100274  0.09210453182458878
1400929  0.09197422862052917
1400399  0.09194264560937881
1400939  0.09165268391370773
1300440  0.09138869494199753
1400964  0.09121330082416534
2100133  0.09115564823150635
1000455  0.0910729467868805
2200084  0.09089405834674835
1400375  0.09086531400680542
2100267  0.09077148884534836
1400948  0.09042380750179291
2200086  0.09042271226644516
2100262  0.09013285487890244
1400051  0.0898849293589592
1400984  0.0897713378071785
1400402  0.08975224941968918
1400947  0.08974990993738174
1400934  0.08969371020793915
1400043  0.08960603177547455
1400155  0.08929227292537689
1400400  0.0889396145939827
1400386  0.0888044685125351
1000563  0.08870537579059601
2100268  0.08863425254821777
1400380  0.08853528648614883
1300449  0.0884430930018425
1400753  0.088170625269413
1400951  0.08813461661338806
1400754  0.08813434839248657
1400983  0.08808056265115738
1300441  0.08756349235773087
2200085  0.08717499673366547
1400726  0.08701413124799728
2100121  0.0865718275308609
2100317  0.08653739094734192
2200083  0.08646314591169357
2100277  0.08644615858793259
1400834  0.08640768378973007
1000529  0.0864035040140152
1400382  0.08631981164216995
2100261  0.08627324551343918
2100259  0.08603785187005997
1400933  0.08599752187728882
1400055  0.08590878546237946
1400381  0.08572500944137573
2100132  0.08568435907363892
1400912  0.08558689057826996
1400954  0.08542825281620026
1400952  0.08518245816230774
2100319  0.0851011648774147
1400374  0.08508460223674774
1400376  0.08490537852048874
2100297  0.08478843420743942
2100299  0.08475818485021591
2100307  0.08452779799699783
2100097  0.08399011939764023
2100125  0.08394317328929901
1400737  0.08394049108028412
2200088  0.08381826430559158
2100275  0.08297266066074371
1400988  0.08295342326164246
2100300  0.08277782052755356
1400931  0.08252077549695969
1400388  0.08229336887598038
1700527  0.08215515315532684
2100135  0.08213131874799728
1700524  0.0810847282409668
2100309  0.08065418154001236
2100264  0.08013026416301727
2100265  0.08010229468345642
1400945  0.07964877039194107
2100273  0.07946652173995972
1400740  0.07892907410860062
2100134  0.07813708484172821
2100122  0.07769390940666199
2100312  0.077239990234375
2100272  0.07706957310438156
2100270  0.0763901025056839
2100128  0.0749979093670845
2100316  0.07238258421421051
2200087  0.07213955372571945
1300443  0.07168623805046082
2100258  0.06915944814682007
1000046  0.05719330534338951
1000047  0.049374617636203766
