1000379  0.1546688973903656
1000392  0.1546688973903656
1000421  0.1546688973903656
1000422  0.1546688973903656
1000425  0.1546688973903656
1000430  0.1546688973903656
1000492  0.1546688973903656
1000493  0.1546688973903656
1000497  0.1546688973903656
1000583  0.1546688973903656
1000587  0.1546688973903656
1000750  0.1546688973903656
1000754  0.1546688973903656
1001131  0.1546688973903656
1001183  0.1546688973903656
1600080  0.1546688973903656
1600085  0.1546688973903656
1600090  0.1546688973903656
1600095  0.1546688973903656
1600098  0.1546688973903656
1600101  0.1546688973903656
1600110  0.1546688973903656
1600130  0.1546688973903656
1600143  0.1546688973903656
1600153  0.1546688973903656
1600156  0.1546688973903656
1600159  0.1546688973903656
1600162  0.1546688973903656
1600165  0.1546688973903656
1600168  0.1546688973903656
1600171  0.1546688973903656
1600192  0.1546688973903656
1600200  0.1546688973903656
1600203  0.1546688973903656
1601808  0.1546688973903656
1601809  0.1546688973903656
1601811  0.1546688973903656
1601812  0.1546688973903656
1601813  0.1546688973903656
1601816  0.1546688973903656
1601817  0.1546688973903656
1601820  0.1546688973903656
1601821  0.1546688973903656
1601822  0.1546688973903656
1601825  0.1546688973903656
1601836  0.1546688973903656
1601837  0.1546688973903656
1601838  0.1546688973903656
1601839  0.1546688973903656
1601840  0.1546688973903656
1601841  0.1546688973903656
1601843  0.1546688973903656
1601844  0.1546688973903656
1601845  0.1546688973903656
1601847  0.1546688973903656
1601848  0.1546688973903656
1601851  0.1546688973903656
1601852  0.1546688973903656
1601854  0.1546688973903656
1601855  0.1546688973903656
1601856  0.1546688973903656
1601859  0.1546688973903656
1601860  0.1546688973903656
1601863  0.1546688973903656
1601864  0.1546688973903656
1601865  0.1546688973903656
1601868  0.1546688973903656
1601874  0.1546688973903656
1601956  0.14281567931175232
1601941  0.1427200436592102
1601952  0.14270225167274475
1601928  0.14267303049564362
1601929  0.1426430195569992
1601947  0.14263543486595154
1802337  0.14259828627109528
1601936  0.14255686104297638
1601925  0.142551988363266
1601961  0.14252138137817383
1601939  0.14249354600906372
1603003  0.14248493313789368
1601935  0.1424739956855774
1603005  0.14243632555007935
1601962  0.1424320936203003
1603410  0.14239610731601715
1601938  0.14239169657230377
1601931  0.14236995577812195
1602973  0.14235536754131317
1601951  0.1423397809267044
1802334  0.14233633875846863
1601937  0.14232102036476135
1601932  0.14232081174850464
1603004  0.14228829741477966
1602977  0.14226379990577698
1601959  0.14221325516700745
1800085  0.14221273362636566
1601954  0.14219391345977783
1601949  0.1421373188495636
1601946  0.14208661019802094
1601930  0.14208057522773743
1601948  0.14203988015651703
1601957  0.1420072317123413
1601940  0.14200341701507568
1601965  0.1419830471277237
1601805  0.12205252796411514
1000368  0.11162775754928589
1601877  0.09521307796239853
1601804  0.08339709043502808
1601746  0.08271919935941696
1601757  0.08218546956777573
1601756  0.08187909424304962
1601781  0.08187482506036758
1601802  0.0818009078502655
1601748  0.0817752331495285
1601758  0.08159840852022171
1601795  0.08154957741498947
1601767  0.08150745928287506
1601797  0.08145947754383087
1601775  0.08135873824357986
1601774  0.08133222907781601
1601794  0.08129116147756577
1601780  0.08127360045909882
1601761  0.08126744627952576
1601772  0.0812273621559143
1601753  0.08120768517255783
1601755  0.08120302855968475
1601768  0.08115586638450623
1601773  0.08101032674312592
1601754  0.08100610226392746
1601796  0.08097303658723831
1601771  0.08072582632303238
1601798  0.08065330237150192
1601801  0.08057187497615814
1601783  0.08054909110069275
1601751  0.08052462339401245
1601800  0.0804087445139885
1601770  0.08030082285404205
1601752  0.08024129271507263
1601745  0.07998236268758774
1601793  0.07996255904436111
1601776  0.0797153115272522
1601779  0.07949262857437134
1601744  0.06754161417484283
1601193  0.06745598465204239
1601195  0.06738480925559998
1601211  0.06647597253322601
1601210  0.06618161499500275
1601196  0.06615687161684036
1601743  0.06608349084854126
1601229  0.06593620777130127
1601240  0.06583689898252487
1601222  0.06579937040805817
1601212  0.0656118243932724
1601201  0.06552455574274063
1601232  0.06552006304264069
1601199  0.0654684454202652
1601221  0.0654565766453743
1601272  0.06536118686199188
1601233  0.06535521149635315
1601239  0.0652882531285286
1601269  0.06525889784097672
1601224  0.06522664427757263
1601256  0.06518308073282242
1601200  0.06504324823617935
1601266  0.06501206010580063
1601283  0.06492872536182404
1601235  0.06491610407829285
1601228  0.06482715904712677
1601288  0.06482377648353577
1601284  0.06465940922498703
1601226  0.06454775482416153
1601198  0.06449918448925018
1601197  0.06445198506116867
1601242  0.06443183869123459
1601245  0.06422587484121323
1601227  0.06417316198348999
1601238  0.06353113800287247
1601924  0.058442164212465286
1601128  0.044082432985305786
1601029  0.04407691955566406
1601032  0.04361666738986969
1601123  0.04348035901784897
1601048  0.04344361647963524
1601049  0.04338633641600609
1601069  0.04324846714735031
1601062  0.043217893689870834
1601047  0.043204981833696365
1601055  0.043198488652706146
1601070  0.04317473620176315
1601087  0.043162573128938675
1601082  0.043127115815877914
1601063  0.043104369193315506
1601050  0.04309902712702751
1601096  0.043097250163555145
1601046  0.04308745637536049
1601923  0.043082345277071
1601068  0.043070238083601
1601037  0.04306982457637787
1601074  0.04306182637810707
1601083  0.04305202141404152
1601878  0.0430193655192852
1601098  0.04301247373223305
1601120  0.04291945695877075
1601071  0.04291602969169617
1601099  0.04286002740263939
1601095  0.04284351319074631
1601034  0.04276096448302269
1601033  0.04275229573249817
1601121  0.042632512748241425
1601072  0.04262077063322067
1601065  0.04256745055317879
1601086  0.04247921332716942
1601922  0.04240414872765541
1601067  0.04237491264939308
1601066  0.042180437594652176
1601891  0.04169249162077904
1601890  0.041619546711444855
1601905  0.04159897193312645
1601893  0.04159136861562729
1601880  0.04154558479785919
1601895  0.04129240661859512
1601911  0.04121464863419533
1601894  0.041190724819898605
1601886  0.0411762073636055
1601901  0.04117605835199356
1601915  0.041089847683906555
1601892  0.04105304926633835
1601885  0.04102775827050209
1601881  0.04098309576511383
1601918  0.04097361117601395
1601910  0.04093795269727707
1601919  0.040838319808244705
1601916  0.040808986872434616
1601902  0.04065471887588501
1601884  0.04062898829579353
1601913  0.04044602811336517
1601921  0.040422163903713226
1601914  0.040417205542325974
1601882  0.040390364825725555
1601900  0.040339935570955276
1601912  0.04029982537031174
1601897  0.04007502272725105
1601906  0.03998441994190216
1601920  0.039874229580163956
1601907  0.03965035080909729
1601899  0.03948639705777168
1600233  0.03503910452127457
1601129  0.03256860002875328
1000359  0.02608243003487587
1000099  0.02597816288471222
1000100  0.02566196769475937
1000329  0.02539973147213459
1000061  0.02505243383347988
1000267  0.025003226473927498
1000064  0.024997415021061897
1000263  0.0248748566955328
1000118  0.024847665801644325
1000068  0.024830758571624756
1000101  0.024818798527121544
1000164  0.02475784346461296
1000106  0.02474595233798027
1000277  0.024718819186091423
1000323  0.02471829019486904
1000066  0.02470744401216507
1000254  0.024704718962311745
1000058  0.02469475008547306
1000160  0.024693911895155907
1000107  0.024620437994599342
1000328  0.024587607011198997
1000121  0.024523304775357246
1000253  0.02451464720070362
1000278  0.024480201303958893
1000276  0.02443562261760235
1000103  0.02427886426448822
1000104  0.024235153570771217
1000326  0.024230079725384712
1000270  0.024167655035853386
1000268  0.02413034811615944
1000327  0.024119291454553604
1000258  0.02410571463406086
1000122  0.02390054054558277
1000260  0.02379002422094345
1000159  0.02355632744729519
1601028  0.020627878606319427
1601027  0.012083279900252819
1600234  0.012068642303347588
1601131  0.011845382861793041
1601192  0.011799545958638191
1600235  0.011765140108764172
1601191  0.011742768809199333
1600245  0.011725151911377907
1601013  0.011716491542756557
1600249  0.011638247407972813
1601175  0.011637561023235321
1601132  0.0116368867456913
1600242  0.011624312028288841
1600264  0.011619783006608486
1600247  0.011615106835961342
1601025  0.01161471288651228
1601155  0.011602895334362984
1601020  0.011570615693926811
1600243  0.01156580075621605
1600251  0.011564874090254307
1601016  0.01155276782810688
1600256  0.011548152193427086
1601156  0.011543803848326206
1601160  0.011528361588716507
1601017  0.011516955681145191
1601169  0.011516467668116093
1601147  0.011514253914356232
1600244  0.011508777737617493
1601172  0.011500026099383831
1601019  0.01149787474423647
1601145  0.011495441198348999
1601161  0.011492337100207806
1600265  0.011488075368106365
1600263  0.011479197070002556
1601185  0.011471576057374477
1601168  0.011468564160168171
1601140  0.011461831629276276
1601188  0.011455786414444447
1601171  0.011453571729362011
1600250  0.011450722813606262
1601014  0.01144728995859623
1601183  0.011446869000792503
1600269  0.01144244521856308
1601181  0.011441227048635483
1601186  0.01143747940659523
1601022  0.011436083354055882
1601180  0.011418737471103668
1601184  0.011418118141591549
1601024  0.011405701749026775
1601143  0.011401386000216007
1601021  0.011397350579500198
1601012  0.011393852531909943
1601162  0.011390459723770618
1600259  0.011388557963073254
1601157  0.011386190541088581
1600239  0.011379864066839218
1601136  0.011368797160685062
1601164  0.011345213279128075
1601138  0.011343705467879772
1601176  0.011334376409649849
1600257  0.011314906179904938
1600238  0.01130751520395279
1600270  0.011290489695966244
1601187  0.011269165202975273
1601165  0.011268453672528267
1601174  0.01126733236014843
1601015  0.011247646994888783
1601173  0.011244227178394794
1601179  0.01124338898807764
1600258  0.011110465042293072
