2800267  0.3473333716392517
2800408  0.3470730185508728
2800808  0.3458612263202667
2800312  0.3456229865550995
2800248  0.34552860260009766
2800801  0.3451005220413208
2800803  0.3445688784122467
2800275  0.34352049231529236
2800588  0.3434498906135559
2800376  0.3431541323661804
2800814  0.3431446850299835
2800786  0.3429064154624939
2800839  0.3425428569316864
2800297  0.34169599413871765
2800837  0.3416654169559479
2800364  0.3415089249610901
2800274  0.3412923812866211
2800256  0.34122011065483093
2800270  0.3411298990249634
2800257  0.34102171659469604
2800821  0.34097641706466675
2800797  0.3406497538089752
2800263  0.34022822976112366
2800584  0.34007641673088074
2800311  0.3399209678173065
2800822  0.3393360376358032
2800378  0.33893370628356934
2800554  0.3388175070285797
2800800  0.33876579999923706
2800351  0.3386806547641754
2800316  0.33867618441581726
2800610  0.3384546935558319
2800606  0.33843085169792175
2800268  0.33838847279548645
2800247  0.33836260437965393
2800250  0.33832961320877075
2800692  0.33820444345474243
2800843  0.33819741010665894
2800806  0.3381586968898773
2800266  0.33808282017707825
2800536  0.3377404808998108
2800595  0.33773380517959595
2800828  0.33769291639328003
2800789  0.33754947781562805
2800805  0.337493896484375
2800245  0.3372785151004791
2800283  0.3372668921947479
2800787  0.33716797828674316
2800788  0.3371316194534302
2800703  0.3371042311191559
2800842  0.3371039927005768
3100049  0.33695536851882935
2800328  0.3369087278842926
2800841  0.33670806884765625
2800860  0.336683452129364
2800704  0.3366546928882599
2800436  0.3366377055644989
2800290  0.33661508560180664
2800709  0.3363684415817261
2800829  0.3363659381866455
2800338  0.3363119661808014
2800254  0.3362332880496979
2800836  0.3362158238887787
2800514  0.3362017571926117
2800832  0.33615875244140625
2900227  0.33612629771232605
2800389  0.3359909653663635
2800804  0.33594557642936707
2800381  0.3359088897705078
2800342  0.3358503580093384
2800318  0.3357960879802704
2800273  0.3357958197593689
2800812  0.3357773721218109
2800379  0.335716187953949
2800702  0.3357104957103729
2800510  0.3355078101158142
2800681  0.33546751737594604
2800298  0.33542028069496155
2800556  0.33534398674964905
2800587  0.3353079855442047
2800827  0.33524999022483826
2800398  0.3350524604320526
2800253  0.33504849672317505
2800529  0.3350476920604706
2800431  0.3349897265434265
2800501  0.33496972918510437
2800593  0.3349382281303406
2800392  0.33489179611206055
2800716  0.33481886982917786
2800534  0.3347063958644867
2800528  0.3347048759460449
2800281  0.3346632719039917
2800541  0.3346378207206726
2800455  0.3345910310745239
2800735  0.3345552086830139
2800549  0.3345029056072235
2800664  0.3344707489013672
2800699  0.33441969752311707
2800561  0.33437448740005493
2800748  0.33432456851005554
2800462  0.33426913619041443
2800696  0.3342653810977936
2800414  0.3342404067516327
2800535  0.3342001438140869
2800672  0.3341640830039978
2800260  0.3340354263782501
2800499  0.3340175151824951
2800532  0.33400920033454895
2800505  0.33388638496398926
2900218  0.33387747406959534
2800399  0.3338734209537506
2900173  0.33384910225868225
2800352  0.3338221609592438
2800867  0.33377501368522644
2800517  0.33369532227516174
2800552  0.33362627029418945
2800688  0.33361750841140747
2800609  0.3335759937763214
2800511  0.33356550335884094
2800750  0.33354896306991577
2800678  0.33353617787361145
2800341  0.33353251218795776
2800838  0.3335159420967102
2800849  0.33350056409835815
2800627  0.33349892497062683
2800368  0.33340704441070557
2800793  0.3334015905857086
2800390  0.33338662981987
2800416  0.33337491750717163
2900221  0.333351194858551
2800310  0.33334895968437195
2800520  0.33327385783195496
2800460  0.33326056599617004
2900342  0.33323904871940613
2800502  0.33320292830467224
2800817  0.3331359326839447
2800384  0.3331049382686615
2800354  0.3330570161342621
2800429  0.33301687240600586
2800697  0.33300095796585083
2800282  0.3329765498638153
2800813  0.33297204971313477
2800512  0.33289530873298645
2800350  0.3328419625759125
2800249  0.3328045904636383
2800559  0.3327857255935669
2800308  0.33277544379234314
2800346  0.33275267481803894
2800224  0.3326995074748993
2800359  0.33269771933555603
2800513  0.332691490650177
2800859  0.3326692283153534
2800406  0.3326195776462555
2800539  0.33261698484420776
2800412  0.3326009213924408
2800494  0.3325718939304352
2800719  0.3325463533401489
2800432  0.33252912759780884
2800303  0.33243975043296814
2900336  0.3323766589164734
2800503  0.3322831690311432
2900335  0.3322727680206299
2800701  0.3322591781616211
2800744  0.3322339951992035
2800255  0.3322320580482483
2800369  0.3322312831878662
2800826  0.33219242095947266
2800573  0.3321894109249115
2800420  0.33218348026275635
2800580  0.33217066526412964
2800296  0.33215898275375366
2800293  0.33213019371032715
2800791  0.3321230113506317
2800386  0.3320755660533905
2800823  0.3320715129375458
2800862  0.33202728629112244
2900212  0.33200734853744507
2800861  0.33198171854019165
2800579  0.3318134546279907
2800391  0.33178699016571045
2800343  0.33176952600479126
2800866  0.33175140619277954
2800380  0.33170297741889954
2800667  0.3316831588745117
2800581  0.3316279351711273
2800668  0.3315838873386383
2800863  0.33147352933883667
2800500  0.3314535319805145
2800246  0.33133989572525024
2800618  0.3312174379825592
2800519  0.33121708035469055
2800576  0.3311936855316162
2800711  0.33119311928749084
2800870  0.3311786651611328
2900185  0.33117738366127014
2800333  0.3311643898487091
2800591  0.3311587870121002
2900217  0.33115315437316895
2800515  0.33114996552467346
2800433  0.33109214901924133
2800300  0.3309883177280426
2800407  0.33096566796302795
2800349  0.3308912217617035
2800712  0.3307868540287018
2800717  0.33076947927474976
2800833  0.3307573199272156
2800613  0.3307306170463562
2800586  0.3307274878025055
2800449  0.330674409866333
2800402  0.3306574523448944
2800718  0.3305485248565674
2800619  0.3304854929447174
2800677  0.33048421144485474
2800496  0.33047398924827576
2800291  0.3304632008075714
2800628  0.3304596245288849
2900219  0.3303757309913635
2800727  0.330341100692749
2800315  0.3301275074481964
2800756  0.330074280500412
2800415  0.329995721578598
2800545  0.3299878239631653
2900322  0.3299664556980133
2800687  0.3299613893032074
2900222  0.3299403786659241
2800550  0.32986757159233093
2800388  0.3298497498035431
2800365  0.32979878783226013
2800493  0.3297975957393646
2800557  0.32978805899620056
2900330  0.32975268363952637
2800309  0.3297427296638489
2800452  0.3295718729496002
2800582  0.3295649290084839
2800802  0.32954129576683044
2800401  0.32950374484062195
3100046  0.3294975459575653
2800594  0.32949188351631165
2800551  0.3293202221393585
2800313  0.3292502760887146
2900225  0.3291809856891632
2800739  0.3291356563568115
2800560  0.32913246750831604
2800590  0.3290211856365204
2800686  0.3289884924888611
2800531  0.32896095514297485
2800426  0.32888126373291016
2800521  0.3288451135158539
2800371  0.3287859261035919
2800404  0.32876870036125183
2800314  0.3287525475025177
2800626  0.3287443220615387
2800612  0.3287045657634735
2800759  0.3286314010620117
2800538  0.3285202085971832
2800259  0.32850295305252075
2800676  0.3284972012042999
2800746  0.3283464312553406
2800865  0.32829082012176514
2800622  0.3282317519187927
2800589  0.3281542658805847
2800620  0.32811322808265686
2800851  0.32808423042297363
2800728  0.32806605100631714
2900197  0.32804396748542786
2800745  0.32803478837013245
2900208  0.3279130160808563
3100047  0.32784271240234375
2900347  0.3277379870414734
2800176  0.3277240991592407
2800715  0.3277026116847992
2800601  0.327648401260376
2800518  0.3275909125804901
3100048  0.32758310437202454
2800553  0.3275286555290222
2800698  0.32750582695007324
2800607  0.32740792632102966
2800790  0.32740744948387146
2800353  0.327364981174469
2800340  0.327361136674881
2900193  0.32729485630989075
2800336  0.32727450132369995
2800569  0.3271869719028473
2800440  0.3271804451942444
2800201  0.3270624279975891
2800435  0.3269007205963135
2900184  0.3266562521457672
2800663  0.3266560733318329
2800662  0.3265935778617859
2800192  0.3265343904495239
2800292  0.3265259265899658
2900338  0.32649412751197815
2800175  0.32636719942092896
2900250  0.32633888721466064
2900343  0.3263234794139862
2800370  0.32628026604652405
2800357  0.3262665867805481
2800337  0.3261849582195282
2800360  0.3261297047138214
2800625  0.3261158764362335
2900223  0.32607221603393555
2800710  0.3260405659675598
2800418  0.32597842812538147
2800427  0.3257977366447449
2800605  0.32573390007019043
2800542  0.3256174325942993
2800530  0.3255566656589508
2800278  0.3254912197589874
2800177  0.32541126012802124
2800329  0.325339674949646
2800377  0.3253136873245239
2800755  0.32525914907455444
2800405  0.3252505958080292
2900176  0.3250668942928314
2900240  0.3250649571418762
2900191  0.3249712586402893
2800665  0.3249059021472931
2800537  0.3246290683746338
2800568  0.3244097828865051
2800385  0.32439282536506653
2800395  0.3243820369243622
2800286  0.32423701882362366
2800355  0.32401806116104126
2800599  0.3239992558956146
2800417  0.3238013982772827
2800202  0.3236697316169739
2800736  0.3235510587692261
2800614  0.3235199749469757
3100081  0.3233838975429535
2800322  0.3232852518558502
2800679  0.32326436042785645
2800632  0.3231976628303528
2800213  0.3230664134025574
2800700  0.3228966295719147
2900345  0.32277294993400574
2800169  0.32276368141174316
2900220  0.32272955775260925
2900194  0.32263100147247314
2900186  0.3225937783718109
2800236  0.3225376307964325
2900213  0.32246679067611694
2800172  0.32229456305503845
2900190  0.32197681069374084
2800611  0.3219166100025177
2800734  0.32145774364471436
2800258  0.3214013874530792
2800237  0.3213893175125122
2800173  0.32131728529930115
2900341  0.32127517461776733
2800747  0.32122713327407837
2800174  0.32117488980293274
2900337  0.32105445861816406
2800223  0.3210090696811676
2800428  0.3208710253238678
2900333  0.3207220733165741
2800743  0.3203674256801605
2900329  0.319661408662796
2800543  0.319560706615448
2900125  0.3195156753063202
2900192  0.3194637894630432
2800166  0.3192236125469208
2800617  0.31888988614082336
2900328  0.3186378479003906
2900124  0.3179572522640228
2800212  0.3175743818283081
2900118  0.31616899371147156
2900334  0.31599584221839905
2800179  0.31583771109580994
2900160  0.31513723731040955
2800191  0.31473785638809204
2900140  0.3146301507949829
2900139  0.313162237405777
2900120  0.31205204129219055
3200051  0.3109269440174103
2900116  0.3108493387699127
3200050  0.30985593795776367
3200053  0.3093312978744507
2900159  0.30875903367996216
2900119  0.30823391675949097
3200052  0.30770358443260193
2900117  0.30570048093795776
