1000073  0.5941029787063599
1000075  0.5941029787063599
1000076  0.5941029787063599
1000079  0.5941029787063599
1000080  0.5941029787063599
1000081  0.5941029787063599
1000116  0.5941029787063599
1000117  0.5941029787063599
1000118  0.5941029787063599
1000132  0.5941029787063599
1000169  0.5941029787063599
1000170  0.5941029787063599
1000172  0.5941029787063599
1000184  0.5941029787063599
1000187  0.5941029787063599
1000196  0.5941029787063599
1000197  0.5941029787063599
1000199  0.5941029787063599
1000200  0.5941029787063599
1000201  0.5941029787063599
1000203  0.5941029787063599
1000229  0.5941029787063599
1000230  0.5941029787063599
1000232  0.5941029787063599
1000245  0.5941029787063599
1000252  0.5941029787063599
1000253  0.5941029787063599
1000256  0.5941029787063599
1000131  0.5936827659606934
1000077  0.590339183807373
1000129  0.5857555866241455
1000058  0.5854888558387756
1000068  0.5791674256324768
1000078  0.573462724685669
1000130  0.5656311511993408
1000128  0.26747259497642517
1000107  0.234909787774086
1000092  0.22695934772491455
1000124  0.21875886619091034
1000091  0.20616276562213898
1000127  0.1972169280052185
1000102  0.1870127171278
1000089  0.1707971692085266
1000093  0.16749027371406555
1000125  0.15824641287326813
1000126  0.1525077521800995
1000082  0.15173666179180145
1000083  0.14452683925628662
1000094  0.13947300612926483
1000096  0.12688082456588745
