2703798  0.9954434633255005
2703799  0.995399534702301
2703795  0.9953444600105286
2500166  0.9953232407569885
2600070  0.9952990412712097
2703800  0.995267927646637
2600077  0.9952569603919983
2703794  0.9952346682548523
2703796  0.9951850771903992
2600078  0.9951724410057068
2600244  0.9951527118682861
2600308  0.9951379895210266
2600309  0.9951377511024475
2703801  0.9951155185699463
2200143  0.9950937032699585
2703803  0.9950754046440125
2200145  0.9950396418571472
2703788  0.9949917197227478
1500569  0.9949697852134705
2200147  0.9949691891670227
2600312  0.9948352575302124
2300063  0.9948182702064514
2703785  0.9948052763938904
2600319  0.9947680234909058
2600315  0.9947417974472046
1500568  0.9947353005409241
2703804  0.9946979284286499
2600321  0.9946569204330444
2703805  0.9944368600845337
2703806  0.9942595958709717
5900189  0.9807150363922119
5900190  0.980330765247345
5900193  0.980215311050415
5900198  0.9801857471466064
5900186  0.9798493385314941
5900164  0.9797577261924744
5900201  0.9794310927391052
5900185  0.9793659448623657
5900163  0.9791426658630371
5900169  0.979040265083313
5900166  0.9789308309555054
5900168  0.9788286089897156
5900162  0.978812038898468
5900172  0.9786738753318787
5900203  0.9786638021469116
5900156  0.9783594012260437
5900170  0.9783097505569458
5900167  0.978270947933197
5900181  0.9780957698822021
5900161  0.9778318405151367
5900160  0.9778106212615967
5900159  0.9777894020080566
5900173  0.9776115417480469
5900175  0.9771636724472046
5900155  0.9770979881286621
5900179  0.9768441319465637
5900207  0.9766080379486084
5900178  0.9761075973510742
5900208  0.9749037623405457
5900154  0.9720255732536316
5900141  0.9667037129402161
5900140  0.9663527011871338
5900138  0.9663368463516235
5900137  0.9661905169487
5900139  0.9659267067909241
5900144  0.9652430415153503
5900111  0.9650828242301941
5900145  0.9647763967514038
5900048  0.9646740555763245
5900136  0.9646651148796082
5900118  0.9642835259437561
5900117  0.9642220139503479
5900116  0.9640050530433655
5900110  0.9638386964797974
5900086  0.9636262059211731
5900052  0.9634389281272888
5900119  0.9634186029434204
5900092  0.9629254937171936
5900083  0.9628760814666748
5900090  0.9628664255142212
5900091  0.9626022577285767
5900122  0.9625757336616516
5900135  0.9623191356658936
5900127  0.9618573188781738
5900147  0.9616134762763977
5900081  0.9614404439926147
5900128  0.9613673686981201
5900129  0.9607256650924683
5900148  0.9598907232284546
5300085  0.9594982266426086
5300087  0.9593424201011658
5300084  0.9591970443725586
5300079  0.95917809009552
5900152  0.9585462212562561
2703839  0.9584746956825256
5300080  0.9582609534263611
5300078  0.9582147598266602
5300089  0.9580069780349731
2703833  0.9573978781700134
4500145  0.9572706818580627
3400141  0.9569722414016724
2703827  0.9569464325904846
4500144  0.9564396739006042
2703818  0.9563490748405457
2703820  0.9563363790512085
5300076  0.9562206268310547
4500141  0.9561800956726074
4500146  0.9560273289680481
4500148  0.9556862711906433
5300090  0.9552768468856812
2703819  0.9551660418510437
2703821  0.9546712040901184
2703809  0.9543907642364502
5300064  0.9543496966362
5900212  0.9540295004844666
5300073  0.9538003206253052
5300065  0.9535315632820129
5300096  0.9534988403320312
5300069  0.953466534614563
2703808  0.9525282979011536
5300099  0.9508360028266907
5800128  0.9422442317008972
5800120  0.940819501876831
5800126  0.9405927658081055
5800125  0.940406322479248
5800127  0.9402425289154053
5500033  0.9391298890113831
5800040  0.9390238523483276
5800130  0.9387552738189697
5800129  0.9384800791740417
5800149  0.9383763670921326
5800055  0.9380084872245789
5800066  0.9374808073043823
5800117  0.9374110102653503
5700065  0.9369493722915649
5800073  0.9367750287055969
5700046  0.9366318583488464
5800056  0.9362035989761353
5800079  0.9361847639083862
5800057  0.9359684586524963
5700045  0.9351251125335693
5700047  0.9350759983062744
5700056  0.9349658489227295
5700048  0.9343616962432861
5800085  0.9332597255706787
5800104  0.9331220984458923
5800108  0.9328946471214294
5800131  0.9326667189598083
5800091  0.9325316548347473
5800107  0.931666910648346
5900300  0.9313651919364929
5500036  0.9309064149856567
5800134  0.9304487705230713
5900279  0.9303101897239685
5900297  0.9298937916755676
5900274  0.9297602772712708
5900305  0.9291008114814758
5900255  0.9289047122001648
5900280  0.9284685850143433
5900304  0.9282053709030151
5900242  0.9280956387519836
5900262  0.9274153113365173
5900260  0.927118182182312
5900273  0.9270831346511841
5900226  0.9267313480377197
5900263  0.9264951944351196
5900258  0.9263759851455688
5900256  0.9256349205970764
5900223  0.9254859089851379
5900235  0.9254487752914429
5900232  0.9253931045532227
5900233  0.9252762198448181
5900227  0.924927830696106
6100028  0.9245676398277283
5900266  0.9240102767944336
5900264  0.9237610101699829
5900270  0.9232950210571289
5900265  0.9226527214050293
6100031  0.9225218296051025
5900269  0.9217552542686462
5900216  0.9217236638069153
6100034  0.91932612657547
1500567  0.9075214266777039
1002992  0.33195048570632935
1002222  0.33191755414009094
1001821  0.3316318988800049
1002255  0.3314982056617737
1002204  0.33128777146339417
1002237  0.33110547065734863
1001819  0.3310682475566864
1001805  0.33099913597106934
1002208  0.3308979272842407
1002974  0.33089005947113037
1001816  0.3308243155479431
1001655  0.3307863771915436
1001820  0.3307766020298004
1001661  0.3307688236236572
1002243  0.3307272791862488
1001679  0.3307186961174011
1001657  0.33071795105934143
1002240  0.3307071030139923
1001676  0.33069661259651184
1000216  0.3306928277015686
1000254  0.3306905925273895
1001675  0.33067911863327026
1000126  0.3306735157966614
1001681  0.3306642770767212
1003004  0.33066028356552124
1000177  0.33065247535705566
1001653  0.33065149188041687
1000196  0.3306313157081604
1000375  0.33062976598739624
1001678  0.3306288421154022
1001693  0.33062711358070374
1001658  0.33062708377838135
1003001  0.3306264877319336
1001803  0.33062586188316345
1002227  0.3306214213371277
1000113  0.3306196331977844
1001696  0.3306196331977844
1001697  0.3306196331977844
1001698  0.3306196331977844
1001699  0.3306196331977844
1001702  0.3306196331977844
1001703  0.3306196331977844
1001704  0.3306196331977844
1001705  0.3306196331977844
1001708  0.3306196331977844
1001709  0.3306196331977844
1001710  0.3306196331977844
1001711  0.3306196331977844
1001737  0.3306196331977844
1001738  0.3306196331977844
1001740  0.3306196331977844
1001741  0.3306196331977844
1001742  0.3306196331977844
1001743  0.3306196331977844
1001744  0.3306196331977844
1001746  0.3306196331977844
1001747  0.3306196331977844
1001748  0.3306196331977844
1001749  0.3306196331977844
1001750  0.3306196331977844
1001752  0.3306196331977844
1001767  0.3306196331977844
1001794  0.3306196331977844
1001795  0.3306196331977844
1001797  0.3306196331977844
1001798  0.3306196331977844
1001799  0.3306196331977844
1001800  0.3306196331977844
1003396  0.3306196331977844
1100041  0.3306196331977844
1100053  0.3306196331977844
1100054  0.3306196331977844
1100062  0.3306196331977844
1100069  0.3306196331977844
1100080  0.3306196331977844
1100081  0.3306196331977844
1100084  0.3306196331977844
1100085  0.3306196331977844
1100086  0.3306196331977844
1100096  0.3306196331977844
1100097  0.3306196331977844
1100114  0.3306196331977844
1100155  0.3306196331977844
1100158  0.3306196331977844
1100164  0.3306196331977844
1100165  0.3306196331977844
1500234  0.3306196331977844
1500235  0.3306196331977844
1500239  0.3306196331977844
1500240  0.3306196331977844
1500242  0.3306196331977844
1500243  0.3306196331977844
1500268  0.3306196331977844
1500271  0.3306196331977844
1500273  0.3306196331977844
1500295  0.3306196331977844
1500296  0.3306196331977844
1500306  0.3306196331977844
1500307  0.3306196331977844
1500539  0.3306196331977844
1000235  0.3306056559085846
1001656  0.3306024670600891
1000139  0.3305988609790802
1001677  0.3305961489677429
1001663  0.3305957019329071
1000286  0.33058780431747437
1001673  0.3305617868900299
1001692  0.33055126667022705
1000283  0.33054399490356445
1000158  0.33053532242774963
1000275  0.33050736784935
1002247  0.3304556906223297
1002239  0.3304102420806885
1001817  0.3301924467086792
1002214  0.33019179105758667
1001823  0.3300834000110626
1002253  0.3300617039203644
1002201  0.32997679710388184
1002207  0.32992538809776306
1002202  0.32983389496803284
1002238  0.32937249541282654
