5900274  0.6148144006729126
5900110  0.6111174821853638
5900111  0.6090894937515259
5900266  0.5460799336433411
5900270  0.5456602573394775
5900269  0.5429182648658752
5900190  0.5418630838394165
5800066  0.5251244306564331
5900201  0.5234335660934448
5900193  0.4911530315876007
5900305  0.4896850287914276
5300099  0.48750728368759155
5500033  0.48251020908355713
5900152  0.48202329874038696
1500242  0.4818771481513977
5300079  0.4812265932559967
5900198  0.48117882013320923
1500295  0.4811604917049408
2703819  0.4807913899421692
1001740  0.48050349950790405
3400141  0.48026615381240845
5300076  0.479937344789505
2200145  0.4786794185638428
5900280  0.478506863117218
5900164  0.4784778654575348
2600319  0.47823187708854675
5900262  0.4781312346458435
2703839  0.4778899550437927
5800131  0.4777427315711975
1001816  0.4771989583969116
5900169  0.47602543234825134
1500296  0.4759988784790039
4500141  0.47554919123649597
5900258  0.4754321277141571
1500235  0.4753810465335846
2600312  0.47519785165786743
5300084  0.474944531917572
1500307  0.4747920036315918
4500145  0.47464483976364136
5900226  0.47450003027915955
5500036  0.473662793636322
5900178  0.4733206033706665
5300080  0.4732019901275635
5900175  0.4726226031780243
5900203  0.47252321243286133
5300069  0.47223761677742004
2600070  0.4721619188785553
5900141  0.47187739610671997
2600309  0.471147358417511
5900148  0.4710628390312195
1100114  0.47094500064849854
1500240  0.469888836145401
5900145  0.46957698464393616
1001705  0.4695647954940796
2600078  0.46950823068618774
1500268  0.46940597891807556
5900162  0.469349205493927
5300087  0.4691406488418579
2600077  0.4690508544445038
5900263  0.46903708577156067
5900160  0.46902814507484436
1001746  0.46826374530792236
1001692  0.46801358461380005
5300089  0.4676879346370697
5900216  0.46765372157096863
5900232  0.46758919954299927
5900207  0.4672711193561554
5300065  0.4672493636608124
5900300  0.4671463668346405
1000254  0.46712467074394226
1001747  0.46711209416389465
5900161  0.4669475555419922
1002243  0.4668772220611572
5900279  0.46686312556266785
5900256  0.4666169583797455
1001819  0.4665793776512146
1001767  0.46656110882759094
5900260  0.46649929881095886
5900168  0.4663242995738983
5900172  0.466260701417923
5900156  0.46600601077079773
5900212  0.4659922420978546
5900159  0.4659618139266968
5900167  0.4657735526561737
1001799  0.46560138463974
5700046  0.46555295586586
5900223  0.46553781628608704
5900255  0.4654965400695801
1001750  0.46534574031829834
5900147  0.46527934074401855
1500273  0.4651395082473755
2500166  0.4646517038345337
5900273  0.4646025002002716
1002214  0.4642851650714874
5300073  0.4639406204223633
5300096  0.46391040086746216
5900264  0.463906854391098
5900155  0.4636927545070648
1001742  0.46366557478904724
1001820  0.4634988605976105
1001673  0.4634593725204468
1100084  0.46345704793930054
5900235  0.4632124900817871
5900297  0.4628337323665619
1001698  0.46274107694625854
5300090  0.46245989203453064
1001697  0.4622850716114044
5900304  0.4622359573841095
4500146  0.46211469173431396
4500144  0.46210741996765137
5700045  0.4620266854763031
2703808  0.46195104718208313
2703806  0.46176713705062866
1001655  0.4616241455078125
5900052  0.461441308259964
1000139  0.4613880217075348
1002222  0.46115657687187195
5700047  0.46104708313941956
5700048  0.46101444959640503
5900170  0.46097007393836975
1500239  0.46090564131736755
5300085  0.4608432948589325
1002227  0.46083635091781616
4500148  0.4607519805431366
1000158  0.4606150984764099
5900233  0.46040982007980347
1001681  0.4602242112159729
1002974  0.46021562814712524
1100165  0.4601360559463501
2200147  0.4597358703613281
5900163  0.4594570994377136
2600308  0.4594247043132782
2600321  0.45900407433509827
2703799  0.45885545015335083
1001663  0.4588518738746643
5700065  0.4586445987224579
1000216  0.45848408341407776
5800117  0.4583766460418701
5900181  0.4583283066749573
5300064  0.4582628607749939
1001795  0.45816779136657715
1001709  0.45814812183380127
1001699  0.45799919962882996
5900091  0.4578953981399536
2703796  0.4578878581523895
6100034  0.45784011483192444
1500243  0.4575757384300232
1001800  0.45751693844795227
2600315  0.45744580030441284
1002238  0.45743802189826965
5900092  0.4573647975921631
1500306  0.45719075202941895
5800127  0.4570963680744171
5900227  0.45698580145835876
1100164  0.456932008266449
1001658  0.4568421244621277
6100028  0.45663854479789734
1001710  0.45661839842796326
5900144  0.4566159248352051
2703798  0.45657289028167725
2703801  0.4563886523246765
2703800  0.45628052949905396
2703795  0.45617741346359253
1100080  0.4559343159198761
1001678  0.45591193437576294
1000177  0.4556329846382141
1002240  0.4555312395095825
1100086  0.4554889500141144
5900265  0.4554268717765808
5800073  0.4551360607147217
1001653  0.4550737738609314
1001704  0.454976350069046
1001738  0.45495569705963135
1500234  0.4548282325267792
1001797  0.45476987957954407
5300078  0.45426926016807556
1000286  0.45395606756210327
1001798  0.4538635313510895
1001737  0.4535894989967346
1002201  0.45343679189682007
5900116  0.4532933533191681
1001749  0.45323464274406433
1001794  0.45320236682891846
1001693  0.45306396484375
5800120  0.4530453681945801
1001657  0.4530159533023834
5800085  0.45283758640289307
1002237  0.4528057277202606
2703803  0.4527018070220947
1100097  0.45269331336021423
1002207  0.45253226161003113
5900166  0.4522477984428406
1100069  0.4522080719470978
1001703  0.4521690607070923
1001752  0.45210838317871094
5900135  0.45206916332244873
2703820  0.4511965811252594
2703818  0.4510991871356964
5900139  0.45100054144859314
1001711  0.45096439123153687
1001817  0.4507245719432831
1002255  0.45065274834632874
5800129  0.450466513633728
1100062  0.450133740901947
1001661  0.4500921070575714
1001679  0.450035035610199
1001656  0.4499300718307495
1100096  0.4497948884963989
1001741  0.4497350752353668
5800079  0.44963720440864563
1002253  0.44959354400634766
5800126  0.4495494067668915
1002208  0.4494953453540802
1002202  0.4494948089122772
2703794  0.4494095742702484
5700056  0.4490014910697937
5800055  0.44891664385795593
1002204  0.44890227913856506
5900086  0.44885048270225525
5900129  0.44878315925598145
2703804  0.44855549931526184
5900173  0.44841304421424866
1500271  0.4483973979949951
1001675  0.4483732581138611
2703785  0.4481237232685089
1001803  0.4479743540287018
1001748  0.4479435384273529
1001744  0.44792425632476807
1001821  0.44785231351852417
2703805  0.4478341042995453
1100041  0.447580486536026
1000196  0.4473067820072174
1001743  0.4469619691371918
5900242  0.4463903307914734
1000275  0.44637560844421387
2703809  0.4463689923286438
5900136  0.4463545083999634
5900179  0.4462229609489441
5900154  0.4458884000778198
2200143  0.4455143213272095
5900138  0.4453956186771393
2600244  0.4453459680080414
1001677  0.4452727735042572
2703833  0.4451588988304138
1000375  0.4450908601284027
5900090  0.44497570395469666
1100158  0.4448907971382141
5800108  0.4447227716445923
2703788  0.4446355402469635
5800134  0.4443402886390686
5900117  0.4437449276447296
5900122  0.4433998763561249
1100054  0.4432280361652374
1003004  0.44295984506607056
1002247  0.44277265667915344
1001708  0.4427237808704376
5900048  0.44252389669418335
5800125  0.4424186646938324
1100053  0.4422360360622406
5900137  0.4420955181121826
5900127  0.44201797246932983
5900128  0.44200775027275085
1100081  0.4419451057910919
1001805  0.4417352080345154
5900081  0.44132521748542786
1002239  0.4412972033023834
2703827  0.4411288797855377
5800091  0.4410260319709778
5800057  0.4410226047039032
5900140  0.4410005211830139
5800040  0.44074249267578125
1100085  0.4406428933143616
1001696  0.4405170679092407
2703821  0.43990886211395264
5800056  0.43947356939315796
5900083  0.4393727481365204
1100155  0.4393277168273926
5800130  0.4392015039920807
6100031  0.439199835062027
1001676  0.4385145604610443
5900118  0.43646666407585144
5800149  0.4357435405254364
5800107  0.4348774552345276
1001702  0.4346855580806732
1001823  0.4346701502799988
2300063  0.4345875084400177
1002992  0.4336717426776886
5900119  0.4336506724357605
1003001  0.4333815574645996
1000283  0.4331011474132538
1000126  0.4322827160358429
5800104  0.4312261641025543
1000113  0.4298925995826721
1000235  0.42872223258018494
5800128  0.42547664046287537
5900189  0.4153535068035126
5900208  0.4148159921169281
1003396  0.41389480233192444
5900185  0.4094688892364502
1500567  0.4017444849014282
1500539  0.3996289372444153
5900186  0.3976961374282837
1500568  0.39612337946891785
1500569  0.3960378170013428
