5900274  1.0
5900110  0.9574271077563381
5900111  0.9574271077563381
5900266  0.9045340337332909
5900269  0.8528028654224417
5900270  0.8528028654224417
1002974  0.82915619758885
2600070  0.82915619758885
2600077  0.82915619758885
2600078  0.82915619758885
2600244  0.82915619758885
2600308  0.82915619758885
2600309  0.82915619758885
2600312  0.82915619758885
2600315  0.82915619758885
2600319  0.82915619758885
2600321  0.82915619758885
5700045  0.82915619758885
5700046  0.82915619758885
5700047  0.82915619758885
5700048  0.82915619758885
5700056  0.82915619758885
5700065  0.82915619758885
5900141  0.82915619758885
5900144  0.82915619758885
5900145  0.82915619758885
5900147  0.82915619758885
5900148  0.82915619758885
5900152  0.82915619758885
5900154  0.82915619758885
5900155  0.82915619758885
5900156  0.82915619758885
5900159  0.82915619758885
5900160  0.82915619758885
5900161  0.82915619758885
5900162  0.82915619758885
5900163  0.82915619758885
5900164  0.82915619758885
5900166  0.82915619758885
5900167  0.82915619758885
5900168  0.82915619758885
5900169  0.82915619758885
5900170  0.82915619758885
5900172  0.82915619758885
5900175  0.82915619758885
5900178  0.82915619758885
5900179  0.82915619758885
5900181  0.82915619758885
5900198  0.82915619758885
5900203  0.82915619758885
5900207  0.82915619758885
5900212  0.82915619758885
5900216  0.82915619758885
5900223  0.82915619758885
5900226  0.82915619758885
5900227  0.82915619758885
5900232  0.82915619758885
5900233  0.82915619758885
5900235  0.82915619758885
5900242  0.82915619758885
5900255  0.82915619758885
5900256  0.82915619758885
5900260  0.82915619758885
5900262  0.82915619758885
5900263  0.82915619758885
5900264  0.82915619758885
5900265  0.82915619758885
5900273  0.82915619758885
5900279  0.82915619758885
5900280  0.82915619758885
5900297  0.82915619758885
5900300  0.82915619758885
5900304  0.82915619758885
5900201  0.8058229640253802
5900305  0.8058229640253802
1000113  0.8043996665398437
1000126  0.8043996665398437
1000139  0.8043996665398437
1000158  0.8043996665398437
1000177  0.8043996665398437
1000196  0.8043996665398437
1000216  0.8043996665398437
1000235  0.8043996665398437
1000254  0.8043996665398437
1000275  0.8043996665398437
1000283  0.8043996665398437
1000286  0.8043996665398437
1000375  0.8043996665398437
1002992  0.8043996665398437
1003001  0.8043996665398437
1003004  0.8043996665398437
1100041  0.8043996665398437
1100053  0.8043996665398437
1100054  0.8043996665398437
1100062  0.8043996665398437
1100069  0.8043996665398437
1100080  0.8043996665398437
1100081  0.8043996665398437
1100084  0.8043996665398437
1100085  0.8043996665398437
1100086  0.8043996665398437
1100096  0.8043996665398437
1100097  0.8043996665398437
1100155  0.8043996665398437
1100158  0.8043996665398437
1100164  0.8043996665398437
1100165  0.8043996665398437
2300063  0.8043996665398437
5800040  0.8043996665398437
5800055  0.8043996665398437
5800056  0.8043996665398437
5800057  0.8043996665398437
5800073  0.8043996665398437
5800079  0.8043996665398437
5800085  0.8043996665398437
5800091  0.8043996665398437
5800104  0.8043996665398437
5800107  0.8043996665398437
5800108  0.8043996665398437
5800117  0.8043996665398437
5800120  0.8043996665398437
5800125  0.8043996665398437
5800126  0.8043996665398437
5800127  0.8043996665398437
5800128  0.8043996665398437
5800129  0.8043996665398437
5800130  0.8043996665398437
5800131  0.8043996665398437
5800134  0.8043996665398437
5800149  0.8043996665398437
5900048  0.8043996665398437
5900052  0.8043996665398437
5900081  0.8043996665398437
5900083  0.8043996665398437
5900086  0.8043996665398437
5900090  0.8043996665398437
5900091  0.8043996665398437
5900092  0.8043996665398437
5900116  0.8043996665398437
5900117  0.8043996665398437
5900118  0.8043996665398437
5900119  0.8043996665398437
5900122  0.8043996665398437
5900127  0.8043996665398437
5900128  0.8043996665398437
5900129  0.8043996665398437
5900135  0.8043996665398437
5900136  0.8043996665398437
5900137  0.8043996665398437
5900138  0.8043996665398437
5900139  0.8043996665398437
5900140  0.8043996665398437
6100028  0.8043996665398437
6100031  0.8043996665398437
6100034  0.8043996665398437
5900190  0.7977240352174656
5900173  0.778498944161523
5900258  0.7526178090063816
5800066  0.7462025072446364
5900185  0.7252406676228422
5900186  0.7252406676228422
5900189  0.7252406676228422
1100114  0.7035264706814485
5900193  0.674199862463242
5500033  0.6154574548966636
5500036  0.6154574548966636
1001653  0.5698028822981898
1001655  0.5698028822981898
1001656  0.5698028822981898
1001657  0.5698028822981898
1001658  0.5698028822981898
1001661  0.5698028822981898
1001663  0.5698028822981898
1001673  0.5698028822981898
1001675  0.5698028822981898
1001676  0.5698028822981898
1001677  0.5698028822981898
1001678  0.5698028822981898
1001679  0.5698028822981898
1001681  0.5698028822981898
1001692  0.5698028822981898
1001693  0.5698028822981898
1001696  0.5698028822981898
1001697  0.5698028822981898
1001698  0.5698028822981898
1001699  0.5698028822981898
1001702  0.5698028822981898
1001703  0.5698028822981898
1001704  0.5698028822981898
1001705  0.5698028822981898
1001708  0.5698028822981898
1001709  0.5698028822981898
1001710  0.5698028822981898
1001711  0.5698028822981898
1001737  0.5698028822981898
1001738  0.5698028822981898
1001740  0.5698028822981898
1001741  0.5698028822981898
1001742  0.5698028822981898
1001743  0.5698028822981898
1001744  0.5698028822981898
1001746  0.5698028822981898
1001747  0.5698028822981898
1001748  0.5698028822981898
1001749  0.5698028822981898
1001750  0.5698028822981898
1001752  0.5698028822981898
1001767  0.5698028822981898
1001794  0.5698028822981898
1001795  0.5698028822981898
1001797  0.5698028822981898
1001798  0.5698028822981898
1001799  0.5698028822981898
1001800  0.5698028822981898
1001803  0.5698028822981898
1001805  0.5698028822981898
1001816  0.5698028822981898
1001817  0.5698028822981898
1001819  0.5698028822981898
1001820  0.5698028822981898
1001821  0.5698028822981898
1001823  0.5698028822981898
1002201  0.5698028822981898
1002202  0.5698028822981898
1002204  0.5698028822981898
1002207  0.5698028822981898
1002208  0.5698028822981898
1002214  0.5698028822981898
1002222  0.5698028822981898
1002227  0.5698028822981898
1002237  0.5698028822981898
1002238  0.5698028822981898
1002239  0.5698028822981898
1002240  0.5698028822981898
1002243  0.5698028822981898
1002247  0.5698028822981898
1002253  0.5698028822981898
1002255  0.5698028822981898
2703785  0.5698028822981898
2703788  0.5698028822981898
2703794  0.5698028822981898
2703795  0.5698028822981898
2703796  0.5698028822981898
2703798  0.5698028822981898
2703799  0.5698028822981898
2703800  0.5698028822981898
2703801  0.5698028822981898
2703803  0.5698028822981898
2703804  0.5698028822981898
2703805  0.5698028822981898
2703806  0.5698028822981898
2703808  0.5698028822981898
2703809  0.5698028822981898
2703818  0.5698028822981898
2703819  0.5698028822981898
2703820  0.5698028822981898
2703821  0.5698028822981898
2703827  0.5698028822981898
2703833  0.5698028822981898
2703839  0.5698028822981898
1500234  0.42640143271122083
1500235  0.42640143271122083
1500239  0.42640143271122083
1500240  0.42640143271122083
1500242  0.42640143271122083
1500243  0.42640143271122083
1500268  0.42640143271122083
1500271  0.42640143271122083
1500273  0.42640143271122083
1500295  0.42640143271122083
1500296  0.42640143271122083
1500306  0.42640143271122083
1500307  0.42640143271122083
2200143  0.42640143271122083
2200145  0.42640143271122083
2200147  0.42640143271122083
2500166  0.42640143271122083
3400141  0.42640143271122083
4500141  0.42640143271122083
4500144  0.42640143271122083
4500145  0.42640143271122083
4500146  0.42640143271122083
4500148  0.42640143271122083
5300064  0.42640143271122083
5300065  0.42640143271122083
5300069  0.42640143271122083
5300073  0.42640143271122083
5300076  0.42640143271122083
5300078  0.42640143271122083
5300079  0.42640143271122083
5300080  0.42640143271122083
5300084  0.42640143271122083
5300085  0.42640143271122083
5300087  0.42640143271122083
5300089  0.42640143271122083
5300090  0.42640143271122083
5300096  0.42640143271122083
5300099  0.42640143271122083
5900208  0.42640143271122083
1003396  0.3418817293789138
1500539  0.24618298195866545
1500567  0.24618298195866545
1500568  0.24618298195866545
1500569  0.24618298195866545
