8900059  1.0
8900060  1.0
8900063  1.0
8900095  1.0
8900099  1.0
8900105  1.0
9900162  1.0
9900169  1.0
10200123  1.0
10200124  1.0
10200125  1.0
8900047  0.9642857142857143
8900050  0.9642857142857143
8900114  0.9642857142857143
8900115  0.9642857142857143
8900151  0.9642857142857143
9900067  0.9642857142857143
9900074  0.9642857142857143
9900078  0.9642857142857143
9900079  0.9642857142857143
9900098  0.9642857142857143
9900101  0.9642857142857143
9900211  0.9642857142857143
9900214  0.9642857142857143
9900240  0.9642857142857143
9900241  0.9642857142857143
9900242  0.9642857142857143
9900586  0.9642857142857143
10500159  0.9642857142857143
10500160  0.9642857142857143
10700265  0.9642857142857143
10700266  0.9642857142857143
10700268  0.9642857142857143
10700269  0.9642857142857143
10700270  0.9642857142857143
10700272  0.9642857142857143
10700274  0.9642857142857143
10700277  0.9642857142857143
10700278  0.9642857142857143
10700282  0.9642857142857143
10700286  0.9642857142857143
10700287  0.9642857142857143
10700288  0.9642857142857143
10700291  0.9642857142857143
9900215  0.9545454545454546
11300480  0.9545454545454546
11300481  0.9545454545454546
11300482  0.9545454545454546
11300486  0.9545454545454546
7200125  0.9
8800048  0.7941176470588236
11601231  0.5106382978723405
7600032  0.375
7600036  0.36986301369863017
7600037  0.36986301369863017
9100760  0.33333333333333337
7300054  0.13636363636363635
8400119  0.13636363636363635
8000081  0.13567839195979903
7800087  0.07638888888888884
7800110  0.07638888888888884
7800111  0.07638888888888884
7300042  0.07479224376731297
8000069  0.07479224376731297
8400110  0.07479224376731297
6900056  0.05590062111801242
6900057  0.05590062111801242
6900055  0.055102040816326525
6900051  0.054878048780487854
6400049  0.04485049833887045
8300065  0.04485049833887045
6400044  0.04477611940298509
6400045  0.04477611940298509
6400046  0.04477611940298509
7200085  0.044628099173553704
7200087  0.044628099173553704
7500077  0.044628099173553704
5200020  0.043618739903069415
5200021  0.043618739903069415
5200032  0.043618739903069415
5200033  0.043618739903069415
5200038  0.043618739903069415
9000054  0.043200000000000016
2900014  0.042319749216300995
3900028  0.042319749216300995
3900029  0.042319749216300995
6100030  0.042319749216300995
6100031  0.042319749216300995
6300019  0.042319749216300995
6300020  0.042319749216300995
6300021  0.042319749216300995
8400082  0.042319749216300995
8400083  0.042319749216300995
8400084  0.042319749216300995
7200077  0.0419906687402799
7200078  0.0419906687402799
6100054  0.04192546583850931
5900024  0.04166666666666663
5900025  0.04166666666666663
5900026  0.04166666666666663
5900027  0.04166666666666663
7200040  0.04141104294478526
7200041  0.04141104294478526
7200042  0.04141104294478526
7000041  0.04122137404580151
8400064  0.041158536585365835
8400067  0.041158536585365835
8400059  0.04103343465045595
8400057  0.0408472012102874
3900040  0.040723981900452455
6100053  0.04066265060240959
5400024  0.040479760119940034
5400026  0.040479760119940034
5400027  0.040479760119940034
5400038  0.040479760119940034
1100009  0.04035874439461884
1100012  0.04035874439461884
2500019  0.04035874439461884
2500020  0.04035874439461884
2500021  0.04035874439461884
2500022  0.04035874439461884
2500023  0.04035874439461884
2500024  0.04035874439461884
2500025  0.04035874439461884
2500026  0.04035874439461884
2500031  0.04035874439461884
2500032  0.04035874439461884
2500037  0.04035874439461884
2500041  0.04035874439461884
2500044  0.04035874439461884
5000017  0.04035874439461884
5000018  0.04035874439461884
5000019  0.04035874439461884
5400023  0.04035874439461884
5400031  0.04035874439461884
5600018  0.04035874439461884
5600019  0.04035874439461884
5600021  0.04035874439461884
5600022  0.04035874439461884
5600023  0.04035874439461884
7000040  0.04035874439461884
8300054  0.04035874439461884
8300055  0.04035874439461884
8300057  0.04035874439461884
8300059  0.04035874439461884
8300060  0.04035874439461884
8300050  0.040298507462686595
8400048  0.040298507462686595
9600063  0.040298507462686595
1000007  0.04023845007451565
8300073  0.04023845007451565
8300079  0.04023845007451565
2600034  0.0401785714285714
7200099  0.0401785714285714
8100049  0.0401785714285714
8300048  0.0401785714285714
3900068  0.03982300884955747
2600028  0.0386819484240688
8300046  0.0386819484240688
2000026  0.038155802861685184
2000042  0.03779527559055118
2200018  0.03779527559055118
2200013  0.037735849056603765
2200014  0.037735849056603765
2200015  0.037735849056603765
8300075  0.037735849056603765
8300082  0.037735849056603765
8100034  0.03765690376569042
8100031  0.03708791208791207
8100032  0.03708791208791207
8100033  0.03708791208791207
8100038  0.03708791208791207
5500042  0.0369357045143639
5500043  0.0369357045143639
5500050  0.0369357045143639
9000058  0.03653585926928282
5500023  0.03629032258064513
9000062  0.03595206391478034
2000012  0.0357142857142857
2000016  0.0357142857142857
2000017  0.0357142857142857
2000018  0.0357142857142857
2000019  0.0357142857142857
5500022  0.034047919293820894
9000043  0.034047919293820894
9000044  0.034047919293820894
9000045  0.034047919293820894
9000046  0.034047919293820894
9000047  0.034047919293820894
9000048  0.034047919293820894
9000049  0.034047919293820894
9000050  0.034047919293820894
9000051  0.034047919293820894
6500019  0.032886723507917215
6500020  0.032886723507917215
6500022  0.032886723507917215
6500023  0.032886723507917215
6500024  0.032886723507917215
6500025  0.032886723507917215
6400041  0.030474040632054167
6900073  0.030474040632054167
1300008  0.029001074113856107
1500012  0.029001074113856107
4900017  0.029001074113856107
4900021  0.029001074113856107
9700102  0.029001074113856107
3300038  0.027355623100303927
3900048  0.0272452068617558
3900049  0.0272452068617558
6100068  0.0272452068617558
6100071  0.0272452068617558
6100076  0.0272452068617558
11601258  0.027027027027026973
1800017  0.026973026973026948
1800014  0.026946107784431184
5900018  0.026418786692759322
5900021  0.026418786692759322
9400053  0.026418786692759322
1600009  0.02639296187683282
1600011  0.02639296187683282
1600015  0.02639296187683282
2400013  0.02639296187683282
2400016  0.02639296187683282
2400017  0.02639296187683282
2400018  0.02639296187683282
2400020  0.02639296187683282
2500013  0.02639296187683282
3300065  0.02639296187683282
3900072  0.02639296187683282
3900073  0.02639296187683282
4100015  0.02639296187683282
4100018  0.02639296187683282
5200018  0.02639296187683282
5200019  0.02639296187683282
5200025  0.02639296187683282
5400018  0.02639296187683282
6200024  0.02639296187683282
6200028  0.02639296187683282
6200030  0.02639296187683282
6200031  0.02639296187683282
6200032  0.02639296187683282
6200040  0.02639296187683282
6200044  0.02639296187683282
6200049  0.02639296187683282
6200053  0.02639296187683282
6200055  0.02639296187683282
6200059  0.02639296187683282
6200063  0.02639296187683282
6200064  0.02639296187683282
6200066  0.02639296187683282
6400022  0.02639296187683282
6400023  0.02639296187683282
6400024  0.02639296187683282
6400029  0.02639296187683282
6400033  0.02639296187683282
6900030  0.02639296187683282
6900032  0.02639296187683282
6900034  0.02639296187683282
6900035  0.02639296187683282
6900039  0.02639296187683282
7100063  0.02639296187683282
7200023  0.02639296187683282
7200027  0.02639296187683282
7200029  0.02639296187683282
7200034  0.02639296187683282
7200035  0.02639296187683282
7200036  0.02639296187683282
7200037  0.02639296187683282
7200137  0.02639296187683282
7300024  0.02639296187683282
7300025  0.02639296187683282
7300026  0.02639296187683282
7500038  0.02639296187683282
7500039  0.02639296187683282
7500040  0.02639296187683282
7500041  0.02639296187683282
7500042  0.02639296187683282
7500043  0.02639296187683282
7500044  0.02639296187683282
7500045  0.02639296187683282
7500046  0.02639296187683282
7500047  0.02639296187683282
7500048  0.02639296187683282
7500051  0.02639296187683282
7500055  0.02639296187683282
7500056  0.02639296187683282
7500060  0.02639296187683282
7500064  0.02639296187683282
7500065  0.02639296187683282
7500069  0.02639296187683282
7500073  0.02639296187683282
7500085  0.02639296187683282
7500086  0.02639296187683282
7500094  0.02639296187683282
7500098  0.02639296187683282
7500102  0.02639296187683282
7600141  0.02639296187683282
7600154  0.02639296187683282
7600156  0.02639296187683282
7600157  0.02639296187683282
7600158  0.02639296187683282
7600159  0.02639296187683282
7600160  0.02639296187683282
7600164  0.02639296187683282
7600165  0.02639296187683282
7600168  0.02639296187683282
7800029  0.02639296187683282
7800031  0.02639296187683282
7800036  0.02639296187683282
7800038  0.02639296187683282
7800045  0.02639296187683282
7800052  0.02639296187683282
7800056  0.02639296187683282
7800057  0.02639296187683282
7800059  0.02639296187683282
7800060  0.02639296187683282
7800061  0.02639296187683282
7800062  0.02639296187683282
7800073  0.02639296187683282
7800086  0.02639296187683282
7800089  0.02639296187683282
7800092  0.02639296187683282
7800096  0.02639296187683282
7800103  0.02639296187683282
7800104  0.02639296187683282
7800105  0.02639296187683282
7800106  0.02639296187683282
7800113  0.02639296187683282
7800114  0.02639296187683282
7800115  0.02639296187683282
7800118  0.02639296187683282
7800121  0.02639296187683282
7800124  0.02639296187683282
7800142  0.02639296187683282
7800143  0.02639296187683282
7800144  0.02639296187683282
7800148  0.02639296187683282
7800149  0.02639296187683282
7800150  0.02639296187683282
7800151  0.02639296187683282
8000031  0.02639296187683282
8000032  0.02639296187683282
8000033  0.02639296187683282
8000034  0.02639296187683282
8300034  0.02639296187683282
8300035  0.02639296187683282
8300037  0.02639296187683282
8300039  0.02639296187683282
8300040  0.02639296187683282
8300041  0.02639296187683282
8300042  0.02639296187683282
8400035  0.02639296187683282
8400036  0.02639296187683282
8400040  0.02639296187683282
8400041  0.02639296187683282
8400042  0.02639296187683282
8400043  0.02639296187683282
8400044  0.02639296187683282
8400045  0.02639296187683282
8800058  0.02639296187683282
8800059  0.02639296187683282
8800060  0.02639296187683282
8800061  0.02639296187683282
9200047  0.02639296187683282
9600056  0.02639296187683282
9600059  0.02639296187683282
9600060  0.02639296187683282
9600165  0.02639296187683282
9600170  0.02639296187683282
9600420  0.02639296187683282
10000101  0.02639296187683282
3300058  0.0263671875
6100113  0.0263671875
6100116  0.0263671875
6100117  0.0263671875
7500090  0.0263671875
7600149  0.0263671875
3300034  0.02634146341463417
3300037  0.02634146341463417
7600065  0.02634146341463417
7600148  0.02634146341463417
3300014  0.02631578947368418
3300016  0.02631578947368418
3300019  0.02631578947368418
3300022  0.02631578947368418
3300025  0.02631578947368418
3300029  0.02631578947368418
7600061  0.02631578947368418
7600145  0.02631578947368418
7600147  0.02631578947368418
8800052  0.02631578947368418
8800057  0.02631578947368418
6900026  0.026264591439688734
11602226  0.026239067055393583
1400008  0.026188166828322035
1400009  0.026188166828322035
1400014  0.026188166828322035
1400019  0.026188166828322035
1400024  0.026188166828322035
7500026  0.026188166828322035
7500031  0.026188166828322035
7500032  0.026188166828322035
7500035  0.026188166828322035
7600027  0.026188166828322035
7600079  0.026188166828322035
7600080  0.026188166828322035
7600083  0.026188166828322035
6000019  0.02608695652173909
7400025  0.02608695652173909
7400034  0.02608695652173909
7400043  0.02608695652173909
7400052  0.02608695652173909
7400062  0.02608695652173909
7400071  0.02608695652173909
7400076  0.02608695652173909
7400077  0.02608695652173909
7400078  0.02608695652173909
7400081  0.02608695652173909
8200032  0.02608695652173909
8500036  0.02608695652173909
8500040  0.02608695652173909
8500055  0.02608695652173909
8900042  0.02608695652173909
8900158  0.02608695652173909
10100107  0.02608695652173909
11600947  0.02608695652173909
11600958  0.02608695652173909
11600990  0.02608695652173909
11601003  0.02608695652173909
11601090  0.02608695652173909
11601124  0.02608695652173909
2800014  0.026011560693641633
2800017  0.026011560693641633
2800018  0.026011560693641633
8800041  0.026011560693641633
8800043  0.026011560693641633
8800044  0.026011560693641633
8800045  0.026011560693641633
9300048  0.026011560693641633
9300051  0.026011560693641633
2600013  0.02596153846153848
9500054  0.02596153846153848
9500057  0.02596153846153848
9500058  0.02596153846153848
3900021  0.025495750708215303
3900022  0.025495750708215303
3900024  0.025495750708215303
6100019  0.025495750708215303
6100021  0.025495750708215303
6100022  0.025495750708215303
6100026  0.025495750708215303
6100081  0.025495750708215303
6100083  0.025495750708215303
6100089  0.025495750708215303
6100090  0.025495750708215303
6100109  0.025495750708215303
7000022  0.025495750708215303
7000026  0.025495750708215303
7000112  0.025495750708215303
7000117  0.025495750708215303
7100047  0.025495750708215303
7100048  0.025495750708215303
3900015  0.025375939849624052
3900018  0.025375939849624052
6900021  0.025375939849624052
6900023  0.025375939849624052
9700097  0.025375939849624052
9100045  0.025352112676056304
1500009  0.025210084033613467
6400019  0.025210084033613467
6700020  0.025210084033613467
7100022  0.025210084033613467
7100029  0.025210084033613467
7100031  0.025210084033613467
7100032  0.025210084033613467
7100034  0.025210084033613467
7100037  0.025210084033613467
7100038  0.025210084033613467
7100039  0.025210084033613467
7100040  0.025210084033613467
9700056  0.025210084033613467
9700063  0.025210084033613467
9700064  0.025210084033613467
9700075  0.025210084033613467
9700079  0.025210084033613467
9700082  0.025210084033613467
9700110  0.025210084033613467
9700114  0.025210084033613467
9700119  0.025210084033613467
9700127  0.025210084033613467
9700140  0.025210084033613467
9700141  0.025210084033613467
9700146  0.025210084033613467
9700149  0.025210084033613467
9700151  0.025210084033613467
9700152  0.025210084033613467
9700169  0.025210084033613467
8000041  0.009478672985781977
8000042  0.009478672985781977
8000043  0.009478672985781977
8000059  0.009478672985781977
8000066  0.009478672985781977
7900034  0.005076142131979711
7900035  0.005076142131979711
7900036  0.005076142131979711
7900039  0.004878048780487809
7900041  0.004878048780487809
7900042  0.004878048780487809
7900043  0.004878048780487809
7100059  0.00462962962962965
