7000041  0.14700564742088318
9900242  0.14137610793113708
10700265  0.1403110772371292
8900115  0.13940727710723877
9900215  0.13929659128189087
7200041  0.13887806236743927
8300079  0.13816118240356445
2600034  0.13815630972385406
7000040  0.13797572255134583
7600037  0.13793644309043884
8300059  0.13749074935913086
10500160  0.1373506635427475
8900105  0.13717880845069885
8300042  0.13705666363239288
10700269  0.13694922626018524
5400023  0.1369001269340515
5200020  0.1366327702999115
2200015  0.13639937341213226
6300019  0.1363966315984726
2200018  0.1363430917263031
8900059  0.13630065321922302
8000059  0.1361151784658432
10700278  0.1360388845205307
8900060  0.13597093522548676
8000081  0.1358678787946701
8900099  0.13584981858730316
2800018  0.13567128777503967
6100113  0.13548584282398224
7800106  0.13546724617481232
3300025  0.1354307234287262
6900055  0.1353960782289505
3300029  0.13537146151065826
7600148  0.1353255659341812
8400110  0.13531212508678436
7800148  0.13524672389030457
2500022  0.13518324494361877
2400013  0.13515561819076538
7200042  0.13513343036174774
7200029  0.1351267248392105
2800014  0.13511474430561066
8900050  0.13480903208255768
9900101  0.13477014005184174
9900074  0.13475064933300018
8300048  0.134742870926857
9100760  0.13469427824020386
11300482  0.13467460870742798
9000049  0.13462752103805542
7600159  0.1346064656972885
8000043  0.13460196554660797
5600022  0.13457398116588593
8300046  0.1345614492893219
8400067  0.13454999029636383
7200078  0.13448642194271088
3900029  0.1344314068555832
10700274  0.13439589738845825
10500159  0.1343834400177002
8000042  0.13425645232200623
7800096  0.13424724340438843
5600023  0.13415591418743134
7300025  0.1341555416584015
5200033  0.13414840400218964
9000045  0.1341448873281479
5200025  0.13412462174892426
7800087  0.13410435616970062
7500098  0.13410064578056335
5200032  0.1340791881084442
9900586  0.13407813012599945
2200013  0.1340421885251999
9900079  0.1339849978685379
1100009  0.133879616856575
9900162  0.1338656097650528
8900095  0.13385283946990967
7800059  0.13379935920238495
8400083  0.13374756276607513
7500042  0.1336871087551117
5400026  0.1336217075586319
10700287  0.13360781967639923
8900063  0.13356658816337585
7500065  0.13347971439361572
9900214  0.13343459367752075
3900028  0.13343343138694763
6900032  0.1333484947681427
7500069  0.13331370055675507
6400029  0.13330022990703583
9000051  0.13328120112419128
2500021  0.1332734376192093
2000018  0.1332150250673294
7400076  0.13320939242839813
10200123  0.13312561810016632
7200027  0.13312460482120514
6500025  0.13311737775802612
7200036  0.1330404281616211
6900056  0.1329921931028366
11300481  0.1329745203256607
2400020  0.13289771974086761
7200125  0.13280965387821198
2500020  0.13276304304599762
7800111  0.13274583220481873
8900047  0.13274069130420685
8300054  0.13272038102149963
11300486  0.13268451392650604
1400008  0.1326746940612793
6400041  0.13264034688472748
5600021  0.13263410329818726
6300021  0.1326339840888977
7600149  0.1326250284910202
11601231  0.13257929682731628
6200030  0.13257814943790436
8400082  0.13256746530532837
3300019  0.13254843652248383
6500022  0.13250216841697693
6500019  0.13249997794628143
9000046  0.1324830949306488
7800038  0.13247136771678925
9900211  0.13245810568332672
2400018  0.13233323395252228
8300073  0.1323164999485016
9900169  0.1322937309741974
3900040  0.13228294253349304
8400119  0.1322476714849472
2500024  0.13219867646694183
7100063  0.13217778503894806
9000054  0.13217304646968842
7500090  0.13213704526424408
7600168  0.13209135830402374
6200066  0.13206474483013153
7300026  0.1320115029811859
8400057  0.13198807835578918
11601258  0.13195964694023132
2000019  0.13192600011825562
1400019  0.13192413747310638
7500048  0.13191573321819305
10100107  0.1319134384393692
2500023  0.13185247778892517
10700277  0.13184481859207153
5000019  0.1318214237689972
5900027  0.13180437684059143
10200124  0.13180053234100342
7600032  0.13176056742668152
2500041  0.13174229860305786
9600060  0.1316935420036316
6900035  0.13168483972549438
7400071  0.13166050612926483
3300016  0.13165417313575745
7200085  0.1316196471452713
6200064  0.13160482048988342
8800045  0.13152843713760376
6900051  0.13152296841144562
8800048  0.13151316344738007
4100015  0.13148149847984314
8100033  0.1314486414194107
7800121  0.13142569363117218
5900018  0.13142210245132446
3900068  0.13138462603092194
1000007  0.1313735544681549
7800115  0.13136959075927734
3300065  0.131301149725914
9000050  0.13114437460899353
8300057  0.13113988935947418
5400031  0.13111387193202972
7800089  0.13104361295700073
7300054  0.13103514909744263
11300480  0.1310330331325531
6200049  0.13103139400482178
7800052  0.13098764419555664
7600079  0.1309780329465866
2800017  0.13093741238117218
7800045  0.1309141367673874
8900114  0.13090907037258148
7600158  0.13087163865566254
6100054  0.1308542639017105
7200037  0.13084463775157928
10700282  0.13078776001930237
7200040  0.1307697296142578
8100049  0.1307683289051056
6100083  0.1307399570941925
6100031  0.13073380291461945
8400044  0.13068757951259613
7600157  0.13066919147968292
7800104  0.13066914677619934
1100012  0.1306484043598175
2500031  0.13060778379440308
8800052  0.13060714304447174
9900098  0.13060028851032257
10700291  0.13055597245693207
3900073  0.1305476725101471
7900039  0.1305205076932907
10700288  0.13050757348537445
1300008  0.13050477206707
9400053  0.13048551976680756
7500077  0.1304047703742981
10200125  0.13039392232894897
7600164  0.13039325177669525
1600009  0.13035467267036438
6200032  0.13035450875759125
7800118  0.1303309202194214
5200018  0.13032832741737366
5500022  0.130289226770401
3900072  0.1302853375673294
3300014  0.1302812546491623
7500031  0.13026319444179535
9600170  0.1302504986524582
8400064  0.13025036454200745
7500026  0.13023394346237183
8300050  0.1302260011434555
2500019  0.13019850850105286
7400052  0.1301925629377365
10700286  0.13018566370010376
5900024  0.13018174469470978
7500051  0.13017243146896362
7500060  0.13016551733016968
8800057  0.1301366686820984
7500086  0.13012468814849854
7400077  0.13012376427650452
7600141  0.13008785247802734
8000031  0.1300705373287201
6100022  0.13005331158638
8200032  0.13001421093940735
7000026  0.12999826669692993
6900039  0.12992459535598755
9900078  0.12992413341999054
11601090  0.1298949271440506
5000017  0.12986905872821808
5400038  0.12982288002967834
7800057  0.12981733679771423
6900057  0.12980833649635315
7800036  0.12979939579963684
7100059  0.1297881156206131
9500058  0.12976841628551483
1400024  0.12974920868873596
7500064  0.12973935902118683
2400017  0.12971888482570648
5500050  0.12970000505447388
5500043  0.12961766123771667
7500055  0.12960807979106903
8400048  0.12958015501499176
8300060  0.12957870960235596
7100032  0.12957152724266052
7600160  0.1295703947544098
7800105  0.12956024706363678
11600947  0.129558727145195
2000016  0.12955540418624878
7200034  0.12951315939426422
8300075  0.12949033081531525
7800110  0.12948478758335114
3300022  0.12945736944675446
1400014  0.1294425129890442
6400044  0.12943781912326813
8300065  0.1294264793395996
6100053  0.12941433489322662
7500085  0.12939375638961792
7200035  0.12939321994781494
9900067  0.129391610622406
6200044  0.1293572634458542
7200137  0.12935461103916168
7600027  0.1293298751115799
7800113  0.12932702898979187
6400023  0.1293010264635086
5400018  0.12929855287075043
7400081  0.12928779423236847
7200023  0.12928390502929688
2200014  0.1292620599269867
6900030  0.12923505902290344
8000041  0.12922824919223785
7500035  0.12921924889087677
6900034  0.1291855424642563
7200099  0.1291840821504593
7800086  0.12917177379131317
6200063  0.12913045287132263
7600165  0.12907175719738007
10700270  0.12907123565673828
7600145  0.12907002866268158
6000019  0.1290571689605713
7800061  0.1290493756532669
2600028  0.12903568148612976
8100032  0.12893933057785034
6100109  0.12887245416641235
8900151  0.12885040044784546
6400022  0.1288497895002365
2900014  0.12877614796161652
9600056  0.12876588106155396
7500039  0.12874279916286469
7200077  0.12873077392578125
8100034  0.12872858345508575
9700102  0.12870392203330994
9600059  0.12867839634418488
2500044  0.12865674495697021
1400009  0.1286487579345703
6200059  0.12859861552715302
7100037  0.12856678664684296
2500037  0.1285584717988968
8400042  0.12852081656455994
7500043  0.12845660746097565
8300082  0.12837840616703033
4900021  0.12837107479572296
9300048  0.12834861874580383
8800059  0.128293976187706
7600156  0.12828651070594788
1600011  0.12828576564788818
2400016  0.1282816380262375
7500102  0.12827357649803162
7500045  0.12826795876026154
7800073  0.12825947999954224
8300034  0.1282450258731842
2500026  0.1282309591770172
7800056  0.12822917103767395
6200055  0.12822014093399048
6900073  0.1282045990228653
1600015  0.12818364799022675
6400046  0.12817014753818512
3300058  0.12816746532917023
8100031  0.12816442549228668
9900241  0.12813496589660645
8400084  0.12806865572929382
10700268  0.1280335783958435
5900025  0.12801338732242584
6200024  0.12800030410289764
8300035  0.12798689305782318
11601124  0.12798576056957245
5900021  0.12797802686691284
7400034  0.12793076038360596
3300038  0.1278865486383438
7800031  0.12787996232509613
2000012  0.1278490424156189
5500023  0.12782670557498932
5200019  0.12780065834522247
2500025  0.12778101861476898
6100116  0.1277434527873993
9000058  0.1277405321598053
7500040  0.12771643698215485
5400027  0.12770330905914307
7800092  0.1276760697364807
9000048  0.1276642233133316
8300037  0.12764112651348114
7800150  0.12763738632202148
8900158  0.1276007741689682
7500041  0.1275983452796936
9600420  0.12758146226406097
8100038  0.12755832076072693
7800151  0.12754666805267334
7500032  0.1275363564491272
8300040  0.12745773792266846
9900240  0.12741175293922424
8300041  0.1274079829454422
6200031  0.12736128270626068
6100068  0.12735122442245483
7800062  0.12732096016407013
8400043  0.1273079365491867
7300042  0.12729370594024658
5400024  0.12727537751197815
7600036  0.12726595997810364
7500056  0.12720003724098206
7800029  0.12719155848026276
11601003  0.1271602213382721
8000032  0.1271519958972931
2500013  0.12715011835098267
1500009  0.12714813649654388
7800114  0.12714684009552002
9700149  0.1271286904811859
8800043  0.127081498503685
7900035  0.1270776391029358
7900042  0.12707512080669403
9000062  0.1270330548286438
6900026  0.12702977657318115
6100117  0.1269601732492447
7200087  0.1269373595714569
7300024  0.1268804669380188
7100040  0.12687766551971436
9700169  0.12687216699123383
8900042  0.12681157886981964
6200040  0.12677901983261108
5200021  0.12674587965011597
9600063  0.12671726942062378
7400025  0.12667052447795868
7400078  0.12659068405628204
6100030  0.12656740844249725
5200038  0.12656554579734802
6200053  0.12656095623970032
7500046  0.12654803693294525
2600013  0.1265331357717514
8400040  0.12652388215065002
8800061  0.12649743258953094
3900049  0.1264933943748474
6500024  0.12642352283000946
7500047  0.126418337225914
4100018  0.12635938823223114
5900026  0.12632068991661072
3300037  0.1262284815311432
6200028  0.12621746957302094
7600061  0.1262139528989792
7500044  0.12612420320510864
7800144  0.12610936164855957
9700152  0.12602445483207703
8500040  0.12599721550941467
8400041  0.1259959191083908
3900015  0.12594746053218842
7600065  0.12588371336460114
7100048  0.12587209045886993
8000066  0.12586310505867004
8000033  0.1257830113172531
7900036  0.1257709264755249
8800060  0.12576808035373688
8500036  0.12572859227657318
9000043  0.12570540606975555
7000112  0.12564900517463684
8400036  0.12564769387245178
8500055  0.1255902647972107
11600990  0.12558017671108246
7100029  0.12556242942810059
10700266  0.12552252411842346
9000047  0.12546105682849884
11602226  0.12543419003486633
8400045  0.12537206709384918
7500073  0.125345841050148
6400049  0.12524962425231934
7000117  0.12519410252571106
8800044  0.12516635656356812
6400045  0.12516607344150543
8400059  0.1251126378774643
8300039  0.12505465745925903
9600165  0.12500382959842682
7800124  0.12498123943805695
7500038  0.12497898936271667
2500032  0.12497373670339584
8400035  0.1249513253569603
7600147  0.12489952892065048
7600080  0.1248895451426506
5600019  0.12485826015472412
5000018  0.12479324638843536
8300055  0.12474063038825989
7900041  0.12467006593942642
6500023  0.12459102272987366
9700114  0.12455861270427704
7500094  0.12455414235591888
9500057  0.12454760819673538
8000069  0.12454261630773544
5600018  0.12449171394109726
6100076  0.12448243051767349
7100038  0.12445306032896042
3900048  0.12440580874681473
7600154  0.12436219304800034
5500042  0.12429893761873245
6100089  0.12421351671218872
8800041  0.1241140142083168
2000042  0.1240953877568245
7400043  0.12407955527305603
6100026  0.12407462298870087
6900021  0.12406126409769058
6100071  0.12398240715265274
7900043  0.12396267801523209
6400024  0.12393317371606827
2000026  0.12386485934257507
6400033  0.12383639067411423
6300020  0.12381217628717422
3900021  0.12379370629787445
9300051  0.1237543597817421
7000022  0.1236511841416359
10000101  0.12363163381814957
9700127  0.12362040579319
7400062  0.1236182227730751
6100090  0.12361300736665726
9700056  0.12360421568155289
3300034  0.12353381514549255
7800142  0.12349096685647964
8000034  0.12345267087221146
4900017  0.12331458926200867
7800149  0.1232462227344513
6500020  0.12296895682811737
3900018  0.12294753640890121
7800143  0.12283122539520264
9100045  0.12280866503715515
9700064  0.12274254113435745
9200047  0.12271915376186371
6100081  0.12265346199274063
6700020  0.12259864062070847
3900022  0.12249019742012024
9700079  0.12236803770065308
6100021  0.12227960675954819
7100047  0.1222604438662529
9000044  0.12220843881368637
7900034  0.12215214222669601
9500054  0.12212410569190979
8800058  0.12210258841514587
9700151  0.12209576368331909
10700272  0.12177560478448868
11600958  0.12175855040550232
6900023  0.12175026535987854
7100022  0.12171582877635956
7600083  0.12164115905761719
7800060  0.12160749733448029
9700075  0.12114053219556808
7100039  0.1211366206407547
9700063  0.12095901370048523
9700110  0.12070067226886749
6100019  0.12067554891109467
9700082  0.12067463994026184
7800103  0.12067444622516632
2000017  0.12062167376279831
7100031  0.12049045413732529
9700141  0.12034327536821365
7100034  0.1195831373333931
9700097  0.11946066468954086
6400019  0.1190263032913208
1500012  0.11898195743560791
9700146  0.11868001520633698
3900024  0.11830798536539078
9700140  0.11660062521696091
9700119  0.11593224853277206
1800017  0.10353671759366989
1800014  0.08966024219989777
