1300017  1.0
1300024  1.0
1300025  1.0
1300026  0.5
1300027  0.5
1300032  0.5
1000006  0.25
1000007  0.25
1300014  0.19999999999999996
1300009  0.18181818181818177
1300010  0.18181818181818177
1300011  0.18181818181818177
1200009  0.11764705882352944
1400014  0.11764705882352944
1400017  0.11764705882352944
1400021  0.11764705882352944
1400022  0.11764705882352944
1400025  0.11764705882352944
1900020  0.11764705882352944
2000014  0.11764705882352944
2000020  0.11764705882352944
2000041  0.11764705882352944
2000042  0.11764705882352944
2000044  0.11764705882352944
2000046  0.11764705882352944
2900015  0.11764705882352944
2900018  0.11764705882352944
2900021  0.11764705882352944
2900022  0.11764705882352944
2900024  0.11764705882352944
2900048  0.11764705882352944
2900049  0.11764705882352944
2900060  0.11764705882352944
2900061  0.11764705882352944
2900064  0.11764705882352944
2900065  0.11764705882352944
3500016  0.11764705882352944
3600016  0.11764705882352944
3600018  0.11764705882352944
3600019  0.11764705882352944
3600020  0.11764705882352944
3800016  0.11764705882352944
3800017  0.11764705882352944
3800018  0.11764705882352944
4000016  0.11764705882352944
4100017  0.11764705882352944
4100020  0.11764705882352944
4100026  0.11764705882352944
4200017  0.11764705882352944
4500019  0.11764705882352944
4500021  0.11764705882352944
4500022  0.11764705882352944
4500026  0.11764705882352944
4500049  0.11764705882352944
4500050  0.11764705882352944
4500068  0.11764705882352944
4500071  0.11764705882352944
4500076  0.11764705882352944
4500081  0.11764705882352944
4500083  0.11764705882352944
4500089  0.11764705882352944
4500090  0.11764705882352944
4500103  0.11764705882352944
4500104  0.11764705882352944
4500105  0.11764705882352944
4500106  0.11764705882352944
4500109  0.11764705882352944
4600019  0.11764705882352944
4700020  0.11764705882352944
4700039  0.11764705882352944
4800021  0.11764705882352944
4800023  0.11764705882352944
4900022  0.11764705882352944
5000022  0.11764705882352944
5000026  0.11764705882352944
5000112  0.11764705882352944
5000117  0.11764705882352944
5000123  0.11764705882352944
5000124  0.11764705882352944
5100022  0.11764705882352944
5100032  0.11764705882352944
5100033  0.11764705882352944
5100034  0.11764705882352944
5100035  0.11764705882352944
5100047  0.11764705882352944
5100048  0.11764705882352944
5100056  0.11764705882352944
5100057  0.11764705882352944
5100066  0.11764705882352944
5300022  0.11764705882352944
5300026  0.11764705882352944
5300029  0.11764705882352944
5300031  0.11764705882352944
5300032  0.11764705882352944
5300034  0.11764705882352944
5300037  0.11764705882352944
5300038  0.11764705882352944
5300039  0.11764705882352944
5300040  0.11764705882352944
5300047  0.11764705882352944
5300048  0.11764705882352944
5300055  0.11764705882352944
5400023  0.11764705882352944
5400024  0.11764705882352944
5400025  0.11764705882352944
5400055  0.11764705882352944
5400056  0.11764705882352944
5400057  0.11764705882352944
5400060  0.11764705882352944
5400061  0.11764705882352944
5400062  0.11764705882352944
5400063  0.11764705882352944
5400065  0.11764705882352944
5400068  0.11764705882352944
5400069  0.11764705882352944
5400071  0.11764705882352944
5400073  0.11764705882352944
5400075  0.11764705882352944
5400077  0.11764705882352944
5400090  0.11764705882352944
5400091  0.11764705882352944
5400092  0.11764705882352944
5400094  0.11764705882352944
5400095  0.11764705882352944
5400096  0.11764705882352944
5400097  0.11764705882352944
5400100  0.11764705882352944
5400101  0.11764705882352944
5500048  0.11764705882352944
5600028  0.11764705882352944
5700029  0.11764705882352944
5700030  0.11764705882352944
5700031  0.11764705882352944
5700040  0.11764705882352944
5700041  0.11764705882352944
5700049  0.11764705882352944
5700050  0.11764705882352944
5700051  0.11764705882352944
5700058  0.11764705882352944
5900030  0.11764705882352944
5900032  0.11764705882352944
5900033  0.11764705882352944
5900034  0.11764705882352944
5900035  0.11764705882352944
5900036  0.11764705882352944
5900058  0.11764705882352944
5900059  0.11764705882352944
5900062  0.11764705882352944
5900063  0.11764705882352944
5900079  0.11764705882352944
6100032  0.11764705882352944
6100034  0.11764705882352944
6100037  0.11764705882352944
6100124  0.11764705882352944
6100132  0.11764705882352944
6100133  0.11764705882352944
6100134  0.11764705882352944
6100138  0.11764705882352944
6100146  0.11764705882352944
6100150  0.11764705882352944
6100151  0.11764705882352944
6100152  0.11764705882352944
6100156  0.11764705882352944
6200038  0.11764705882352944
6200041  0.11764705882352944
6300039  0.11764705882352944
6300047  0.11764705882352944
6300048  0.11764705882352944
6300075  0.11764705882352944
6400042  0.11764705882352944
6700047  0.11764705882352944
6900055  0.11764705882352944
6900056  0.11764705882352944
6900058  0.11764705882352944
6900059  0.11764705882352944
6900065  0.11764705882352944
6900066  0.11764705882352944
6900067  0.11764705882352944
6900068  0.11764705882352944
6900071  0.11764705882352944
6900072  0.11764705882352944
6900076  0.11764705882352944
6900077  0.11764705882352944
6900081  0.11764705882352944
6900082  0.11764705882352944
6900086  0.11764705882352944
6900087  0.11764705882352944
6900091  0.11764705882352944
6900095  0.11764705882352944
7000056  0.11764705882352944
7000063  0.11764705882352944
7000064  0.11764705882352944
7000075  0.11764705882352944
7000079  0.11764705882352944
7000082  0.11764705882352944
7000097  0.11764705882352944
7000110  0.11764705882352944
7000114  0.11764705882352944
7000119  0.11764705882352944
7000127  0.11764705882352944
7000140  0.11764705882352944
7000141  0.11764705882352944
7000146  0.11764705882352944
7000149  0.11764705882352944
7000151  0.11764705882352944
7000152  0.11764705882352944
7000169  0.11764705882352944
7100059  0.11764705882352944
7100061  0.11764705882352944
7100062  0.11764705882352944
7100064  0.11764705882352944
7100133  0.11764705882352944
7200090  0.11764705882352944
7200094  0.11764705882352944
7200095  0.11764705882352944
7200098  0.11764705882352944
7200101  0.11764705882352944
7200102  0.11764705882352944
7200103  0.11764705882352944
7200108  0.11764705882352944
7200109  0.11764705882352944
7200112  0.11764705882352944
7200114  0.11764705882352944
7200117  0.11764705882352944
