1300017  inf
1300024  inf
1300025  inf
1300014  0.5
1300026  0.5
1300027  0.5
1300032  0.5
1300009  0.4444444444444444
1300010  0.4444444444444444
1300011  0.4444444444444444
1200009  0.26666666666666666
1400014  0.26666666666666666
1400017  0.26666666666666666
1400021  0.26666666666666666
1400022  0.26666666666666666
1400025  0.26666666666666666
1900020  0.26666666666666666
2000014  0.26666666666666666
2000020  0.26666666666666666
2000041  0.26666666666666666
2000042  0.26666666666666666
2000044  0.26666666666666666
2000046  0.26666666666666666
2900015  0.26666666666666666
2900018  0.26666666666666666
2900021  0.26666666666666666
2900022  0.26666666666666666
2900024  0.26666666666666666
2900048  0.26666666666666666
2900049  0.26666666666666666
2900060  0.26666666666666666
2900061  0.26666666666666666
2900064  0.26666666666666666
2900065  0.26666666666666666
3500016  0.26666666666666666
3600016  0.26666666666666666
3600018  0.26666666666666666
3600019  0.26666666666666666
3600020  0.26666666666666666
3800016  0.26666666666666666
3800017  0.26666666666666666
3800018  0.26666666666666666
4000016  0.26666666666666666
4100017  0.26666666666666666
4100020  0.26666666666666666
4100026  0.26666666666666666
4200017  0.26666666666666666
4500019  0.26666666666666666
4500021  0.26666666666666666
4500022  0.26666666666666666
4500026  0.26666666666666666
4500049  0.26666666666666666
4500050  0.26666666666666666
4500068  0.26666666666666666
4500071  0.26666666666666666
4500076  0.26666666666666666
4500081  0.26666666666666666
4500083  0.26666666666666666
4500089  0.26666666666666666
4500090  0.26666666666666666
4500103  0.26666666666666666
4500104  0.26666666666666666
4500105  0.26666666666666666
4500106  0.26666666666666666
4500109  0.26666666666666666
4600019  0.26666666666666666
4700020  0.26666666666666666
4700039  0.26666666666666666
4800021  0.26666666666666666
4800023  0.26666666666666666
4900022  0.26666666666666666
5000022  0.26666666666666666
5000026  0.26666666666666666
5000112  0.26666666666666666
5000117  0.26666666666666666
5000123  0.26666666666666666
5000124  0.26666666666666666
5100022  0.26666666666666666
5100032  0.26666666666666666
5100033  0.26666666666666666
5100034  0.26666666666666666
5100035  0.26666666666666666
5100047  0.26666666666666666
5100048  0.26666666666666666
5100056  0.26666666666666666
5100057  0.26666666666666666
5100066  0.26666666666666666
5300022  0.26666666666666666
5300026  0.26666666666666666
5300029  0.26666666666666666
5300031  0.26666666666666666
5300032  0.26666666666666666
5300034  0.26666666666666666
5300037  0.26666666666666666
5300038  0.26666666666666666
5300039  0.26666666666666666
5300040  0.26666666666666666
5300047  0.26666666666666666
5300048  0.26666666666666666
5300055  0.26666666666666666
5400023  0.26666666666666666
5400024  0.26666666666666666
5400025  0.26666666666666666
5400055  0.26666666666666666
5400056  0.26666666666666666
5400057  0.26666666666666666
5400060  0.26666666666666666
5400061  0.26666666666666666
5400062  0.26666666666666666
5400063  0.26666666666666666
5400065  0.26666666666666666
5400068  0.26666666666666666
5400069  0.26666666666666666
5400071  0.26666666666666666
5400073  0.26666666666666666
5400075  0.26666666666666666
5400077  0.26666666666666666
5400090  0.26666666666666666
5400091  0.26666666666666666
5400092  0.26666666666666666
5400094  0.26666666666666666
5400095  0.26666666666666666
5400096  0.26666666666666666
5400097  0.26666666666666666
5400100  0.26666666666666666
5400101  0.26666666666666666
5500048  0.26666666666666666
5600028  0.26666666666666666
5700029  0.26666666666666666
5700030  0.26666666666666666
5700031  0.26666666666666666
5700040  0.26666666666666666
5700041  0.26666666666666666
5700049  0.26666666666666666
5700050  0.26666666666666666
5700051  0.26666666666666666
5700058  0.26666666666666666
5900030  0.26666666666666666
5900032  0.26666666666666666
5900033  0.26666666666666666
5900034  0.26666666666666666
5900035  0.26666666666666666
5900036  0.26666666666666666
5900058  0.26666666666666666
5900059  0.26666666666666666
5900062  0.26666666666666666
5900063  0.26666666666666666
5900079  0.26666666666666666
6100032  0.26666666666666666
6100034  0.26666666666666666
6100037  0.26666666666666666
6100124  0.26666666666666666
6100132  0.26666666666666666
6100133  0.26666666666666666
6100134  0.26666666666666666
6100138  0.26666666666666666
6100146  0.26666666666666666
6100150  0.26666666666666666
6100151  0.26666666666666666
6100152  0.26666666666666666
6100156  0.26666666666666666
6200038  0.26666666666666666
6200041  0.26666666666666666
6300039  0.26666666666666666
6300047  0.26666666666666666
6300048  0.26666666666666666
6300075  0.26666666666666666
6400042  0.26666666666666666
6700047  0.26666666666666666
6900055  0.26666666666666666
6900056  0.26666666666666666
6900058  0.26666666666666666
6900059  0.26666666666666666
6900065  0.26666666666666666
6900066  0.26666666666666666
6900067  0.26666666666666666
6900068  0.26666666666666666
6900071  0.26666666666666666
6900072  0.26666666666666666
6900076  0.26666666666666666
6900077  0.26666666666666666
6900081  0.26666666666666666
6900082  0.26666666666666666
6900086  0.26666666666666666
6900087  0.26666666666666666
6900091  0.26666666666666666
6900095  0.26666666666666666
7000056  0.26666666666666666
7000063  0.26666666666666666
7000064  0.26666666666666666
7000075  0.26666666666666666
7000079  0.26666666666666666
7000082  0.26666666666666666
7000097  0.26666666666666666
7000110  0.26666666666666666
7000114  0.26666666666666666
7000119  0.26666666666666666
7000127  0.26666666666666666
7000140  0.26666666666666666
7000141  0.26666666666666666
7000146  0.26666666666666666
7000149  0.26666666666666666
7000151  0.26666666666666666
7000152  0.26666666666666666
7000169  0.26666666666666666
7100059  0.26666666666666666
7100061  0.26666666666666666
7100062  0.26666666666666666
7100064  0.26666666666666666
7100133  0.26666666666666666
7200090  0.26666666666666666
7200094  0.26666666666666666
7200095  0.26666666666666666
7200098  0.26666666666666666
7200101  0.26666666666666666
7200102  0.26666666666666666
7200103  0.26666666666666666
7200108  0.26666666666666666
7200109  0.26666666666666666
7200112  0.26666666666666666
7200114  0.26666666666666666
7200117  0.26666666666666666
1000006  0.25
1000007  0.25
