1300017  1.0
1300024  1.0
1300025  1.0
1300026  0.5
1300027  0.5
1300032  0.5
1300014  0.4472135954999579
1300009  0.42640143271122083
1300010  0.42640143271122083
1300011  0.42640143271122083
1000006  0.35355339059327373
1000007  0.35355339059327373
1200009  0.34299717028501764
1400014  0.34299717028501764
1400017  0.34299717028501764
1400021  0.34299717028501764
1400022  0.34299717028501764
1400025  0.34299717028501764
1900020  0.34299717028501764
2000014  0.34299717028501764
2000020  0.34299717028501764
2000041  0.34299717028501764
2000042  0.34299717028501764
2000044  0.34299717028501764
2000046  0.34299717028501764
2900015  0.34299717028501764
2900018  0.34299717028501764
2900021  0.34299717028501764
2900022  0.34299717028501764
2900024  0.34299717028501764
2900048  0.34299717028501764
2900049  0.34299717028501764
2900060  0.34299717028501764
2900061  0.34299717028501764
2900064  0.34299717028501764
2900065  0.34299717028501764
3500016  0.34299717028501764
3600016  0.34299717028501764
3600018  0.34299717028501764
3600019  0.34299717028501764
3600020  0.34299717028501764
3800016  0.34299717028501764
3800017  0.34299717028501764
3800018  0.34299717028501764
4000016  0.34299717028501764
4100017  0.34299717028501764
4100020  0.34299717028501764
4100026  0.34299717028501764
4200017  0.34299717028501764
4500019  0.34299717028501764
4500021  0.34299717028501764
4500022  0.34299717028501764
4500026  0.34299717028501764
4500049  0.34299717028501764
4500050  0.34299717028501764
4500068  0.34299717028501764
4500071  0.34299717028501764
4500076  0.34299717028501764
4500081  0.34299717028501764
4500083  0.34299717028501764
4500089  0.34299717028501764
4500090  0.34299717028501764
4500103  0.34299717028501764
4500104  0.34299717028501764
4500105  0.34299717028501764
4500106  0.34299717028501764
4500109  0.34299717028501764
4600019  0.34299717028501764
4700020  0.34299717028501764
4700039  0.34299717028501764
4800021  0.34299717028501764
4800023  0.34299717028501764
4900022  0.34299717028501764
5000022  0.34299717028501764
5000026  0.34299717028501764
5000112  0.34299717028501764
5000117  0.34299717028501764
5000123  0.34299717028501764
5000124  0.34299717028501764
5100022  0.34299717028501764
5100032  0.34299717028501764
5100033  0.34299717028501764
5100034  0.34299717028501764
5100035  0.34299717028501764
5100047  0.34299717028501764
5100048  0.34299717028501764
5100056  0.34299717028501764
5100057  0.34299717028501764
5100066  0.34299717028501764
5300022  0.34299717028501764
5300026  0.34299717028501764
5300029  0.34299717028501764
5300031  0.34299717028501764
5300032  0.34299717028501764
5300034  0.34299717028501764
5300037  0.34299717028501764
5300038  0.34299717028501764
5300039  0.34299717028501764
5300040  0.34299717028501764
5300047  0.34299717028501764
5300048  0.34299717028501764
5300055  0.34299717028501764
5400023  0.34299717028501764
5400024  0.34299717028501764
5400025  0.34299717028501764
5400055  0.34299717028501764
5400056  0.34299717028501764
5400057  0.34299717028501764
5400060  0.34299717028501764
5400061  0.34299717028501764
5400062  0.34299717028501764
5400063  0.34299717028501764
5400065  0.34299717028501764
5400068  0.34299717028501764
5400069  0.34299717028501764
5400071  0.34299717028501764
5400073  0.34299717028501764
5400075  0.34299717028501764
5400077  0.34299717028501764
5400090  0.34299717028501764
5400091  0.34299717028501764
5400092  0.34299717028501764
5400094  0.34299717028501764
5400095  0.34299717028501764
5400096  0.34299717028501764
5400097  0.34299717028501764
5400100  0.34299717028501764
5400101  0.34299717028501764
5500048  0.34299717028501764
5600028  0.34299717028501764
5700029  0.34299717028501764
5700030  0.34299717028501764
5700031  0.34299717028501764
5700040  0.34299717028501764
5700041  0.34299717028501764
5700049  0.34299717028501764
5700050  0.34299717028501764
5700051  0.34299717028501764
5700058  0.34299717028501764
5900030  0.34299717028501764
5900032  0.34299717028501764
5900033  0.34299717028501764
5900034  0.34299717028501764
5900035  0.34299717028501764
5900036  0.34299717028501764
5900058  0.34299717028501764
5900059  0.34299717028501764
5900062  0.34299717028501764
5900063  0.34299717028501764
5900079  0.34299717028501764
6100032  0.34299717028501764
6100034  0.34299717028501764
6100037  0.34299717028501764
6100124  0.34299717028501764
6100132  0.34299717028501764
6100133  0.34299717028501764
6100134  0.34299717028501764
6100138  0.34299717028501764
6100146  0.34299717028501764
6100150  0.34299717028501764
6100151  0.34299717028501764
6100152  0.34299717028501764
6100156  0.34299717028501764
6200038  0.34299717028501764
6200041  0.34299717028501764
6300039  0.34299717028501764
6300047  0.34299717028501764
6300048  0.34299717028501764
6300075  0.34299717028501764
6400042  0.34299717028501764
6700047  0.34299717028501764
6900055  0.34299717028501764
6900056  0.34299717028501764
6900058  0.34299717028501764
6900059  0.34299717028501764
6900065  0.34299717028501764
6900066  0.34299717028501764
6900067  0.34299717028501764
6900068  0.34299717028501764
6900071  0.34299717028501764
6900072  0.34299717028501764
6900076  0.34299717028501764
6900077  0.34299717028501764
6900081  0.34299717028501764
6900082  0.34299717028501764
6900086  0.34299717028501764
6900087  0.34299717028501764
6900091  0.34299717028501764
6900095  0.34299717028501764
7000056  0.34299717028501764
7000063  0.34299717028501764
7000064  0.34299717028501764
7000075  0.34299717028501764
7000079  0.34299717028501764
7000082  0.34299717028501764
7000097  0.34299717028501764
7000110  0.34299717028501764
7000114  0.34299717028501764
7000119  0.34299717028501764
7000127  0.34299717028501764
7000140  0.34299717028501764
7000141  0.34299717028501764
7000146  0.34299717028501764
7000149  0.34299717028501764
7000151  0.34299717028501764
7000152  0.34299717028501764
7000169  0.34299717028501764
7100059  0.34299717028501764
7100061  0.34299717028501764
7100062  0.34299717028501764
7100064  0.34299717028501764
7100133  0.34299717028501764
7200090  0.34299717028501764
7200094  0.34299717028501764
7200095  0.34299717028501764
7200098  0.34299717028501764
7200101  0.34299717028501764
7200102  0.34299717028501764
7200103  0.34299717028501764
7200108  0.34299717028501764
7200109  0.34299717028501764
7200112  0.34299717028501764
7200114  0.34299717028501764
7200117  0.34299717028501764
