7600158  0.999321460723877
8500123  0.9993188381195068
8500122  0.9993187189102173
8500190  0.9993170499801636
6900085  0.9993168115615845
7800122  0.9993166923522949
7600161  0.9993152618408203
6900084  0.9993147850036621
8500245  0.9993147850036621
7600157  0.9993141889572144
6900097  0.9993140697479248
6900081  0.9993139505386353
7800124  0.9993138313293457
7800039  0.9993133544921875
7800125  0.9993133544921875
6900086  0.9993129968643188
6900069  0.9993127584457397
6900114  0.9993125200271606
8500080  0.9993125200271606
6900105  0.9993124008178711
6900080  0.9993122816085815
7800121  0.9993116855621338
8500192  0.9993115663528442
7300249  0.9993114471435547
6900041  0.9993113279342651
7300248  0.9993113279342651
7900035  0.9993112087249756
8500142  0.999311089515686
7800068  0.9993109703063965
8500090  0.9993108510971069
8500117  0.9993108510971069
8500118  0.9993108510971069
6900096  0.9993106126785278
8500189  0.9993106126785278
6900155  0.9993103742599487
8500229  0.9993101358413696
7300269  0.9993100166320801
8500141  0.9993098974227905
7300271  0.9993095397949219
8500128  0.9993095397949219
7800123  0.9993093013763428
7300247  0.9993091821670532
7600206  0.9993091821670532
8500206  0.9993090629577637
8500138  0.9993089437484741
7300226  0.9993088245391846
7300316  0.9993085861206055
8500131  0.9993085861206055
7600205  0.9993082284927368
8400041  0.9993082284927368
8500281  0.9993079900741577
7300234  0.9993075132369995
8500079  0.9993075132369995
8500261  0.9993075132369995
7300227  0.99930739402771
8500136  0.99930739402771
8500139  0.99930739402771
7300228  0.9993072748184204
7300270  0.9993072748184204
8500134  0.9993072748184204
7600165  0.9993070363998413
7300229  0.9993069171905518
8500135  0.9993069171905518
8500193  0.9993066787719727
8500205  0.9993066787719727
7300223  0.9993065595626831
7300268  0.9993065595626831
8600040  0.9993065595626831
7600163  0.9993064403533936
8500208  0.9993064403533936
7000291  0.999306321144104
7100332  0.9993062019348145
7100327  0.9993060827255249
7100331  0.9993060827255249
7400144  0.9993060827255249
8600041  0.9993060827255249
7300098  0.9993059635162354
7300110  0.9993059635162354
7300315  0.9993057250976562
7600170  0.9993057250976562
7300285  0.9993056058883667
8200048  0.9993056058883667
8500204  0.9993054866790771
7400142  0.9993053674697876
7400219  0.9993053674697876
7000290  0.999305248260498
7300325  0.999305248260498
7300104  0.999305009841919
7400195  0.999305009841919
7400203  0.999305009841919
8200078  0.999305009841919
7400143  0.9993048906326294
6900158  0.9993047714233398
6900164  0.9993046522140503
7300328  0.9993046522140503
8500113  0.9993046522140503
7400222  0.9993045330047607
7400239  0.9993045330047607
7300118  0.9993042945861816
7400240  0.9993042945861816
7600208  0.9993042945861816
7800067  0.9993042945861816
8500116  0.9993042945861816
7300183  0.9993041753768921
7400199  0.9993041753768921
7400244  0.9993041753768921
7400257  0.9993041753768921
7600119  0.9993041753768921
7600200  0.9993041753768921
8200060  0.9993041753768921
8500145  0.9993041753768921
8500188  0.9993041753768921
7100328  0.9993040561676025
7400251  0.9993040561676025
6701315  0.999303936958313
7600204  0.999303936958313
8500187  0.999303936958313
8300036  0.9993038177490234
8500114  0.9993038177490234
8500146  0.9993038177490234
7300272  0.9993036985397339
7600168  0.9993035793304443
8400068  0.9993035793304443
6900062  0.9993034601211548
7300097  0.9993033409118652
7300108  0.9993033409118652
7400145  0.9993033409118652
7400200  0.9993033409118652
7600166  0.9993033409118652
8500132  0.9993033409118652
8500147  0.9993033409118652
8500151  0.9993033409118652
7400259  0.9993032217025757
8400127  0.9993032217025757
7400206  0.9993031024932861
7300284  0.9993029832839966
7400189  0.9993029832839966
7400212  0.9993029832839966
7900036  0.9993029832839966
7400227  0.999302864074707
7300296  0.9993027448654175
7400250  0.9993027448654175
7400280  0.9993027448654175
8500098  0.9993027448654175
7300111  0.9993026256561279
7400202  0.9993026256561279
7400213  0.9993026256561279
8400117  0.9993026256561279
8400125  0.9993026256561279
7300109  0.9993025064468384
7400207  0.9993025064468384
7400226  0.9993025064468384
7800115  0.9993025064468384
8500127  0.9993025064468384
7300222  0.9993023872375488
7300275  0.9993023872375488
7300286  0.9993023872375488
7400194  0.9993023872375488
7600201  0.9993023872375488
7400248  0.9993022680282593
7400265  0.9993022680282593
7600203  0.9993022680282593
8500181  0.9993022680282593
6900054  0.9993021488189697
7300101  0.9993021488189697
7400141  0.9993021488189697
8600036  0.9993021488189697
8200049  0.9993020296096802
8500167  0.9993020296096802
8500284  0.9993020296096802
7000304  0.9993019104003906
7400216  0.9993019104003906
8500180  0.9993017911911011
8400123  0.999301552772522
8500124  0.999301552772522
8500202  0.999301552772522
7300232  0.9993014335632324
7400243  0.9993014335632324
7700045  0.9993014335632324
7400208  0.9993013143539429
7400246  0.9993013143539429
8300037  0.9993013143539429
8500184  0.9993013143539429
7400223  0.9993011951446533
8500152  0.9993011951446533
7400264  0.9993010759353638
7700037  0.9993010759353638
8500048  0.9993010759353638
8500126  0.9993010759353638
7400255  0.9993009567260742
7400192  0.9993008375167847
7400262  0.9993008375167847
7600101  0.9993007183074951
7600117  0.9993007183074951
7600179  0.9993007183074951
7900045  0.999300479888916
8300045  0.999300479888916
8500094  0.999300479888916
6900053  0.9993003606796265
7400225  0.9993003606796265
8600035  0.9993003606796265
7300112  0.9993002414703369
7600212  0.9993002414703369
8200058  0.9993002414703369
8300035  0.9993002414703369
8400126  0.9993001222610474
8500285  0.9993001222610474
7600177  0.9993000030517578
8400069  0.9992998838424683
7300230  0.9992997646331787
7600102  0.9992997646331787
8500153  0.9992997646331787
6900165  0.9992996454238892
7300115  0.9992996454238892
8500194  0.9992996454238892
8600049  0.9992996454238892
7300311  0.9992994070053101
7600118  0.9992994070053101
8500186  0.9992994070053101
7000292  0.9992992877960205
7400242  0.9992992877960205
7600115  0.9992992877960205
7600197  0.9992992877960205
6700079  0.999299168586731
7300300  0.999299168586731
8500091  0.999299168586731
6701312  0.9992990493774414
7300257  0.9992989301681519
7400256  0.9992989301681519
8400124  0.9992989301681519
8500099  0.9992989301681519
7100338  0.9992988109588623
7600173  0.9992986917495728
7900037  0.9992986917495728
7000298  0.9992985725402832
7300276  0.9992985725402832
8500185  0.9992985725402832
8500196  0.9992985725402832
7400237  0.9992983341217041
8500150  0.9992983341217041
7300329  0.9992982149124146
7400214  0.9992982149124146
7800066  0.9992982149124146
8200086  0.9992982149124146
8200094  0.9992982149124146
8500164  0.9992982149124146
8500201  0.9992982149124146
8200059  0.9992979764938354
8500197  0.9992979764938354
7400201  0.9992978572845459
8700221  0.9992977380752563
7400139  0.9992973804473877
7700036  0.9992973804473877
8500199  0.9992973804473877
7400229  0.9992972612380981
8200057  0.9992971420288086
8500100  0.9992971420288086
8500154  0.9992971420288086
8500200  0.9992971420288086
8500195  0.9992967844009399
7300250  0.9992966651916504
7400122  0.9992965459823608
7300194  0.9992963075637817
7300251  0.9992959499359131
7400121  0.9992958307266235
7300217  0.999295711517334
7600202  0.9992955923080444
7600214  0.9992953538894653
7000297  0.999294638633728
7300256  0.999294638633728
7400232  0.999294638633728
8400070  0.9992945194244385
8200052  0.9992944002151489
7700035  0.9992941617965698
6701311  0.9992936849594116
7400234  0.9992929697036743
7400193  0.9992926120758057
8900206  0.9992926120758057
9000042  0.9988459348678589
6200242  0.9985968470573425
6600947  0.9985873699188232
5600293  0.9985857009887695
5600291  0.9985839128494263
6700377  0.9985839128494263
6200241  0.9985833168029785
5600292  0.9985820055007935
6300070  0.9985817670822144
6600945  0.9985811710357666
5600065  0.9985796213150024
6600948  0.9985784292221069
6300095  0.9985774755477905
6200243  0.998577356338501
5600380  0.9985769987106323
6300099  0.9985769987106323
5600288  0.9985764026641846
5700133  0.9985759258270264
6700413  0.9985755681991577
6300100  0.9985752105712891
5600376  0.9985746145248413
6700378  0.9985742568969727
5600287  0.9985741376876831
5600295  0.9985741376876831
6300077  0.9985727071762085
6600892  0.998572587966919
6000346  0.998571515083313
6100318  0.9985687732696533
6600944  0.998568058013916
6700411  0.998568058013916
6300101  0.9985679388046265
6700376  0.9985679388046265
6300050  0.9985669255256653
6700416  0.9985665678977966
5600286  0.9985659718513489
5900146  0.9985656142234802
6700119  0.9985652565956116
5700135  0.9985645413398743
6700200  0.9985644221305847
6500833  0.9985643029212952
6200248  0.998563826084137
6200044  0.9985622763633728
6700231  0.9985619187355042
6600966  0.9985613226890564
6000348  0.9985612034797668
5800204  0.9985610842704773
6600957  0.9985607266426086
6100333  0.9985606074333191
6300049  0.9985606074333191
6100330  0.9985604882240295
6700398  0.9985604882240295
6200268  0.99856036901474
6600881  0.9985601305961609
5800216  0.9985600113868713
6700379  0.9985600113868713
5800213  0.9985598921775818
6600969  0.9985597729682922
6700401  0.9985596537590027
6700404  0.9985594153404236
6500850  0.998559296131134
6600971  0.9985588192939758
6600893  0.9985585808753967
6200048  0.9985583424568176
6200269  0.9985581040382385
6200092  0.9985577464103699
6700419  0.9985570311546326
6200235  0.9985567927360535
5800220  0.9985566735267639
5900145  0.9985564351081848
5800097  0.9985552430152893
6600968  0.9985551238059998
5600285  0.9985546469688416
5800154  0.998554527759552
5800089  0.9985538125038147
6200266  0.9985532164573669
6200128  0.9985528588294983
6700425  0.9985523819923401
6100329  0.9985522627830505
6200091  0.9985519051551819
6200127  0.9985517859458923
6200148  0.9985517859458923
6200129  0.9985516667366028
6600954  0.9985515475273132
6200249  0.9985514283180237
6700397  0.9985513091087341
6200140  0.998551070690155
6100345  0.9985508322715759
6700204  0.9985507130622864
5800159  0.9985505938529968
6200270  0.9985505938529968
6700375  0.9985504746437073
6300105  0.9985502362251282
6600967  0.9985501170158386
6700426  0.9985499978065491
5800122  0.9985498785972595
6200190  0.9985498785972595
5800152  0.9985496401786804
5800151  0.9985495209693909
6200199  0.9985495209693909
5800155  0.9985494017601013
6200141  0.9985491633415222
6600949  0.9985490441322327
6700202  0.9985490441322327
6200252  0.9985489249229431
6200135  0.998548686504364
6300102  0.998548686504364
6500846  0.998548686504364
6600937  0.998548686504364
5800160  0.9985485672950745
6200081  0.9985485672950745
6200163  0.9985485672950745
6200250  0.9985485672950745
5800162  0.9985484480857849
5800165  0.9985480904579163
6100362  0.9985480904579163
6200151  0.9985480904579163
5800161  0.9985479712486267
6300116  0.9985478520393372
6600936  0.9985476136207581
6200162  0.9985474944114685
6200312  0.9985474944114685
6200208  0.9985471367835999
6700424  0.9985470175743103
5800106  0.9985468983650208
5800192  0.9985465407371521
6300113  0.9985465407371521
6700374  0.9985463619232178
5800098  0.9985460042953491
5800196  0.9985460042953491
6200164  0.9985460042953491
6600894  0.9985460042953491
5800167  0.9985458850860596
6200204  0.9985458850860596
6200254  0.99854576587677
6200052  0.9985455274581909
6200217  0.9985452890396118
5800158  0.9985451698303223
6200136  0.9985451698303223
5900144  0.9985449314117432
6300148  0.9985448122024536
5600284  0.9985446929931641
6700239  0.9985446929931641
6100358  0.9985445737838745
6200157  0.998544454574585
5800156  0.9985443353652954
5800201  0.9985442161560059
6200213  0.9985442161560059
6500845  0.9985442161560059
6200176  0.9985436201095581
6700363  0.9985436201095581
6200259  0.9985435009002686
6200153  0.9985431432723999
6700206  0.9985431432723999
6200174  0.9985430240631104
6300107  0.9985430240631104
6300149  0.9985430240631104
6600903  0.9985430240631104
6200161  0.9985429048538208
5600255  0.9985427856445312
6200144  0.9985426664352417
6100346  0.9985424280166626
6200186  0.9985424280166626
5800140  0.998542308807373
6200168  0.998542308807373
6200180  0.998542308807373
6200156  0.998542070388794
6600904  0.998542070388794
6200083  0.9985419511795044
6600910  0.9985419511795044
6400045  0.9985418319702148
5800172  0.9985413551330566
6200167  0.9985412359237671
6200187  0.9985411167144775
6700234  0.9985411167144775
6200122  0.9985406398773193
6200160  0.9985406398773193
6200165  0.9985405206680298
6200179  0.9985405206680298
6200264  0.9985405206680298
5800173  0.9985404014587402
6200258  0.9985404014587402
6700421  0.9985402822494507
6400046  0.9985401630401611
6700396  0.9985401630401611
6200182  0.9985400438308716
6300104  0.998539924621582
6700233  0.998539924621582
5900141  0.9985398054122925
6600951  0.9985398054122925
6700238  0.9985398054122925
6200147  0.9985396862030029
6700423  0.9985396862030029
6200155  0.9985395669937134
6200304  0.9985395669937134
5800105  0.9985394477844238
6200211  0.9985394477844238
6200307  0.9985392093658447
6200200  0.9985388517379761
6200255  0.9985388517379761
6700427  0.9985388517379761
6300103  0.998538613319397
5800175  0.9985384941101074
6500843  0.9985383749008179
6200086  0.9985381364822388
6200311  0.9985380172729492
6300134  0.9985380172729492
6700232  0.9985380172729492
5600283  0.9985378980636597
6400065  0.9985378980636597
6500844  0.9985378980636597
6200209  0.9985376596450806
6200227  0.998537540435791
6200228  0.998537540435791
6300122  0.9985373020172119
6700422  0.9985371828079224
6200271  0.9985370635986328
6200145  0.9985368251800537
6300112  0.9985368251800537
6700370  0.9985367059707642
6200090  0.9985364675521851
6200261  0.9985364675521851
6200233  0.998536229133606
6200256  0.998536229133606
6600907  0.9985357522964478
6400047  0.9985355138778687
6200116  0.9985353946685791
6600905  0.9985353946685791
5600267  0.99853515625
5800128  0.99853515625
6300111  0.99853515625
6700237  0.99853515625
6700372  0.99853515625
6000349  0.9985346794128418
6200224  0.9985346794128418
6200202  0.9985342025756836
6700235  0.9985342025756836
6700395  0.9985342025756836
5800139  0.998534083366394
6100357  0.9985339641571045
6000353  0.9985336065292358
6200257  0.9985334873199463
6700371  0.9985334873199463
6200137  0.9985333681106567
6400056  0.9985333681106567
6600895  0.9985333681106567
6200234  0.9985332489013672
6200119  0.9985331296920776
6200139  0.9985324144363403
6700382  0.9985321760177612
5600253  0.9985318183898926
6200287  0.9985315799713135
6200262  0.9985313415527344
6700391  0.9985307455062866
6700387  0.9985305070877075
6200173  0.9985302686691284
6700236  0.9985297918319702
6200138  0.9985284805297852
6200169  0.9985284805297852
6300128  0.9985283613204956
6700428  0.9985277652740479
6300109  0.9985274076461792
6700390  0.9985272884368896
6700392  0.9985271692276001
6200118  0.9985264539718628
6400048  0.9985264539718628
6700394  0.9985260963439941
5800197  0.9985257983207703
5800198  0.9985255599021912
6200117  0.9985255599021912
5800132  0.9985253214836121
6000352  0.9985238909721375
6300108  0.9985236525535583
6200279  0.9985223412513733
6200286  0.9985221028327942
6000350  0.9985217452049255
6200170  0.9985193610191345
6200171  0.9985156655311584
6700430  0.9985141158103943
10701327  0.9984893798828125
10701325  0.9984861016273499
10701736  0.9984857439994812
10701735  0.9984850287437439
9000078  0.9984832406044006
9100063  0.9984821677207947
10702233  0.9984819293022156
9300762  0.9984787106513977
9300777  0.9984787106513977
10701328  0.9984776377677917
9300764  0.9984772801399231
9300749  0.998477041721344
10701643  0.998475968837738
10701638  0.9984756112098694
9000075  0.9984729886054993
10701641  0.9984717965126038
10701642  0.9984717965126038
10702280  0.9984715580940247
10701644  0.9984702467918396
10701734  0.9984690546989441
10701762  0.998467743396759
10701324  0.9984672665596008
10702234  0.9984660148620605
9000076  0.9984657764434814
9300778  0.9984656572341919
10500077  0.9984654188156128
9300779  0.9984639883041382
10500070  0.9984638690948486
10702278  0.9984637498855591
10500332  0.9984633922576904
10701717  0.9984631538391113
10701636  0.9984629154205322
9300763  0.9984627962112427
9000074  0.9984625577926636
10701706  0.9984619617462158
10701775  0.9984619617462158
10003862  0.9984605312347412
10702232  0.9984605312347412
10701704  0.9984595775604248
10003850  0.9984583854675293
10702293  0.9984581470489502
10701634  0.9984569549560547
10702276  0.9984567165374756
10701645  0.9984561204910278
10500335  0.9984557628631592
10701772  0.9984548091888428
10701777  0.9984546899795532
10500336  0.9984545707702637
10702269  0.9984527826309204
10701352  0.9984525442123413
10701329  0.9984512329101562
10701347  0.9984511137008667
10403793  0.9984509944915771
10100264  0.9984508752822876
10701766  0.9984506368637085
10700198  0.9984499216079712
10500331  0.9984496831893921
10702229  0.9984496831893921
10701773  0.9984495639801025
10702274  0.998449444770813
10701769  0.9984487295150757
10701733  0.9984484910964966
10701767  0.9984481334686279
10701792  0.9984477758407593
10701632  0.9984472393989563
10701718  0.9984466433525085
10702272  0.9984466433525085
10701768  0.9984464049339294
9000073  0.9984462857246399
9400029  0.9984460473060608
10701633  0.9984460473060608
10700218  0.9984456896781921
10003844  0.998445451259613
10003824  0.9984452128410339
10003808  0.9984448552131653
10003821  0.9984448552131653
10003856  0.9984448552131653
10700179  0.9984448552131653
10701774  0.998444139957428
10701819  0.9984439015388489
10003811  0.9984437823295593
10701120  0.9984436631202698
9000061  0.9984429478645325
10701345  0.9984427094459534
10500078  0.9984422326087952
10701130  0.9984421133995056
10701201  0.9984415173530579
10702307  0.9984409213066101
10701228  0.9984405636787415
10701652  0.9984404444694519
10702318  0.9984403252601624
10701184  0.9984402060508728
10701133  0.9984398484230042
10700115  0.9984397292137146
10701188  0.9984392523765564
9700056  0.9984388947486877
10701771  0.9984388947486877
10701217  0.9984387755393982
10701239  0.9984387755393982
10701330  0.9984386563301086
10702296  0.9984386563301086
10702317  0.9984378218650818
10701613  0.9984377026557922
10701179  0.9984375834465027
10701660  0.9984375834465027
10003822  0.9984374642372131
10003832  0.9984374642372131
10500338  0.9984373450279236
10701730  0.998437225818634
10701844  0.998437225818634
10701646  0.9984371066093445
10701332  0.9984369874000549
10701136  0.9984368681907654
10701189  0.9984368681907654
10701199  0.9984368681907654
10701333  0.9984368681907654
10701653  0.9984367489814758
10701703  0.9984366297721863
10003823  0.9984365105628967
10701763  0.9984365105628967
10403791  0.9984363913536072
10701820  0.9984363913536072
10003817  0.9984362721443176
10403777  0.9984360337257385
10701297  0.9984357953071594
9404074  0.9984356760978699
10700097  0.9984355568885803
10701344  0.9984355568885803
10701203  0.9984354376792908
10701659  0.9984354376792908
10701702  0.9984354376792908
10003819  0.9984347224235535
10702235  0.9984344840049744
10701300  0.9984342455863953
10701629  0.9984342455863953
10701681  0.9984342455863953
10100267  0.9984340071678162
10701334  0.9984338879585266
10003827  0.9984337687492371
10700379  0.9984336495399475
10701192  0.998433530330658
10003818  0.9984334111213684
10701147  0.9984334111213684
10701723  0.9984334111213684
10701193  0.9984326958656311
10701206  0.9984322190284729
10702227  0.9984319806098938
10003831  0.9984316229820251
9403043  0.9984312653541565
10701196  0.9984312653541565
10701298  0.9984312653541565
9405103  0.9984310269355774
10701194  0.9984306693077087
10701666  0.9984306693077087
10701340  0.9984305500984192
10701301  0.9984304308891296
10003828  0.998430073261261
10701625  0.9984299540519714
10701845  0.9984299540519714
10700237  0.9984298348426819
10701678  0.9984295964241028
10701729  0.9984295964241028
10003826  0.9984294772148132
10701241  0.9984294772148132
10701728  0.9984293580055237
10700160  0.9984292387962341
10701202  0.998429000377655
10500344  0.9984288811683655
10701220  0.9984286427497864
10701698  0.9984285235404968
10701187  0.998428463935852
10701682  0.998428463935852
10701824  0.9984283447265625
10702297  0.9984283447265625
9000044  0.998428225517273
10701221  0.9984281063079834
9700055  0.9984278678894043
10701223  0.9984275102615356
10701765  0.9984273910522461
10702306  0.9984273910522461
10701339  0.9984270334243774
10701721  0.9984270334243774
10701822  0.9984270334243774
10500342  0.9984269142150879
10701303  0.9984267950057983
10702268  0.9984267950057983
10701841  0.9984266757965088
9000053  0.9984264373779297
10701658  0.9984264373779297
10701701  0.9984264373779297
10701216  0.9984263181686401
9700054  0.9984261989593506
10701680  0.9984261989593506
10701244  0.9984258413314819
10701848  0.9984258413314819
10701688  0.9984256029129028
10701825  0.9984256029129028
10701338  0.9984254837036133
10701724  0.9984254837036133
10701842  0.9984253644943237
10701186  0.9984250068664551
10701207  0.9984250068664551
10701335  0.9984250068664551
10701302  0.9984248876571655
10700141  0.9984240531921387
10701190  0.9984239339828491
9401535  0.9984238147735596
10701219  0.9984238147735596
10702226  0.99842369556427
10701178  0.9984235763549805
10701320  0.9984235763549805
10701700  0.9984234571456909
10701722  0.9984232187271118
10701624  0.9984229803085327
10003841  0.9984222650527954
10701198  0.9984221458435059
10701299  0.9984220266342163
10701342  0.9984220266342163
10700128  0.9984215497970581
10702301  0.9984215497970581
10701185  0.9984214305877686
10702319  0.9984214305877686
9000043  0.998421311378479
10701823  0.998421311378479
9000045  0.9984211921691895
10701343  0.9984207153320312
10700288  0.9984204769134521
10702265  0.9984201192855835
10701322  0.9984198808670044
10701321  0.9984197616577148
10701664  0.9984197616577148
10500339  0.9984194040298462
10701242  0.9984194040298462
10701647  0.9984191656112671
10700256  0.9984183311462402
10701727  0.9984179735183716
10702239  0.9984179735183716
9406174  0.998417854309082
10701628  0.998417854309082
10701662  0.998417854309082
10701657  0.9984174966812134
10500096  0.9984173774719238
10701212  0.9984173774719238
10701830  0.9984172582626343
10702252  0.9984170198440552
10701323  0.9984167814254761
10701828  0.998416543006897
10701683  0.9984164237976074
10500272  0.9984161853790283
10701337  0.9984161853790283
10701846  0.9984159469604492
10702264  0.9984158277511597
10701208  0.998415470123291
10003843  0.9984142780303955
10500244  0.998414158821106
10701158  0.9984140396118164
10003829  0.9984138011932373
10701615  0.9984132051467896
10003842  0.9984124898910522
10700285  0.9984117746353149
10701656  0.9984111785888672
10701686  0.9984109401702881
10702262  0.9984104633331299
10701654  0.9984103441238403
10701156  0.9984099864959717
10701655  0.9984097480773926
9700043  0.9984094500541687
10700277  0.9984094500541687
10702247  0.9984093308448792
10702263  0.998407781124115
10701622  0.9984058737754822
10701211  0.9984044432640076
10701623  0.9984039664268494
10702320  0.9984037280082703
10500097  0.9983978867530823
10702326  0.9983976483345032
10701210  0.9983892440795898
10702328  0.9980182647705078
6700433  0.9979836940765381
5600252  0.9978602528572083
6700772  0.9969775676727295
6700457  0.9969692826271057
6700770  0.9969679713249207
6701127  0.9969635605812073
6700996  0.9969633221626282
6701219  0.9969627261161804
6700455  0.9969615340232849
6700456  0.9969569444656372
6700461  0.9969558715820312
6701113  0.9969558715820312
6700998  0.9969531297683716
6700999  0.996951699256897
6700462  0.9969507455825806
6700452  0.9969480633735657
6701261  0.9969473481178284
6701128  0.9969471096992493
6700459  0.996946394443512
6700451  0.9969455599784851
6701215  0.9969455599784851
6701111  0.9969454407691956
6700988  0.9969452023506165
6700450  0.9969450831413269
6700773  0.9969434142112732
6701002  0.9969411492347717
6700458  0.9969404935836792
6700465  0.9969397783279419
6701260  0.9969353675842285
6700583  0.9969345331192017
6700997  0.996933102607727
6701158  0.996932864189148
6700595  0.9969310760498047
6701086  0.9969305396080017
6701088  0.9969289898872375
6700767  0.9969266057014465
6700984  0.996926486492157
6700466  0.9969258904457092
6701010  0.9969250559806824
6701177  0.9969249367713928
6701087  0.9969244599342346
6701259  0.9969244599342346
6700808  0.9969233870506287
6700561  0.9969224333763123
6701258  0.9969220757484436
6700586  0.9969218373298645
6701140  0.9969218373298645
6701110  0.996921181678772
6700582  0.9969207048416138
6701178  0.9969207048416138
6700566  0.9969204664230347
6701250  0.9969195127487183
6701227  0.9969191551208496
6700594  0.9969189167022705
6700441  0.9969183206558228
6701154  0.9969180822372437
6701167  0.9969178438186646
6700817  0.9969173669815063
6700596  0.9969171285629272
6700597  0.9969171285629272
6701089  0.9969167709350586
6701142  0.9969161748886108
6700560  0.9969158172607422
6700616  0.9969149827957153
6701155  0.9969124794006348
6701153  0.9969123601913452
6700578  0.996911346912384
6700983  0.9969111084938049
6701214  0.9969111084938049
6701272  0.996910035610199
6700679  0.9969086050987244
6700775  0.9969086050987244
6701264  0.9969078898429871
6700985  0.996907651424408
6700574  0.9969071745872498
6700614  0.9969068169593811
6700536  0.9969059824943542
6700500  0.9969057440757751
6700774  0.9969047904014587
6700629  0.9969045519828796
6700655  0.9969045519828796
6701247  0.996904194355011
6700807  0.9969040751457214
6700506  0.9969037175178528
6700587  0.9969034790992737
6700534  0.9969032406806946
6700626  0.9969032406806946
6700505  0.9969030022621155
6700718  0.9969025254249573
6701085  0.9969025254249573
6700628  0.9969009160995483
6701213  0.9969004392623901
6701285  0.9968999624252319
6700635  0.9968998432159424
6700475  0.9968993663787842
6700580  0.9968992471694946
6700557  0.996898889541626
6700759  0.9968987703323364
6700507  0.99689781665802
6701179  0.9968976974487305
6701139  0.9968973398208618
6700805  0.9968961477279663
6701041  0.9968961477279663
6700477  0.9968957901000977
6700786  0.9968957901000977
6700530  0.9968955516815186
6700602  0.9968955516815186
6700630  0.996895432472229
6700617  0.9968953132629395
6701109  0.9968953132629395
6701286  0.9968953132629395
6701152  0.9968951940536499
6701107  0.9968949556350708
6700436  0.9968947172164917
6700603  0.9968947172164917
6700787  0.9968947172164917
6700724  0.9968945980072021
6700776  0.9968945980072021
6701032  0.996894121170044
6701246  0.9968940019607544
6700540  0.9968936443328857
6700726  0.9968935251235962
6700687  0.9968929290771484
6700731  0.9968928098678589
6700438  0.9968926906585693
6701185  0.9968926310539246
6701138  0.9968923926353455
6700703  0.9968921542167664
6700439  0.9968915581703186
6700471  0.996891438961029
6700672  0.996891438961029
6701284  0.996891438961029
6700537  0.9968913197517395
6700470  0.9968902468681335
6701228  0.9968902468681335
6700625  0.996890127658844
6700535  0.9968900084495544
6700657  0.9968896508216858
6700497  0.9968895316123962
6700720  0.9968895316123962
6700618  0.9968891739845276
6700634  0.9968891739845276
6701074  0.996889054775238
6700733  0.9968889355659485
6700613  0.9968888163566589
6700593  0.9968885779380798
6701071  0.9968884587287903
6700705  0.9968879818916321
6700637  0.996887743473053
6700652  0.996887743473053
6701047  0.9968876242637634
6700552  0.9968875050544739
6700659  0.9968875050544739
6700793  0.9968872666358948
6700727  0.9968871474266052
6700795  0.9968871474266052
6700539  0.9968869090080261
6700598  0.9968865513801575
6701014  0.9968861937522888
6701200  0.9968861937522888
6700739  0.9968860745429993
6700678  0.9968857169151306
6700656  0.9968850016593933
6700826  0.9968848824501038
6701011  0.9968848824501038
6701056  0.9968848824501038
6700818  0.9968846440315247
6701199  0.9968845248222351
6701077  0.9968840479850769
6700608  0.9968838095664978
6700673  0.9968838095664978
6700707  0.9968838095664978
6700725  0.9968834519386292
6701181  0.9968834519386292
6700735  0.99688321352005
6701058  0.9968829154968262
6700738  0.9968827962875366
6701013  0.9968823194503784
6700728  0.9968820810317993
6701212  0.9968820810317993
6701130  0.9968819618225098
6700606  0.996881365776062
6700472  0.9968812465667725
6700723  0.9968812465667725
6700740  0.9968811273574829
6701057  0.9968807697296143
6700553  0.9968806505203247
6700982  0.9968805313110352
6701276  0.9968804121017456
6700514  0.9968801736831665
6701180  0.996880054473877
6700541  0.9968799352645874
6700556  0.9968796968460083
6700648  0.9968796968460083
6701102  0.9968795776367188
6701202  0.9968793392181396
6700546  0.9968792200088501
6700730  0.9968787431716919
6701274  0.9968787431716919
6700579  0.9968782663345337
6700545  0.9968780279159546
6701273  0.9968780279159546
6700599  0.9968777894973755
6701093  0.9968777894973755
6700792  0.9968776702880859
6700600  0.9968775510787964
6701012  0.9968775510787964
6700631  0.9968774318695068
6700609  0.9968773126602173
6701091  0.9968768358230591
6701073  0.99687659740448
6700435  0.9968764781951904
6701195  0.9968763589859009
6700722  0.9968760013580322
6701029  0.9968758821487427
6701044  0.9968758821487427
6700758  0.996875524520874
6701103  0.996875524520874
6700714  0.9968749284744263
6700729  0.9968745708465576
6700791  0.9968745708465576
6700704  0.9968744516372681
6700742  0.9968739748001099
6700824  0.9968738555908203
6701072  0.9968738555908203
6701028  0.9968736171722412
6701017  0.9968735575675964
6701210  0.9968735575675964
6700624  0.9968722462654114
6701198  0.9968720078468323
6700823  0.9968718886375427
6700789  0.996871292591095
6700741  0.9968711733818054
6700749  0.9968709349632263
6700651  0.9968708157539368
6700486  0.9968706965446472
6701104  0.9968706965446472
6701182  0.9968706965446472
6701043  0.996870219707489
6701105  0.996870219707489
6701245  0.9968701004981995
6701211  0.9968699812889099
6700437  0.9968691468238831
6700804  0.9968686699867249
6701196  0.9968686699867249
6700674  0.9968684315681458
6701042  0.9968684315681458
6701229  0.9968673586845398
6701197  0.9968656897544861
6700632  0.996865451335907
6700482  0.9968650937080383
6701059  0.9968648552894592
6701288  0.9968641400337219
6700623  0.9968627691268921
6700621  0.9968621730804443
6701027  0.9968619346618652
6700788  0.9968609809875488
6701244  0.9968609809875488
6701231  0.9968596696853638
6701230  0.9968589544296265
6701232  0.9968588352203369
6700819  0.9968584775924683
6700483  0.9968563318252563
6701236  0.9968558549880981
6701062  0.9968554973602295
6700554  0.9968543648719788
6700589  0.9968543648719788
6700592  0.996853768825531
6700822  0.996852457523346
6701309  0.9968520998954773
6700622  0.9968515038490295
6700434  0.9968499541282654
6700633  0.9968486428260803
6701026  0.9968472123146057
6700821  0.9968468546867371
6700588  0.9968460202217102
6700710  0.996840238571167
6700712  0.9968364238739014
6700711  0.9968327879905701
6701310  0.9968312382698059
10800146  0.9956182241439819
10702447  0.9956015348434448
11800127  0.9955956339836121
11200314  0.9955951571464539
10800145  0.995593249797821
10702453  0.9955892562866211
11200307  0.9955874681472778
10702458  0.9955840706825256
10800562  0.9955825209617615
10702452  0.9955785870552063
10702459  0.995573878288269
10800566  0.995570957660675
10800598  0.9955701231956482
10702443  0.9955667853355408
10702444  0.9955655932426453
11800203  0.9955655932426453
10702455  0.9955600500106812
10800147  0.995559573173523
11200306  0.995556652545929
11800108  0.9955565333366394
10800599  0.9955559372901917
11200315  0.9955548644065857
10702456  0.9955547451972961
10702460  0.9955470561981201
10702528  0.9955456256866455
10702442  0.9955440163612366
10800563  0.9955435395240784
11200279  0.9955435395240784
10800561  0.9955405592918396
10702543  0.9955390095710754
10800144  0.9955381155014038
11800173  0.9955341815948486
11800178  0.9955333471298218
10702510  0.995532751083374
10702462  0.9955325126647949
10800600  0.9955300688743591
11200273  0.9955300688743591
10702529  0.995528519153595
11200419  0.995528519153595
11200529  0.9955254197120667
11200276  0.9955236911773682
10800522  0.9955223798751831
11200411  0.9955223798751831
10702544  0.9955222606658936
11200416  0.9955222606658936
11200414  0.995522141456604
11800128  0.9955216646194458
10702505  0.9955202341079712
10800560  0.9955198764801025
11200528  0.9955192804336548
11800169  0.995518147945404
10800559  0.995517909526825
10702545  0.9955174326896667
10702509  0.9955138564109802
10800523  0.9955138564109802
11800107  0.9955131411552429
10702527  0.9955111742019653
10702440  0.9955108165740967
11800204  0.9955096244812012
10702540  0.9955090284347534
10800521  0.9955087900161743
11800168  0.9955086708068848
11800167  0.9955077171325684
10703026  0.9955074787139893
10702530  0.9955054521560669
10703017  0.9955054521560669
11200413  0.9955042004585266
11200410  0.9955037236213684
11200415  0.9955025315284729
10800148  0.9955011010169983
11800205  0.9955011010169983
11200345  0.9955002665519714
11200280  0.9955001473426819
10702524  0.9954966306686401
10702481  0.9954947233200073
10702479  0.9954941272735596
11200300  0.9954938888549805
10703480  0.9954935312271118
10800149  0.9954934120178223
11800218  0.9954924583435059
10703539  0.9954918026924133
10800056  0.9954918026924133
10703029  0.9954916834831238
11200272  0.9954915642738342
10702480  0.9954902529716492
10703476  0.9954888224601746
11800217  0.995488703250885
10702513  0.9954881072044373
10702436  0.9954875111579895
10702504  0.9954865574836731
10702485  0.9954860806465149
10800541  0.9954858422279358
11200296  0.9954854846000671
10702468  0.9954848289489746
10800079  0.9954842329025269
10800117  0.9954837560653687
10703477  0.9954828023910522
11800211  0.9954824447631836
11200531  0.9954819679260254
11800149  0.9954818487167358
10702491  0.9954814910888672
11200412  0.9954812526702881
10702488  0.9954807758331299
10800081  0.9954788088798523
10702463  0.9954786896705627
10702552  0.9954785704612732
10702482  0.9954784512519836
11800104  0.9954774975776672
10702469  0.9954767823219299
10800113  0.9954766631126404
10703489  0.9954755902290344
10702487  0.9954752326011658
11200254  0.9954749941825867
10702526  0.9954748749732971
10800150  0.9954748749732971
11200532  0.9954747557640076
10702486  0.9954730868339539
10800153  0.9954728484153748
11200080  0.9954728484153748
10800151  0.9954723715782166
11200079  0.9954719543457031
10702497  0.9954713582992554
10800102  0.9954710006713867
10800100  0.9954706430435181
10702464  0.9954705238342285
10702484  0.9954700469970703
11400607  0.9954700469970703
10800112  0.9954696893692017
10800527  0.9954696893692017
10800675  0.9954694509506226
10800099  0.9954692125320435
10703471  0.9954690933227539
10800473  0.9954687356948853
10800107  0.9954679012298584
10800468  0.9954676628112793
10800129  0.995466947555542
10800071  0.9954665899276733
10702550  0.9954662322998047
10702495  0.9954653382301331
10800538  0.995465099811554
10800616  0.995465099811554
10703421  0.9954645037651062
10702490  0.9954641461372375
10800047  0.9954634308815002
10702566  0.9954633116722107
10702546  0.9954628348350525
10702467  0.9954627156257629
10703540  0.9954627156257629
11200286  0.9954625964164734
11200316  0.9954623579978943
11400606  0.9954618811607361
10800103  0.9954617619514465
10703548  0.9954615235328674
10800051  0.9954612851142883
10800127  0.9954612851142883
10800074  0.9954611659049988
11200339  0.9954611659049988
10702334  0.9954609274864197
10800067  0.9954609274864197
11200105  0.9954609274864197
10800083  0.9954606890678406
11200108  0.9954606890678406
10800601  0.9954603314399719
10702433  0.9954600930213928
10702477  0.9954599738121033
10800128  0.9954596161842346
11800166  0.9954596161842346
10800068  0.995459258556366
11200294  0.9954590797424316
11200534  0.9954589605331421
10702483  0.995458722114563
10800085  0.995458722114563
10800114  0.995458722114563
10702547  0.9954586029052734
10800467  0.9954584836959839
10702498  0.9954583644866943
10702537  0.9954578876495361
11200281  0.9954578876495361
11200548  0.9954568147659302
10800126  0.9954566955566406
11800210  0.9954564571380615
10702999  0.9954560995101929
11200063  0.9954549074172974
10800082  0.9954545497894287
10702567  0.9954544305801392
10800536  0.9954540729522705
11200109  0.995453953742981
11800098  0.995453953742981
10800121  0.9954538345336914
11200289  0.9954538345336914
10702570  0.9954532384872437
10703544  0.9954530000686646
11200145  0.9954525828361511
10702525  0.9954524636268616
11200117  0.9954524636268616
10703532  0.995452344417572
10800143  0.9954506754875183
10702474  0.9954505562782288
10800084  0.9954500794410706
10800469  0.9954500794410706
11200112  0.9954500794410706
10702493  0.9954494833946228
10703536  0.9954493641853333
11200121  0.9954491257667542
11300030  0.9954491257667542
10800050  0.9954487681388855
10800466  0.9954480528831482
10702549  0.9954476952552795
10800611  0.99544757604599
10800115  0.9954456090927124
10702494  0.9954450130462646
11200102  0.9954450130462646
10702423  0.9954448938369751
10800135  0.9954448938369751
11200123  0.9954442977905273
11800206  0.9954440593719482
10800131  0.99544358253479
10800101  0.9954433441162109
11200547  0.9954425096511841
10703545  0.9954423904418945
11200285  0.9954420328140259
10702332  0.9954414367675781
11400601  0.9954413175582886
10800116  0.9954407215118408
11800100  0.9954400062561035
10800130  0.9954397082328796
11800209  0.9954392313957214
10800873  0.9954391121864319
11200291  0.9954391121864319
11200101  0.995438277721405
10703468  0.9954379200935364
10800537  0.9954379200935364
11800165  0.9954370856285095
11200062  0.99543696641922
10800098  0.9954364895820618
11800103  0.9954363703727722
10800141  0.9954362511634827
10800280  0.9954357743263245
10800535  0.9954355359077454
10800157  0.9954350590705872
11200290  0.9954338669776917
11800099  0.9954338669776917
10800470  0.9954323768615723
10800528  0.9954321384429932
11200113  0.9954320192337036
11300041  0.9954280853271484
11300034  0.9954264760017395
11800154  0.9954249262809753
11800150  0.9954246878623962
10702502  0.9954239726066589
10703464  0.9954233765602112
11800219  0.995421826839447
11200081  0.9954203963279724
10703467  0.9954195022583008
11800162  0.9954193830490112
10703535  0.9954192638397217
10702470  0.9954171180725098
11800157  0.9954169988632202
10702330  0.995416522026062
11200116  0.9954147338867188
11800155  0.9954143762588501
10703533  0.9954132437705994
10702471  0.9954127669334412
10702536  0.9954120516777039
11200061  0.9954097867012024
11800151  0.9954095482826233
11800220  0.99540776014328
10703465  0.9954075217247009
10702499  0.9954060316085815
10900053  0.9954057931900024
10702533  0.9954028129577637
10702535  0.995400607585907
10800096  0.9954002499580383
10800534  0.995395839214325
10800530  0.9953931570053101
10800086  0.9953904151916504
10800090  0.995376467704773
11800221  0.9953710436820984
2200349  0.9951024055480957
1800124  0.9950999617576599
1800123  0.9950932264328003
1000109  0.9950856566429138
2200350  0.9950813055038452
2200411  0.9950757622718811
1000110  0.9950730204582214
1000111  0.9950693845748901
1000107  0.9950679540634155
2200275  0.9950645565986633
2200278  0.9950637221336365
1000114  0.9950584173202515
1000118  0.9950580596923828
1100205  0.9950560331344604
1000115  0.9950533509254456
1000108  0.995051920413971
2200277  0.9950490593910217
2200434  0.9950478076934814
2200276  0.995046854019165
1000112  0.9950428009033203
2200279  0.9950414299964905
2200274  0.9950398802757263
2200408  0.9950392842292786
1800125  0.9950390458106995
2200163  0.9950324296951294
2200323  0.9950317144393921
2200346  0.9950307607650757
1800117  0.9950302839279175
2200432  0.9950286746025085
1000195  0.9950279593467712
2200433  0.9950241446495056
1100237  0.9950237274169922
2200351  0.9950212240219116
2200370  0.9950181245803833
1100193  0.9950177073478699
2200412  0.9950177073478699
1000106  0.9950160384178162
2200321  0.9950143694877625
1100195  0.9950140118598938
1100207  0.9950132966041565
2200405  0.995010495185852
1000196  0.9950085878372192
2200322  0.9950075149536133
1000104  0.9950070381164551
2200280  0.9950044751167297
2000044  0.9950029253959656
2200368  0.9950025677680969
2200371  0.9950024485588074
2200367  0.9950017333030701
2200372  0.9950006604194641
2200428  0.995000422000885
2200435  0.9950001239776611
1100238  0.9949967861175537
1900061  0.9949958324432373
2200357  0.9949936270713806
2200369  0.9949927926063538
2200429  0.9949923157691956
1100258  0.9949919581413269
2200356  0.9949912428855896
1100257  0.9949907660484314
1100154  0.9949906468391418
1100203  0.9949906468391418
1100236  0.9949890971183777
2200359  0.9949889779090881
1100196  0.994988203048706
1100239  0.9949880838394165
1100194  0.9949872493743896
2100074  0.9949872493743896
2000045  0.9949865341186523
1800126  0.9949861764907837
1100256  0.9949853420257568
2200162  0.9949830770492554
1100199  0.9949828386306763
2200427  0.9949824810028076
1100155  0.9949814677238464
2200444  0.9949809908866882
2200343  0.9949800372123718
2200362  0.9949795603752136
2200342  0.9949794411659241
1600086  0.994979202747345
1600095  0.9949783682823181
1800128  0.9949754476547241
1600087  0.9949743747711182
1100216  0.9949734210968018
2200325  0.9949734210968018
2200320  0.9949712753295898
1800127  0.9949710369110107
2200366  0.9949706196784973
1100151  0.9949695467948914
1600121  0.9949694275856018
2200373  0.9949694275856018
1000092  0.9949691891670227
2200440  0.9949690699577332
1100197  0.9949683547019958
1600088  0.9949674010276794
1100174  0.9949668049812317
2100065  0.9949650168418884
1100178  0.9949641227722168
1100192  0.994963526725769
1100106  0.9949623346328735
1800129  0.9949620962142944
2200413  0.9949620962142944
1700102  0.9949617385864258
1600137  0.9949609041213989
1100109  0.9949607849121094
1600128  0.9949603080749512
1100108  0.994959831237793
2200317  0.994959831237793
1100176  0.9949597120285034
1700137  0.9949594736099243
2200288  0.9949579834938049
2200448  0.9949579834938049
2200400  0.9949557185173035
2200289  0.9949554800987244
1100247  0.9949551224708557
1100245  0.9949548840522766
1700093  0.9949542880058289
1100172  0.9949541687965393
1100177  0.9949535727500916
1100173  0.994953453540802
1600130  0.994953453540802
1100183  0.9949532151222229
1100235  0.9949525594711304
2200306  0.9949518442153931
1900045  0.9949517250061035
1600142  0.9949508905410767
2200352  0.9949508905410767
2200297  0.9949507713317871
2200399  0.9949507713317871
1700162  0.9949506521224976
2200300  0.9949506521224976
1600089  0.994950532913208
2200445  0.9949504137039185
1100167  0.9949491024017334
2000058  0.9949491024017334
1100179  0.9949485063552856
1600100  0.9949480295181274
1100150  0.9949479103088379
1100241  0.9949479103088379
1800130  0.9949479103088379
2200404  0.9949479103088379
1700072  0.9949474334716797
1100094  0.9949467778205872
1900054  0.9949460625648499
1100180  0.9949455857276917
1100184  0.9949454665184021
1100243  0.9949447512626648
1100244  0.9949446320533752
1700191  0.9949446320533752
1700060  0.9949443936347961
1700163  0.9949440360069275
1000091  0.9949435591697693
2200341  0.9949435591697693
1600136  0.9949434399604797
1100259  0.9949432015419006
1700051  0.9949427247047424
1600134  0.9949421286582947
1100147  0.994941771030426
2200374  0.9949414134025574
1600146  0.9949413537979126
1000042  0.9949406385421753
1800069  0.9949406385421753
1600115  0.9949404001235962
1600082  0.9949402809143066
2200331  0.9949402809143066
1700050  0.9949401617050171
1600143  0.9949395656585693
1900046  0.9949392080307007
2200296  0.9949389696121216
1100253  0.9949387311935425
2200326  0.9949382543563843
1100107  0.9949376583099365
1700193  0.9949371814727783
2200376  0.9949365854263306
2200315  0.994936466217041
1700140  0.9949362277984619
2200387  0.9949361085891724
2200303  0.9949359893798828
1600148  0.9949355721473694
1600147  0.9949354529380798
2200426  0.9949354529380798
1100198  0.9949353337287903
2200304  0.9949352145195007
1600131  0.9949349761009216
1600135  0.9949348568916321
2200305  0.9949348568916321
1600109  0.9949342608451843
1600129  0.9949342608451843
1600091  0.9949341416358948
2100047  0.9949341416358948
2200397  0.9949339032173157
2200443  0.9949339032173157
1700052  0.9949318766593933
2200337  0.9949317574501038
1700192  0.9949304461479187
1100242  0.9949302077293396
2200311  0.99493008852005
2200285  0.9949297308921814
1000090  0.9949296712875366
1600094  0.9949296712875366
2200314  0.9949295520782471
2200380  0.9949287176132202
1700141  0.9949283599853516
2200355  0.9949283599853516
1600066  0.9949281215667725
1900047  0.9949281215667725
2200316  0.9949281215667725
1800039  0.9949277639389038
2200388  0.9949274063110352
2200332  0.9949272871017456
2200441  0.994926929473877
1700143  0.9949266910552979
2100046  0.9949264526367188
1600101  0.9949263334274292
2200402  0.9949263334274292
2200287  0.9949260950088501
1700190  0.9949254989624023
2200442  0.9949253797531128
1100186  0.9949249029159546
1100181  0.994924783706665
2200396  0.9949238896369934
2200307  0.9949237704277039
1800068  0.9949225783348083
1700195  0.9949215054512024
1700200  0.9949206709861755
1000041  0.9949204325675964
1100182  0.9949201941490173
1800132  0.9949192404747009
1100250  0.9949191212654114
2200403  0.9949184060096741
1100191  0.994918167591095
2200329  0.994918167591095
1100248  0.994917631149292
1700048  0.9949170351028442
1900048  0.994916558265686
1800067  0.9949163198471069
1600093  0.9949159622192383
2200302  0.9949122667312622
2100048  0.9949116110801697
2200392  0.994911253452301
2200295  0.9949110150337219
1800135  0.9949106574058533
2200422  0.9949098229408264
1100144  0.9949092268943787
2200414  0.9949089884757996
2200333  0.9949086308479309
1100261  0.9949085116386414
2200308  0.9949085116386414
2200416  0.9949073195457458
2200292  0.9949072003364563
2200301  0.9949069619178772
2200309  0.994905948638916
2000066  0.9949032068252563
2200449  0.9948998093605042
2200401  0.9948992133140564
2200395  0.9948989748954773
1600049  0.9948986172676086
2200294  0.9948981404304504
1600048  0.9948980212211609
1100234  0.9948974251747131
2200417  0.9948969483375549
1100146  0.9948967099189758
2200415  0.9948964715003967
2200421  0.9948949217796326
2200293  0.9948927164077759
1000040  0.9948906898498535
1100217  0.9948862195014954
1100187  0.9948857426643372
2200419  0.9948856234550476
2100045  0.9948853850364685
1600092  0.994884192943573
2200450  0.9948803186416626
2000105  0.9948768019676208
1700047  0.9948741793632507
1600149  0.9948663711547852
1100233  0.9948660135269165
2200452  0.9948493838310242
1600155  0.9948455095291138
4800225  0.9916000366210938
5600102  0.9915436506271362
2900463  0.9915398955345154
2900600  0.9915278553962708
5600101  0.9915241003036499
5600204  0.991515040397644
4800230  0.9915142059326172
2900761  0.9915075302124023
4800333  0.9914970993995667
3600063  0.991496205329895
2900726  0.9914829134941101
2900460  0.9914780259132385
5500045  0.9914664030075073
5600202  0.9914643168449402
4800330  0.9914578795433044
4800317  0.991456925868988
2900610  0.9914560914039612
4800331  0.9914560914039612
4800223  0.9914558529853821
4800332  0.9914542436599731
3600149  0.9914482831954956
5600070  0.9914446473121643
5600232  0.9914444088935852
2900461  0.9914433360099792
3600146  0.991438627243042
2900459  0.9914359450340271
5600231  0.99143385887146
4800231  0.991432785987854
5600206  0.9914274215698242
5200346  0.991426944732666
2900758  0.9914250373840332
4800334  0.9914217591285706
5200343  0.9914127588272095
4800316  0.9914100766181946
5600238  0.9914063215255737
3600064  0.9914052486419678
5600130  0.9914048910140991
5600174  0.9914045333862305
3600129  0.9914025664329529
5600230  0.9914014935493469
3600162  0.9913994073867798
5600122  0.9913843870162964
3600163  0.9913841485977173
5100393  0.9913808703422546
3600134  0.9913781881332397
5600152  0.9913778305053711
3600161  0.9913740754127502
4800335  0.9913715124130249
5600168  0.9913697242736816
4800259  0.9913681149482727
5600224  0.9913662075996399
3600074  0.9913661479949951
4800307  0.9913657903671265
4100045  0.9913643598556519
5600131  0.9913627505302429
5600201  0.991360604763031
3600135  0.9913604855537415
3600166  0.9913596510887146
4800265  0.9913588762283325
3600145  0.9913529753684998
2900458  0.9913528561592102
3600128  0.9913527369499207
5600226  0.9913525581359863
4800235  0.9913482069969177
4800264  0.991340696811676
5600225  0.9913390278816223
3600098  0.9913380146026611
5600176  0.9913370609283447
4100037  0.9913337826728821
4800308  0.9913327097892761
2900457  0.9913291931152344
3600075  0.9913288354873657
3600121  0.9913279414176941
4800199  0.9913271069526672
4300065  0.9913261532783508
5500037  0.9913251399993896
5600246  0.9913234710693359
5600245  0.9913227558135986
5100390  0.9913220405578613
5600136  0.9913203120231628
5600151  0.9913203120231628
3600101  0.991317868232727
3600113  0.9913173913955688
4600085  0.9913169145584106
4800071  0.9913169145584106
5600134  0.9913167953491211
5400044  0.9913164377212524
5600178  0.9913137555122375
3600130  0.9913129210472107
4800240  0.99131178855896
4800255  0.9913092851638794
4800239  0.9913085699081421
4200038  0.9913085103034973
4500030  0.9913085103034973
4800049  0.9913075566291809
4000036  0.9913041591644287
5100389  0.9913041591644287
3600097  0.9913036823272705
3600083  0.9913034439086914
4800406  0.9913021326065063
5600169  0.9913018941879272
4600091  0.9913015961647034
4500028  0.9913013577461243
3600107  0.9913002848625183
5600177  0.9912983775138855
4000037  0.9912983179092407
3600138  0.9912976026535034
4800208  0.9912952184677124
4700099  0.9912943243980408
4900094  0.9912927746772766
3600151  0.9912918210029602
5400062  0.9912905693054199
4500032  0.9912900924682617
3600106  0.9912896156311035
4800236  0.9912889003753662
3600102  0.991288423538208
4600086  0.991287887096405
4300043  0.9912869334220886
4800214  0.9912849068641663
4900102  0.9912849068641663
3600081  0.9912848472595215
3600108  0.9912840127944946
4600092  0.99128258228302
3600096  0.9912815093994141
5600248  0.991280734539032
4600090  0.9912804961204529
3600111  0.9912789463996887
3600137  0.9912787079811096
5500036  0.991277813911438
4000035  0.9912776947021484
3600120  0.9912772178649902
4800162  0.9912765026092529
4800198  0.9912765026092529
3600115  0.9912748336791992
4800213  0.9912748336791992
4700095  0.9912744164466858
4600115  0.9912734627723694
4800266  0.9912733435630798
4800252  0.9912719130516052
4600101  0.9912717938423157
4800200  0.9912713766098022
3600176  0.9912698268890381
4800195  0.9912697076797485
3600105  0.991269588470459
4800193  0.991269588470459
5600193  0.991269588470459
4800280  0.9912691116333008
5600199  0.991268515586853
3600087  0.991266667842865
4800336  0.9912652373313904
5600207  0.9912647604942322
5600239  0.9912647604942322
4800243  0.9912629127502441
5100372  0.9912625551223755
5400080  0.991260826587677
3600114  0.9912599921226501
4700097  0.9912598729133606
5600242  0.9912595152854919
3600116  0.9912591576576233
3600094  0.9912590384483337
4800196  0.9912588000297546
4800303  0.9912574291229248
4800058  0.9912564754486084
4900090  0.9912552833557129
5600191  0.9912551641464233
4900095  0.9912530779838562
5600185  0.9912499189376831
5600124  0.9912497997283936
5600195  0.9912493228912354
4100036  0.9912489652633667
4800209  0.9912487268447876
4800251  0.9912480115890503
4600116  0.9912471175193787
4600043  0.9912465214729309
3600052  0.9912453293800354
5100381  0.9912446141242981
5100388  0.9912444949150085
2900109  0.9912432432174683
4800197  0.9912430047988892
5000259  0.9912427663803101
5500035  0.9912420511245728
5600127  0.9912407994270325
5600182  0.9912400841712952
5600240  0.9912393689155579
3600160  0.9912386536598206
4800244  0.9912381768226624
5600223  0.9912374019622803
3600136  0.9912369251251221
2900456  0.9912362098693848
5600198  0.9912350177764893
4200039  0.9912348985671997
5100371  0.991234540939331
5600180  0.9912335276603699
2900043  0.9912309646606445
4800194  0.991230845451355
5400058  0.9912295341491699
4600081  0.9912274479866028
4800187  0.9912270903587341
5600181  0.9912263751029968
4800220  0.9912262558937073
5600190  0.9912261366844177
4800246  0.9912253022193909
4800168  0.9912250638008118
4100035  0.9912235736846924
4600088  0.9912228584289551
4800215  0.9912220239639282
5100385  0.9912216663360596
5600241  0.9912205338478088
4800217  0.9912195801734924
4800277  0.9912193417549133
5400070  0.9912185072898865
2900450  0.9912182688713074
5600219  0.9912177920341492
4300042  0.9912173748016357
4800221  0.991216778755188
5100380  0.9912164211273193
3600076  0.9912158250808716
5100373  0.9912158250808716
4800254  0.9912154674530029
5600197  0.991213858127594
4800206  0.9912131428718567
4600095  0.9912092685699463
4600087  0.9912078380584717
4800219  0.9912070631980896
4800205  0.9912068247795105
5100379  0.991206705570221
4900074  0.991203784942627
5400045  0.9912009239196777
4800164  0.9912006258964539
4800075  0.9911994338035583
4800245  0.9911974668502808
4600064  0.9911971092224121
4800210  0.991196870803833
4900099  0.9911963939666748
5600210  0.991195559501648
5600249  0.9911942481994629
3600180  0.9911937117576599
5600189  0.9911935925483704
3600123  0.9911928772926331
4900054  0.9911924004554749
5600214  0.9911922812461853
3600119  0.9911858439445496
5600196  0.9911851286888123
4800222  0.991183876991272
4000045  0.9911811351776123
4800402  0.9911811351776123
4200040  0.9911796450614929
5600212  0.991178572177887
4800253  0.9911778569221497
5600208  0.9911770820617676
3600091  0.9911749362945557
4800165  0.9911749362945557
3600159  0.991174042224884
4800268  0.9911733269691467
4300041  0.9911732077598572
4900096  0.9911704063415527
5600213  0.9911690950393677
5400071  0.9911680221557617
5600188  0.9911680221557617
3600125  0.9911659359931946
4800287  0.991165816783905
5600209  0.991156816482544
5100374  0.9911565780639648
3600092  0.9911553859710693
4200048  0.9911551475524902
4900045  0.9911521077156067
2900108  0.9911483526229858
4900044  0.9911482334136963
3600152  0.9911467432975769
4800274  0.9911420345306396
4800167  0.991138756275177
4600044  0.9911304712295532
3600124  0.9911268353462219
4800269  0.991125762462616
5600250  0.9911109209060669
3600156  0.9911032915115356
5600251  0.9910778999328613
4800166  0.9910715222358704
11800222  0.9858733415603638
12400680  0.9817463159561157
12400225  0.9817144870758057
12400227  0.981714129447937
11800236  0.9816898107528687
11800261  0.9816832542419434
11800258  0.9816668033599854
11800238  0.9816634654998779
12400228  0.9816626906394958
12400614  0.9816606044769287
12400679  0.9816515445709229
12600095  0.9816489815711975
11800262  0.981637179851532
11800242  0.9816328287124634
12400608  0.9816213250160217
12400678  0.9816106557846069
11800234  0.9815966486930847
12400612  0.9815965294837952
12400611  0.9815943241119385
12400223  0.9815859198570251
12600131  0.9815831780433655
12400699  0.9815789461135864
11801231  0.9815742373466492
11800263  0.9815727472305298
12600094  0.9815701842308044
11800235  0.9815627336502075
11800233  0.9815597534179688
12400607  0.9815545082092285
12400681  0.9815513491630554
12400615  0.9815495610237122
12600128  0.981549084186554
12400659  0.9815461039543152
11800264  0.9815424084663391
12600096  0.9815396666526794
11801224  0.981531023979187
12600132  0.9815289974212646
11801241  0.9815207123756409
12400658  0.9815120100975037
11800259  0.9815079569816589
11801245  0.9815062284469604
12400657  0.981503963470459
11801230  0.9815025925636292
12400618  0.9815003871917725
12600125  0.9814953207969666
12600122  0.9814935922622681
12400583  0.9814931750297546
12400602  0.9814841747283936
11801221  0.9814831614494324
12400691  0.9814823865890503
11801251  0.9814720153808594
12600124  0.9814706444740295
12400684  0.981468915939331
11801229  0.9814668297767639
12400700  0.9814625978469849
11801237  0.9814589023590088
11801277  0.9814518094062805
12400688  0.981451690196991
12400701  0.9814487099647522
12400692  0.9814468622207642
11801225  0.9814467430114746
11801220  0.9814420342445374
12400230  0.9814355969429016
12400582  0.98143470287323
12400660  0.9814320802688599
12600093  0.9814304709434509
12400580  0.9814296364784241
12400601  0.9814292192459106
11801276  0.9814291000366211
11801222  0.9814261198043823
12400598  0.9814258813858032
12200188  0.9814223051071167
11800265  0.9814220666885376
12400687  0.9814194440841675
12400690  0.9814183712005615
11800608  0.9814136624336243
11801297  0.9814133644104004
12200065  0.9814121723175049
11800599  0.981410562992096
11800229  0.9814075827598572
11800605  0.9814068078994751
12400693  0.9814058542251587
12400689  0.9814055562019348
12600165  0.9814050793647766
12400674  0.981402575969696
12600123  0.9813977479934692
11801580  0.9813966751098633
11800620  0.9813910722732544
11800601  0.9813871383666992
12400120  0.9813870787620544
12200187  0.9813849925994873
12200236  0.9813824892044067
12600258  0.9813821315765381
12400706  0.9813817739486694
12400672  0.9813790321350098
11801278  0.9813777804374695
12400702  0.981376588344574
12200289  0.9813750982284546
11800230  0.9813734889030457
11800598  0.9813730716705322
12400624  0.9813719987869263
12200107  0.981370747089386
11801571  0.9813702702522278
11801232  0.9813686609268188
11800610  0.9813677668571472
12200190  0.9813670516014099
12400633  0.9813665151596069
11801272  0.9813662767410278
12600161  0.9813647866249084
12400656  0.9813645482063293
12400635  0.9813634157180786
11801227  0.98136305809021
11800602  0.9813620448112488
12400625  0.9813613295555115
11800604  0.9813604354858398
11801271  0.9813598394393921
12400235  0.9813568592071533
11800607  0.9813563823699951
11800072  0.9813558459281921
12400561  0.9813548922538757
12200163  0.9813543558120728
11800268  0.9813542366027832
11801257  0.9813538789749146
12600133  0.9813535213470459
11801292  0.9813520312309265
12400562  0.981351912021637
12400619  0.981351912021637
11800606  0.9813517928123474
12400721  0.9813516736030579
12200082  0.9813506603240967
12200166  0.9813473224639893
12400586  0.9813442230224609
12400651  0.9813427329063416
12600092  0.9813393950462341
12200282  0.9813390374183655
12400663  0.9813379049301147
11800267  0.9813370108604431
12600097  0.9813364148139954
12400123  0.9813362956047058
12200052  0.981334924697876
11800269  0.9813343286514282
11800616  0.9813343286514282
12400682  0.9813336730003357
12400579  0.9813323020935059
12400592  0.9813306927680969
12400638  0.9813302159309387
12400576  0.9813299775123596
12400128  0.9813296794891357
12200085  0.9813278317451477
11800614  0.9813264608383179
11801226  0.9813234210014343
12200167  0.9813211560249329
12400597  0.9813210368156433
12400719  0.9813207983970642
12400563  0.9813191890716553
12400714  0.9813184142112732
12400641  0.9813175797462463
12400647  0.9813173413276672
12600138  0.9813169240951538
11801274  0.9813122153282166
12200238  0.9813109636306763
12400642  0.9813103675842285
11801228  0.981307864189148
12400670  0.9813071489334106
11800603  0.9813060164451599
12200171  0.9813060164451599
12200191  0.9813058972358704
12400118  0.9813056588172913
11800609  0.9813036918640137
12200242  0.981300950050354
11801279  0.9812979698181152
11801270  0.981297492980957
12400640  0.9812949895858765
12200276  0.9812946319580078
12400632  0.9812942743301392
12200168  0.9812940359115601
12400713  0.9812921285629272
12400671  0.981291651725769
11801267  0.9812899231910706
12400649  0.9812896847724915
11800276  0.981289267539978
12400200  0.981289267539978
12600160  0.981289267539978
12400121  0.9812877774238586
12600121  0.9812860488891602
11801275  0.9812856912612915
12400639  0.9812856912612915
12200227  0.9812852144241333
12600076  0.9812846779823303
12400564  0.9812827110290527
11800224  0.9812771677970886
12400683  0.9812769889831543
12400574  0.9812768697738647
12400575  0.9812757968902588
12400664  0.9812753796577454
12600087  0.9812753796577454
11800223  0.9812747836112976
11800225  0.981266975402832
12200184  0.9812663793563843
11800272  0.9812662601470947
12200165  0.9812660813331604
12400122  0.9812652468681335
12200192  0.9812641143798828
12400661  0.9812626242637634
12400662  0.9812623858451843
12400716  0.981261134147644
11800226  0.9812610149383545
12200083  0.9812610149383545
12400578  0.9812606573104858
12200237  0.9812601804733276
12400202  0.9812596440315247
12400717  0.9812589287757874
12400708  0.9812570810317993
11800266  0.9812567830085754
12400119  0.9812559485435486
12400646  0.981255829334259
12200084  0.9812543392181396
12400199  0.9812542200088501
12600086  0.9812535643577576
11801273  0.9812522530555725
12200189  0.9812522530555725
11801215  0.9812513589859009
12400707  0.9812492728233337
12400081  0.9812473654747009
13300099  0.9812472462654114
11801264  0.9812450408935547
12600144  0.9812426567077637
12400201  0.9812414646148682
12400667  0.9812409281730652
12400591  0.9812399744987488
12200064  0.9812398552894592
12400637  0.9812390804290771
12600120  0.9812389612197876
12200226  0.98123699426651
12400631  0.9812357425689697
12600077  0.981234610080719
12400203  0.9812310338020325
12400648  0.9812296628952026
11801290  0.9812264442443848
12600100  0.9812262058258057
11801236  0.9812197089195251
12400577  0.9812188744544983
12400596  0.9812187552452087
11801280  0.9812154173851013
12600110  0.9812150001525879
12400623  0.9812130331993103
12200054  0.9812119007110596
12400643  0.9812114238739014
12400207  0.9812110662460327
12200193  0.9812107086181641
12600103  0.9812105894088745
12400636  0.9812084436416626
12400645  0.9812082052230835
12400573  0.9812000393867493
11800615  0.9811993837356567
11801235  0.9811991453170776
11800270  0.9811961650848389
11801233  0.9811921119689941
12400715  0.9811902046203613
11801217  0.9811884760856628
11801289  0.9811872243881226
12400587  0.9811863899230957
12400629  0.9811823964118958
11801216  0.9811813235282898
12600104  0.9811782240867615
12400626  0.98117595911026
12400627  0.9811718463897705
12200053  0.9811673760414124
11800271  0.9811627864837646
12600107  0.9811627864837646
12600101  0.9811607003211975
11801281  0.981153130531311
12200219  0.9811441898345947
12400589  0.9811326861381531
13300101  0.981130063533783
12400588  0.9811151623725891
11801234  0.981101930141449
13300115  0.9810832142829895
12200196  0.9810208082199097
13300117  0.9732697606086731
14400455  0.9572165012359619
15200103  0.9571561217308044
14400454  0.9570708274841309
13700280  0.9570131897926331
13300215  0.9569870829582214
15200197  0.956974983215332
13300143  0.9569444060325623
13300139  0.9569345712661743
13300207  0.956929624080658
15200047  0.9568614363670349
13700281  0.9568526744842529
13300224  0.9568496346473694
15100067  0.9568356871604919
15000037  0.9568225741386414
14300103  0.9568073153495789
15200102  0.9568065404891968
15200098  0.9567978978157043
15100070  0.9567810893058777
15200196  0.9567633271217346
15200229  0.956759512424469
15200228  0.9567461609840393
14400456  0.956734299659729
13300140  0.9567336440086365
15200108  0.9567303657531738
13700282  0.9567176103591919
14400439  0.9567081928253174
13300142  0.9567041993141174
14800374  0.9566949009895325
15200199  0.9566597938537598
15200150  0.9566332697868347
15100051  0.9566311836242676
15100094  0.9566181898117065
14300109  0.9566026926040649
14300111  0.956599771976471
15000038  0.9565826654434204
15200225  0.9565762877464294
15200230  0.9565746784210205
14300131  0.9565666913986206
15100314  0.9565615653991699
14600109  0.9565563797950745
15200151  0.9565556049346924
14300100  0.9565461277961731
13700279  0.9565442204475403
14300099  0.9565376043319702
14300110  0.956531286239624
15200153  0.9565285444259644
13700283  0.9565179347991943
15200120  0.9565064907073975
14300113  0.956504225730896
14300074  0.9564905762672424
14800372  0.956478476524353
15100313  0.9564756155014038
15200119  0.9564726948738098
14300077  0.9564548134803772
14300086  0.9564420580863953
14600108  0.9564384818077087
13700262  0.9564374685287476
15300083  0.956436276435852
14600107  0.9564236402511597
14300078  0.956417977809906
14300073  0.9564157724380493
14800357  0.956409752368927
15200222  0.9564018249511719
15200147  0.9563829302787781
14300175  0.9563758969306946
15200149  0.9563710689544678
15200227  0.9563695192337036
15200144  0.9563620090484619
14300119  0.9563608169555664
15200148  0.95635986328125
13700317  0.956358015537262
15200146  0.9563552737236023
14400467  0.9563454389572144
15200157  0.9563392400741577
13700310  0.9563362002372742
14400219  0.9563273787498474
14800373  0.9563239812850952
14600106  0.9563233256340027
15200048  0.956320583820343
15100310  0.956317126750946
13300138  0.9563170075416565
14400472  0.9563062787055969
15100098  0.956305980682373
15200188  0.9563047885894775
13300137  0.9562976956367493
14300069  0.9562945365905762
13700318  0.9562821984291077
14300203  0.9562819004058838
13700296  0.9562690258026123
15200224  0.9562638998031616
14300104  0.9562537670135498
13800299  0.9562504887580872
15200201  0.9562498331069946
15100097  0.956245481967926
13800294  0.9562444686889648
13700324  0.9562432169914246
13800280  0.9562394022941589
14300200  0.9562382698059082
14400571  0.9562363028526306
13800290  0.9562294483184814
14400081  0.956227719783783
14300201  0.9562260508537292
14300114  0.9562255144119263
14400487  0.9562252163887024
15200187  0.9562234878540039
14300235  0.9562220573425293
15100136  0.956217348575592
14300238  0.9562100768089294
14300202  0.9562078714370728
14600110  0.9562060236930847
13700300  0.9562057852745056
15200145  0.9561997056007385
14300244  0.9561993479728699
14400483  0.956197202205658
13700316  0.9561967849731445
15200088  0.9561927318572998
14300217  0.9561842083930969
14400338  0.9561789631843567
15200232  0.9561785459518433
14400134  0.9561753869056702
15300082  0.9561722278594971
14400610  0.9561659097671509
14300118  0.9561645984649658
14300089  0.9561643004417419
14300222  0.9561643004417419
15100277  0.9561643004417419
13800295  0.9561611413955688
14400391  0.9561567306518555
14400343  0.9561530351638794
15100095  0.9561513066291809
15200093  0.9561510682106018
14300231  0.9561482667922974
14300205  0.9561481475830078
14300087  0.9561424851417542
14400217  0.9561414122581482
14400215  0.956138014793396
15300081  0.9561376571655273
14400390  0.9561357498168945
15200154  0.9561323523521423
14300185  0.9561308026313782
13700309  0.9561294913291931
15200219  0.9561294913291931
14300245  0.9561288356781006
14300218  0.9561287760734558
15200097  0.9561253786087036
14300233  0.9561218023300171
15100177  0.9561214447021484
13800289  0.956119179725647
14300206  0.9561185836791992
15300072  0.9561148881912231
15200167  0.9561147093772888
15100193  0.9561133980751038
14600162  0.9561120867729187
14300221  0.9560959339141846
14300227  0.9560951590538025
15300087  0.95609450340271
15100278  0.9560924768447876
14300068  0.9560906887054443
14300223  0.9560881853103638
14400058  0.9560839533805847
13300134  0.9560815691947937
15200160  0.9560811519622803
15100183  0.956074059009552
14400398  0.9560713171958923
15100142  0.9560663104057312
14400344  0.9560636878013611
14300062  0.9560551047325134
14300193  0.9560546278953552
15100180  0.9560543298721313
13700292  0.9560542106628418
15100182  0.9560499787330627
15200169  0.9560493230819702
14400216  0.9560474753379822
15200113  0.956045389175415
14300232  0.956042468547821
15200161  0.9560378789901733
15200171  0.9560362100601196
14300120  0.9560301303863525
14300225  0.956028938293457
13300133  0.956024706363678
15200096  0.9560174942016602
15200089  0.9560142159461975
13700293  0.9560089707374573
15100186  0.9560080170631409
14300211  0.9560056328773499
13300136  0.9559969305992126
15200166  0.9559949636459351
14400399  0.9559943079948425
14300098  0.9559906721115112
13300135  0.9559888243675232
13700308  0.9559886455535889
14300224  0.9559864401817322
14400401  0.9559855461120605
14300246  0.9559834003448486
14300219  0.9559804797172546
14300115  0.9559791684150696
15100124  0.9559781551361084
15100181  0.9559780359268188
15200056  0.9559763073921204
14400593  0.9559735059738159
14400576  0.9559693336486816
14800353  0.9559685587882996
15100156  0.9559672474861145
15300088  0.9559643268585205
15200114  0.9559621214866638
13700319  0.9559535384178162
14300126  0.955945611000061
14400346  0.9559452533721924
14300239  0.9559406042098999
15200091  0.9559351205825806
14400588  0.9559326171875
15200185  0.9559311270713806
14600111  0.9559292197227478
14300127  0.955927312374115
14600083  0.9559245705604553
14300070  0.9559215307235718
14400130  0.9559205174446106
15100196  0.9559192061424255
15200159  0.955917477607727
15200173  0.9559168219566345
14400402  0.9559148550033569
14600114  0.9559147357940674
15100155  0.9559073448181152
15200158  0.9559013843536377
15100096  0.9558964371681213
14600082  0.9558963775634766
15200163  0.9558849334716797
15300073  0.955883800983429
14400606  0.9558811187744141
14300063  0.9558721780776978
14300108  0.9558679461479187
15200218  0.9558634757995605
14300121  0.9558593034744263
14400400  0.9558544158935547
15200211  0.9558544158935547
14300199  0.9558526873588562
15200055  0.9558504819869995
15200217  0.955848753452301
14300247  0.9558477997779846
15200162  0.9558407068252563
15100130  0.9558371901512146
15200179  0.9558345079421997
14400342  0.9558316469192505
14400341  0.9558067321777344
14300116  0.9558019042015076
15100106  0.9557937383651733
14400052  0.9557910561561584
14400412  0.9557889699935913
15100185  0.9557870030403137
14300207  0.9557722210884094
13700304  0.9557688236236572
15200090  0.9557673931121826
14600171  0.95576411485672
15200215  0.9557631611824036
13700303  0.9557629227638245
15100118  0.955761194229126
14300220  0.9557607769966125
15200214  0.9557545781135559
15100184  0.9557456374168396
14300194  0.9557444453239441
14300198  0.9557402729988098
14300107  0.9557157754898071
14300105  0.9556994438171387
15300090  0.955691933631897
14300072  0.9556772708892822
14300071  0.9556745290756226
15200202  0.9556615948677063
15200203  0.955657422542572
14300210  0.9556496143341064
14300195  0.9556443691253662
14600113  0.9556344747543335
14600112  0.9555960297584534
15100112  0.9555707573890686
14300253  0.9555665254592896
14300252  0.9555093050003052
14300106  0.9555047154426575
15300091  0.9554731249809265
15300094  0.9554731249809265
2200453  0.9355584383010864
2900105  0.8457781076431274
2200113  0.7314099669456482
2200454  0.7314099669456482
2200455  0.7314099669456482
2200456  0.7314099669456482
2200459  0.7314099669456482
2200462  0.7314099669456482
2200463  0.7314099669456482
2200465  0.7314099669456482
2200466  0.7314099669456482
2200468  0.7314099669456482
2200469  0.7314099669456482
2200470  0.7314099669456482
2200471  0.7314099669456482
2200472  0.7314099669456482
2200476  0.7314099669456482
2200478  0.7314099669456482
2200479  0.7314099669456482
2200480  0.7314099669456482
2200481  0.7314099669456482
2200482  0.7314099669456482
2200484  0.7314099669456482
2200487  0.7314099669456482
2200496  0.7314099669456482
2200497  0.7314099669456482
2200498  0.7314099669456482
2200499  0.7314099669456482
2200501  0.7314099669456482
2200502  0.7314099669456482
2200503  0.7314099669456482
2200504  0.7314099669456482
2200505  0.7314099669456482
2200506  0.7314099669456482
2200508  0.7314099669456482
2200512  0.7314099669456482
2200516  0.7314099669456482
2200517  0.7314099669456482
2200522  0.7314099669456482
2200525  0.7314099669456482
2200528  0.7314099669456482
2200532  0.7314099669456482
2200533  0.7314099669456482
2200560  0.7314099669456482
2200564  0.7314099669456482
2200565  0.7314099669456482
2200567  0.7314099669456482
2200570  0.7314099669456482
2200571  0.7314099669456482
2200572  0.7314099669456482
2200573  0.7314099669456482
2200576  0.7314099669456482
2200581  0.7314099669456482
2200582  0.7314099669456482
2200583  0.7314099669456482
2200584  0.7314099669456482
2200585  0.7314099669456482
2200586  0.7314099669456482
2200588  0.7314099669456482
2200589  0.7314099669456482
2200590  0.7314099669456482
2200591  0.7314099669456482
2200592  0.7314099669456482
2200599  0.7314099669456482
2200600  0.7314099669456482
2200601  0.7314099669456482
2200602  0.7314099669456482
2200603  0.7314099669456482
2200605  0.7314099669456482
2200606  0.7314099669456482
2200607  0.7314099669456482
2200608  0.7314099669456482
2200609  0.7314099669456482
2200612  0.7314099669456482
2200613  0.7314099669456482
2200614  0.7314099669456482
2200616  0.7314099669456482
2200620  0.7314099669456482
2200621  0.7314099669456482
2200622  0.7314099669456482
2200623  0.7314099669456482
2200624  0.7314099669456482
2200625  0.7314099669456482
2200627  0.7314099669456482
2200628  0.7314099669456482
2200630  0.7314099669456482
2200631  0.7314099669456482
2200632  0.7314099669456482
2200639  0.7314099669456482
2200640  0.7314099669456482
2200644  0.7314099669456482
2200647  0.7314099669456482
2200650  0.7314099669456482
2200651  0.7314099669456482
2200652  0.7314099669456482
2200653  0.7314099669456482
2200655  0.7314099669456482
2200657  0.7314099669456482
2200658  0.7314099669456482
2200659  0.7314099669456482
2200660  0.7314099669456482
2200661  0.7314099669456482
2200662  0.7314099669456482
2200664  0.7314099669456482
2200665  0.7314099669456482
2200666  0.7314099669456482
2200670  0.7314099669456482
2200672  0.7314099669456482
2200676  0.7314099669456482
2200677  0.7314099669456482
2200678  0.7314099669456482
2200680  0.7314099669456482
2200681  0.7314099669456482
2200682  0.7314099669456482
2200683  0.7314099669456482
2200684  0.7314099669456482
2200688  0.7314099669456482
2200689  0.7314099669456482
2200690  0.7314099669456482
2200691  0.7314099669456482
2200693  0.7314099669456482
2200696  0.7314099669456482
2200698  0.7314099669456482
2200699  0.7314099669456482
2200703  0.7314099669456482
2200733  0.7314099669456482
2200734  0.7314099669456482
2200735  0.7314099669456482
2200738  0.7314099669456482
2200739  0.7314099669456482
2200743  0.7314099669456482
2200747  0.7314099669456482
2200748  0.7314099669456482
2200749  0.7314099669456482
2200750  0.7314099669456482
2200752  0.7314099669456482
2200757  0.7314099669456482
2200758  0.7314099669456482
2200759  0.7314099669456482
2200763  0.7314099669456482
2200767  0.7314099669456482
2200768  0.7314099669456482
2200769  0.7314099669456482
2200770  0.7314099669456482
2200771  0.7314099669456482
2200772  0.7314099669456482
2200780  0.7314099669456482
2200781  0.7314099669456482
2200782  0.7314099669456482
2200783  0.7314099669456482
2200786  0.7314099669456482
2200797  0.7314099669456482
2200798  0.7314099669456482
2200803  0.7314099669456482
2200804  0.7314099669456482
2200805  0.7314099669456482
2200808  0.7314099669456482
2200812  0.7314099669456482
2200813  0.7314099669456482
2200814  0.7314099669456482
2200815  0.7314099669456482
2200816  0.7314099669456482
2200819  0.7314099669456482
2200824  0.7314099669456482
2200825  0.7314099669456482
2200827  0.7314099669456482
2200856  0.7314099669456482
2200858  0.7314099669456482
2200859  0.7314099669456482
2200862  0.7314099669456482
2200863  0.7314099669456482
2200864  0.7314099669456482
2200865  0.7314099669456482
2200866  0.7314099669456482
2200867  0.7314099669456482
2200869  0.7314099669456482
2200873  0.7314099669456482
2200876  0.7314099669456482
2200877  0.7314099669456482
2200878  0.7314099669456482
2200879  0.7314099669456482
2200880  0.7314099669456482
2200881  0.7314099669456482
2200882  0.7314099669456482
2200884  0.7314099669456482
2200888  0.7314099669456482
2200889  0.7314099669456482
2200890  0.7314099669456482
2200893  0.7314099669456482
2200897  0.7314099669456482
2200898  0.7314099669456482
2200899  0.7314099669456482
2200902  0.7314099669456482
2200903  0.7314099669456482
2200904  0.7314099669456482
2200905  0.7314099669456482
2200908  0.7314099669456482
2200909  0.7314099669456482
2200912  0.7314099669456482
2200923  0.7314099669456482
2200924  0.7314099669456482
2200932  0.7314099669456482
2200933  0.7314099669456482
2200935  0.7314099669456482
2200936  0.7314099669456482
2200937  0.7314099669456482
2200938  0.7314099669456482
2200939  0.7314099669456482
2200941  0.7314099669456482
2200942  0.7314099669456482
2200943  0.7314099669456482
2200946  0.7314099669456482
2200953  0.7314099669456482
2200957  0.7314099669456482
2300053  0.7314099669456482
2300054  0.7314099669456482
2300065  0.7314099669456482
2300076  0.7314099669456482
2300077  0.7314099669456482
2300111  0.7314099669456482
2300120  0.7314099669456482
2300121  0.7314099669456482
2300197  0.7314099669456482
2300216  0.7314099669456482
2300217  0.7314099669456482
2300222  0.7314099669456482
2300223  0.7314099669456482
2300224  0.7314099669456482
2300227  0.7314099669456482
2300244  0.7314099669456482
2300248  0.7314099669456482
2300249  0.7314099669456482
2300250  0.7314099669456482
2300253  0.7314099669456482
2300256  0.7314099669456482
2300265  0.7314099669456482
2300266  0.7314099669456482
2300267  0.7314099669456482
2300268  0.7314099669456482
2300269  0.7314099669456482
2300271  0.7314099669456482
2400050  0.7314099669456482
2400051  0.7314099669456482
2400060  0.7314099669456482
2400083  0.7314099669456482
2400099  0.7314099669456482
2400103  0.7314099669456482
2400104  0.7314099669456482
2400105  0.7314099669456482
2400108  0.7314099669456482
2400111  0.7314099669456482
2500048  0.7314099669456482
2500049  0.7314099669456482
2500062  0.7314099669456482
2500063  0.7314099669456482
2500087  0.7314099669456482
2500096  0.7314099669456482
2500105  0.7314099669456482
2500131  0.7314099669456482
2500135  0.7314099669456482
2500136  0.7314099669456482
2500137  0.7314099669456482
2500138  0.7314099669456482
2500140  0.7314099669456482
2500141  0.7314099669456482
2500142  0.7314099669456482
2500144  0.7314099669456482
2500145  0.7314099669456482
2500146  0.7314099669456482
2500151  0.7314099669456482
2500152  0.7314099669456482
2500161  0.7314099669456482
2500165  0.7314099669456482
2800060  0.7314099669456482
2801159  0.7314099669456482
2900085  0.7314099669456482
2900086  0.7314099669456482
2900087  0.7314099669456482
2900104  0.7314099669456482
