1200019  1.0
1200020  1.0
2100011  0.7857142857142857
4800015  0.7857142857142857
4800018  0.7857142857142857
4800019  0.7857142857142857
5400016  0.7857142857142857
5400019  0.7857142857142857
6000017  0.7857142857142857
6000021  0.7857142857142857
6200017  0.7857142857142857
6800019  0.7857142857142857
8100025  0.7857142857142857
8100027  0.7857142857142857
8100028  0.7857142857142857
8100029  0.7857142857142857
8100030  0.7857142857142857
8100031  0.7857142857142857
8100036  0.7857142857142857
8100037  0.7857142857142857
8100038  0.7857142857142857
8200026  0.7857142857142857
8200027  0.7857142857142857
8200028  0.7857142857142857
8200031  0.7857142857142857
8200032  0.7857142857142857
8500042  0.7857142857142857
8500070  0.7857142857142857
8500071  0.7857142857142857
8500076  0.7857142857142857
8500077  0.7857142857142857
8600032  0.7857142857142857
9000038  0.7857142857142857
9000060  0.7857142857142857
9100038  0.7857142857142857
9100040  0.7857142857142857
9100041  0.7857142857142857
9100042  0.7857142857142857
9600044  0.7857142857142857
9600047  0.7857142857142857
9700045  0.7857142857142857
9700047  0.7857142857142857
9700070  0.7857142857142857
9700071  0.7857142857142857
9700072  0.7857142857142857
9700123  0.7857142857142857
9800051  0.7857142857142857
10000057  0.7857142857142857
1200008  0.7647058823529411
1200017  0.7647058823529411
1200018  0.7647058823529411
7300078  0.75
7300079  0.75
7300117  0.75
7300118  0.75
7300119  0.75
7300120  0.75
1500009  0.6875
1500011  0.6875
1500017  0.6875
1500019  0.6875
1500022  0.6875
1500023  0.6875
1500029  0.6875
1500030  0.6875
1500031  0.6875
3800014  0.6875
3800015  0.6875
3800016  0.6875
3800017  0.6875
3800020  0.6875
3800021  0.6875
3800023  0.6875
3800026  0.6875
3800027  0.6875
3800028  0.6875
10100108  0.6875
10100121  0.6875
10100122  0.6875
10100124  0.6875
10100128  0.6875
10100131  0.6875
10100134  0.6875
10100137  0.6875
1400009  0.6666666666666667
1400011  0.6666666666666667
1400015  0.6666666666666667
2100014  0.6666666666666667
2100018  0.6666666666666667
2100021  0.6666666666666667
2100024  0.6666666666666667
2100025  0.6666666666666667
2100036  0.6666666666666667
2100037  0.6666666666666667
2200012  0.6666666666666667
2200015  0.6666666666666667
2800013  0.6666666666666667
2800049  0.6666666666666667
2800053  0.6666666666666667
2800057  0.6666666666666667
2800058  0.6666666666666667
2800067  0.6666666666666667
2800068  0.6666666666666667
2800076  0.6666666666666667
2800080  0.6666666666666667
2800081  0.6666666666666667
2900013  0.6666666666666667
3000013  0.6666666666666667
4600015  0.6666666666666667
4600018  0.6666666666666667
4700072  0.6666666666666667
4700073  0.6666666666666667
5100015  0.6666666666666667
5500016  0.6666666666666667
5500017  0.6666666666666667
5500021  0.6666666666666667
5500023  0.6666666666666667
6400107  0.6666666666666667
6400110  0.6666666666666667
6400111  0.6666666666666667
6900024  0.6666666666666667
6900028  0.6666666666666667
6900030  0.6666666666666667
6900031  0.6666666666666667
6900032  0.6666666666666667
6900040  0.6666666666666667
6900044  0.6666666666666667
6900049  0.6666666666666667
6900053  0.6666666666666667
6900055  0.6666666666666667
6900059  0.6666666666666667
6900063  0.6666666666666667
6900064  0.6666666666666667
6900066  0.6666666666666667
7200020  0.6666666666666667
7200024  0.6666666666666667
7200026  0.6666666666666667
7200027  0.6666666666666667
7200031  0.6666666666666667
7200032  0.6666666666666667
7200033  0.6666666666666667
7300021  0.6666666666666667
7300023  0.6666666666666667
7300028  0.6666666666666667
7300030  0.6666666666666667
7300037  0.6666666666666667
7300044  0.6666666666666667
7300049  0.6666666666666667
7300050  0.6666666666666667
7300051  0.6666666666666667
7300053  0.6666666666666667
7300058  0.6666666666666667
7300061  0.6666666666666667
7300064  0.6666666666666667
7300068  0.6666666666666667
7300075  0.6666666666666667
7300076  0.6666666666666667
7300077  0.6666666666666667
7300084  0.6666666666666667
7300085  0.6666666666666667
7300086  0.6666666666666667
7300089  0.6666666666666667
7300093  0.6666666666666667
7300111  0.6666666666666667
7300112  0.6666666666666667
7300113  0.6666666666666667
7900023  0.6666666666666667
7900024  0.6666666666666667
7900027  0.6666666666666667
7900028  0.6666666666666667
7900029  0.6666666666666667
7900030  0.6666666666666667
8100041  0.6666666666666667
8200035  0.6666666666666667
8200036  0.6666666666666667
8200037  0.6666666666666667
8200039  0.6666666666666667
8200041  0.6666666666666667
8200042  0.6666666666666667
8200043  0.6666666666666667
8200046  0.6666666666666667
8200049  0.6666666666666667
8200052  0.6666666666666667
8200054  0.6666666666666667
8200056  0.6666666666666667
8200060  0.6666666666666667
8500036  0.6666666666666667
8500049  0.6666666666666667
8500050  0.6666666666666667
8500053  0.6666666666666667
8500054  0.6666666666666667
8500060  0.6666666666666667
8500061  0.6666666666666667
8800033  0.6666666666666667
8900037  0.6666666666666667
8900038  0.6666666666666667
8900042  0.6666666666666667
8900043  0.6666666666666667
8900044  0.6666666666666667
8900045  0.6666666666666667
8900046  0.6666666666666667
8900047  0.6666666666666667
9100045  0.6666666666666667
9100046  0.6666666666666667
9100047  0.6666666666666667
9300039  0.6666666666666667
10300073  0.6666666666666667
10400095  0.6666666666666667
10800674  0.6666666666666667
10800685  0.6666666666666667
10800717  0.6666666666666667
10800730  0.6666666666666667
10800771  0.6666666666666667
10800805  0.6666666666666667
10800921  0.6666666666666667
10801714  0.6666666666666667
1700010  0.6470588235294117
1700018  0.6470588235294117
1700020  0.6470588235294117
1700024  0.6470588235294117
1700027  0.6470588235294117
4700015  0.6470588235294117
4700018  0.6470588235294117
4700021  0.6470588235294117
4700022  0.6470588235294117
4700024  0.6470588235294117
4700048  0.6470588235294117
4700049  0.6470588235294117
6400018  0.6470588235294117
6400020  0.6470588235294117
6400021  0.6470588235294117
6400025  0.6470588235294117
6400069  0.6470588235294117
6400071  0.6470588235294117
6400077  0.6470588235294117
6400083  0.6470588235294117
6400084  0.6470588235294117
6400103  0.6470588235294117
7000020  0.6470588235294117
7100020  0.6470588235294117
7100039  0.6470588235294117
7600022  0.6470588235294117
7600024  0.6470588235294117
7600100  0.6470588235294117
7600105  0.6470588235294117
7800022  0.6470588235294117
7800026  0.6470588235294117
7800029  0.6470588235294117
7800031  0.6470588235294117
7800032  0.6470588235294117
7800034  0.6470588235294117
7800037  0.6470588235294117
7800038  0.6470588235294117
7800039  0.6470588235294117
7800040  0.6470588235294117
7800047  0.6470588235294117
7800048  0.6470588235294117
7800055  0.6470588235294117
8300026  0.6470588235294117
8300028  0.6470588235294117
8300029  0.6470588235294117
8300035  0.6470588235294117
8500028  0.6470588235294117
8500035  0.6470588235294117
8500038  0.6470588235294117
8500041  0.6470588235294117
9400044  0.6470588235294117
10100089  0.6470588235294117
10100093  0.6470588235294117
10100094  0.6470588235294117
10100101  0.6470588235294117
10100102  0.6470588235294117
10100103  0.6470588235294117
10100105  0.6470588235294117
10100117  0.6470588235294117
10100118  0.6470588235294117
10100119  0.6470588235294117
10100120  0.6470588235294117
1200024  0.5
