8100038  0.95563143491745
9100038  0.954643726348877
8100036  0.9544379711151123
8200036  0.9539650678634644
8200035  0.9539374113082886
7800039  0.9537341594696045
8800033  0.9535385966300964
2100036  0.9534143805503845
8500036  0.9532850384712219
6900032  0.953275203704834
9000038  0.9532570838928223
8900038  0.9529880881309509
7800037  0.9529748558998108
7300037  0.9529671669006348
8200037  0.952533483505249
8100037  0.9524955153465271
7200033  0.9523959159851074
7800034  0.9521358013153076
8900037  0.9520556330680847
8300035  0.9519718289375305
7800032  0.9518991112709045
8500035  0.9518184065818787
2100037  0.9517562985420227
7800038  0.9516645669937134
8500038  0.9515719413757324
7200032  0.9506393671035767
8200039  0.949680745601654
2800076  0.9356486201286316
7300075  0.9339882731437683
2800068  0.9338515996932983
7300068  0.9338169097900391
7100039  0.9337934255599976
2800067  0.9328595399856567
10300073  0.9328030347824097
8200060  0.9326236248016357
6900064  0.9323528409004211
6900066  0.932244598865509
6400069  0.9319890737533569
8500060  0.9313494563102722
7300061  0.9311460256576538
4700073  0.9309688806533813
9700070  0.9307832717895508
6400071  0.9304466247558594
7300064  0.9303610920906067
8500076  0.9302017688751221
8500070  0.9301256537437439
8500061  0.9297575354576111
9000060  0.9291417002677917
4700072  0.9291242957115173
8200046  0.92906653881073
8500071  0.9290143251419067
6900063  0.9289830327033997
9700071  0.9288405776023865
9700072  0.9284805059432983
9100042  0.9277408719062805
8900046  0.9272691607475281
7300076  0.926856279373169
8900043  0.926852285861969
9100047  0.9267730116844177
8200042  0.926591694355011
8500042  0.9265645742416382
8200043  0.9263142347335815
9100040  0.9262692332267761
8500041  0.9259954690933228
9100046  0.9259160757064819
6900040  0.9257470965385437
6900059  0.9256976246833801
8900042  0.9255216717720032
7300044  0.9254106879234314
9700045  0.9249572157859802
9400044  0.9248906970024109
8900044  0.9246877431869507
6900044  0.9245831370353699
9600044  0.9245058298110962
9100041  0.9243947863578796
8100041  0.9243752956390381
8900045  0.9240210652351379
9100045  0.9235869646072388
8200041  0.9235711097717285
7800040  0.923353374004364
8900047  0.9233479499816895
9300039  0.9214553833007812
10800771  0.9173084497451782
7300120  0.9167070984840393
10800805  0.9165475368499756
2800058  0.9154608845710754
10800730  0.9150524735450745
7300113  0.9146114587783813
10100120  0.9142996668815613
2800057  0.9131014943122864
7300119  0.9130814671516418
8500050  0.9130600094795227
10100122  0.9128001928329468
8200056  0.9125068783760071
10100119  0.9125040769577026
10100121  0.9122545123100281
8200049  0.9121645092964172
7800055  0.9121601581573486
7300050  0.9120562076568604
9800051  0.9117761850357056
9700123  0.9115118384361267
9700047  0.911494791507721
6900049  0.9112963676452637
4700049  0.9112101793289185
7300053  0.911102294921875
8500049  0.9111012816429138
10800685  0.9110139012336731
10000057  0.9109945297241211
7800048  0.910520613193512
7300112  0.9103915095329285
10100128  0.9103241562843323
8200052  0.910168468952179
2800053  0.9100669622421265
7300117  0.9097656607627869
7800047  0.9096900820732117
4700048  0.9096558690071106
6900055  0.9096359610557556
10100124  0.9096256494522095
10100131  0.909278929233551
8500054  0.9091845750808716
7300051  0.9091400504112244
8200054  0.9088097810745239
10100137  0.9087076187133789
8500053  0.90852290391922
2800049  0.908398449420929
6900053  0.9083353877067566
10800717  0.9083157181739807
7300049  0.9081064462661743
10100134  0.9078016877174377
7300118  0.9075500965118408
10100117  0.907404899597168
10100118  0.9071018099784851
9600047  0.9070058465003967
10800674  0.9046869277954102
10800921  0.9043804407119751
7300111  0.9041162729263306
7300058  0.9036835432052612
6400111  0.8999124765396118
10100105  0.8998552560806274
10801714  0.8997069001197815
6400107  0.8974977135658264
7300086  0.8973637819290161
7600105  0.8964715600013733
7300085  0.8954111337661743
7300084  0.895169198513031
7300078  0.8949729204177856
6400084  0.8942810893058777
10100089  0.8938692212104797
6400077  0.8935261964797974
7300089  0.8934959173202515
10100103  0.893413782119751
10100093  0.8933505415916443
7300079  0.893304705619812
7300077  0.8931960463523865
6400083  0.8927819728851318
7300093  0.8922980427742004
10400095  0.8919476270675659
10100101  0.8919358253479004
2800080  0.891806960105896
6400103  0.8918032050132751
10100094  0.8913407921791077
7600100  0.8912976384162903
2800081  0.8912950754165649
10100102  0.8894833326339722
8500077  0.8893129229545593
10100108  0.8878528475761414
6400110  0.8844352960586548
8600032  0.6650328040122986
1200008  0.3564514219760895
1200017  0.3564514219760895
1200018  0.3564514219760895
1200019  0.3564514219760895
1200020  0.3564514219760895
1200024  0.3564514219760895
1400009  0.3564514219760895
1400011  0.3564514219760895
1400015  0.3564514219760895
1500009  0.3564514219760895
1500011  0.3564514219760895
1500017  0.3564514219760895
1500019  0.3564514219760895
1500022  0.3564514219760895
1500023  0.3564514219760895
1500029  0.3564514219760895
1500030  0.3564514219760895
1500031  0.3564514219760895
1700010  0.3564514219760895
1700018  0.3564514219760895
1700020  0.3564514219760895
1700024  0.3564514219760895
1700027  0.3564514219760895
2100011  0.3564514219760895
2100014  0.3564514219760895
2100018  0.3564514219760895
2100021  0.3564514219760895
2100024  0.3564514219760895
2100025  0.3564514219760895
2200012  0.3564514219760895
2200015  0.3564514219760895
2800013  0.3564514219760895
2900013  0.3564514219760895
3000013  0.3564514219760895
3800014  0.3564514219760895
3800015  0.3564514219760895
3800016  0.3564514219760895
3800017  0.3564514219760895
3800020  0.3564514219760895
3800021  0.3564514219760895
3800023  0.3564514219760895
3800026  0.3564514219760895
3800027  0.3564514219760895
3800028  0.3564514219760895
4600015  0.3564514219760895
4600018  0.3564514219760895
4700015  0.3564514219760895
4700018  0.3564514219760895
4700021  0.3564514219760895
4700022  0.3564514219760895
4700024  0.3564514219760895
4800015  0.3564514219760895
4800018  0.3564514219760895
4800019  0.3564514219760895
5100015  0.3564514219760895
5400016  0.3564514219760895
5400019  0.3564514219760895
5500016  0.3564514219760895
5500017  0.3564514219760895
5500021  0.3564514219760895
5500023  0.3564514219760895
6000017  0.3564514219760895
6000021  0.3564514219760895
6200017  0.3564514219760895
6400018  0.3564514219760895
6400020  0.3564514219760895
6400021  0.3564514219760895
6400025  0.3564514219760895
6800019  0.3564514219760895
6900024  0.3564514219760895
6900028  0.3564514219760895
6900030  0.3564514219760895
6900031  0.3564514219760895
7000020  0.3564514219760895
7100020  0.3564514219760895
7200020  0.3564514219760895
7200024  0.3564514219760895
7200026  0.3564514219760895
7200027  0.3564514219760895
7200031  0.3564514219760895
7300021  0.3564514219760895
7300023  0.3564514219760895
7300028  0.3564514219760895
7300030  0.3564514219760895
7600022  0.3564514219760895
7600024  0.3564514219760895
7800022  0.3564514219760895
7800026  0.3564514219760895
7800029  0.3564514219760895
7800031  0.3564514219760895
7900023  0.3564514219760895
7900024  0.3564514219760895
7900027  0.3564514219760895
7900028  0.3564514219760895
7900029  0.3564514219760895
7900030  0.3564514219760895
8100025  0.3564514219760895
8100027  0.3564514219760895
8100028  0.3564514219760895
8100029  0.3564514219760895
8100030  0.3564514219760895
8100031  0.3564514219760895
8200026  0.3564514219760895
8200027  0.3564514219760895
8200028  0.3564514219760895
8200031  0.3564514219760895
8200032  0.3564514219760895
8300026  0.3564514219760895
8300028  0.3564514219760895
8300029  0.3564514219760895
8500028  0.3564514219760895
