1200019  0.7006766200065613
1200020  0.6912257671356201
8500070  0.5592402219772339
1200017  0.5545104146003723
8500042  0.5521534085273743
1200018  0.5521405339241028
7300119  0.5508383512496948
1200008  0.5498867034912109
7300079  0.5482258796691895
7300118  0.5467016100883484
9000060  0.54488605260849
8200031  0.5445593595504761
10100131  0.541853129863739
8200026  0.5398541688919067
7300078  0.5395449995994568
8100029  0.5384830832481384
9700045  0.5360352993011475
9100041  0.5345140099525452
8100036  0.5337038040161133
6800019  0.5334948301315308
9600047  0.5330910086631775
7300117  0.5326898097991943
10100108  0.5306413769721985
5400016  0.5287914276123047
9600044  0.5283478498458862
7300120  0.5275704264640808
8100037  0.5271797180175781
9700123  0.5240859389305115
6200017  0.52102130651474
9700070  0.5208856463432312
10000057  0.520845353603363
8200028  0.5195438265800476
3800015  0.5193969011306763
8200027  0.518360435962677
5400019  0.5178655982017517
6000017  0.5165712833404541
9000038  0.5163771510124207
8600032  0.5159520506858826
4800015  0.5152896642684937
9100042  0.5146344900131226
9700071  0.5137475728988647
8100031  0.5129584074020386
8100025  0.511637270450592
8100038  0.5114344954490662
9700047  0.5102830529212952
9100038  0.5099392533302307
4800019  0.5087317228317261
8200032  0.5059268474578857
6000021  0.5057226419448853
8500077  0.5053900480270386
2100014  0.5043968558311462
8100030  0.5035406351089478
6900066  0.5001164674758911
1400011  0.499371737241745
8500076  0.4990352690219879
8500071  0.4986724555492401
2800058  0.49755966663360596
8900042  0.4970897436141968
8500036  0.497071236371994
9100040  0.4965071678161621
8100028  0.4963025450706482
9700072  0.49597829580307007
2100011  0.4959397614002228
8100027  0.4953346252441406
2900013  0.49526169896125793
9800051  0.4947938323020935
8200046  0.49465039372444153
7300028  0.4942969083786011
6900031  0.49352648854255676
8200041  0.4934873580932617
2100037  0.4922051429748535
4700022  0.4917760193347931
8500049  0.49169477820396423
9100047  0.4908944070339203
7800039  0.4899360239505768
10100119  0.48884013295173645
2800013  0.4887898862361908
5100015  0.488010972738266
4600018  0.4875915050506592
8900044  0.4868118166923523
8200036  0.48675864934921265
8200049  0.4866514205932617
7300075  0.48579612374305725
7900023  0.4857681095600128
1400015  0.48570504784584045
7300053  0.484819233417511
7300051  0.4842613637447357
4800018  0.48359760642051697
7300084  0.4832472503185272
3800023  0.4831809103488922
7300085  0.48300033807754517
8500050  0.4827071726322174
6900053  0.48231735825538635
2100021  0.4821752905845642
8900045  0.48216402530670166
7300021  0.4817512333393097
10400095  0.4816598892211914
9100045  0.48161908984184265
3800026  0.48146095871925354
7300076  0.48082634806632996
5500017  0.4804997146129608
4700073  0.47916296124458313
8500038  0.4791581332683563
10100122  0.47914695739746094
10800771  0.4787965714931488
10100102  0.4786544144153595
10100089  0.478615403175354
7200031  0.47825729846954346
2100036  0.4781314730644226
7800032  0.4781286120414734
1400009  0.47776928544044495
7300044  0.4768352210521698
3800021  0.47681987285614014
8800033  0.4766497313976288
2800067  0.47661861777305603
8200052  0.4756999909877777
6900044  0.4755827486515045
7300058  0.4755556285381317
8900046  0.47552958130836487
10100103  0.47543826699256897
7200024  0.47537073493003845
10100121  0.4746457636356354
2100018  0.4743843078613281
2800049  0.4742124676704407
8500054  0.4741082489490509
8100041  0.4739067852497101
3000013  0.4737042188644409
7300111  0.4736848473548889
7300068  0.4732692241668701
7900029  0.4732571542263031
7900028  0.4731753468513489
7300077  0.47315359115600586
6400069  0.4731397032737732
4600015  0.47310924530029297
8200042  0.47305047512054443
6900055  0.4729399085044861
7600100  0.4727407693862915
7300086  0.47261881828308105
7300037  0.47258660197257996
2800053  0.47248488664627075
3800027  0.4724753499031067
7900027  0.4724280536174774
1500031  0.47236892580986023
3800028  0.4722113609313965
7300061  0.47200441360473633
6900032  0.471956729888916
1500022  0.47185516357421875
5500016  0.47180554270744324
7300112  0.4717389941215515
1500019  0.47128918766975403
2800081  0.4709673225879669
6900063  0.47087711095809937
7300093  0.4708670675754547
1500017  0.47067123651504517
2800080  0.47030049562454224
1500029  0.47025853395462036
6400111  0.4699328541755676
7600022  0.4696570336818695
8900043  0.46907857060432434
10801714  0.46907228231430054
6900049  0.46897760033607483
10800805  0.46887829899787903
3800020  0.4686279892921448
10100094  0.4685470163822174
1700018  0.4684893786907196
1700020  0.4684068262577057
7300089  0.4682307243347168
7800029  0.46807730197906494
8300029  0.46787190437316895
4700018  0.46758323907852173
7200020  0.46757736802101135
1700024  0.4675406217575073
7300049  0.4674701690673828
8200039  0.4673911929130554
6900028  0.4668578803539276
8200037  0.466842919588089
2800057  0.4667302966117859
7300113  0.4664459228515625
2200012  0.4663752615451813
7300030  0.46622592210769653
1500011  0.4661507308483124
10100101  0.4661409854888916
7900030  0.466137558221817
10100124  0.46596646308898926
7800022  0.4659545123577118
4700049  0.4658009707927704
1500030  0.4656575918197632
8500061  0.46556299924850464
2800076  0.4654865860939026
7800040  0.46542367339134216
6400025  0.4653880298137665
6400103  0.4651928246021271
2200015  0.46514803171157837
8500060  0.46482980251312256
8200043  0.4647987186908722
10100118  0.46464213728904724
8200060  0.46456286311149597
7000020  0.46450385451316833
8900038  0.4638616740703583
7200032  0.4638483226299286
6900059  0.46356672048568726
8900047  0.4630855619907379
2800068  0.46299201250076294
6900024  0.46286991238594055
7300023  0.46263694763183594
8200054  0.4623577296733856
6900064  0.4619744122028351
10800717  0.46178513765335083
10100105  0.4614081084728241
2100025  0.4613824784755707
10800921  0.4611569046974182
1500009  0.46094414591789246
7100039  0.46089744567871094
6400083  0.4604310393333435
10300073  0.46017757058143616
1700027  0.4600362777709961
1700010  0.4600318372249603
6400084  0.45989125967025757
10800685  0.4597831666469574
7800047  0.45953691005706787
9100046  0.4595320522785187
6400071  0.45915040373802185
7100020  0.4585654139518738
7900024  0.45829346776008606
2100024  0.45823001861572266
6900030  0.45820894837379456
8500035  0.45755118131637573
7800037  0.4569956362247467
7200026  0.4567590355873108
9400044  0.45666244626045227
4700021  0.45662611722946167
10100093  0.456219345331192
7800034  0.45618823170661926
10800674  0.45606565475463867
8300026  0.4555925130844116
10100137  0.4555205702781677
10100120  0.45513713359832764
8200056  0.4550018906593323
8500041  0.45484164357185364
7300064  0.45471876859664917
4700072  0.45463594794273376
3800014  0.4546218514442444
1500023  0.45455947518348694
6400077  0.4545134902000427
8500053  0.4544168710708618
7800038  0.454202264547348
3800016  0.45393046736717224
6400107  0.45367369055747986
10800730  0.45365798473358154
8900037  0.4536471962928772
7800026  0.453151673078537
10100128  0.453107625246048
9300039  0.4519060254096985
7200027  0.4518164098262787
6900040  0.4516647160053253
7200033  0.4516122341156006
6400018  0.45014429092407227
7800055  0.44949871301651
10100134  0.44938594102859497
4700015  0.4480462074279785
5500021  0.44651857018470764
6400020  0.4455326497554779
8300028  0.44509997963905334
7800048  0.4428689181804657
7800031  0.44231945276260376
8300035  0.44165676832199097
7300050  0.4406653046607971
5500023  0.44047802686691284
4700024  0.4399782717227936
4700048  0.4394075870513916
7600024  0.4388454854488373
8200035  0.4366745352745056
10100117  0.43662241101264954
6400110  0.4361781179904938
3800017  0.4330545961856842
6400021  0.4308776259422302
7600105  0.42739585041999817
8500028  0.42676734924316406
1200024  0.3209746778011322
