1502479  1.0
1502480  1.0
1600052  1.0
1601653  1.0
1601654  1.0
1601655  1.0
1601656  1.0
1601662  1.0
1601663  1.0
1601664  1.0
1601665  1.0
1601744  1.0
1601745  1.0
1601746  1.0
1601747  1.0
1601749  1.0
1601750  1.0
1601751  1.0
1601752  1.0
1602454  1.0
1602455  1.0
1602456  1.0
1602457  1.0
1602413  0.33333333333333337
1700126  0.33333333333333337
1700134  0.33333333333333337
1700098  0.25
1700099  0.25
1700100  0.25
1700101  0.25
1700107  0.25
1700110  0.25
1700111  0.25
1700112  0.25
1700113  0.25
1700095  0.19999999999999996
1000044  0.07692307692307687
1000045  0.07692307692307687
1000046  0.07692307692307687
1000047  0.07692307692307687
1601640  0.07692307692307687
1601641  0.07692307692307687
1601642  0.07692307692307687
1601646  0.07692307692307687
1601650  0.07692307692307687
1601713  0.07692307692307687
1601714  0.07692307692307687
1601715  0.07692307692307687
1601716  0.07692307692307687
1601717  0.07692307692307687
1601718  0.07692307692307687
1601719  0.07692307692307687
1601720  0.07692307692307687
1601721  0.07692307692307687
1601722  0.07692307692307687
1601725  0.07692307692307687
1601726  0.07692307692307687
1601729  0.07692307692307687
1601730  0.07692307692307687
1601731  0.07692307692307687
1601733  0.07692307692307687
1601734  0.07692307692307687
1601736  0.07692307692307687
1601738  0.07692307692307687
1400076  0.0714285714285714
1400094  0.0714285714285714
1400097  0.0714285714285714
1400098  0.0714285714285714
1400132  0.0714285714285714
1600241  0.0714285714285714
1600242  0.0714285714285714
1600244  0.0714285714285714
1600287  0.0714285714285714
1600289  0.0714285714285714
1600298  0.0714285714285714
1600299  0.0714285714285714
1600300  0.0714285714285714
1600301  0.0714285714285714
1600302  0.0714285714285714
1600314  0.0714285714285714
1600332  0.0714285714285714
1600376  0.0714285714285714
1600378  0.0714285714285714
1600379  0.0714285714285714
1600380  0.0714285714285714
1600381  0.0714285714285714
1600382  0.0714285714285714
1600384  0.0714285714285714
1600385  0.0714285714285714
1600386  0.0714285714285714
1600388  0.0714285714285714
1600389  0.0714285714285714
1600390  0.0714285714285714
1600391  0.0714285714285714
1600405  0.0714285714285714
1600407  0.0714285714285714
1601584  0.0714285714285714
1601586  0.0714285714285714
1601587  0.0714285714285714
1601588  0.0714285714285714
1601590  0.0714285714285714
1601591  0.0714285714285714
1601592  0.0714285714285714
1601597  0.0714285714285714
1601598  0.0714285714285714
1601599  0.0714285714285714
1601600  0.0714285714285714
1601602  0.0714285714285714
1601603  0.0714285714285714
1601606  0.0714285714285714
1601607  0.0714285714285714
1601609  0.0714285714285714
1601610  0.0714285714285714
1601611  0.0714285714285714
1601612  0.0714285714285714
1601620  0.0714285714285714
1601621  0.0714285714285714
1601622  0.0714285714285714
1601624  0.0714285714285714
1601625  0.0714285714285714
1601626  0.0714285714285714
1601627  0.0714285714285714
1601628  0.0714285714285714
1601629  0.0714285714285714
1601630  0.0714285714285714
1601631  0.0714285714285714
1601633  0.0714285714285714
1601634  0.0714285714285714
1601638  0.0714285714285714
1601639  0.0714285714285714
1601671  0.0714285714285714
1601672  0.0714285714285714
1601675  0.0714285714285714
1601678  0.0714285714285714
1601683  0.0714285714285714
1601684  0.0714285714285714
1601685  0.0714285714285714
1601686  0.0714285714285714
1601688  0.0714285714285714
1601689  0.0714285714285714
1601690  0.0714285714285714
1601691  0.0714285714285714
1601701  0.0714285714285714
1601702  0.0714285714285714
1601704  0.0714285714285714
1601705  0.0714285714285714
1601712  0.0714285714285714
1601754  0.0714285714285714
1602394  0.0714285714285714
1602395  0.0714285714285714
1602404  0.0714285714285714
1602406  0.0714285714285714
1602407  0.0714285714285714
1602408  0.0714285714285714
1602409  0.0714285714285714
1602410  0.0714285714285714
1602412  0.0714285714285714
1602417  0.0714285714285714
1602419  0.0714285714285714
1602421  0.0714285714285714
1602423  0.0714285714285714
1602424  0.0714285714285714
1602425  0.0714285714285714
1602426  0.0714285714285714
1602427  0.0714285714285714
1602428  0.0714285714285714
1602429  0.0714285714285714
1602430  0.0714285714285714
1602431  0.0714285714285714
1602432  0.0714285714285714
1602433  0.0714285714285714
1602434  0.0714285714285714
1602435  0.0714285714285714
2800058  0.0714285714285714
2800864  0.0714285714285714
2900041  0.0714285714285714
2900062  0.0714285714285714
2900063  0.0714285714285714
2900064  0.0714285714285714
2900083  0.0714285714285714
2900084  0.0714285714285714
2900085  0.0714285714285714
2900622  0.0714285714285714
2900628  0.0714285714285714
2900677  0.0714285714285714
2900680  0.0714285714285714
2900681  0.0714285714285714
2900732  0.0714285714285714
3000054  0.0714285714285714
3000055  0.0714285714285714
3000056  0.0714285714285714
3100109  0.0714285714285714
3100150  0.0714285714285714
3100153  0.0714285714285714
4600053  0.0714285714285714
4600054  0.0714285714285714
4600057  0.0714285714285714
4600060  0.0714285714285714
4700052  0.0714285714285714
4800055  0.0714285714285714
4800056  0.0714285714285714
4800057  0.0714285714285714
4800294  0.0714285714285714
4800295  0.0714285714285714
4800301  0.0714285714285714
4800302  0.0714285714285714
4800303  0.0714285714285714
4800322  0.0714285714285714
4800328  0.0714285714285714
5600082  0.0714285714285714
5600083  0.0714285714285714
5600106  0.0714285714285714
5600107  0.0714285714285714
5600108  0.0714285714285714
5600109  0.0714285714285714
5600110  0.0714285714285714
5600111  0.0714285714285714
5600112  0.0714285714285714
5600113  0.0714285714285714
5600114  0.0714285714285714
5600162  0.0714285714285714
5600171  0.0714285714285714
6200367  0.0714285714285714
6200368  0.0714285714285714
6200369  0.0714285714285714
6200379  0.0714285714285714
6200384  0.0714285714285714
6200394  0.0714285714285714
6200398  0.0714285714285714
1400105  0.06666666666666665
1400108  0.06666666666666665
1400111  0.06666666666666665
1400116  0.06666666666666665
1400117  0.06666666666666665
1400120  0.06666666666666665
1400121  0.06666666666666665
1400122  0.06666666666666665
1400125  0.06666666666666665
1400139  0.06666666666666665
1600235  0.06666666666666665
1600236  0.06666666666666665
1600239  0.06666666666666665
1602384  0.06666666666666665
1602386  0.06666666666666665
1602387  0.06666666666666665
1602390  0.06666666666666665
1602466  0.06666666666666665
1700072  0.06666666666666665
1700079  0.06666666666666665
1700120  0.06666666666666665
1700128  0.06666666666666665
1700138  0.06666666666666665
3100091  0.06666666666666665
3100092  0.06666666666666665
3100159  0.06666666666666665
3100160  0.06666666666666665
1700106  0.0625
1100039  0.05882352941176472
1200052  0.05882352941176472
1200053  0.05882352941176472
1200054  0.05882352941176472
1200055  0.05882352941176472
1300027  0.05882352941176472
1300030  0.05882352941176472
1300033  0.05882352941176472
1400044  0.05882352941176472
1400060  0.05882352941176472
1400061  0.05882352941176472
1400065  0.05882352941176472
1400066  0.05882352941176472
1400067  0.05882352941176472
1600211  0.05882352941176472
1600214  0.05882352941176472
1600226  0.05882352941176472
1600227  0.05882352941176472
1600228  0.05882352941176472
1600229  0.05882352941176472
1600230  0.05882352941176472
1700059  0.05882352941176472
1700093  0.05882352941176472
1700094  0.05882352941176472
3100040  0.05882352941176472
3100052  0.05882352941176472
3100053  0.05882352941176472
3100061  0.05882352941176472
3100068  0.05882352941176472
3100078  0.05882352941176472
3100079  0.05882352941176472
3100080  0.05882352941176472
3100081  0.05882352941176472
3200062  0.05882352941176472
