1502479  inf
1502480  inf
1600052  inf
1601653  inf
1601654  inf
1601655  inf
1601656  inf
1601662  inf
1601663  inf
1601664  inf
1601665  inf
1601744  inf
1601745  inf
1601746  inf
1601747  inf
1601749  inf
1601750  inf
1601751  inf
1601752  inf
1602454  inf
1602455  inf
1602456  inf
1602457  inf
1602413  0.5
1700126  0.5
1700134  0.5
1700098  0.3333333333333333
1700099  0.3333333333333333
1700100  0.3333333333333333
1700101  0.3333333333333333
1700107  0.3333333333333333
1700110  0.3333333333333333
1700111  0.3333333333333333
1700112  0.3333333333333333
1700113  0.3333333333333333
1700095  0.25
1000044  0.08333333333333333
1000045  0.08333333333333333
1000046  0.08333333333333333
1000047  0.08333333333333333
1601640  0.08333333333333333
1601641  0.08333333333333333
1601642  0.08333333333333333
1601646  0.08333333333333333
1601650  0.08333333333333333
1601713  0.08333333333333333
1601714  0.08333333333333333
1601715  0.08333333333333333
1601716  0.08333333333333333
1601717  0.08333333333333333
1601718  0.08333333333333333
1601719  0.08333333333333333
1601720  0.08333333333333333
1601721  0.08333333333333333
1601722  0.08333333333333333
1601725  0.08333333333333333
1601726  0.08333333333333333
1601729  0.08333333333333333
1601730  0.08333333333333333
1601731  0.08333333333333333
1601733  0.08333333333333333
1601734  0.08333333333333333
1601736  0.08333333333333333
1601738  0.08333333333333333
1400076  0.07692307692307693
1400094  0.07692307692307693
1400097  0.07692307692307693
1400098  0.07692307692307693
1400132  0.07692307692307693
1600241  0.07692307692307693
1600242  0.07692307692307693
1600244  0.07692307692307693
1600287  0.07692307692307693
1600289  0.07692307692307693
1600298  0.07692307692307693
1600299  0.07692307692307693
1600300  0.07692307692307693
1600301  0.07692307692307693
1600302  0.07692307692307693
1600314  0.07692307692307693
1600332  0.07692307692307693
1600376  0.07692307692307693
1600378  0.07692307692307693
1600379  0.07692307692307693
1600380  0.07692307692307693
1600381  0.07692307692307693
1600382  0.07692307692307693
1600384  0.07692307692307693
1600385  0.07692307692307693
1600386  0.07692307692307693
1600388  0.07692307692307693
1600389  0.07692307692307693
1600390  0.07692307692307693
1600391  0.07692307692307693
1600405  0.07692307692307693
1600407  0.07692307692307693
1601584  0.07692307692307693
1601586  0.07692307692307693
1601587  0.07692307692307693
1601588  0.07692307692307693
1601590  0.07692307692307693
1601591  0.07692307692307693
1601592  0.07692307692307693
1601597  0.07692307692307693
1601598  0.07692307692307693
1601599  0.07692307692307693
1601600  0.07692307692307693
1601602  0.07692307692307693
1601603  0.07692307692307693
1601606  0.07692307692307693
1601607  0.07692307692307693
1601609  0.07692307692307693
1601610  0.07692307692307693
1601611  0.07692307692307693
1601612  0.07692307692307693
1601620  0.07692307692307693
1601621  0.07692307692307693
1601622  0.07692307692307693
1601624  0.07692307692307693
1601625  0.07692307692307693
1601626  0.07692307692307693
1601627  0.07692307692307693
1601628  0.07692307692307693
1601629  0.07692307692307693
1601630  0.07692307692307693
1601631  0.07692307692307693
1601633  0.07692307692307693
1601634  0.07692307692307693
1601638  0.07692307692307693
1601639  0.07692307692307693
1601671  0.07692307692307693
1601672  0.07692307692307693
1601675  0.07692307692307693
1601678  0.07692307692307693
1601683  0.07692307692307693
1601684  0.07692307692307693
1601685  0.07692307692307693
1601686  0.07692307692307693
1601688  0.07692307692307693
1601689  0.07692307692307693
1601690  0.07692307692307693
1601691  0.07692307692307693
1601701  0.07692307692307693
1601702  0.07692307692307693
1601704  0.07692307692307693
1601705  0.07692307692307693
1601712  0.07692307692307693
1601754  0.07692307692307693
1602394  0.07692307692307693
1602395  0.07692307692307693
1602404  0.07692307692307693
1602406  0.07692307692307693
1602407  0.07692307692307693
1602408  0.07692307692307693
1602409  0.07692307692307693
1602410  0.07692307692307693
1602412  0.07692307692307693
1602417  0.07692307692307693
1602419  0.07692307692307693
1602421  0.07692307692307693
1602423  0.07692307692307693
1602424  0.07692307692307693
1602425  0.07692307692307693
1602426  0.07692307692307693
1602427  0.07692307692307693
1602428  0.07692307692307693
1602429  0.07692307692307693
1602430  0.07692307692307693
1602431  0.07692307692307693
1602432  0.07692307692307693
1602433  0.07692307692307693
1602434  0.07692307692307693
1602435  0.07692307692307693
2800058  0.07692307692307693
2800864  0.07692307692307693
2900041  0.07692307692307693
2900062  0.07692307692307693
2900063  0.07692307692307693
2900064  0.07692307692307693
2900083  0.07692307692307693
2900084  0.07692307692307693
2900085  0.07692307692307693
2900622  0.07692307692307693
2900628  0.07692307692307693
2900677  0.07692307692307693
2900680  0.07692307692307693
2900681  0.07692307692307693
2900732  0.07692307692307693
3000054  0.07692307692307693
3000055  0.07692307692307693
3000056  0.07692307692307693
3100109  0.07692307692307693
3100150  0.07692307692307693
3100153  0.07692307692307693
4600053  0.07692307692307693
4600054  0.07692307692307693
4600057  0.07692307692307693
4600060  0.07692307692307693
4700052  0.07692307692307693
4800055  0.07692307692307693
4800056  0.07692307692307693
4800057  0.07692307692307693
4800294  0.07692307692307693
4800295  0.07692307692307693
4800301  0.07692307692307693
4800302  0.07692307692307693
4800303  0.07692307692307693
4800322  0.07692307692307693
4800328  0.07692307692307693
5600082  0.07692307692307693
5600083  0.07692307692307693
5600106  0.07692307692307693
5600107  0.07692307692307693
5600108  0.07692307692307693
5600109  0.07692307692307693
5600110  0.07692307692307693
5600111  0.07692307692307693
5600112  0.07692307692307693
5600113  0.07692307692307693
5600114  0.07692307692307693
5600162  0.07692307692307693
5600171  0.07692307692307693
6200367  0.07692307692307693
6200368  0.07692307692307693
6200369  0.07692307692307693
6200379  0.07692307692307693
6200384  0.07692307692307693
6200394  0.07692307692307693
6200398  0.07692307692307693
1400105  0.07142857142857142
1400108  0.07142857142857142
1400111  0.07142857142857142
1400116  0.07142857142857142
1400117  0.07142857142857142
1400120  0.07142857142857142
1400121  0.07142857142857142
1400122  0.07142857142857142
1400125  0.07142857142857142
1400139  0.07142857142857142
1600235  0.07142857142857142
1600236  0.07142857142857142
1600239  0.07142857142857142
1602384  0.07142857142857142
1602386  0.07142857142857142
1602387  0.07142857142857142
1602390  0.07142857142857142
1602466  0.07142857142857142
1700072  0.07142857142857142
1700079  0.07142857142857142
1700120  0.07142857142857142
1700128  0.07142857142857142
1700138  0.07142857142857142
3100091  0.07142857142857142
3100092  0.07142857142857142
3100159  0.07142857142857142
3100160  0.07142857142857142
1700106  0.06666666666666667
1100039  0.0625
1200052  0.0625
1200053  0.0625
1200054  0.0625
1200055  0.0625
1300027  0.0625
1300030  0.0625
1300033  0.0625
1400044  0.0625
1400060  0.0625
1400061  0.0625
1400065  0.0625
1400066  0.0625
1400067  0.0625
1600211  0.0625
1600214  0.0625
1600226  0.0625
1600227  0.0625
1600228  0.0625
1600229  0.0625
1600230  0.0625
1700059  0.0625
1700093  0.0625
1700094  0.0625
3100040  0.0625
3100052  0.0625
3100053  0.0625
3100061  0.0625
3100068  0.0625
3100078  0.0625
3100079  0.0625
3100080  0.0625
3100081  0.0625
3200062  0.0625
