2300440  0.2643539309501648
2300435  0.2643480598926544
2300483  0.26434338092803955
2300341  0.26434335112571716
2300673  0.26434168219566345
2300436  0.2643416225910187
2300672  0.2643413245677948
2300493  0.2643411457538605
2300460  0.2643403112888336
2300497  0.2643386125564575
2300511  0.264337956905365
2300670  0.26433733105659485
2300417  0.26433682441711426
2300413  0.26433661580085754
2300346  0.2643358111381531
2300488  0.26433447003364563
2300421  0.26433417201042175
2300439  0.2643333673477173
2300355  0.26433315873146057
2300445  0.26433268189430237
2300509  0.2643323242664337
2300444  0.26433199644088745
2300526  0.26433199644088745
2300462  0.2643318772315979
2300505  0.2643314301967621
2300426  0.26433131098747253
2300450  0.2643307149410248
2300463  0.26432958245277405
2300461  0.26432931423187256
2300345  0.26432928442955017
2300449  0.26432904601097107
2300451  0.26432904601097107
2300474  0.26432889699935913
2300448  0.2643284201622009
2300635  0.2643280625343323
2300402  0.26432743668556213
2300597  0.2643272578716278
2300437  0.2643269896507263
2300420  0.26432669162750244
2300468  0.2643263041973114
2300470  0.26432615518569946
2300498  0.26432493329048157
2300455  0.26432469487190247
2300533  0.26432421803474426
2300518  0.2643240690231323
2300368  0.26432350277900696
2300530  0.2643229365348816
2300416  0.2643229067325592
2300528  0.26432278752326965
2300370  0.2643227279186249
2300375  0.26432254910469055
2300475  0.2643220126628876
2300504  0.26432153582572937
2300494  0.2643212378025055
2300496  0.26432061195373535
2300344  0.26432037353515625
2300434  0.2643200755119324
2300398  0.26431989669799805
2300361  0.2643195390701294
2300410  0.2643193006515503
2300412  0.2643187940120697
2300506  0.26431840658187866
2300369  0.26431751251220703
2300433  0.2643173933029175
2300522  0.26431721448898315
2300604  0.2643170952796936
2300349  0.26431694626808167
2300517  0.2643168866634369
2300649  0.2643166184425354
2300424  0.2643158733844757
2300407  0.2643154263496399
2300374  0.26431456208229065
2300669  0.26431095600128174
2300343  0.2643105983734131
2300642  0.2643079459667206
2300510  0.26430729031562805
2300471  0.26430684328079224
2300432  0.264305979013443
2300452  0.26430392265319824
2500754  0.25800949335098267
2500614  0.25696688890457153
2500613  0.25658872723579407
2500612  0.25605857372283936
2500611  0.25601598620414734
2500660  0.25592926144599915
2500596  0.2556949853897095
2500615  0.2556779980659485
2500597  0.25565391778945923
2500751  0.25563621520996094
2500661  0.2555980980396271
2500653  0.2552478313446045
2500570  0.255217969417572
2500642  0.25507253408432007
2500667  0.2550657391548157
2500595  0.25502991676330566
2500624  0.2548547387123108
2500544  0.2547956109046936
2500598  0.2546648681163788
2500550  0.25463899970054626
2500554  0.25456127524375916
2500741  0.25455692410469055
2500601  0.25448882579803467
2500664  0.25446054339408875
2500659  0.2544308006763458
2500654  0.2544187903404236
2500633  0.25433549284935
2500627  0.25433361530303955
2500749  0.2542698383331299
2500555  0.25418156385421753
2500628  0.25417354702949524
2500655  0.2540140450000763
2500745  0.25396057963371277
2500586  0.2539505064487457
2500631  0.25394150614738464
2500663  0.2539359927177429
2500583  0.25392434000968933
2500665  0.2539219260215759
2500740  0.2539040148258209
2500588  0.2537766098976135
2500635  0.25374218821525574
2500551  0.25366663932800293
2500743  0.25365331768989563
2500549  0.25357764959335327
2500737  0.2535457909107208
2500626  0.2535301744937897
2500559  0.2535240352153778
2500638  0.25351855158805847
2500662  0.2535160779953003
2500594  0.2534911036491394
2500591  0.253462016582489
2500736  0.253455251455307
2500568  0.25344225764274597
2500637  0.2534276843070984
2500623  0.253400981426239
2500578  0.2533490061759949
2500592  0.2532861530780792
2500581  0.25323739647865295
2500629  0.25320133566856384
2500657  0.25318923592567444
2500582  0.2531619071960449
2500670  0.2531421184539795
2500746  0.253030389547348
2500584  0.2530179023742676
2500564  0.2529154419898987
2500739  0.25290408730506897
2500634  0.2528056204319
2500744  0.25264132022857666
2500742  0.25251707434654236
2500656  0.2524685859680176
2500545  0.25244420766830444
2500748  0.252392053604126
2500590  0.2522641718387604
2500561  0.2520390450954437
2500563  0.2518908679485321
2500747  0.25169268250465393
2500546  0.2516735792160034
2500587  0.2516663074493408
2500562  0.25057947635650635
2500541  0.05211815610527992
2300674  0.022319074720144272
2301854  0.010945330373942852
2301853  0.010687706060707569
2301756  0.010594973340630531
2301767  0.010572743602097034
2301766  0.010569755919277668
2301761  0.010521061718463898
2301768  0.010517328977584839
2301755  0.01050963532179594
2301757  0.010499370284378529
2301793  0.010487260296940804
2301762  0.010441548191010952
2300340  0.010412455536425114
2301795  0.010405932553112507
2301778  0.010402824729681015
2301576  0.010374436154961586
2301770  0.010370368137955666
2301815  0.0103302001953125
2301805  0.010327060706913471
2301796  0.010319207794964314
2301848  0.010305061005055904
2301804  0.010286446660757065
2301571  0.010281738825142384
2301731  0.010268029756844044
2301827  0.010255448520183563
2301564  0.010252423584461212
2301789  0.010250642895698547
2301754  0.010246197693049908
2301813  0.010235256515443325
2301771  0.010228103958070278
2301580  0.010223157703876495
2301683  0.010215261951088905
2301741  0.010213642381131649
2301740  0.010200331918895245
2301786  0.010198531672358513
2301578  0.010196717455983162
2301777  0.010192137211561203
2301825  0.010181453078985214
2301810  0.010179723612964153
2301812  0.01017940603196621
2301820  0.010170756839215755
2301575  0.010166715830564499
2301800  0.010165396146476269
2301773  0.010153303854167461
2301749  0.01013605110347271
2301785  0.010134563781321049
2301700  0.010132755152881145
2301803  0.010129780508577824
2301830  0.010128413327038288
2301780  0.010126854293048382
2301824  0.010125759989023209
2301565  0.010120762512087822
2301779  0.01011526957154274
2301776  0.010112281888723373
2301816  0.010101151652634144
2301821  0.010098534636199474
2301781  0.010090824216604233
2301686  0.010085510089993477
2301840  0.010081036947667599
2301697  0.010077554732561111
2301748  0.010074409656226635
2301801  0.010068591684103012
2301690  0.010060875676572323
2301811  0.010052772238850594
2301831  0.010052705183625221
2301835  0.01003944594413042
2301787  0.01001823227852583
2301847  0.010016918182373047
2301832  0.010015721432864666
2301570  0.010010692290961742
2301788  0.009997110813856125
2301746  0.009988920763134956
2301584  0.009974953718483448
2301747  0.009963607415556908
2301594  0.009961321018636227
2301742  0.009948444552719593
2301842  0.009927134960889816
2301846  0.009884241037070751
2301585  0.009833653457462788
2301591  0.009813550859689713
2301590  0.009711374528706074
2301563  0.0051559749990701675
2301307  0.003753253724426031
2301855  0.0037388624623417854
2300756  0.003736087353900075
2300681  0.003723710309714079
2300781  0.0037054975982755423
2300975  0.0037048724479973316
2301304  0.0036980463191866875
2300796  0.003696649568155408
2300989  0.0036913566291332245
2300745  0.003690551733598113
2300879  0.003689561504870653
2300742  0.003684945637360215
2300790  0.0036811435129493475
2300935  0.003676821244880557
2300765  0.003676648484542966
2300931  0.003671731101348996
2300978  0.003671708283945918
2300713  0.0036700202617794275
2300771  0.0036699154879897833
2300686  0.0036691713612526655
2300722  0.0036677576135843992
2300974  0.003664375049993396
2300698  0.0036635901778936386
2301236  0.003662556642666459
2300702  0.003662210190668702
2300719  0.0036596967838704586
2301233  0.0036588292568922043
2301241  0.003658777568489313
2300741  0.0036557279527187347
2301232  0.003652019891887903
2301238  0.0036464445292949677
2300904  0.0036454794462770224
2300960  0.0036448801402002573
2300339  0.0036433895584195852
2300728  0.0036426575388759375
2300734  0.003642484312877059
2300979  0.0036420656833797693
2300685  0.0036416002549231052
2300697  0.003641093149781227
2300910  0.0036392565816640854
2300723  0.00363904912956059
2300990  0.0036390454042702913
2301294  0.0036387413274496794
2301244  0.0036361957900226116
2301303  0.0036341629456728697
2300946  0.0036326644476503134
2300964  0.003632321022450924
2301254  0.0036309168208390474
2300717  0.003630621824413538
2300905  0.0036302406806498766
2300951  0.0036289955023676157
2300714  0.0036284008529037237
2300700  0.0036283074878156185
1001321  0.0036275596357882023
2301231  0.0036260001361370087
2301240  0.00362566439434886
2300973  0.0036253626458346844
2300986  0.0036250613629817963
2300711  0.003624729113653302
2300906  0.003624372649937868
2300948  0.0036242827773094177
2301239  0.0036231400445103645
2300716  0.003620009869337082
2300994  0.0036195816937834024
2301293  0.0036182506009936333
2301237  0.0036173947155475616
2300984  0.0036156182177364826
2300985  0.003613210516050458
2301297  0.003608754836022854
2301262  0.0036067580804228783
2300968  0.003606648650020361
2300740  0.0036049301270395517
2301301  0.0036031098570674658
2300729  0.0035987573210150003
2300684  0.0035966343712061644
1700191  0.003596429480239749
2301300  0.0035944581031799316
2300682  0.0035905237309634686
1700193  0.0035877337213605642
1700187  0.003586280159652233
2300212  0.0035857008770108223
2300732  0.0035852971486747265
2300703  0.0035849004052579403
1700183  0.0035843485966324806
1000082  0.0035826493985950947
2300707  0.00358210108242929
1000940  0.003582063363865018
1000954  0.003578640753403306
1000934  0.0035772351548075676
1001249  0.0035767541266977787
1001132  0.0035731291864067316
2300338  0.0035730174276977777
1700192  0.0035706721246242523
2300708  0.003569704946130514
1700184  0.0035689962096512318
1000948  0.00356880621984601
1000942  0.003567689098417759
1001320  0.003566097468137741
1700182  0.0035636143293231726
2300704  0.003563455305993557
1001129  0.0035612040665000677
1001248  0.00356088113039732
1000945  0.003553575836122036
2300225  0.003552611917257309
1700186  0.003550856839865446
2300209  0.0035434174351394176
1700194  0.003542430931702256
1001135  0.0035416448954492807
1001265  0.003539145225659013
2300226  0.0035390930715948343
1001258  0.003538070945069194
1700181  0.00353637826628983
1000179  0.003535261144861579
1000933  0.0035350159741938114
1600166  0.003533972892910242
1001178  0.0035310257226228714
1001259  0.003529151901602745
2300234  0.0035287411883473396
1001247  0.0035266911145299673
2300233  0.00352368107996881
1001267  0.003523503663018346
1000198  0.003523297607898712
1700199  0.0035232442896813154
1000115  0.0035209697671234608
1700131  0.0035198875702917576
1001177  0.003517921082675457
1001276  0.003517662174999714
1000887  0.0035168533213436604
1000906  0.0035164975561201572
2300203  0.0035160211846232414
1001255  0.0035136614460498095
1600035  0.0035126081202179193
1700150  0.003512484487146139
1000218  0.0035122327972203493
1700198  0.0035119822714477777
1000905  0.0035119405947625637
1001243  0.0035114313941448927
1001227  0.0035112029872834682
1000907  0.003510929411277175
2300322  0.003510058391839266
1001252  0.0035089331213384867
1001274  0.003507462562993169
1000160  0.0035071545280516148
1700132  0.0035060096997767687
1600165  0.00350480736233294
1700173  0.0035045742988586426
2300213  0.003502459730952978
2300326  0.0035020785871893167
1001146  0.0035013281740248203
2300217  0.0035005928948521614
2300250  0.0035003903321921825
1000141  0.0035003286320716143
1600037  0.0034996962640434504
1001264  0.003498998237773776
1700167  0.0034982417710125446
1000913  0.0034973726142197847
1000237  0.0034967809915542603
1001253  0.003496566554531455
1001268  0.0034954866860061884
1700217  0.003495441982522607
1001283  0.0034952410496771336
1700172  0.003494938602671027
1001241  0.003494630102068186
1001155  0.003494560020044446
1700203  0.0034945104271173477
1001273  0.0034943758510053158
1001269  0.0034928966779261827
1001272  0.0034921381156891584
1001238  0.0034913434647023678
2300232  0.003491330426186323
1001157  0.003490424482151866
1700216  0.003489950206130743
2300214  0.0034899318125098944
1000926  0.0034895921126008034
1001291  0.0034883536864072084
1001262  0.0034875962883234024
2300236  0.003486964851617813
1000925  0.0034866270143538713
1700195  0.003486116649582982
1700133  0.0034848693758249283
1001278  0.0034848498180508614
1001319  0.0034833531826734543
1700196  0.0034828914795070887
2300324  0.0034826016053557396
1001277  0.003481949446722865
1000889  0.0034812218509614468
1000898  0.003480571787804365
1700180  0.003480493789538741
1700205  0.0034801948349922895
2300240  0.00347994826734066
2300237  0.0034792539663612843
1000922  0.003478435566648841
1700176  0.0034778290428221226
1001245  0.003477610880509019
1001240  0.0034775547683238983
1000897  0.003476763144135475
1700147  0.003476175246760249
2300235  0.003475055331364274
1000849  0.0034750092308968306
1001254  0.0034741852432489395
2300327  0.003474150551483035
1700154  0.0034737626556307077
1001260  0.00347256101667881
1700178  0.003472414333373308
1000256  0.003470324445515871
1700179  0.0034702420234680176
1000924  0.003469994757324457
2300229  0.0034679274540394545
1700174  0.003466807072982192
2300323  0.0034648473374545574
1700151  0.003463347675278783
1700155  0.0034628044813871384
1001282  0.003462656633928418
1700197  0.003460970241576433
2201087  0.0034606512635946274
1001246  0.0034606498666107655
1000128  0.003460164414718747
2300202  0.0034586195833981037
2300216  0.0034550351556390524
1700207  0.0034545231610536575
2300227  0.0034525536466389894
1000923  0.003451207187026739
1001292  0.003450695425271988
1700134  0.003449975745752454
1001293  0.0034461808390915394
2300337  0.003445725655183196
1000288  0.0034421610180288553
1600036  0.0034344573505222797
2300328  0.003432507859542966
2300325  0.0034258789382874966
1000285  0.0034248335286974907
2300334  0.003424394177272916
1700177  0.003423297544941306
1000277  0.0034114441368728876
1700146  0.0034043462947010994
1700144  0.003401244757696986
1700094  0.003388280514627695
2500540  0.003377029672265053
2500194  0.0033111555967479944
1503771  0.0033108408097177744
2500538  0.003308019135147333
2500226  0.0032926725689321756
2500197  0.0032770701218396425
2500198  0.0032743331976234913
2500200  0.003268264699727297
2500202  0.0032560923136770725
2500195  0.003253199392929673
2500208  0.0032428454142063856
2500224  0.003238519188016653
2500233  0.0032376092858612537
2500234  0.0032284525223076344
2500211  0.0032272590324282646
2500193  0.0032230126671493053
2500196  0.003221082966774702
2500216  0.0032172088976949453
2500238  0.003216835903003812
2302211  0.0032124491408467293
2302201  0.0032058858778327703
2500331  0.003205175744369626
2500229  0.0032042511738836765
2500239  0.0031984979286789894
2302212  0.003197283251211047
2500214  0.0031963717192411423
2302217  0.0031948876567184925
2400047  0.003192012896761298
2500537  0.003191794268786907
2302307  0.0031884219497442245
2500230  0.003180995350703597
2400039  0.003179913153871894
2302216  0.0031769517809152603
2500251  0.003174298442900181
2500217  0.003172972472384572
2400036  0.003170362673699856
2500241  0.003166586859151721
2500235  0.003166057402268052
2400042  0.003164461115375161
2500221  0.003163468325510621
2500191  0.0031631330493837595
2500220  0.0031620943918824196
2500219  0.0031610350124537945
2500240  0.003160997526720166
2500245  0.0031600298825651407
2500269  0.00315982848405838
2500530  0.0031574261374771595
2500178  0.003155115991830826
2302209  0.0031528251711279154
2500215  0.0031509825494140387
2400056  0.0031473252456635237
2302291  0.003146761329844594
2500532  0.00314596900716424
2302208  0.0031434546690434217
2500213  0.0031431003008037806
2500222  0.0031363859307020903
2400030  0.0031330734491348267
2500531  0.003131702309474349
2400050  0.0031270403414964676
2500237  0.0031261113472282887
2500232  0.003123258240520954
2500231  0.003123145317658782
2500332  0.0031230354215949774
2302207  0.0031183669343590736
2500242  0.003117163898423314
2302288  0.0031169578433036804
2500223  0.0031152113806456327
2500236  0.0031137573532760143
2302221  0.00311285350471735
2500177  0.003109454642981291
2500218  0.0031042799819260836
2500212  0.0031035481952130795
2500403  0.0030998620204627514
2400033  0.0030998000875115395
1001322  0.0030933909583836794
2400053  0.0030868896283209324
2301308  0.0030783829279243946
2302225  0.0030724271200597286
2500533  0.0030706236138939857
2500535  0.0030674401205033064
2302239  0.003054093336686492
2302237  0.003046889090910554
2301562  0.003042694414034486
2301366  0.003034972818568349
2302193  0.0030194621067494154
2301370  0.0030087465420365334
2301372  0.0029994649812579155
2301371  0.002996494760736823
2301438  0.0029944241978228092
2301378  0.002989634871482849
2301459  0.0029896250925958157
2301460  0.0029849354177713394
2301373  0.002982555190101266
2301367  0.0029793367721140385
2301437  0.002976752817630768
2301482  0.0029695143457502127
2301324  0.0029683145694434643
2301379  0.0029651904478669167
2301390  0.0029632006771862507
2301365  0.002955585950985551
2301388  0.002954167081043124
2301327  0.002949201036244631
2301548  0.002949069021269679
2301325  0.0029455784242600203
2301561  0.0029411062132567167
2301484  0.002940352540463209
2301369  0.0029392375145107508
2301354  0.002939200960099697
2301454  0.002937527373433113
2301348  0.0029369352851063013
2301360  0.0029326793737709522
2301343  0.002932428615167737
2301509  0.0029322165064513683
2301346  0.00292866094969213
2301357  0.0029254520777612925
2301456  0.0029241922311484814
2301463  0.0029222629964351654
2301309  0.002921976847574115
2301488  0.0029212322551757097
2301551  0.002919169142842293
2301359  0.0029163863509893417
2301506  0.0029154489748179913
2301546  0.0029145260341465473
2301326  0.002914491342380643
2301342  0.0029128235764801502
2301554  0.002912200288847089
2301393  0.002912078518420458
2301485  0.0029111718758940697
2301319  0.0029092305339872837
2301401  0.0029081532265990973
2301383  0.00290793739259243
2301410  0.00290482840500772
2301389  0.002903649117797613
2301349  0.002902380656450987
2301418  0.002902180654928088
2301316  0.0029005391988903284
2301402  0.0028983308002352715
2301552  0.00289774383418262
2302189  0.002892346354201436
2301499  0.0028908136300742626
2301476  0.0028903300408273935
2301329  0.002888148184865713
2301344  0.0028863679617643356
2301337  0.0028863472398370504
2301358  0.002883735578507185
2301355  0.002882612869143486
2301400  0.0028818920254707336
2301470  0.0028795853722840548
2301345  0.0028787325136363506
2302033  0.0028756738174706697
2301315  0.002874719677492976
2301458  0.0028745830059051514
2301948  0.002871476346626878
2301457  0.0028706819284707308
2301419  0.002869583433493972
2301381  0.0028667482547461987
2301549  0.0028659128583967686
2301550  0.002865899121388793
2301945  0.0028632446192204952
2301557  0.0028561956714838743
2301940  0.0028552073054015636
2301356  0.0028544687665998936
2301968  0.0028516349848359823
2301335  0.0028438614681363106
2301943  0.0028433664701879025
2301333  0.0028405289631336927
2301555  0.002840184373781085
2301963  0.002837773645296693
2302045  0.002835062565281987
2301334  0.002830834360793233
2301939  0.002830472541972995
2301988  0.002828498836606741
2302188  0.002826447132974863
2302049  0.0028250603936612606
2301944  0.0028198424261063337
2301856  0.002817936707288027
2302032  0.0028169627767056227
2301867  0.0028120148926973343
2302160  0.002807659562677145
2302161  0.0028045359067618847
2302034  0.0028014718554913998
2302018  0.0027955223340541124
2301868  0.0027942543383687735
2301870  0.002793992403894663
2301928  0.002791580744087696
2301938  0.0027900428976863623
2301862  0.0027899022679775953
2301863  0.0027875483501702547
2301999  0.0027868396136909723
2302169  0.002784659154713154
2302009  0.002784165320917964
2301926  0.002782693598419428
2302170  0.0027825068682432175
2302028  0.002782342955470085
2301930  0.002780734561383724
2301895  0.0027784439735114574
2302010  0.0027783859986811876
2302163  0.002774667926132679
2301906  0.0027742350939661264
2302021  0.0027737142518162727
2301927  0.0027730707079172134
2302035  0.0027722215745598078
2302166  0.0027719023637473583
2302031  0.0027704068925231695
2302029  0.002769912825897336
2302184  0.002769394079223275
2302044  0.0027689028065651655
2302183  0.002768684411421418
2301871  0.002768239239230752
2302171  0.0027675314340740442
2302071  0.0027667656540870667
2302174  0.0027660708874464035
2302027  0.0027650503907352686
2301934  0.0027643628418445587
2302168  0.0027628974057734013
2302164  0.0027620829641819
2302037  0.0027604957576841116
2301929  0.0027586754877120256
2301936  0.0027570573147386312
2301874  0.0027560689486563206
2302058  0.002755124121904373
2301937  0.0027533024549484253
2302007  0.0027503948658704758
2302002  0.0027489420026540756
2301884  0.002747940830886364
2301916  0.002743741497397423
2301924  0.0027407058514654636
2302030  0.0027367742732167244
2302026  0.0027340203523635864
2302067  0.0027309951838105917
2302185  0.002730380045250058
2302182  0.0027224684599786997
2301931  0.0027178828604519367
2301857  0.0027168879751116037
2302186  0.0027146264910697937
2302187  0.0027113573160022497
2301881  0.0027092425152659416
2301880  0.002703641075640917
2301875  0.0026891168672591448
1503769  0.002441409509629011
1001556  0.0023920689709484577
1001501  0.0023853941820561886
1001542  0.002382078440859914
1001323  0.002379627665504813
1001525  0.002378081902861595
1001557  0.0023710355162620544
1503768  0.0023708301596343517
1001558  0.002370404079556465
1001589  0.0023611350916326046
1001539  0.002360275946557522
1001590  0.0023599446285516024
1001541  0.0023578843101859093
1001596  0.0023568931501358747
1001489  0.002350707771256566
1001587  0.0023502649273723364
1001559  0.0023417805787175894
1001598  0.0023324470967054367
1001331  0.0023308906238526106
1001574  0.002328093396499753
1001348  0.002327709225937724
1001328  0.0023275110870599747
1001329  0.0023268978111445904
1001341  0.0023268612567335367
1001332  0.0023262060713022947
1201535  0.002324762288480997
1204074  0.0023243220057338476
1206174  0.002323257504031062
1206166  0.0023219736758619547
1203043  0.0023207003250718117
1001327  0.0023203438613563776
1001573  0.0023199915885925293
1001583  0.002319695893675089
1001347  0.002319528255611658
1001591  0.002315836725756526
1001594  0.002313748700544238
1001453  0.0023046822752803564
1001344  0.002304334659129381
1001580  0.0023040452506393194
1001346  0.0023038634099066257
1206150  0.0023031062446534634
1001324  0.0023024564143270254
1001577  0.00230046478100121
1001448  0.0022973280865699053
1001579  0.002295872662216425
1001478  0.0022957036271691322
1001342  0.0022954982705414295
1001578  0.0022942328359931707
1403735  0.0022940963972359896
1001568  0.0022940472699701786
1200029  0.002293167868629098
1001593  0.0022929497063159943
1403703  0.0022921806667000055
1001560  0.002291533164680004
1001592  0.0022911864798516035
1206142  0.002290920587256551
1001333  0.0022905271034687757
1206158  0.0022900900803506374
1001569  0.0022900421172380447
1205103  0.0022896435111761093
1503742  0.0022877478040754795
1303789  0.0022873091511428356
1001339  0.0022819985169917345
1001351  0.00228055939078331
1001442  0.0022796406410634518
1303775  0.0022794334217906
1001584  0.0022757775150239468
1003487  0.002274515340104699
1001586  0.0022728301119059324
1001343  0.002270124154165387
1001334  0.0022676512598991394
1303791  0.0022661013063043356
1001338  0.002262079156935215
1001326  0.0022607173305004835
1403738  0.0022603031247854233
1001444  0.002254678402096033
1403736  0.0022460620384663343
1001337  0.0022444811183959246
1001336  0.002216385444626212
