1001541  0.8737563490867615
1001178  0.044265858829021454
1001542  0.011327593587338924
1001539  0.006003180518746376
1001559  0.00597718171775341
1001489  0.005673764273524284
1001586  0.00566603010520339
1001578  0.005643896292895079
1001453  0.005625501740723848
1001589  0.005526853259652853
1001583  0.005511422175914049
1001598  0.005330759100615978
1001569  0.0052896118722856045
1001444  0.005248654168099165
1001580  0.0052477228455245495
1001478  0.005240956321358681
1001591  0.005238334648311138
1001448  0.005193328019231558
1001556  0.005164231639355421
1001560  0.005162548739463091
1001274  0.005144838709384203
1001525  0.005140605848282576
1001577  0.005137031897902489
1001594  0.005127040669322014
1001579  0.005108038429170847
1001501  0.005091026425361633
1001590  0.005089038982987404
1001593  0.0050763632170856
1001573  0.0050718276761472225
1001557  0.005029224790632725
1000942  0.005006254184991121
1001282  0.004999313969165087
1700181  0.004996852483600378
2302217  0.004993944428861141
1001587  0.00498785637319088
2301773  0.004985121078789234
1001568  0.00497451750561595
1001592  0.004922220949083567
1001584  0.004919823259115219
1000923  0.004871153272688389
1001291  0.004861593246459961
2301594  0.004860559944063425
2300723  0.004848450422286987
2301934  0.004839676432311535
1700172  0.00482145044952631
2300879  0.004821272101253271
1001442  0.004820453468710184
1001272  0.004808520432561636
2500331  0.004763339646160603
1001574  0.004759627394378185
1001259  0.004756549838930368
1001283  0.004753532353788614
1000940  0.004749714862555265
1403703  0.004737704060971737
1700184  0.00473066559061408
1700144  0.004723174963146448
1001558  0.004691108595579863
1001247  0.004682060331106186
1001596  0.004670825321227312
2301554  0.0046690767630934715
1001332  0.004654937423765659
2500740  0.004649256821721792
2300741  0.004618273116648197
2500191  0.004612469580024481
2300771  0.004608997143805027
2301840  0.004599169362336397
2300496  0.004598315805196762
1001267  0.004583698697388172
2300951  0.004581447225064039
1403735  0.0045762332156300545
2300649  0.004575903061777353
2302208  0.004573775455355644
2500540  0.004570528399199247
1000905  0.004562146961688995
2300338  0.004560971166938543
2301354  0.004547937773168087
1403738  0.004546957556158304
1001276  0.004540487192571163
1001248  0.004539862275123596
1000922  0.004538718145340681
2300672  0.004538190551102161
2301356  0.004525331314653158
2500654  0.00452377600595355
2302021  0.004520708695054054
1000948  0.0045200372114777565
1001262  0.0045188977383077145
2301786  0.0045180246233940125
2301389  0.00451695267111063
1001269  0.00451631611213088
2300369  0.0045072841458022594
2301562  0.00450239609926939
1001227  0.004498770926147699
2302160  0.004496313165873289
2500251  0.004492660518735647
2300233  0.004491760861128569
1000933  0.004488207865506411
2500751  0.004480976145714521
2300240  0.004480486735701561
2301400  0.004472694359719753
2302216  0.004471070598810911
2300986  0.004468197468668222
2500624  0.004467198625206947
2301575  0.004467018414288759
2300344  0.004466723650693893
2300686  0.004466151352971792
2500583  0.004464824218302965
2302225  0.004463798366487026
1001328  0.004461144097149372
2301591  0.004460976924747229
1001260  0.004453359637409449
2302031  0.004453123081475496
2301770  0.004452230874449015
1001249  0.004451793618500233
2300374  0.0044514150358736515
1700177  0.00445055915042758
1000849  0.004447528626769781
2301805  0.004447427578270435
1001292  0.004446011036634445
2500594  0.004440756514668465
2300341  0.004438895732164383
2300635  0.004437447991222143
2500245  0.0044367508962750435
1000945  0.004436401184648275
2301237  0.0044340998865664005
2301244  0.0044338577426970005
2500667  0.0044274297542870045
1001343  0.004425812046974897
2301470  0.0044236211106181145
1700192  0.004418651107698679
2300225  0.0044157300144433975
2302026  0.004412153270095587
2300250  0.004405936226248741
1700205  0.00439894525334239
2301785  0.004398239776492119
2301988  0.00439774664118886
2500561  0.004393662791699171
2301855  0.004393043462187052
1000926  0.0043902830220758915
1001273  0.004390085116028786
2500232  0.004388539120554924
2301747  0.004388130269944668
1700193  0.0043844198808074
2500197  0.004384215455502272
2300402  0.004383056424558163
2300985  0.004378391895443201
2301325  0.004377593751996756
2302027  0.00437717791646719
2500670  0.004376365337520838
2300437  0.004376263357698917
2301460  0.0043739499524235725
2500212  0.004373347386717796
2301549  0.0043732644990086555
2301789  0.004370564129203558
2301590  0.004369597416371107
2301766  0.004369524773210287
1700217  0.0043684919364750385
2300498  0.004367623012512922
1700196  0.004366636276245117
2301930  0.004363883752375841
2500627  0.004357083700597286
1700199  0.004355610813945532
2302028  0.004354730248451233
1001333  0.004348721820861101
2301506  0.004348695278167725
2301365  0.004347857087850571
2300505  0.004345451015979052
2300413  0.0043440707959234715
2301748  0.00434400700032711
2301768  0.0043439799919724464
2300337  0.004342112224549055
2500584  0.004341401159763336
2301297  0.004338050726801157
1206166  0.004337622318416834
1000906  0.0043338593095541
2300790  0.004332108423113823
2500214  0.004325835965573788
2301842  0.0043251090683043
2301262  0.0043233782052993774
2301333  0.004321627784520388
2500748  0.004320515785366297
2301454  0.004320080857723951
2302239  0.004319921135902405
2301812  0.004317948594689369
1700198  0.004316970705986023
2301304  0.004315644968301058
2500545  0.00431550107896328
2301576  0.004315323196351528
2500238  0.004315138794481754
2300339  0.0043137273751199245
2301816  0.004312619566917419
2301337  0.004308644682168961
2500626  0.004306327551603317
2301303  0.004302986431866884
2301863  0.004301803186535835
2300212  0.0042992145754396915
1503771  0.004298481624573469
2300436  0.004297198262065649
1001334  0.004293461795896292
2300226  0.004292954690754414
2300209  0.004289945121854544
2300349  0.004289521370083094
2201087  0.00428898585960269
2301367  0.004288495052605867
2500219  0.004287055693566799
2300407  0.0042849271558225155
2301776  0.0042847380973398685
2300328  0.004283991642296314
2301239  0.0042837802320718765
2300935  0.004283043555915356
2301232  0.004281024914234877
1700180  0.004280772991478443
2301240  0.004277834668755531
1001240  0.004274087026715279
2500541  0.004272283520549536
2500223  0.004271362442523241
2300493  0.0042691160924732685
2300398  0.004268834367394447
2500597  0.0042675514705479145
2301459  0.0042670974507927895
2301827  0.004266570787876844
2300713  0.004265150986611843
2500665  0.00426441989839077
2302018  0.004262881353497505
2500208  0.004260495770722628
2302010  0.00425684405490756
1001348  0.0042546819895505905
1700197  0.004254491999745369
2300670  0.004252965096384287
2300237  0.004249566234648228
1200029  0.0042481618002057076
2301777  0.004245862830430269
1001338  0.004240866284817457
2301393  0.004240763373672962
1001346  0.004240084905177355
2300905  0.004238935653120279
2300433  0.004237609449774027
2300235  0.004237514920532703
2300910  0.004235328175127506
2300451  0.004235272295773029
2301402  0.004234905820339918
1700147  0.0042341602966189384
2300728  0.004233542829751968
1001155  0.0042326985858380795
2300327  0.004230089019984007
2300345  0.004229247570037842
2500570  0.004227159544825554
2500664  0.004226673860102892
1700216  0.004225700628012419
2500532  0.004225666634738445
2301874  0.004224805627018213
1403736  0.0042245229706168175
2500586  0.004220103845000267
2500562  0.0042198337614536285
1700191  0.0042198216542601585
2301327  0.004219437018036842
2500549  0.004218721762299538
2300994  0.0042176321148872375
1700133  0.004217442125082016
1700183  0.0042168209329247475
2301359  0.004216567147523165
2301381  0.004216336645185947
2301315  0.004215595778077841
2301349  0.004212916828691959
1001177  0.004211918450891972
2300990  0.004211746621876955
1001265  0.0042115203104913235
2301824  0.004207518883049488
2301555  0.004207185469567776
2500745  0.004207023419439793
2300518  0.004206364043056965
2400036  0.004205289762467146
2300973  0.004202361684292555
1700203  0.00420100474730134
2301458  0.004198865033686161
2301943  0.004197212867438793
2301749  0.004195162560790777
2301820  0.004195052664726973
2301488  0.004194879438728094
1001351  0.004193433560431004
2300370  0.0041928598657250404
2300711  0.004192625172436237
2300323  0.004191008862107992
1303775  0.004190382082015276
2302164  0.004190121311694384
2301378  0.004189395345747471
2500635  0.004189023282378912
2301801  0.004188339225947857
2300483  0.004187567625194788
2302174  0.004184899851679802
2500194  0.004183539189398289
2300989  0.004182806238532066
2301731  0.004179990850389004
2300960  0.004176074173301458
2302035  0.004175707697868347
2500230  0.004174374975264072
1001241  0.004172914661467075
2500550  0.004172693006694317
2300343  0.004171672277152538
2300719  0.004171420820057392
2301309  0.004171214997768402
2301499  0.004170604981482029
2301552  0.004169791005551815
2300452  0.004167599603533745
2301755  0.0041666715405881405
2301999  0.004165696445852518
2300475  0.004164636135101318
2500634  0.004163910634815693
2301373  0.004160516895353794
1700150  0.004159440286457539
2301968  0.004159262869507074
2301357  0.004159221425652504
2300526  0.0041585140861570835
1001157  0.004158361814916134
2302171  0.00415794737637043
2300673  0.004157606046646833
2500217  0.00415722094476223
2500198  0.004156340379267931
2300448  0.004154901951551437
2300217  0.0041484711691737175
2500661  0.004143926780670881
2301787  0.0041434625163674355
2301585  0.004140693228691816
2500655  0.004140026401728392
2300708  0.0041398475877940655
2301853  0.004135874565690756
1000924  0.004135646857321262
2301810  0.004134276416152716
2300213  0.004134017042815685
2300474  0.004133420530706644
2300681  0.004132647067308426
2301781  0.004132615868002176
2500633  0.0041297064162790775
2500587  0.0041290041990578175
2300732  0.0041286456398665905
2300978  0.004126072395592928
2500614  0.004125840961933136
2301815  0.004123547580093145
2301880  0.0041226958855986595
2301358  0.0041212355718016624
2301948  0.0041209496557712555
2300340  0.004120838362723589
2500530  0.004120818804949522
2301300  0.00412049749866128
2301928  0.00411966210231185
2302188  0.004119198769330978
2300229  0.004118582233786583
2300528  0.004117569420486689
2500213  0.004114999435842037
2500754  0.004114133771508932
2300702  0.004114125855267048
2301762  0.004113861825317144
2400033  0.004112303256988525
2500592  0.004110364709049463
2300685  0.004110329318791628
2300714  0.004109992180019617
1001258  0.0041086021810770035
2301370  0.004107031971216202
2500628  0.004105160012841225
1000907  0.004104542545974255
2300745  0.004104224499315023
2300530  0.004103982821106911
2500239  0.004103255923837423
2301697  0.004102379083633423
2400039  0.004101208411157131
2500749  0.0041010743007063866
2301832  0.004100823309272528
2400056  0.004099483136087656
2301584  0.004099035635590553
2500591  0.0040987650863826275
2301813  0.0040980177000164986
2300326  0.004096007905900478
1000934  0.004094129428267479
1206150  0.004094076808542013
2300684  0.004093011375516653
2301345  0.004091812763363123
2500642  0.004091431852430105
1001129  0.0040906271897256374
2301846  0.004090518224984407
1000954  0.004089358728379011
1700194  0.004089258145540953
1001319  0.004088211338967085
2300703  0.0040877205319702625
2301927  0.004084902815520763
2301509  0.004081412218511105
2301236  0.004081032704561949
2301788  0.004079985897988081
2500741  0.004076805897057056
1700155  0.004075618926435709
2500615  0.004072355572134256
1700151  0.004069068934768438
1503768  0.004068757873028517
2300669  0.0040685259737074375
2302009  0.004065964836627245
2301742  0.004060658160597086
2301484  0.004060124047100544
1700195  0.0040586357936263084
2301867  0.004055037163197994
2302307  0.004054253455251455
2300421  0.004050929564982653
2500739  0.004050760064274073
2301825  0.004050638992339373
2500202  0.004048842471092939
2500743  0.004047312308102846
2500559  0.004046862944960594
2300756  0.004045882727950811
2302044  0.004044745117425919
1700146  0.0040445453487336636
2300368  0.004042991902679205
1700094  0.004042333457618952
2301241  0.004041523206979036
2300234  0.004040013067424297
2300236  0.00403972715139389
2301746  0.004039646591991186
2500578  0.004039214923977852
1700132  0.0040364633314311504
2300216  0.004036257974803448
2500215  0.004035711754113436
2301308  0.004035064019262791
2302163  0.004034776706248522
2500544  0.00403440510854125
2302166  0.004034304991364479
2301741  0.004033650271594524
2500663  0.004031170159578323
2500177  0.0040302760899066925
2300946  0.004029518458992243
2300445  0.004029089584946632
2302169  0.004028856288641691
1001253  0.004028724040836096
2301550  0.004027387127280235
2300742  0.004026358015835285
2302030  0.004025063943117857
1206142  0.004024331457912922
2302207  0.004024235997349024
2300674  0.0040237316861748695
2302193  0.0040193465538322926
2300214  0.004019031301140785
2300700  0.00401848740875721
2500611  0.004017479717731476
2500595  0.004014617297798395
2301945  0.004014371428638697
1001327  0.004013889003545046
2500332  0.004013883415609598
1001246  0.004012842196971178
2302170  0.0040113008581101894
2300716  0.004010937176644802
2300697  0.004009721800684929
2500581  0.00400945357978344
1001252  0.004008977208286524
2400030  0.004008469171822071
1700174  0.004007543902844191
2301686  0.00400744890794158
2301771  0.0040073879063129425
2301761  0.004007336217910051
1001277  0.004007028415799141
2300439  0.0040044523775577545
2301335  0.004003317095339298
2302185  0.004002583213150501
2500601  0.004001239780336618
2301379  0.0039998809807002544
2500233  0.003997837658971548
1001326  0.003997765481472015
2301926  0.003996411804109812
2302211  0.0039941673167049885
2301546  0.0039940569549798965
2300707  0.003993825521320105
2301780  0.003993634134531021
2500220  0.003993125632405281
2301929  0.003992293495684862
2300948  0.003992268815636635
1700187  0.003992253448814154
2302032  0.0039902254939079285
2500598  0.003986770287156105
1700207  0.003985083196312189
1303791  0.003984661307185888
2301939  0.003983490169048309
2302182  0.003981422632932663
2301438  0.003979016561061144
2300517  0.003977419808506966
2301570  0.0039732265286147594
1001278  0.003971685189753771
2500195  0.003970540128648281
2500637  0.003969723358750343
2400047  0.003969469107687473
2300324  0.003966693300753832
2302045  0.003964911215007305
1700176  0.003964801784604788
1001243  0.003964658826589584
1001264  0.003964278846979141
2400042  0.003962938208132982
1201535  0.003962718416005373
2500554  0.003962635062634945
2301410  0.003958293702453375
2500531  0.003955839201807976
1000913  0.003954790998250246
2301564  0.0039532361552119255
2301348  0.003952019847929478
2301301  0.003949732054024935
2301936  0.003949657082557678
2300682  0.003948211204260588
1001293  0.003947288729250431
2500533  0.003946368116885424
2302049  0.0039452421478927135
2301578  0.003944071009755135
1206158  0.003942754119634628
2301563  0.0039420840330421925
2500403  0.003941516857594252
2300460  0.003940491005778313
2300202  0.003937605768442154
1001331  0.003936816938221455
2302288  0.003936307970434427
2301821  0.003932484891265631
2301344  0.003928040154278278
1001323  0.003927538637071848
1001268  0.003927107434719801
2500631  0.003926672972738743
2300416  0.003924323711544275
2301916  0.0039241076447069645
2500231  0.003923481330275536
2300765  0.00392170762643218
2500241  0.003918746951967478
2301463  0.003917565569281578
2500242  0.0039175283163785934
2301418  0.003917397931218147
2500221  0.003916343208402395
2300511  0.003914959263056517
2301329  0.003912715706974268
2500623  0.003912206273525953
2302187  0.003912104293704033
2301346  0.003911860752850771
2301884  0.003911567386239767
1206174  0.003910876344889402
1001322  0.003908959683030844
1001132  0.003908421378582716
2300729  0.00390831520780921
2301700  0.003906534053385258
2300906  0.0039055191446095705
2301294  0.003905212739482522
2301690  0.003904445096850395
2300432  0.0039040774572640657
2301580  0.0039036236703395844
2300494  0.003903330536559224
2300346  0.00390228140167892
2500612  0.0039008990861475468
2300325  0.0039000986143946648
2302034  0.0038994315546005964
2301804  0.0038957830984145403
2301326  0.00389574421569705
2301847  0.0038950559683144093
2301767  0.003892902983352542
1001341  0.003889526007696986
1203043  0.0038867448456585407
2500736  0.003886329708620906
2302037  0.0038860379718244076
2301482  0.0038856465835124254
2301485  0.003879258641973138
2301372  0.0038779114838689566
2301871  0.0038758402224630117
2500200  0.0038747393991798162
2301307  0.0038716504350304604
1503769  0.003871422726660967
2300974  0.0038710860535502434
2300975  0.003870937041938305
2300355  0.003869841108098626
2302221  0.0038695158436894417
2300704  0.003867560997605324
2500657  0.0038661707658320665
2500742  0.0038657370023429394
2302186  0.0038652338553220034
2301383  0.003860276658087969
2300722  0.003859627293422818
2301779  0.0038589804898947477
2300417  0.003857224714010954
2300468  0.003856973722577095
1001337  0.0038548288866877556
2300434  0.003854101989418268
2500638  0.003848633961752057
2300904  0.0038483559619635344
2301848  0.003847727319225669
2302002  0.0038470912259072065
1001146  0.0038468758575618267
1303789  0.003838807577267289
2301937  0.0038359202444553375
2301683  0.0038327621296048164
2302209  0.0038326072972267866
2500582  0.003831786336377263
2301401  0.0038311348762363195
2302168  0.0038292810786515474
2301931  0.003828147891908884
2500240  0.003827731590718031
2500551  0.0038276261184364557
2500235  0.0038275187835097313
2301343  0.0038272803649306297
2301881  0.00382707710377872
2301854  0.0038260282017290592
2500564  0.00382510875351727
2301561  0.0038216833490878344
2300424  0.0038198973052203655
2301231  0.00381926610134542
2500737  0.0038178691174834967
2301557  0.003817448392510414
1001324  0.003815197153016925
1001329  0.00381365860812366
2500546  0.0038126353174448013
1700173  0.0038120050448924303
2500229  0.003805318381637335
2301868  0.003805154003202915
1700134  0.0038041688967496157
2300450  0.00380403152666986
2300968  0.00380382570438087
2300444  0.003803328610956669
2302067  0.003803035942837596
1700186  0.003799238707870245
2302291  0.0037969762925058603
2302058  0.0037952540442347527
2300412  0.003794239368289709
2500744  0.003794013988226652
1204074  0.003793958341702819
2301944  0.0037931527476757765
2301456  0.003792976262047887
2301316  0.0037919150199741125
2301551  0.0037915727589279413
2302029  0.003789617447182536
2301757  0.003789129201322794
2300455  0.003788726171478629
1001255  0.0037845426704734564
2500222  0.0037842746824026108
2300984  0.0037834567483514547
2301369  0.003782739629969001
2301862  0.003781402949243784
2300979  0.0037801116704940796
1700167  0.003779265796765685
2300506  0.0037784527521580458
2301795  0.003776256460696459
2500537  0.0037758639082312584
2300734  0.0037722187116742134
2300497  0.0037719716783612967
2500193  0.003770391456782818
2300375  0.0037688319571316242
2300597  0.0037682573311030865
2302184  0.0037666766438633204
2300461  0.0037654386833310127
2301754  0.003764964872971177
2500269  0.003764079650864005
1700182  0.003762604435905814
2300449  0.0037605767138302326
2301548  0.0037600051146000624
2301437  0.003759480081498623
1001238  0.0037593799643218517
2301457  0.003759284969419241
2301334  0.0037573000881820917
1001245  0.003756752237677574
2301756  0.003755690297111869
2301371  0.003752977354452014
1001135  0.003749559400603175
2301906  0.0037462497130036354
2301778  0.0037452694959938526
2500590  0.0037451626267284155
2301793  0.003744990099221468
2300509  0.003744333516806364
2500226  0.0037405111361294985
1001339  0.003740171669051051
2301233  0.003736504353582859
2400053  0.003736440557986498
2301293  0.0037360272835940123
2301835  0.003735663602128625
2300361  0.0037352871149778366
2301800  0.003732968820258975
2301390  0.003732876619324088
2500596  0.003732699202373624
2500236  0.003732679644599557
1700178  0.00372970849275589
1001320  0.003727432806044817
2500588  0.003727329894900322
2500746  0.0037272751796990633
1700131  0.0037269422318786383
1000925  0.0037268642336130142
2500535  0.003725920571014285
2301476  0.0037251811008900404
2302161  0.003721153363585472
2300462  0.0037199535872787237
2300426  0.0037194443866610527
2400050  0.003716423874720931
2301360  0.003713533515110612
2500656  0.003713004058226943
1001344  0.003711142111569643
2300642  0.0037110554985702038
2500237  0.0037065520882606506
2301811  0.0037063672207295895
2500563  0.0037057281006127596
2500218  0.00370032899081707
2301355  0.0036997206043452024
2300740  0.0036995469126850367
2300717  0.0036964002065360546
2500747  0.003694233950227499
2301571  0.0036844906862825155
2500234  0.0036813952028751373
2300471  0.0036795593332499266
2302212  0.0036765416152775288
2301565  0.0036748216953128576
2300232  0.0036714677698910236
2301857  0.0036664719227701426
2500653  0.003664882155135274
2301830  0.003662617178633809
1700179  0.0036560562439262867
2301875  0.0036533076781779528
2301940  0.0036522336304187775
2300931  0.0036478149704635143
1001342  0.003647090634331107
2300796  0.0036429378669708967
2500613  0.0036426279693841934
2302033  0.003642262890934944
2500538  0.0036412246990948915
1001321  0.003638864029198885
2300463  0.0036384821869432926
2300522  0.0036371874157339334
2300510  0.0036335813347250223
2301238  0.003632750827819109
2300227  0.003627573372796178
2500659  0.0036264583468437195
2301419  0.0036261880304664373
2301366  0.0036232690326869488
2500196  0.003620572155341506
2300203  0.0036110018845647573
2301895  0.003608737839385867
1001347  0.0036085168831050396
2300698  0.003601971548050642
2302071  0.0036003959830850363
2500178  0.0035931996535509825
2500216  0.003586421487852931
1503742  0.0035809031687676907
2300964  0.0035712826065719128
2301740  0.003568394109606743
2300470  0.0035668194759637117
2300334  0.003563318168744445
2302007  0.0035577150993049145
2302183  0.0035568445455282927
2500662  0.00355625175870955
2500211  0.0035537632647901773
2500224  0.003550693392753601
2300504  0.0035497890785336494
1001336  0.0035454132594168186
2300533  0.0035424884408712387
1001254  0.003539577592164278
2301924  0.003536874195560813
2300604  0.0035332324914634228
2500568  0.0035319116432219744
2500629  0.00352685060352087
2301831  0.0035194812808185816
2301796  0.003508839523419738
1700154  0.003499796148389578
2301870  0.003497121389955282
2301856  0.0034749149344861507
2300781  0.0034623194951564074
2300435  0.003456245409324765
2301803  0.003426790703088045
2300420  0.00342431478202343
2300410  0.003421388566493988
2500660  0.003420931287109852
2301342  0.0034184905234724283
2300322  0.0034158143680542707
2301938  0.003405812196433544
2302201  0.0033936547115445137
1205103  0.0033890213817358017
2301324  0.0033787330612540245
1600035  0.003343830117955804
2301254  0.003342848038300872
2300488  0.0033386757131665945
2500555  0.0033352135214954615
2300440  0.0033260441850870848
2302189  0.0033094435930252075
1000889  0.003279707860201597
2301963  0.0032784612849354744
2301388  0.003241218626499176
2301319  0.0032210450153797865
2302237  0.003191547002643347
1000897  0.0030999253503978252
1600166  0.0028139357455074787
1600165  0.0027828060556203127
1600037  0.002752637257799506
1600036  0.002718054922297597
1000898  0.002629323396831751
1000887  0.002524374984204769
1000256  0.002274337923154235
1000237  0.002202850067988038
1000179  0.002126431791111827
1000141  0.0020606813486665487
1000160  0.0020131270866841078
1000198  0.0019579262007027864
1000277  0.0019485987722873688
1000288  0.0018934699473902583
1000115  0.0018676327308639884
1000218  0.0018508188659325242
1000285  0.0018477707635611296
1000128  0.001830719644203782
1000082  0.001804794417694211
1003487  0.0004897459875792265
