1001541  1.0
1001489  0.4854572996762096
1001501  0.4854572996762096
1001525  0.4854572996762096
1001539  0.4854572996762096
1001556  0.4854572996762096
1001557  0.4854572996762096
1001558  0.4854572996762096
1001559  0.4854572996762096
1001560  0.4854572996762096
1001568  0.4854572996762096
1001569  0.4854572996762096
1001573  0.4854572996762096
1001574  0.4854572996762096
1001577  0.4854572996762096
1001578  0.4854572996762096
1001579  0.4854572996762096
1001580  0.4854572996762096
1001583  0.4854572996762096
1001584  0.4854572996762096
1001586  0.4854572996762096
1001587  0.4854572996762096
1001589  0.4854572996762096
1001590  0.4854572996762096
1001591  0.4854572996762096
1001592  0.4854572996762096
1001593  0.4854572996762096
1001594  0.4854572996762096
1001596  0.4854572996762096
1001598  0.4854572996762096
1001478  0.4846861199999799
1001442  0.48088460154178364
1001444  0.48088460154178364
1001448  0.48088460154178364
1001453  0.48088460154178364
1001245  0.43119560322573564
1001246  0.43119560322573564
1001247  0.43119560322573564
1001248  0.43119560322573564
1001249  0.43119560322573564
1001252  0.43119560322573564
1001253  0.43119560322573564
1001254  0.43119560322573564
1001255  0.43119560322573564
1001258  0.43119560322573564
1001259  0.43119560322573564
1001260  0.43119560322573564
1001262  0.43119560322573564
1001264  0.43119560322573564
1001265  0.43119560322573564
1001267  0.43119560322573564
1001268  0.43119560322573564
1001269  0.43119560322573564
1001272  0.43119560322573564
1001273  0.43119560322573564
1001274  0.43119560322573564
1001276  0.43119560322573564
1001277  0.43119560322573564
1001278  0.43119560322573564
1001282  0.43119560322573564
1001283  0.43119560322573564
1001291  0.43119560322573564
1001292  0.43119560322573564
1001293  0.43119560322573564
1001347  0.43119560322573564
1001348  0.43119560322573564
1001178  0.4103646773287979
1000905  0.35811948665834525
1000906  0.35811948665834525
1000907  0.35811948665834525
1000913  0.35811948665834525
1000922  0.35811948665834525
1000923  0.35811948665834525
1000924  0.35811948665834525
1000925  0.35811948665834525
1000926  0.35811948665834525
1000933  0.35811948665834525
1000934  0.35811948665834525
1000940  0.35811948665834525
1000942  0.35811948665834525
1000948  0.35811948665834525
1000954  0.35811948665834525
1206142  0.35811948665834525
1206150  0.35811948665834525
1403703  0.35811948665834525
1403735  0.35811948665834525
1403736  0.35811948665834525
1403738  0.35811948665834525
1206158  0.3571921148297534
1206166  0.3571921148297534
1503742  0.3571921148297534
1503768  0.3571921148297534
1503769  0.3571921148297534
1503771  0.3571921148297534
1000849  0.3520697357448815
1001227  0.3471615944174074
1001238  0.3471615944174074
1001240  0.3471615944174074
1001241  0.3471615944174074
1001243  0.3471615944174074
1001319  0.3471615944174074
1001320  0.3471615944174074
1001321  0.3471615944174074
1001322  0.3471615944174074
1001323  0.3471615944174074
1001324  0.3471615944174074
1001326  0.3471615944174074
1001327  0.3471615944174074
1001328  0.3471615944174074
1001329  0.3471615944174074
1001331  0.3471615944174074
1001332  0.3471615944174074
1001333  0.3471615944174074
1001334  0.3471615944174074
1001336  0.3471615944174074
1001337  0.3471615944174074
1001338  0.3471615944174074
1001339  0.3471615944174074
1001341  0.3471615944174074
1001342  0.3471615944174074
1001343  0.3471615944174074
1001344  0.3471615944174074
1001346  0.3471615944174074
1001351  0.3471615944174074
1206174  0.3471615944174074
1303775  0.3471615944174074
1303789  0.3471615944174074
1303791  0.3471615944174074
1001155  0.3438180661626266
1001157  0.3438180661626266
1001177  0.3438180661626266
1001132  0.3432701485775578
1001135  0.3432701485775578
1001146  0.3432701485775578
1001129  0.3429971702850177
1200029  0.32352373887877944
1201535  0.32352373887877944
1203043  0.32352373887877944
1204074  0.32352373887877944
1205103  0.32352373887877944
1000082  0.17375775800214582
1000115  0.17375775800214582
1000128  0.17375775800214582
1000141  0.17375775800214582
1000160  0.17375775800214582
1000179  0.17375775800214582
1000198  0.17375775800214582
1000218  0.17375775800214582
1000237  0.17375775800214582
1000256  0.17375775800214582
1000277  0.17375775800214582
1000285  0.17375775800214582
1000288  0.17375775800214582
1001542  0.1643989873053573
1000897  0.09708923757566053
1000898  0.09708923757566053
1000887  0.09630519321323068
1000889  0.09630519321323068
1000945  0.047091424034554505
1700131  0.033912921674035035
1700132  0.033912921674035035
1700133  0.033912921674035035
1700134  0.033912921674035035
1700094  0.02721151399483592
1700144  0.02721151399483592
1700146  0.02721151399483592
1700147  0.02721151399483592
1700150  0.02721151399483592
1700151  0.02721151399483592
1700154  0.02721151399483592
1700155  0.02721151399483592
1700167  0.02721151399483592
1700172  0.02721151399483592
1700173  0.02721151399483592
1700174  0.02721151399483592
1700176  0.02721151399483592
1700177  0.02721151399483592
1700178  0.02721151399483592
1700179  0.02721151399483592
1700180  0.02721151399483592
1700181  0.02721151399483592
1700182  0.02721151399483592
1700183  0.02721151399483592
1700184  0.02721151399483592
1700186  0.02721151399483592
1700187  0.02721151399483592
1700191  0.02721151399483592
1700192  0.02721151399483592
1700193  0.02721151399483592
1700194  0.02721151399483592
1700195  0.02721151399483592
1700196  0.02721151399483592
1700197  0.02721151399483592
1700198  0.02721151399483592
1700199  0.02721151399483592
1700203  0.02721151399483592
1700205  0.02721151399483592
1700207  0.02721151399483592
1700216  0.02721151399483592
1700217  0.02721151399483592
2201087  0.026846242208560973
2300202  0.026846242208560973
2300203  0.026846242208560973
2300209  0.026846242208560973
2300212  0.026846242208560973
2300213  0.026846242208560973
2300214  0.026846242208560973
2300216  0.026846242208560973
2300217  0.026846242208560973
2300225  0.026846242208560973
2300226  0.026846242208560973
2300227  0.026846242208560973
2300229  0.026846242208560973
2300232  0.026846242208560973
2300233  0.026846242208560973
2300234  0.026846242208560973
2300235  0.026846242208560973
2300236  0.026846242208560973
2300237  0.026846242208560973
2300240  0.026846242208560973
2300250  0.026846242208560973
2300322  0.026846242208560973
2300323  0.026846242208560973
2300324  0.026846242208560973
2300325  0.026846242208560973
2300326  0.026846242208560973
2300327  0.026846242208560973
2300328  0.026846242208560973
2300334  0.026846242208560973
2300337  0.026846242208560973
2300338  0.026846242208560973
2300339  0.026846242208560973
2300340  0.026846242208560973
2300341  0.026846242208560973
2300343  0.026846242208560973
2300344  0.026846242208560973
2300345  0.026846242208560973
2300346  0.026846242208560973
2300349  0.026846242208560973
2300355  0.026846242208560973
2300361  0.026846242208560973
2300368  0.026846242208560973
2300369  0.026846242208560973
2300370  0.026846242208560973
2300374  0.026846242208560973
2300375  0.026846242208560973
2300398  0.026846242208560973
2300402  0.026846242208560973
2300407  0.026846242208560973
2300410  0.026846242208560973
2300412  0.026846242208560973
2300413  0.026846242208560973
2300416  0.026846242208560973
2300417  0.026846242208560973
2300420  0.026846242208560973
2300421  0.026846242208560973
2300424  0.026846242208560973
2300426  0.026846242208560973
2300432  0.026846242208560973
2300433  0.026846242208560973
2300434  0.026846242208560973
2300435  0.026846242208560973
2300436  0.026846242208560973
2300437  0.026846242208560973
2300439  0.026846242208560973
2300440  0.026846242208560973
2300444  0.026846242208560973
2300445  0.026846242208560973
2300448  0.026846242208560973
2300449  0.026846242208560973
2300450  0.026846242208560973
2300451  0.026846242208560973
2300452  0.026846242208560973
2300455  0.026846242208560973
2300460  0.026846242208560973
2300461  0.026846242208560973
2300462  0.026846242208560973
2300463  0.026846242208560973
2300468  0.026846242208560973
2300470  0.026846242208560973
2300471  0.026846242208560973
2300474  0.026846242208560973
2300475  0.026846242208560973
2300483  0.026846242208560973
2300488  0.026846242208560973
2300493  0.026846242208560973
2300494  0.026846242208560973
2300496  0.026846242208560973
2300497  0.026846242208560973
2300498  0.026846242208560973
2300504  0.026846242208560973
2300505  0.026846242208560973
2300506  0.026846242208560973
2300509  0.026846242208560973
2300510  0.026846242208560973
2300511  0.026846242208560973
2300517  0.026846242208560973
2300518  0.026846242208560973
2300522  0.026846242208560973
2300526  0.026846242208560973
2300528  0.026846242208560973
2300530  0.026846242208560973
2300533  0.026846242208560973
2300597  0.026846242208560973
2300604  0.026846242208560973
2300635  0.026846242208560973
2300642  0.026846242208560973
2300649  0.026846242208560973
2300669  0.026846242208560973
2300670  0.026846242208560973
2300672  0.026846242208560973
2300673  0.026846242208560973
2300674  0.026846242208560973
2300681  0.026846242208560973
2300682  0.026846242208560973
2300684  0.026846242208560973
2300685  0.026846242208560973
2300686  0.026846242208560973
2300697  0.026846242208560973
2300698  0.026846242208560973
2300700  0.026846242208560973
2300702  0.026846242208560973
2300703  0.026846242208560973
2300704  0.026846242208560973
2300707  0.026846242208560973
2300708  0.026846242208560973
2300711  0.026846242208560973
2300713  0.026846242208560973
2300714  0.026846242208560973
2300716  0.026846242208560973
2300717  0.026846242208560973
2300719  0.026846242208560973
2300722  0.026846242208560973
2300723  0.026846242208560973
2300728  0.026846242208560973
2300729  0.026846242208560973
2300732  0.026846242208560973
2300734  0.026846242208560973
2300740  0.026846242208560973
2300741  0.026846242208560973
2300742  0.026846242208560973
2300745  0.026846242208560973
2300756  0.026846242208560973
2300765  0.026846242208560973
2300771  0.026846242208560973
2300781  0.026846242208560973
2300790  0.026846242208560973
2300796  0.026846242208560973
2300879  0.026846242208560973
2300904  0.026846242208560973
2300905  0.026846242208560973
2300906  0.026846242208560973
2300910  0.026846242208560973
2300931  0.026846242208560973
2300935  0.026846242208560973
2300946  0.026846242208560973
2300948  0.026846242208560973
2300951  0.026846242208560973
2300960  0.026846242208560973
2300964  0.026846242208560973
2300968  0.026846242208560973
2300973  0.026846242208560973
2300974  0.026846242208560973
2300975  0.026846242208560973
2300978  0.026846242208560973
2300979  0.026846242208560973
2300984  0.026846242208560973
2300985  0.026846242208560973
2300986  0.026846242208560973
2300989  0.026846242208560973
2300990  0.026846242208560973
2300994  0.026846242208560973
2301231  0.026846242208560973
2301232  0.026846242208560973
2301233  0.026846242208560973
2301236  0.026846242208560973
2301237  0.026846242208560973
2301238  0.026846242208560973
2301239  0.026846242208560973
2301240  0.026846242208560973
2301241  0.026846242208560973
2301244  0.026846242208560973
2301254  0.026846242208560973
2301262  0.026846242208560973
2301293  0.026846242208560973
2301294  0.026846242208560973
2301297  0.026846242208560973
2301300  0.026846242208560973
2301301  0.026846242208560973
2301303  0.026846242208560973
2301304  0.026846242208560973
2301307  0.026846242208560973
2301308  0.026846242208560973
2301309  0.026846242208560973
2301315  0.026846242208560973
2301316  0.026846242208560973
2301319  0.026846242208560973
2301324  0.026846242208560973
2301325  0.026846242208560973
2301326  0.026846242208560973
2301327  0.026846242208560973
2301329  0.026846242208560973
2301333  0.026846242208560973
2301334  0.026846242208560973
2301335  0.026846242208560973
2301337  0.026846242208560973
2301342  0.026846242208560973
2301343  0.026846242208560973
2301344  0.026846242208560973
2301345  0.026846242208560973
2301346  0.026846242208560973
2301348  0.026846242208560973
2301349  0.026846242208560973
2301354  0.026846242208560973
2301355  0.026846242208560973
2301356  0.026846242208560973
2301357  0.026846242208560973
2301358  0.026846242208560973
2301359  0.026846242208560973
2301360  0.026846242208560973
2301365  0.026846242208560973
2301366  0.026846242208560973
2301367  0.026846242208560973
2301369  0.026846242208560973
2301370  0.026846242208560973
2301371  0.026846242208560973
2301372  0.026846242208560973
2301373  0.026846242208560973
2301378  0.026846242208560973
2301379  0.026846242208560973
2301381  0.026846242208560973
2301383  0.026846242208560973
2301388  0.026846242208560973
2301389  0.026846242208560973
2301390  0.026846242208560973
2301393  0.026846242208560973
2301400  0.026846242208560973
2301401  0.026846242208560973
2301402  0.026846242208560973
2301410  0.026846242208560973
2301418  0.026846242208560973
2301419  0.026846242208560973
2301437  0.026846242208560973
2301438  0.026846242208560973
2301454  0.026846242208560973
2301456  0.026846242208560973
2301457  0.026846242208560973
2301458  0.026846242208560973
2301459  0.026846242208560973
2301460  0.026846242208560973
2301463  0.026846242208560973
2301470  0.026846242208560973
2301476  0.026846242208560973
2301482  0.026846242208560973
2301484  0.026846242208560973
2301485  0.026846242208560973
2301488  0.026846242208560973
2301499  0.026846242208560973
2301506  0.026846242208560973
2301509  0.026846242208560973
2301546  0.026846242208560973
2301548  0.026846242208560973
2301549  0.026846242208560973
2301550  0.026846242208560973
2301551  0.026846242208560973
2301552  0.026846242208560973
2301554  0.026846242208560973
2301555  0.026846242208560973
2301557  0.026846242208560973
2301561  0.026846242208560973
2301562  0.026846242208560973
2301563  0.026846242208560973
2301564  0.026846242208560973
2301565  0.026846242208560973
2301570  0.026846242208560973
2301571  0.026846242208560973
2301575  0.026846242208560973
2301576  0.026846242208560973
2301578  0.026846242208560973
2301580  0.026846242208560973
2301584  0.026846242208560973
2301585  0.026846242208560973
2301590  0.026846242208560973
2301591  0.026846242208560973
2301594  0.026846242208560973
2301683  0.026846242208560973
2301686  0.026846242208560973
2301690  0.026846242208560973
2301697  0.026846242208560973
2301700  0.026846242208560973
2301731  0.026846242208560973
2301740  0.026846242208560973
2301741  0.026846242208560973
2301742  0.026846242208560973
2301746  0.026846242208560973
2301747  0.026846242208560973
2301748  0.026846242208560973
2301749  0.026846242208560973
2301754  0.026846242208560973
2301755  0.026846242208560973
2301756  0.026846242208560973
2301757  0.026846242208560973
2301761  0.026846242208560973
2301762  0.026846242208560973
2301766  0.026846242208560973
2301767  0.026846242208560973
2301768  0.026846242208560973
2301770  0.026846242208560973
2301771  0.026846242208560973
2301773  0.026846242208560973
2301776  0.026846242208560973
2301777  0.026846242208560973
2301778  0.026846242208560973
2301779  0.026846242208560973
2301780  0.026846242208560973
2301781  0.026846242208560973
2301785  0.026846242208560973
2301786  0.026846242208560973
2301787  0.026846242208560973
2301788  0.026846242208560973
2301789  0.026846242208560973
2301793  0.026846242208560973
2301795  0.026846242208560973
2301796  0.026846242208560973
2301800  0.026846242208560973
2301801  0.026846242208560973
2301803  0.026846242208560973
2301804  0.026846242208560973
2301805  0.026846242208560973
2301810  0.026846242208560973
2301811  0.026846242208560973
2301812  0.026846242208560973
2301813  0.026846242208560973
2301815  0.026846242208560973
2301816  0.026846242208560973
2301820  0.026846242208560973
2301821  0.026846242208560973
2301824  0.026846242208560973
2301825  0.026846242208560973
2301827  0.026846242208560973
2301830  0.026846242208560973
2301831  0.026846242208560973
2301832  0.026846242208560973
2301835  0.026846242208560973
2301840  0.026846242208560973
2301842  0.026846242208560973
2301846  0.026846242208560973
2301847  0.026846242208560973
2301848  0.026846242208560973
2301853  0.026846242208560973
2301854  0.026846242208560973
2301855  0.026846242208560973
2301856  0.026846242208560973
2301857  0.026846242208560973
2301862  0.026846242208560973
2301863  0.026846242208560973
2301867  0.026846242208560973
2301868  0.026846242208560973
2301870  0.026846242208560973
2301871  0.026846242208560973
2301874  0.026846242208560973
2301875  0.026846242208560973
2301880  0.026846242208560973
2301881  0.026846242208560973
2301884  0.026846242208560973
2301895  0.026846242208560973
2301906  0.026846242208560973
2301916  0.026846242208560973
2301924  0.026846242208560973
2301926  0.026846242208560973
2301927  0.026846242208560973
2301928  0.026846242208560973
2301929  0.026846242208560973
2301930  0.026846242208560973
2301931  0.026846242208560973
2301934  0.026846242208560973
2301936  0.026846242208560973
2301937  0.026846242208560973
2301938  0.026846242208560973
2301939  0.026846242208560973
2301940  0.026846242208560973
2301943  0.026846242208560973
2301944  0.026846242208560973
2301945  0.026846242208560973
2301948  0.026846242208560973
2301963  0.026846242208560973
2301968  0.026846242208560973
2301988  0.026846242208560973
2301999  0.026846242208560973
2302002  0.026846242208560973
2302007  0.026846242208560973
2302009  0.026846242208560973
2302010  0.026846242208560973
2302018  0.026846242208560973
2302021  0.026846242208560973
2302026  0.026846242208560973
2302027  0.026846242208560973
2302028  0.026846242208560973
2302029  0.026846242208560973
2302030  0.026846242208560973
2302031  0.026846242208560973
2302032  0.026846242208560973
2302033  0.026846242208560973
2302034  0.026846242208560973
2302035  0.026846242208560973
2302037  0.026846242208560973
2302044  0.026846242208560973
2302045  0.026846242208560973
2302049  0.026846242208560973
2302058  0.026846242208560973
2302067  0.026846242208560973
2302071  0.026846242208560973
2302160  0.026846242208560973
2302161  0.026846242208560973
2302163  0.026846242208560973
2302164  0.026846242208560973
2302166  0.026846242208560973
2302168  0.026846242208560973
2302169  0.026846242208560973
2302170  0.026846242208560973
2302171  0.026846242208560973
2302174  0.026846242208560973
2302182  0.026846242208560973
2302183  0.026846242208560973
2302184  0.026846242208560973
2302185  0.026846242208560973
2302186  0.026846242208560973
2302187  0.026846242208560973
2302188  0.026846242208560973
2302189  0.026846242208560973
2302193  0.026846242208560973
2302201  0.026846242208560973
2302207  0.026846242208560973
2302208  0.026846242208560973
2302209  0.026846242208560973
2302211  0.026846242208560973
2302212  0.026846242208560973
2302216  0.026846242208560973
2302217  0.026846242208560973
2302221  0.026846242208560973
2302225  0.026846242208560973
2302237  0.026846242208560973
2302239  0.026846242208560973
2302288  0.026846242208560973
2302291  0.026846242208560973
2302307  0.026846242208560973
2400030  0.026846242208560973
2400033  0.026846242208560973
2400036  0.026846242208560973
2400039  0.026846242208560973
2400042  0.026846242208560973
2400047  0.026846242208560973
2400050  0.026846242208560973
2400053  0.026846242208560973
2400056  0.026846242208560973
2500177  0.026846242208560973
2500178  0.026846242208560973
2500191  0.026846242208560973
2500193  0.026846242208560973
2500194  0.026846242208560973
2500195  0.026846242208560973
2500196  0.026846242208560973
2500197  0.026846242208560973
2500198  0.026846242208560973
2500200  0.026846242208560973
2500202  0.026846242208560973
2500208  0.026846242208560973
2500211  0.026846242208560973
2500212  0.026846242208560973
2500213  0.026846242208560973
2500214  0.026846242208560973
2500215  0.026846242208560973
2500216  0.026846242208560973
2500217  0.026846242208560973
2500218  0.026846242208560973
2500219  0.026846242208560973
2500220  0.026846242208560973
2500221  0.026846242208560973
2500222  0.026846242208560973
2500223  0.026846242208560973
2500224  0.026846242208560973
2500226  0.026846242208560973
2500229  0.026846242208560973
2500230  0.026846242208560973
2500231  0.026846242208560973
2500232  0.026846242208560973
2500233  0.026846242208560973
2500234  0.026846242208560973
2500235  0.026846242208560973
2500236  0.026846242208560973
2500237  0.026846242208560973
2500238  0.026846242208560973
2500239  0.026846242208560973
2500240  0.026846242208560973
2500241  0.026846242208560973
2500242  0.026846242208560973
2500245  0.026846242208560973
2500251  0.026846242208560973
2500269  0.026846242208560973
2500331  0.026846242208560973
2500332  0.026846242208560973
2500403  0.026846242208560973
2500530  0.026846242208560973
2500531  0.026846242208560973
2500532  0.026846242208560973
2500533  0.026846242208560973
2500535  0.026846242208560973
2500537  0.026846242208560973
2500538  0.026846242208560973
2500540  0.026846242208560973
2500541  0.026846242208560973
2500544  0.026846242208560973
2500545  0.026846242208560973
2500546  0.026846242208560973
2500549  0.026846242208560973
2500550  0.026846242208560973
2500551  0.026846242208560973
2500554  0.026846242208560973
2500555  0.026846242208560973
2500559  0.026846242208560973
2500561  0.026846242208560973
2500562  0.026846242208560973
2500563  0.026846242208560973
2500564  0.026846242208560973
2500568  0.026846242208560973
2500570  0.026846242208560973
2500578  0.026846242208560973
2500581  0.026846242208560973
2500582  0.026846242208560973
2500583  0.026846242208560973
2500584  0.026846242208560973
2500586  0.026846242208560973
2500587  0.026846242208560973
2500588  0.026846242208560973
2500590  0.026846242208560973
2500591  0.026846242208560973
2500592  0.026846242208560973
2500594  0.026846242208560973
2500595  0.026846242208560973
2500596  0.026846242208560973
2500597  0.026846242208560973
2500598  0.026846242208560973
2500601  0.026846242208560973
2500611  0.026846242208560973
2500612  0.026846242208560973
2500613  0.026846242208560973
2500614  0.026846242208560973
2500615  0.026846242208560973
2500623  0.026846242208560973
2500624  0.026846242208560973
2500626  0.026846242208560973
2500627  0.026846242208560973
2500628  0.026846242208560973
2500629  0.026846242208560973
2500631  0.026846242208560973
2500633  0.026846242208560973
2500634  0.026846242208560973
2500635  0.026846242208560973
2500637  0.026846242208560973
2500638  0.026846242208560973
2500642  0.026846242208560973
2500653  0.026846242208560973
2500654  0.026846242208560973
2500655  0.026846242208560973
2500656  0.026846242208560973
2500657  0.026846242208560973
2500659  0.026846242208560973
2500660  0.026846242208560973
2500661  0.026846242208560973
2500662  0.026846242208560973
2500663  0.026846242208560973
2500664  0.026846242208560973
2500665  0.026846242208560973
2500667  0.026846242208560973
2500670  0.026846242208560973
2500736  0.026846242208560973
2500737  0.026846242208560973
2500739  0.026846242208560973
2500740  0.026846242208560973
2500741  0.026846242208560973
2500742  0.026846242208560973
2500743  0.026846242208560973
2500744  0.026846242208560973
2500745  0.026846242208560973
2500746  0.026846242208560973
2500747  0.026846242208560973
2500748  0.026846242208560973
2500749  0.026846242208560973
2500751  0.026846242208560973
2500754  0.026846242208560973
1600035  0.017458983197476834
1600036  0.017458983197476834
1600037  0.017458983197476834
1600165  0.017458983197476834
1600166  0.017458983197476834
1003487  0.010622980373352808
