6600084  0.9438982605934143
5700077  0.9435951709747314
6400077  0.9435716867446899
6300077  0.9435356855392456
5700082  0.9434356689453125
5800075  0.9434207677841187
6600075  0.9433603286743164
6500084  0.9433465003967285
5000080  0.9432327151298523
5600075  0.9431981444358826
6700080  0.9431380033493042
5700075  0.943057119846344
5700085  0.9430133104324341
6500080  0.9429528117179871
5600084  0.9429276585578918
5700086  0.9429237246513367
1900076  0.9428351521492004
6300076  0.9427955150604248
6500086  0.9427688121795654
5800079  0.9426605701446533
5000082  0.9426137208938599
5000075  0.9425925612449646
5600082  0.9425874352455139
6500085  0.9425760507583618
6600077  0.9425213932991028
6500079  0.9425053000450134
6600085  0.9424776434898376
5700084  0.9424348473548889
6400084  0.9422470927238464
7500074  0.9421768188476562
6600080  0.9420179724693298
6500082  0.9419993758201599
6300078  0.9419658184051514
6400076  0.9418808817863464
6700079  0.9418507814407349
6700084  0.9417546391487122
6300081  0.9417502284049988
5700076  0.9417490363121033
5800077  0.941643238067627
5600074  0.9416250586509705
5800083  0.941479504108429
6500081  0.9414692521095276
6700074  0.941283643245697
6600086  0.9412714242935181
6600074  0.9411925077438354
5800074  0.941123902797699
6600083  0.9410285353660583
5800081  0.9409818053245544
6500083  0.9409723877906799
1900080  0.9409192204475403
5700081  0.9408178925514221
1900081  0.9406922459602356
6400039  0.9406216740608215
5300044  0.9405792951583862
7500038  0.9403972625732422
1600039  0.9402841925621033
6100040  0.940230667591095
7500044  0.9402062892913818
3700040  0.9401895403862
5500039  0.9401853084564209
5600043  0.940185010433197
6700038  0.9401678442955017
2000044  0.9401624798774719
5300040  0.9401135444641113
7500042  0.9401116967201233
5600038  0.9401034712791443
1900045  0.9401025176048279
7100038  0.940093457698822
6100039  0.9400067329406738
8700073  0.9399893879890442
5800086  0.9399891495704651
6200040  0.9399668574333191
7300042  0.9399529099464417
7600039  0.9398759603500366
6100038  0.939821720123291
7300043  0.939782440662384
6200045  0.9397366642951965
5700044  0.939685583114624
7300044  0.9396674633026123
6000038  0.9396539926528931
7700040  0.9395926594734192
6500039  0.9395405650138855
7600037  0.9394778609275818
6400042  0.939463198184967
1400037  0.939418375492096
6700039  0.9393730759620667
6300043  0.9393665194511414
6200043  0.9393230676651001
7900039  0.9393045902252197
7700042  0.9392890334129333
6200041  0.9392670392990112
6400043  0.9392474889755249
7500043  0.9391913414001465
5600042  0.9391708374023438
5600039  0.9391418099403381
6000039  0.9391412734985352
7700045  0.9390667080879211
5900041  0.9390596747398376
7700038  0.9390414953231812
6700087  0.9389862418174744
6500043  0.9389791488647461
2000041  0.9389289617538452
6400041  0.9388661980628967
5900038  0.9388585090637207
4300041  0.9386952519416809
7700041  0.9386826753616333
7500037  0.9385837316513062
7100037  0.9384828209877014
5900045  0.9384315609931946
7500045  0.9377984404563904
6400037  0.9281874299049377
4200023  0.9222130179405212
5700021  0.9214523434638977
4500021  0.9213238954544067
4200020  0.9213201403617859
6100022  0.9212503433227539
7400036  0.9212467074394226
5100021  0.9212371110916138
5600021  0.9210426807403564
3700021  0.9209522008895874
3200020  0.9209460020065308
6800031  0.9207262396812439
5700023  0.9206984639167786
5300031  0.9206439256668091
5500032  0.9206057190895081
4300036  0.9205927848815918
7100034  0.9205396175384521
2000023  0.9205372929573059
7200032  0.9205008745193481
7100031  0.9202603101730347
5600032  0.9202550649642944
2000031  0.9202357530593872
2100031  0.9201698899269104
4100020  0.9201623797416687
1100030  0.9201605916023254
1800020  0.9201503992080688
6100031  0.9201385974884033
3200023  0.9200786352157593
6300034  0.9200610518455505
1300020  0.9200600385665894
2000020  0.9200517535209656
6400036  0.9200465083122253
2000037  0.920023500919342
2000032  0.9200001358985901
7100032  0.919961154460907
4100021  0.9199607968330383
4900023  0.9199458360671997
4300023  0.9198768138885498
5900037  0.9198565483093262
2100022  0.9198054075241089
6700030  0.9198006987571716
5000020  0.919753909111023
1600036  0.9196674823760986
5800034  0.9196404814720154
1400021  0.9195999503135681
5100023  0.9195734262466431
6800032  0.9195650219917297
1100023  0.9195308685302734
5600037  0.9194908738136292
5800021  0.919427752494812
1400036  0.9194084405899048
7000030  0.9193762540817261
7300036  0.9193762540817261
1100031  0.9192803502082825
5800023  0.9192798733711243
6200034  0.9192590117454529
6100032  0.9192575812339783
6400031  0.9192296862602234
6500036  0.9192264676094055
5900031  0.9192165732383728
1500022  0.9192116856575012
6200036  0.9191831350326538
1600032  0.9191471934318542
5300032  0.9191057085990906
2000019  0.919059693813324
5400030  0.9190490245819092
4200035  0.9190468192100525
5600034  0.9189565181732178
5300030  0.9189044237136841
6400032  0.9188686013221741
5000021  0.9188638925552368
6400035  0.9188317060470581
1600033  0.9187986850738525
4200021  0.9187508821487427
7300035  0.918742835521698
6500034  0.9187359809875488
5900023  0.9187049865722656
5000030  0.918624222278595
3600021  0.9185464382171631
6500033  0.9184291958808899
6100034  0.9184151887893677
5600033  0.9183982014656067
5900035  0.9183845520019531
5100020  0.9183570146560669
6200037  0.9183552861213684
3200021  0.9183263182640076
6200030  0.9183166027069092
4300021  0.9181920289993286
3700022  0.9181346297264099
1500020  0.9181275963783264
1600023  0.9180644154548645
3600022  0.9180259704589844
6200023  0.9179540872573853
6700029  0.9179390668869019
5900022  0.9178810715675354
2000022  0.9176419377326965
1500019  0.9175845980644226
4100019  0.9175770878791809
3700029  0.917527973651886
4400023  0.9174752235412598
4400022  0.917378306388855
5500020  0.9172477126121521
5400020  0.9172232151031494
6100037  0.9171625375747681
6000022  0.9171577095985413
2000021  0.9170052409172058
1100022  0.9169909954071045
1600022  0.9167490601539612
1100019  0.9154289960861206
6200024  0.9153936505317688
3800019  0.9148479700088501
6600073  0.9090623259544373
5200024  0.902882993221283
4900029  0.8889679312705994
6400026  0.8808020353317261
3700028  0.8804488778114319
6500026  0.8798500299453735
6700028  0.8798116445541382
2000024  0.8797121047973633
6200027  0.8794885277748108
5600025  0.8786670565605164
1600026  0.8785933256149292
5600027  0.8785369992256165
5400029  0.8783883452415466
1400025  0.8783336281776428
5400028  0.878332793712616
5000025  0.878268837928772
6200028  0.8780266642570496
6400027  0.8777090907096863
4900028  0.8776956796646118
5700028  0.8775942921638489
6900028  0.8772287964820862
6100029  0.8771442770957947
4900025  0.8770923614501953
2000025  0.8769386410713196
4100025  0.8768936991691589
5000029  0.8767135143280029
3200026  0.8765609860420227
6200029  0.8764165639877319
6800026  0.8763650059700012
6700026  0.8762399554252625
1500024  0.8761680126190186
6600028  0.8760287761688232
1800028  0.8757346868515015
6400028  0.8755090832710266
3700024  0.8751969933509827
3200027  0.8749933242797852
1300024  0.874923586845398
4400027  0.8747888803482056
4200028  0.8746689558029175
6300025  0.8742311596870422
6600026  0.8741701245307922
5600028  0.8740896582603455
2000026  0.8740624189376831
4200024  0.8739740252494812
3200028  0.8738337159156799
5800024  0.8735268712043762
6900027  0.8733663558959961
6700027  0.8733479976654053
5300028  0.8733019828796387
1400024  0.8731063008308411
2100027  0.8729812502861023
6800027  0.8727023601531982
4400028  0.872259795665741
1100029  0.8717656135559082
1300027  0.8716726303100586
5300024  0.870897650718689
6000024  0.8684840202331543
6600029  0.8684068918228149
9000734  0.8559101819992065
8600123  0.8544149398803711
8600122  0.8540008664131165
5000115  0.8538637757301331
5800142  0.8537399768829346
8600120  0.8536103367805481
5800128  0.8535951972007751
9000723  0.8535746932029724
5800127  0.8534385561943054
5800114  0.8534203171730042
5800113  0.8529887795448303
9000854  0.8528902530670166
8600121  0.8526791334152222
5800126  0.8525997400283813
8600114  0.8525639772415161
5800156  0.8525393009185791
8600127  0.8523786067962646
5800143  0.8521891236305237
9000970  0.8520826697349548
9000820  0.8520416021347046
5700113  0.851996123790741
5800152  0.8516920804977417
8600131  0.8515194654464722
9000766  0.8513485789299011
5800151  0.8511552214622498
5800141  0.8510517477989197
5700111  0.8510364294052124
8600116  0.8508831858634949
8600124  0.850851833820343
5800150  0.8505735993385315
9000779  0.8505299091339111
5000112  0.8502829670906067
8600140  0.8501649498939514
7500116  0.8500431180000305
8600125  0.8499657511711121
5800137  0.8497055172920227
5000116  0.8496872782707214
7700146  0.8495864272117615
7700147  0.8495488166809082
5800124  0.8494561314582825
9001729  0.8493865728378296
5800125  0.8493821024894714
8600113  0.8493102192878723
5800145  0.8487564325332642
8600111  0.8487418293952942
5800136  0.8486155271530151
5700112  0.8485979437828064
5800132  0.8485772609710693
5800149  0.8484662175178528
5800139  0.8484094142913818
8600134  0.8478114008903503
8600137  0.8472601771354675
7300111  0.8468337655067444
9001730  0.8453847765922546
9001763  0.8445581793785095
5800110  0.8415473699569702
5800087  0.837758481502533
6200046  0.8290239572525024
7500091  0.812591016292572
7500106  0.8121539950370789
7500093  0.8114415407180786
6600093  0.8109771609306335
6400096  0.8107271194458008
5800105  0.8106382489204407
8600093  0.8106127977371216
5800107  0.8105750679969788
6500096  0.8100242614746094
6000100  0.8097370862960815
5700093  0.809707522392273
8600108  0.8096821904182434
5800108  0.8091158270835876
7500089  0.809033215045929
5600096  0.8087862730026245
7500090  0.8086003065109253
7500095  0.8085756897926331
8600107  0.8082176446914673
8800100  0.8081253170967102
6600089  0.8081037402153015
5800091  0.8075304627418518
5800104  0.8073025941848755
8600100  0.8071098923683167
6500092  0.8068893551826477
6600100  0.8067611455917358
5000108  0.8066809177398682
6000105  0.8066034317016602
6400104  0.806466817855835
6400095  0.8063737154006958
6600088  0.8058542013168335
6400097  0.8057264089584351
7500107  0.8055164217948914
6400092  0.8054841756820679
8600089  0.8054457306861877
6600095  0.8052345514297485
6500088  0.804865300655365
6600092  0.8047391176223755
6700094  0.8042186498641968
6600098  0.8033241629600525
8600101  0.8032757043838501
8600102  0.8032646179199219
5000089  0.8032069206237793
5700089  0.8029475212097168
5800103  0.802933394908905
6600099  0.802856981754303
6500102  0.8028061389923096
8600094  0.8027550578117371
7500099  0.8023586869239807
6400098  0.8021440505981445
8600097  0.8018450736999512
6500099  0.8017695546150208
7300109  0.800201952457428
5000088  0.8000773191452026
5800109  0.796072781085968
7300110  0.7954864501953125
6300071  0.7785105109214783
5800062  0.7771679759025574
5800064  0.7755330801010132
6400060  0.775434672832489
6300062  0.775324821472168
6200059  0.7751557230949402
8400067  0.7751466631889343
7900062  0.7750028371810913
7500059  0.774837076663971
5300064  0.7745064496994019
8400070  0.7742589116096497
5800070  0.7742028832435608
8500062  0.7739130258560181
5700064  0.7734242081642151
5800059  0.7734233140945435
3700072  0.773337185382843
1900072  0.7730099558830261
6400072  0.7722821831703186
8400064  0.7722520232200623
8400065  0.7722461223602295
8500067  0.7722036242485046
6500059  0.7721170783042908
5800071  0.7720745205879211
7500071  0.7719957828521729
8500063  0.77180415391922
1900067  0.7713035345077515
5000070  0.7711252570152283
5800060  0.7710847854614258
5800069  0.7705364227294922
5000067  0.769717812538147
8700068  0.7696980237960815
5300063  0.7696236371994019
8400058  0.7695751786231995
6200061  0.7695698142051697
6500058  0.7691667079925537
5800063  0.7691197991371155
1900068  0.768872082233429
5700061  0.7687416672706604
6200065  0.7682338356971741
6100063  0.7682268619537354
7500066  0.7681986689567566
3700068  0.7678001523017883
1900058  0.7670381665229797
6200068  0.767025351524353
5700059  0.7669816613197327
5300059  0.76640784740448
5300066  0.7663862109184265
7500068  0.7663615942001343
8500072  0.7662141919136047
5800065  0.7657899856567383
8400066  0.7653369307518005
5800066  0.7643206715583801
8500058  0.7617577910423279
3700073  0.7614740133285522
4900019  0.7586720585823059
8500073  0.7582538723945618
5700058  0.730853259563446
1600012  0.7187647223472595
4300016  0.7186213731765747
2100013  0.7185671925544739
1800015  0.7185363173484802
5000018  0.718529224395752
1000011  0.7185168862342834
3700015  0.7185098528862
1300018  0.7184953689575195
2100018  0.7184908986091614
1000009  0.7184417843818665
1600019  0.7184417843818665
1400018  0.7184190154075623
3600015  0.7184127569198608
1700015  0.7184049487113953
4900018  0.7184031009674072
1500018  0.7183902263641357
1600018  0.7183853983879089
1400014  0.7183780074119568
1400011  0.7183743119239807
4500017  0.7183675765991211
1100009  0.7183586955070496
4100017  0.7183534502983093
1800016  0.7183406949043274
1800014  0.718338668346405
1700012  0.7183356881141663
1300010  0.7183295488357544
3200017  0.7183189988136292
1800012  0.7183133363723755
3800015  0.7183060646057129
1500017  0.7183053493499756
3200014  0.7183037996292114
1500013  0.7183024287223816
4900017  0.7182988524436951
1900013  0.7182959914207458
1100017  0.7182925939559937
1100011  0.7182646989822388
1500014  0.7182481288909912
1800019  0.7182341814041138
1500012  0.7182199954986572
4200015  0.7182152271270752
5200019  0.7182146906852722
3800018  0.7182018160820007
3700018  0.7181991338729858
3200016  0.7181737422943115
3600018  0.7181700468063354
3200015  0.7181636095046997
4400017  0.7181591987609863
2000013  0.7181572914123535
4400018  0.7181425094604492
4100018  0.7181354761123657
1000015  0.7180901765823364
4300017  0.7180784344673157
4100015  0.7180634140968323
4400019  0.7179334163665771
5100018  0.7179156541824341
5700049  0.6795943975448608
3700049  0.6792325973510742
6200051  0.677879273891449
5700051  0.6772491335868835
5000053  0.6770291924476624
8300047  0.6770194172859192
8400055  0.6768885254859924
6100055  0.6767549514770508
1900053  0.6766828894615173
8300050  0.6765596270561218
6100047  0.6764563918113708
6200047  0.6763142943382263
6100048  0.6759787797927856
7700047  0.6757732629776001
7500047  0.6755973696708679
7300048  0.6754970550537109
5800055  0.6753519773483276
5800056  0.6752638816833496
5300055  0.6746454238891602
6700051  0.6743921041488647
7300055  0.6742727160453796
6700056  0.6742390990257263
7700046  0.6741995215415955
6700050  0.674057126045227
8500056  0.6739971041679382
7500046  0.6737880706787109
5300049  0.67352694272995
7300047  0.6733697056770325
6500047  0.6733503937721252
6200055  0.6733270287513733
6500048  0.6733017563819885
3700048  0.6730486750602722
6700054  0.6729450821876526
6400056  0.6729212403297424
1900049  0.6729060411453247
5300053  0.6728507280349731
6400054  0.6725367903709412
8200046  0.6725081205368042
6400049  0.6724616885185242
5700050  0.6722263693809509
6700057  0.6716451644897461
5400054  0.671631932258606
6700053  0.6715413928031921
5900046  0.671500563621521
5000052  0.671461284160614
6400052  0.671347439289093
5800054  0.6713300347328186
5700053  0.6712625026702881
7300051  0.6709559559822083
6300052  0.6707322597503662
6500052  0.6701971292495728
6500051  0.6701920032501221
6400046  0.6690194606781006
8500057  0.6674267053604126
1900057  0.6663489937782288
