1500012  inf
1500013  inf
1500014  inf
1500017  inf
1500018  inf
1500019  inf
1500020  inf
1500022  inf
1500024  inf
1800012  inf
1800014  inf
1800015  inf
1800016  inf
1800019  inf
1800020  inf
1800028  inf
2100027  inf
2100031  inf
4100015  inf
4100017  inf
4100018  inf
4100019  inf
4100020  inf
4100021  inf
4100025  inf
5100018  inf
5100020  inf
5100021  inf
5100023  inf
5400030  inf
5800064  inf
5800065  inf
5800066  inf
5800086  inf
5800087  inf
5800091  inf
5800103  inf
5800104  inf
5800105  inf
5800107  inf
5800108  inf
5800109  inf
5800110  inf
5800113  inf
5800114  inf
5800124  inf
5800125  inf
5800126  inf
5800127  inf
5800128  inf
5800132  inf
5800136  inf
5800137  inf
5800139  inf
5800141  inf
5800142  inf
5800143  inf
5800145  inf
5800149  inf
5800150  inf
5800151  inf
5800152  inf
5800156  inf
6200034  inf
6200036  inf
6200037  inf
6200055  inf
6600026  inf
6600028  inf
6600029  inf
6600073  inf
6600074  inf
6600075  inf
6600077  inf
6600080  inf
6600083  inf
6600084  inf
6600085  inf
6600086  inf
6600088  inf
6600089  inf
6600092  inf
6600093  inf
6600095  inf
6600098  inf
6600099  inf
6600100  inf
6700026  inf
6700027  inf
6700028  inf
6700029  inf
6700030  inf
6700038  inf
6700039  inf
6700050  inf
6700051  inf
6700053  inf
6700054  inf
6700056  inf
6700057  inf
6700074  inf
6700094  inf
6800026  inf
6800031  inf
6800032  inf
7300035  inf
7300036  inf
7300042  inf
7300043  inf
7300044  inf
7300047  inf
7300048  inf
7300051  inf
7300055  inf
7300109  inf
7300110  inf
1000009  729.0
1000011  729.0
1000015  729.0
1100009  729.0
1100011  729.0
1100017  729.0
1100019  729.0
1100022  729.0
1100023  729.0
1100029  729.0
1100030  729.0
1100031  729.0
1300010  729.0
1300018  729.0
1300020  729.0
1300024  729.0
1300027  729.0
1400011  729.0
1400014  729.0
1400018  729.0
1400021  729.0
1400024  729.0
1400025  729.0
1400036  729.0
1700012  729.0
1700015  729.0
1900013  729.0
1900049  729.0
1900053  729.0
1900057  729.0
1900058  729.0
1900067  729.0
1900068  729.0
1900076  729.0
1900080  729.0
1900081  729.0
2000013  729.0
2100013  729.0
3600015  729.0
3600018  729.0
3700015  729.0
3700018  729.0
3700021  729.0
3700022  729.0
3700024  729.0
3700072  729.0
3700073  729.0
3800015  729.0
3800018  729.0
3800019  729.0
4200015  729.0
4300016  729.0
4300017  729.0
4300021  729.0
4300023  729.0
4500017  729.0
4500021  729.0
5000018  729.0
5000020  729.0
5000021  729.0
5000025  729.0
5000080  729.0
5000082  729.0
5000088  729.0
5000089  729.0
5000108  729.0
5000112  729.0
5000115  729.0
5000116  729.0
5200019  729.0
5300024  729.0
5300028  729.0
5300030  729.0
5300031  729.0
5300032  729.0
5300040  729.0
5300044  729.0
5300049  729.0
5300053  729.0
5300055  729.0
5300059  729.0
5300063  729.0
5300064  729.0
5300066  729.0
5400020  729.0
5400028  729.0
5400029  729.0
5400054  729.0
5500020  729.0
5500039  729.0
5600021  729.0
5600025  729.0
5600027  729.0
5600028  729.0
5600032  729.0
5600033  729.0
5600034  729.0
5700021  729.0
5700023  729.0
5700028  729.0
5700044  729.0
5700049  729.0
5700050  729.0
5700051  729.0
5700053  729.0
5700058  729.0
5700061  729.0
5700064  729.0
5700075  729.0
5700076  729.0
5700077  729.0
5700084  729.0
5700085  729.0
5700086  729.0
5700089  729.0
5700093  729.0
5700111  729.0
5700112  729.0
5700113  729.0
5800021  729.0
5800023  729.0
5800024  729.0
5800054  729.0
5800055  729.0
5800056  729.0
5800059  729.0
5800060  729.0
5800062  729.0
5800063  729.0
5800069  729.0
5800070  729.0
5800071  729.0
5800074  729.0
5800075  729.0
5800077  729.0
5800079  729.0
5800081  729.0
5800083  729.0
6000022  729.0
6000024  729.0
6000100  729.0
6000105  729.0
6100022  729.0
6100029  729.0
6100031  729.0
6100032  729.0
6100034  729.0
6100037  729.0
6100038  729.0
6100039  729.0
6100040  729.0
6100047  729.0
6100048  729.0
6100055  729.0
6200023  729.0
6200024  729.0
6200027  729.0
6200028  729.0
6200029  729.0
6200030  729.0
6300025  729.0
6300034  729.0
6300043  729.0
6300052  729.0
6300062  729.0
6300071  729.0
6300076  729.0
6300077  729.0
6300078  729.0
6300081  729.0
6400026  729.0
6400027  729.0
6400028  729.0
6400031  729.0
6400032  729.0
6400035  729.0
6400036  729.0
6400037  729.0
6400039  729.0
6400041  729.0
6400042  729.0
6400043  729.0
6400046  729.0
6400049  729.0
6400052  729.0
6400054  729.0
6400056  729.0
6400060  729.0
6500026  729.0
6500033  729.0
6500036  729.0
6500039  729.0
6500043  729.0
6500079  729.0
6500080  729.0
6500081  729.0
6500082  729.0
6500083  729.0
6500084  729.0
6500096  729.0
7000030  729.0
7200032  729.0
7400036  729.0
7500037  729.0
7500038  729.0
7500042  729.0
7500043  729.0
7500044  729.0
7500045  729.0
7500046  729.0
7500047  729.0
7600037  729.0
7600039  729.0
7700038  729.0
7700040  729.0
7700041  729.0
7700042  729.0
7700045  729.0
7700046  729.0
7700047  729.0
7900039  729.0
7900062  729.0
8200046  729.0
8300047  729.0
8300050  729.0
8400055  729.0
8400058  729.0
8600089  729.0
8600093  729.0
8600094  729.0
8600097  729.0
8600100  729.0
8600101  729.0
8600102  729.0
8600107  729.0
8600108  729.0
8600111  729.0
8600113  729.0
8600116  729.0
8700068  729.0
8700073  729.0
8800100  729.0
9000723  729.0
9000734  729.0
9000766  729.0
9000779  729.0
9000820  729.0
9000854  729.0
9000970  729.0
9001763  729.0
5800034  676.0
1400037  338.0
3200014  338.0
3200015  338.0
3200016  338.0
3200017  338.0
3200020  338.0
3200021  338.0
3200023  338.0
3200026  338.0
3200027  338.0
3200028  338.0
6500085  338.0
6500086  338.0
6500088  338.0
6500092  338.0
6500099  338.0
6500102  338.0
8600114  338.0
8600120  338.0
8600121  338.0
8600122  338.0
8600123  338.0
8600134  338.0
6700079  312.5
6700080  312.5
6700084  312.5
6700087  312.5
6800027  312.5
8600124  208.33333333333334
8600125  208.33333333333334
8600127  208.33333333333334
8600131  208.33333333333334
8600137  208.33333333333334
8600140  208.33333333333334
7100031  192.0
7100032  192.0
7100034  192.0
7100037  192.0
3700048  144.0
3700049  144.0
5000067  144.0
5000070  144.0
5000075  144.0
6500034  144.0
6500047  144.0
6500048  144.0
6500051  144.0
6500052  144.0
6500058  144.0
6500059  144.0
7300111  132.25
5700059  40.111111111111114
5700081  40.111111111111114
5700082  40.111111111111114
6400084  36.0
6400092  36.0
6400095  36.0
6400096  36.0
6400097  36.0
6400098  36.0
1900045  18.75
4300041  18.75
6200051  18.75
6400072  18.75
6400076  18.75
6400077  18.75
6400104  18.75
7500116  18.75
1600012  5.882352941176471
1600018  5.882352941176471
1600019  5.882352941176471
1600022  5.882352941176471
1600023  5.882352941176471
1600026  5.882352941176471
1600032  5.882352941176471
1600033  5.882352941176471
1600036  5.882352941176471
1600039  5.882352941176471
4400017  5.882352941176471
4400018  5.882352941176471
4400019  5.882352941176471
4400022  5.882352941176471
4400023  5.882352941176471
4400027  5.882352941176471
4400028  5.882352941176471
4900017  5.882352941176471
4900018  5.882352941176471
4900019  5.882352941176471
4900023  5.882352941176471
4900025  5.882352941176471
4900028  5.882352941176471
4900029  5.882352941176471
5900022  5.882352941176471
5900023  5.882352941176471
5900031  5.882352941176471
5900035  5.882352941176471
5900037  5.882352941176471
5900038  5.882352941176471
5900041  5.882352941176471
5900045  5.882352941176471
5900046  5.882352941176471
6900027  5.882352941176471
6900028  5.882352941176471
7700146  5.882352941176471
7700147  5.882352941176471
8500056  5.882352941176471
8500057  5.882352941176471
8500058  5.882352941176471
8500062  5.882352941176471
8500063  5.882352941176471
8500067  5.882352941176471
8500072  5.882352941176471
8500073  5.882352941176471
9001729  5.882352941176471
9001730  5.882352941176471
1900072  1.1363636363636365
2000019  1.1363636363636365
2000020  1.1363636363636365
2000021  1.1363636363636365
2000022  1.1363636363636365
2000023  1.1363636363636365
2000024  1.1363636363636365
2000025  1.1363636363636365
2000026  1.1363636363636365
2000031  1.1363636363636365
2000032  1.1363636363636365
2000037  1.1363636363636365
2000041  1.1363636363636365
2000044  1.1363636363636365
3600021  1.1363636363636365
3600022  1.1363636363636365
3700028  1.1363636363636365
3700029  1.1363636363636365
3700040  1.1363636363636365
3700068  1.1363636363636365
4200020  1.1363636363636365
4200021  1.1363636363636365
4200023  1.1363636363636365
4200024  1.1363636363636365
4200028  1.1363636363636365
4200035  1.1363636363636365
5000029  1.1363636363636365
5000030  1.1363636363636365
5000052  1.1363636363636365
5000053  1.1363636363636365
5600037  1.1363636363636365
5600038  1.1363636363636365
5600039  1.1363636363636365
5600042  1.1363636363636365
5600043  1.1363636363636365
5600074  1.1363636363636365
5600075  1.1363636363636365
5600082  1.1363636363636365
5600084  1.1363636363636365
5600096  1.1363636363636365
6000038  1.1363636363636365
6000039  1.1363636363636365
6200040  1.1363636363636365
6200041  1.1363636363636365
6200043  1.1363636363636365
6200045  1.1363636363636365
6200046  1.1363636363636365
6200047  1.1363636363636365
6200059  1.1363636363636365
6200061  1.1363636363636365
6200065  1.1363636363636365
6200068  1.1363636363636365
7500059  1.1363636363636365
7500066  1.1363636363636365
7500068  1.1363636363636365
7500071  1.1363636363636365
7500074  1.1363636363636365
7500089  1.1363636363636365
7500090  1.1363636363636365
7500091  1.1363636363636365
7500093  1.1363636363636365
7500095  1.1363636363636365
7500099  1.1363636363636365
7500106  1.1363636363636365
7500107  1.1363636363636365
2100018  0.375
2100022  0.375
5200024  0.375
5500032  0.375
6100063  0.375
8400064  0.375
7100038  0.16
4300036  0.038461538461538464
8400065  0.038461538461538464
8400066  0.038461538461538464
8400067  0.038461538461538464
8400070  0.038461538461538464
