1500012  1.0
1500013  1.0
1500014  1.0
1500017  1.0
1500018  1.0
1500019  1.0
1500020  1.0
1500022  1.0
1500024  1.0
1800012  1.0
1800014  1.0
1800015  1.0
1800016  1.0
1800019  1.0
1800020  1.0
1800028  1.0
2100027  1.0
2100031  1.0
4100015  1.0
4100017  1.0
4100018  1.0
4100019  1.0
4100020  1.0
4100021  1.0
4100025  1.0
5100018  1.0
5100020  1.0
5100021  1.0
5100023  1.0
5400030  1.0
5800064  1.0
5800065  1.0
5800066  1.0
5800086  1.0
5800087  1.0
5800091  1.0
5800103  1.0
5800104  1.0
5800105  1.0
5800107  1.0
5800108  1.0
5800109  1.0
5800110  1.0
5800113  1.0
5800114  1.0
5800124  1.0
5800125  1.0
5800126  1.0
5800127  1.0
5800128  1.0
5800132  1.0
5800136  1.0
5800137  1.0
5800139  1.0
5800141  1.0
5800142  1.0
5800143  1.0
5800145  1.0
5800149  1.0
5800150  1.0
5800151  1.0
5800152  1.0
5800156  1.0
6200034  1.0
6200036  1.0
6200037  1.0
6200055  1.0
6600026  1.0
6600028  1.0
6600029  1.0
6600073  1.0
6600074  1.0
6600075  1.0
6600077  1.0
6600080  1.0
6600083  1.0
6600084  1.0
6600085  1.0
6600086  1.0
6600088  1.0
6600089  1.0
6600092  1.0
6600093  1.0
6600095  1.0
6600098  1.0
6600099  1.0
6600100  1.0
6700026  1.0
6700027  1.0
6700028  1.0
6700029  1.0
6700030  1.0
6700038  1.0
6700039  1.0
6700050  1.0
6700051  1.0
6700053  1.0
6700054  1.0
6700056  1.0
6700057  1.0
6700074  1.0
6700094  1.0
6800026  1.0
6800031  1.0
6800032  1.0
7300035  1.0
7300036  1.0
7300042  1.0
7300043  1.0
7300044  1.0
7300047  1.0
7300048  1.0
7300051  1.0
7300055  1.0
7300109  1.0
7300110  1.0
1000009  0.9819805060619657
1000011  0.9819805060619657
1000015  0.9819805060619657
1100009  0.9819805060619657
1100011  0.9819805060619657
1100017  0.9819805060619657
1100019  0.9819805060619657
1100022  0.9819805060619657
1100023  0.9819805060619657
1100029  0.9819805060619657
1100030  0.9819805060619657
1100031  0.9819805060619657
1300010  0.9819805060619657
1300018  0.9819805060619657
1300020  0.9819805060619657
1300024  0.9819805060619657
1300027  0.9819805060619657
1400011  0.9819805060619657
1400014  0.9819805060619657
1400018  0.9819805060619657
1400021  0.9819805060619657
1400024  0.9819805060619657
1400025  0.9819805060619657
1400036  0.9819805060619657
1700012  0.9819805060619657
1700015  0.9819805060619657
1900013  0.9819805060619657
1900049  0.9819805060619657
1900053  0.9819805060619657
1900057  0.9819805060619657
1900058  0.9819805060619657
1900067  0.9819805060619657
1900068  0.9819805060619657
1900076  0.9819805060619657
1900080  0.9819805060619657
1900081  0.9819805060619657
2000013  0.9819805060619657
2100013  0.9819805060619657
3600015  0.9819805060619657
3600018  0.9819805060619657
3700015  0.9819805060619657
3700018  0.9819805060619657
3700021  0.9819805060619657
3700022  0.9819805060619657
3700024  0.9819805060619657
3700072  0.9819805060619657
3700073  0.9819805060619657
3800015  0.9819805060619657
3800018  0.9819805060619657
3800019  0.9819805060619657
4200015  0.9819805060619657
4300016  0.9819805060619657
4300017  0.9819805060619657
4300021  0.9819805060619657
4300023  0.9819805060619657
4500017  0.9819805060619657
4500021  0.9819805060619657
5000018  0.9819805060619657
5000020  0.9819805060619657
5000021  0.9819805060619657
5000025  0.9819805060619657
5000080  0.9819805060619657
5000082  0.9819805060619657
5000088  0.9819805060619657
5000089  0.9819805060619657
5000108  0.9819805060619657
5000112  0.9819805060619657
5000115  0.9819805060619657
5000116  0.9819805060619657
5200019  0.9819805060619657
5300024  0.9819805060619657
5300028  0.9819805060619657
5300030  0.9819805060619657
5300031  0.9819805060619657
5300032  0.9819805060619657
5300040  0.9819805060619657
5300044  0.9819805060619657
5300049  0.9819805060619657
5300053  0.9819805060619657
5300055  0.9819805060619657
5300059  0.9819805060619657
5300063  0.9819805060619657
5300064  0.9819805060619657
5300066  0.9819805060619657
5400020  0.9819805060619657
5400028  0.9819805060619657
5400029  0.9819805060619657
5400054  0.9819805060619657
5500020  0.9819805060619657
5500039  0.9819805060619657
5600021  0.9819805060619657
5600025  0.9819805060619657
5600027  0.9819805060619657
5600028  0.9819805060619657
5600032  0.9819805060619657
5600033  0.9819805060619657
5600034  0.9819805060619657
5700021  0.9819805060619657
5700023  0.9819805060619657
5700028  0.9819805060619657
5700044  0.9819805060619657
5700049  0.9819805060619657
5700050  0.9819805060619657
5700051  0.9819805060619657
5700053  0.9819805060619657
5700058  0.9819805060619657
5700061  0.9819805060619657
5700064  0.9819805060619657
5700075  0.9819805060619657
5700076  0.9819805060619657
5700077  0.9819805060619657
5700084  0.9819805060619657
5700085  0.9819805060619657
5700086  0.9819805060619657
5700089  0.9819805060619657
5700093  0.9819805060619657
5700111  0.9819805060619657
5700112  0.9819805060619657
5700113  0.9819805060619657
5800021  0.9819805060619657
5800023  0.9819805060619657
5800024  0.9819805060619657
5800054  0.9819805060619657
5800055  0.9819805060619657
5800056  0.9819805060619657
5800059  0.9819805060619657
5800060  0.9819805060619657
5800062  0.9819805060619657
5800063  0.9819805060619657
5800069  0.9819805060619657
5800070  0.9819805060619657
5800071  0.9819805060619657
5800074  0.9819805060619657
5800075  0.9819805060619657
5800077  0.9819805060619657
5800079  0.9819805060619657
5800081  0.9819805060619657
5800083  0.9819805060619657
6000022  0.9819805060619657
6000024  0.9819805060619657
6000100  0.9819805060619657
6000105  0.9819805060619657
6100022  0.9819805060619657
6100029  0.9819805060619657
6100031  0.9819805060619657
6100032  0.9819805060619657
6100034  0.9819805060619657
6100037  0.9819805060619657
6100038  0.9819805060619657
6100039  0.9819805060619657
6100040  0.9819805060619657
6100047  0.9819805060619657
6100048  0.9819805060619657
6100055  0.9819805060619657
6200023  0.9819805060619657
6200024  0.9819805060619657
6200027  0.9819805060619657
6200028  0.9819805060619657
6200029  0.9819805060619657
6200030  0.9819805060619657
6300025  0.9819805060619657
6300034  0.9819805060619657
6300043  0.9819805060619657
6300052  0.9819805060619657
6300062  0.9819805060619657
6300071  0.9819805060619657
6300076  0.9819805060619657
6300077  0.9819805060619657
6300078  0.9819805060619657
6300081  0.9819805060619657
6400026  0.9819805060619657
6400027  0.9819805060619657
6400028  0.9819805060619657
6400031  0.9819805060619657
6400032  0.9819805060619657
6400035  0.9819805060619657
6400036  0.9819805060619657
6400037  0.9819805060619657
6400039  0.9819805060619657
6400041  0.9819805060619657
6400042  0.9819805060619657
6400043  0.9819805060619657
6400046  0.9819805060619657
6400049  0.9819805060619657
6400052  0.9819805060619657
6400054  0.9819805060619657
6400056  0.9819805060619657
6400060  0.9819805060619657
6500026  0.9819805060619657
6500033  0.9819805060619657
6500036  0.9819805060619657
6500039  0.9819805060619657
6500043  0.9819805060619657
6500079  0.9819805060619657
6500080  0.9819805060619657
6500081  0.9819805060619657
6500082  0.9819805060619657
6500083  0.9819805060619657
6500084  0.9819805060619657
6500096  0.9819805060619657
7000030  0.9819805060619657
7200032  0.9819805060619657
7400036  0.9819805060619657
7500037  0.9819805060619657
7500038  0.9819805060619657
7500042  0.9819805060619657
7500043  0.9819805060619657
7500044  0.9819805060619657
7500045  0.9819805060619657
7500046  0.9819805060619657
7500047  0.9819805060619657
7600037  0.9819805060619657
7600039  0.9819805060619657
7700038  0.9819805060619657
7700040  0.9819805060619657
7700041  0.9819805060619657
7700042  0.9819805060619657
7700045  0.9819805060619657
7700046  0.9819805060619657
7700047  0.9819805060619657
7900039  0.9819805060619657
7900062  0.9819805060619657
8200046  0.9819805060619657
8300047  0.9819805060619657
8300050  0.9819805060619657
8400055  0.9819805060619657
8400058  0.9819805060619657
8600089  0.9819805060619657
8600093  0.9819805060619657
8600094  0.9819805060619657
8600097  0.9819805060619657
8600100  0.9819805060619657
8600101  0.9819805060619657
8600102  0.9819805060619657
8600107  0.9819805060619657
8600108  0.9819805060619657
8600111  0.9819805060619657
8600113  0.9819805060619657
8600116  0.9819805060619657
8700068  0.9819805060619657
8700073  0.9819805060619657
8800100  0.9819805060619657
9000723  0.9819805060619657
9000734  0.9819805060619657
9000766  0.9819805060619657
9000779  0.9819805060619657
9000820  0.9819805060619657
9000854  0.9819805060619657
9000970  0.9819805060619657
9001763  0.9819805060619657
5800034  0.9813067629253164
1400037  0.9629629629629629
3200014  0.9629629629629629
3200015  0.9629629629629629
3200016  0.9629629629629629
3200017  0.9629629629629629
3200020  0.9629629629629629
3200021  0.9629629629629629
3200023  0.9629629629629629
3200026  0.9629629629629629
3200027  0.9629629629629629
3200028  0.9629629629629629
6500085  0.9629629629629629
6500086  0.9629629629629629
6500088  0.9629629629629629
6500092  0.9629629629629629
6500099  0.9629629629629629
6500102  0.9629629629629629
8600114  0.9629629629629629
8600120  0.9629629629629629
8600121  0.9629629629629629
8600122  0.9629629629629629
8600123  0.9629629629629629
8600134  0.9629629629629629
6700079  0.9622504486493763
6700080  0.9622504486493763
6700084  0.9622504486493763
6700087  0.9622504486493763
6800027  0.9622504486493763
8600124  0.9435641951204965
8600125  0.9435641951204965
8600127  0.9435641951204965
8600131  0.9435641951204965
8600137  0.9435641951204965
8600140  0.9435641951204965
7100031  0.9428090415820634
7100032  0.9428090415820634
7100034  0.9428090415820634
7100037  0.9428090415820634
3700048  0.9237604307034012
3700049  0.9237604307034012
5000067  0.9237604307034012
5000070  0.9237604307034012
5000075  0.9237604307034012
6500034  0.9237604307034012
6500047  0.9237604307034012
6500048  0.9237604307034012
6500051  0.9237604307034012
6500052  0.9237604307034012
6500058  0.9237604307034012
6500059  0.9237604307034012
7300111  0.9229582069908973
5700059  0.8176298175326769
5700081  0.8176298175326769
5700082  0.8176298175326769
6400084  0.816496580927726
6400092  0.816496580927726
6400095  0.816496580927726
6400096  0.816496580927726
6400097  0.816496580927726
6400098  0.816496580927726
1900045  0.7453559924999299
4300041  0.7453559924999299
6200051  0.7453559924999299
6400072  0.7453559924999299
6400076  0.7453559924999299
6400077  0.7453559924999299
6400104  0.7453559924999299
7500116  0.7453559924999299
1600012  0.6085806194501846
1600018  0.6085806194501846
1600019  0.6085806194501846
1600022  0.6085806194501846
1600023  0.6085806194501846
1600026  0.6085806194501846
1600032  0.6085806194501846
1600033  0.6085806194501846
1600036  0.6085806194501846
1600039  0.6085806194501846
4400017  0.6085806194501846
4400018  0.6085806194501846
4400019  0.6085806194501846
4400022  0.6085806194501846
4400023  0.6085806194501846
4400027  0.6085806194501846
4400028  0.6085806194501846
4900017  0.6085806194501846
4900018  0.6085806194501846
4900019  0.6085806194501846
4900023  0.6085806194501846
4900025  0.6085806194501846
4900028  0.6085806194501846
4900029  0.6085806194501846
5900022  0.6085806194501846
5900023  0.6085806194501846
5900031  0.6085806194501846
5900035  0.6085806194501846
5900037  0.6085806194501846
5900038  0.6085806194501846
5900041  0.6085806194501846
5900045  0.6085806194501846
5900046  0.6085806194501846
6900027  0.6085806194501846
6900028  0.6085806194501846
7700146  0.6085806194501846
7700147  0.6085806194501846
8500056  0.6085806194501846
8500057  0.6085806194501846
8500058  0.6085806194501846
8500062  0.6085806194501846
8500063  0.6085806194501846
8500067  0.6085806194501846
8500072  0.6085806194501846
8500073  0.6085806194501846
9001729  0.6085806194501846
9001730  0.6085806194501846
1900072  0.43033148291193524
2000019  0.43033148291193524
2000020  0.43033148291193524
2000021  0.43033148291193524
2000022  0.43033148291193524
2000023  0.43033148291193524
2000024  0.43033148291193524
2000025  0.43033148291193524
2000026  0.43033148291193524
2000031  0.43033148291193524
2000032  0.43033148291193524
2000037  0.43033148291193524
2000041  0.43033148291193524
2000044  0.43033148291193524
3600021  0.43033148291193524
3600022  0.43033148291193524
3700028  0.43033148291193524
3700029  0.43033148291193524
3700040  0.43033148291193524
3700068  0.43033148291193524
4200020  0.43033148291193524
4200021  0.43033148291193524
4200023  0.43033148291193524
4200024  0.43033148291193524
4200028  0.43033148291193524
4200035  0.43033148291193524
5000029  0.43033148291193524
5000030  0.43033148291193524
5000052  0.43033148291193524
5000053  0.43033148291193524
5600037  0.43033148291193524
5600038  0.43033148291193524
5600039  0.43033148291193524
5600042  0.43033148291193524
5600043  0.43033148291193524
5600074  0.43033148291193524
5600075  0.43033148291193524
5600082  0.43033148291193524
5600084  0.43033148291193524
5600096  0.43033148291193524
6000038  0.43033148291193524
6000039  0.43033148291193524
6200040  0.43033148291193524
6200041  0.43033148291193524
6200043  0.43033148291193524
6200045  0.43033148291193524
6200046  0.43033148291193524
6200047  0.43033148291193524
6200059  0.43033148291193524
6200061  0.43033148291193524
6200065  0.43033148291193524
6200068  0.43033148291193524
7500059  0.43033148291193524
7500066  0.43033148291193524
7500068  0.43033148291193524
7500071  0.43033148291193524
7500074  0.43033148291193524
7500089  0.43033148291193524
7500090  0.43033148291193524
7500091  0.43033148291193524
7500093  0.43033148291193524
7500095  0.43033148291193524
7500099  0.43033148291193524
7500106  0.43033148291193524
7500107  0.43033148291193524
2100018  0.3333333333333333
2100022  0.3333333333333333
5200024  0.3333333333333333
5500032  0.3333333333333333
6100063  0.3333333333333333
8400064  0.3333333333333333
7100038  0.2721655269759087
4300036  0.19245008972987526
8400065  0.19245008972987526
8400066  0.19245008972987526
8400067  0.19245008972987526
8400070  0.19245008972987526
