1500162  1.0
1500165  1.0
1500166  1.0
1500167  1.0
1500168  1.0
1500169  1.0
1500170  1.0
1500171  1.0
1500172  1.0
1500173  1.0
1600059  1.0
1600060  1.0
1600061  1.0
1600062  1.0
1600063  1.0
1900058  0.5
1200405  0.1875
1200798  0.1875
1200799  0.1875
1200802  0.1875
1200811  0.1875
1200844  0.1875
1200058  0.17647058823529416
1200063  0.17647058823529416
1200066  0.17647058823529416
1200069  0.17647058823529416
1200072  0.17647058823529416
1200088  0.17647058823529416
1200089  0.17647058823529416
1200093  0.17647058823529416
1200094  0.17647058823529416
1200095  0.17647058823529416
1200108  0.17647058823529416
1200109  0.17647058823529416
1200110  0.17647058823529416
1200111  0.17647058823529416
1200267  0.17647058823529416
1200278  0.17647058823529416
1200390  0.17647058823529416
1200394  0.17647058823529416
1200395  0.17647058823529416
1200399  0.17647058823529416
1200400  0.17647058823529416
1200404  0.17647058823529416
1200410  0.17647058823529416
1200411  0.17647058823529416
1200413  0.17647058823529416
1200414  0.17647058823529416
1200416  0.17647058823529416
1200420  0.17647058823529416
1200421  0.17647058823529416
1200423  0.17647058823529416
1200424  0.17647058823529416
1200581  0.17647058823529416
1200588  0.17647058823529416
1200590  0.17647058823529416
1200604  0.17647058823529416
1200611  0.17647058823529416
1200710  0.17647058823529416
1200713  0.17647058823529416
1200716  0.17647058823529416
1200777  0.17647058823529416
1200778  0.17647058823529416
1200779  0.17647058823529416
1200782  0.17647058823529416
1200785  0.17647058823529416
1200786  0.17647058823529416
1200787  0.17647058823529416
1200789  0.17647058823529416
1200792  0.17647058823529416
1200794  0.17647058823529416
1200797  0.17647058823529416
1200806  0.17647058823529416
1200807  0.17647058823529416
1200808  0.17647058823529416
1200809  0.17647058823529416
1200810  0.17647058823529416
1200813  0.17647058823529416
1200816  0.17647058823529416
1200817  0.17647058823529416
1200818  0.17647058823529416
1200823  0.17647058823529416
1200829  0.17647058823529416
1200843  0.17647058823529416
1201000  0.17647058823529416
1201001  0.17647058823529416
1201003  0.17647058823529416
1201004  0.17647058823529416
1201006  0.17647058823529416
1201020  0.17647058823529416
1201021  0.17647058823529416
1200735  0.16666666666666663
1200736  0.16666666666666663
1200747  0.16666666666666663
1200748  0.16666666666666663
1200591  0.15384615384615385
1200720  0.15384615384615385
1200721  0.15384615384615385
1200722  0.15384615384615385
1200725  0.15384615384615385
1200726  0.15384615384615385
1200727  0.15384615384615385
1200728  0.15384615384615385
1200733  0.15384615384615385
1200734  0.15384615384615385
1200742  0.15384615384615385
1200743  0.15384615384615385
1200744  0.15384615384615385
1200746  0.15384615384615385
1200753  0.15384615384615385
1200754  0.15384615384615385
1200847  0.15384615384615385
1500057  0.1428571428571429
1200523  0.125
1200526  0.125
1201031  0.125
1201032  0.125
1201034  0.125
2000172  0.09999999999999998
1500073  0.08823529411764708
1500074  0.08823529411764708
1500075  0.08823529411764708
1500076  0.08823529411764708
1500077  0.08823529411764708
1500078  0.08823529411764708
1500079  0.08823529411764708
1500082  0.08823529411764708
1800080  0.08333333333333337
1800081  0.08333333333333337
1800082  0.08333333333333337
1800083  0.08333333333333337
1800084  0.08333333333333337
1800146  0.08333333333333337
1800147  0.08333333333333337
2000156  0.08333333333333337
2000157  0.08333333333333337
2000162  0.08333333333333337
2000165  0.08333333333333337
2000166  0.08333333333333337
2000168  0.08333333333333337
1600107  0.07692307692307687
1900048  0.07692307692307687
1900049  0.07692307692307687
1900050  0.07692307692307687
1900051  0.07692307692307687
1900068  0.07692307692307687
1900069  0.07692307692307687
1900070  0.07692307692307687
1900071  0.07692307692307687
1900072  0.07692307692307687
1900074  0.07692307692307687
1900077  0.07692307692307687
1900086  0.07692307692307687
1900093  0.07692307692307687
1900094  0.07692307692307687
1900101  0.07692307692307687
1900102  0.07692307692307687
1500127  0.07317073170731703
1500128  0.07317073170731703
1500129  0.07317073170731703
1500130  0.07317073170731703
1500131  0.07317073170731703
1500133  0.07317073170731703
1600079  0.06818181818181823
1600080  0.06818181818181823
1200147  0.06666666666666665
1200151  0.06666666666666665
1200152  0.06666666666666665
1200153  0.06666666666666665
1200154  0.06666666666666665
1200155  0.06666666666666665
1200156  0.06666666666666665
1200159  0.06666666666666665
1500099  0.06666666666666665
1500104  0.06666666666666665
1500105  0.06666666666666665
1500106  0.06666666666666665
1500107  0.06666666666666665
1500108  0.06666666666666665
1500109  0.06666666666666665
1500111  0.06666666666666665
1500113  0.06666666666666665
1800155  0.06666666666666665
2000073  0.06666666666666665
2000074  0.06666666666666665
2000075  0.06666666666666665
2000076  0.06666666666666665
2000077  0.06666666666666665
2000105  0.06666666666666665
2000108  0.06666666666666665
2000109  0.06666666666666665
2000110  0.06666666666666665
2000111  0.06666666666666665
2000112  0.06666666666666665
2000115  0.06666666666666665
2000119  0.06666666666666665
2000120  0.06666666666666665
2000121  0.06666666666666665
2000122  0.06666666666666665
2000123  0.06666666666666665
2000125  0.06666666666666665
2000126  0.06666666666666665
2000129  0.06666666666666665
2000130  0.06666666666666665
2000131  0.06666666666666665
2000135  0.06666666666666665
2000136  0.06666666666666665
2000137  0.06666666666666665
2000138  0.06666666666666665
2000139  0.06666666666666665
2000144  0.06666666666666665
2000145  0.06666666666666665
2000153  0.06666666666666665
1500038  0.0625
1500039  0.0625
1500048  0.0625
1500049  0.0625
1500088  0.0625
1500089  0.0625
1500226  0.0625
1500227  0.0625
1500230  0.0625
1500231  0.0625
1500234  0.0625
1500235  0.0625
1500236  0.0625
1500237  0.0625
1500239  0.0625
1500241  0.0625
1600086  0.0625
1800092  0.0625
1800111  0.0625
