1900101  0.21526402235031128
1900072  0.2152622938156128
1900102  0.21526101231575012
1900071  0.21525566279888153
2000119  0.21525295078754425
2000120  0.21525295078754425
2000121  0.21525295078754425
2000122  0.21525295078754425
2000123  0.21525295078754425
2000125  0.21525295078754425
2000126  0.21525295078754425
2000129  0.21525295078754425
2000130  0.21525295078754425
2000131  0.21525295078754425
2000135  0.21525295078754425
2000136  0.21525295078754425
2000137  0.21525295078754425
2000138  0.21525295078754425
2000139  0.21525295078754425
2000144  0.21525295078754425
2000145  0.21525295078754425
2000153  0.21525295078754425
2000156  0.21525295078754425
2000157  0.21525295078754425
2000162  0.21525295078754425
2000165  0.21525295078754425
2000166  0.21525295078754425
2000168  0.21525295078754425
2000172  0.21525295078754425
2000108  0.21524550020694733
2000075  0.2152421623468399
1900086  0.2152414619922638
2000077  0.21522854268550873
1900094  0.2152210772037506
2000112  0.2152204066514969
2000111  0.21521766483783722
1900077  0.21521687507629395
2000110  0.2152155339717865
2000115  0.2152126580476761
2000109  0.21521060168743134
1900074  0.21520982682704926
1900093  0.2152029573917389
2000105  0.21519885957241058
2000076  0.2151949256658554
2000073  0.21518710255622864
2000074  0.2151794284582138
1500165  0.1207568421959877
1600061  0.1198107898235321
1600060  0.11605457961559296
1500166  0.11552412807941437
1500172  0.11278428137302399
1500167  0.11250210553407669
1900070  0.11188634485006332
1600059  0.11112985759973526
1500173  0.11053334176540375
1200818  0.11043175309896469
1500171  0.11024349182844162
1500074  0.10884140431880951
1500241  0.10863852500915527
1200829  0.10727841407060623
1500168  0.1072332039475441
1200823  0.1070115938782692
1500169  0.10694212466478348
1500073  0.1064881682395935
1500170  0.10622942447662354
1500236  0.10593609511852264
1500237  0.1055702194571495
1500162  0.10526028275489807
1500239  0.10509222000837326
1500235  0.10488476604223251
1500230  0.1047695204615593
1500226  0.10434488952159882
1201003  0.10403037816286087
1201004  0.10321594029664993
1500227  0.10269120335578918
1500057  0.10143622756004333
1200847  0.10133092105388641
1500231  0.10111713409423828
1200843  0.10099126398563385
1500049  0.10093118250370026
1500038  0.10089510679244995
1201001  0.10031680762767792
1500234  0.09938085079193115
1201021  0.09892741590738297
1200844  0.09864893555641174
1201000  0.09833354502916336
1500039  0.09783119708299637
1500048  0.09777345508337021
1201006  0.09746281057596207
1201031  0.09626931697130203
1201034  0.09614337235689163
1201020  0.0951499342918396
1600062  0.09260554611682892
1201032  0.09232085198163986
1200058  0.08179201185703278
1200267  0.08145241439342499
1200063  0.08133015781641006
1200159  0.0797884538769722
1200066  0.07942045480012894
1200156  0.07839825004339218
1200069  0.07791275531053543
1200095  0.0779099389910698
1200094  0.07771487534046173
1200108  0.07666025310754776
1200155  0.07655105739831924
1200088  0.07594383507966995
1200089  0.07589036226272583
1200093  0.07583558559417725
1200153  0.07555021345615387
1200152  0.0754663348197937
1200154  0.07544957101345062
1200151  0.07506760954856873
1200109  0.07467964291572571
1200111  0.07462766766548157
1200110  0.07384496927261353
1200147  0.07372325658798218
1900069  0.07249326258897781
1200072  0.07240238785743713
1600063  0.07205744087696075
1600079  0.07200204581022263
1800082  0.0704968273639679
1900068  0.06978483498096466
1800083  0.06966620683670044
1600080  0.06742759048938751
1900058  0.06723050028085709
1900051  0.06717122346162796
1600107  0.06712842732667923
1900048  0.06659070402383804
1800081  0.06598161160945892
1800111  0.06579632312059402
1600086  0.06569808721542358
1200817  0.06535191833972931
1800084  0.06468088924884796
1800092  0.06453300267457962
1900049  0.0644989013671875
1800080  0.06443128734827042
1900050  0.06441441923379898
1800155  0.0636686161160469
1800146  0.06363722681999207
1200278  0.06362926959991455
1800147  0.06145261228084564
1500076  0.05992242321372032
1500075  0.05988232418894768
1500133  0.05987706407904625
1200390  0.059719011187553406
1500099  0.059280045330524445
1200591  0.059234559535980225
1500077  0.05918523296713829
1500131  0.058864887803792953
1200590  0.05774131417274475
1500078  0.057705119252204895
1500113  0.05746013671159744
1500129  0.05736566707491875
1500130  0.057254865765571594
1500104  0.05717504769563675
1500089  0.05711911991238594
1500082  0.05684526264667511
1200394  0.05663374811410904
1500128  0.056632425636053085
1200816  0.056459493935108185
1500088  0.056341156363487244
1200777  0.056258343160152435
1500106  0.05625611171126366
1200395  0.05618709325790405
1500079  0.05618422105908394
1200405  0.05616798251867294
1200410  0.05612017214298248
1200588  0.05607772618532181
1500105  0.055805400013923645
1500127  0.05570688843727112
1200778  0.05561675876379013
1500108  0.055449921637773514
1200789  0.05535973235964775
1500111  0.05531700700521469
1500107  0.0552990660071373
1500109  0.05517956614494324
1200581  0.05506192892789841
1200813  0.054827090352773666
1200411  0.054659463465213776
1200399  0.054277367889881134
1200404  0.054199498146772385
1200423  0.05387159064412117
1200523  0.05378800630569458
1200810  0.05368100479245186
1200526  0.053570911288261414
1200400  0.05356452986598015
1200787  0.05353540927171707
1200811  0.05349133163690567
1200807  0.05316229164600372
1200414  0.053095247596502304
1200424  0.052962444722652435
1200413  0.05280471593141556
1200779  0.052683502435684204
1200797  0.05264275148510933
1200416  0.05260531231760979
1200782  0.052573129534721375
1200786  0.05253859609365463
1200809  0.05253009870648384
1200785  0.052348535507917404
1200792  0.0522652342915535
1200421  0.05209018662571907
1200806  0.052004359662532806
1200802  0.0518895722925663
1200808  0.05140328034758568
1200420  0.05137835815548897
1200798  0.05132588371634483
1200794  0.05075071379542351
1200799  0.05036957561969757
1200604  0.047690846025943756
1200754  0.04497922211885452
1200611  0.039584364742040634
1200753  0.039328593760728836
1200710  0.0385684035718441
1200748  0.038274817168712616
1200725  0.03797144442796707
1200747  0.037778932601213455
1200713  0.03756939247250557
1200722  0.03732626885175705
1200726  0.03730335086584091
1200721  0.03688881918787956
1200716  0.036771103739738464
1200742  0.03663384169340134
1200746  0.0365276001393795
1200743  0.03649069741368294
1200720  0.03635643050074577
1200744  0.03632153198122978
1200727  0.0363132543861866
1200733  0.0362740084528923
1200728  0.03619462996721268
1200736  0.03615396469831467
1200735  0.03535643592476845
1200734  0.03532257676124573
