1500167  0.40625855326652527
1500162  0.40363696217536926
1500168  0.4034596383571625
1500169  0.39305609464645386
1500170  0.39134374260902405
1500165  0.39097854495048523
1500171  0.38879305124282837
1600063  0.3883240818977356
1500073  0.38171228766441345
1600060  0.37911006808280945
1600059  0.3786092698574066
1600062  0.37783941626548767
1500166  0.3773498833179474
1500173  0.37707972526550293
1200811  0.37567901611328125
1500172  0.3754592537879944
1500078  0.37486448884010315
1200785  0.37485167384147644
1200404  0.3747761845588684
1600061  0.3733116686344147
1500082  0.37298375368118286
1200829  0.3725299835205078
1500075  0.37231719493865967
1200109  0.37153565883636475
1900058  0.3701938986778259
1201004  0.3700762093067169
1201021  0.3690730333328247
1200394  0.36907297372817993
1200802  0.3670388460159302
1200742  0.3667276203632355
1200416  0.36635535955429077
1200798  0.36610913276672363
1200735  0.36563047766685486
1200782  0.3652532398700714
1200823  0.36488351225852966
1200716  0.36464452743530273
1200713  0.3642500042915344
1200423  0.3640977442264557
1200710  0.3639029562473297
1200069  0.3638545870780945
1200721  0.36377277970314026
1200058  0.3636147379875183
1200754  0.3634856641292572
1200736  0.3634319305419922
1200799  0.3632875084877014
1200411  0.3628917932510376
1200817  0.3626318871974945
1200095  0.36191102862358093
1200725  0.361831396818161
1200797  0.361784428358078
1200810  0.3617793917655945
1200588  0.36140307784080505
1200847  0.36085569858551025
1200753  0.3607490062713623
1200777  0.3607303500175476
1200844  0.3601270020008087
1200808  0.36001360416412354
1200591  0.3597196042537689
1200590  0.35969528555870056
1500079  0.35936522483825684
1200611  0.35876232385635376
1200733  0.3586054742336273
1900074  0.3585355579853058
1200807  0.3583656847476959
1201006  0.35760414600372314
1200743  0.35726574063301086
1201003  0.35641148686408997
1900049  0.3562832772731781
2000168  0.356224924325943
1201020  0.3562127947807312
1800146  0.35610634088516235
1800080  0.35584089159965515
1200816  0.355432391166687
1200747  0.35530346632003784
1200395  0.3552667498588562
1500133  0.35525134205818176
1200063  0.3551890552043915
1500077  0.35511514544487
1500076  0.35483574867248535
1200746  0.3542737662792206
1200390  0.35418906807899475
1200818  0.35415464639663696
1200734  0.3541184961795807
1200413  0.35402190685272217
1200093  0.35331109166145325
1200108  0.3530123233795166
1200722  0.35278138518333435
1201001  0.35246697068214417
1200399  0.35240206122398376
1200088  0.35231325030326843
2000166  0.3521382510662079
1900069  0.3518262803554535
1800082  0.3510799705982208
1200787  0.3510582149028778
1900070  0.3506646752357483
1200779  0.3506344258785248
1800083  0.35015764832496643
2000165  0.3501027822494507
1200089  0.3500026762485504
2000139  0.34993481636047363
2000130  0.3498130440711975
1200066  0.34934040904045105
1900077  0.34921056032180786
2000156  0.3489442765712738
1900086  0.34857258200645447
1800084  0.3485125005245209
1200778  0.34841054677963257
1200110  0.34821373224258423
1200267  0.3481670916080475
1900093  0.3481637239456177
2000105  0.34776046872138977
2000135  0.34729334712028503
1200414  0.34721261262893677
1200789  0.3471582531929016
1200410  0.34694066643714905
1500074  0.34685832262039185
2000172  0.3462846875190735
1200424  0.3462495803833008
1200792  0.34621569514274597
2000125  0.3462126851081848
1200726  0.3458878993988037
1200111  0.34572020173072815
1200421  0.34566617012023926
1201031  0.3453797996044159
1200581  0.34499627351760864
2000153  0.3449276089668274
1200748  0.34464317560195923
2000136  0.3445844054222107
1200420  0.34455716609954834
1201000  0.3445209860801697
1200278  0.3443017899990082
1200806  0.3441160023212433
1500127  0.3440741300582886
1900048  0.3438398540019989
1200526  0.34326329827308655
1500057  0.34305110573768616
1200400  0.34294265508651733
1900102  0.3427455425262451
1900071  0.3424738049507141
1200720  0.34231165051460266
1900101  0.34191909432411194
1900051  0.34184226393699646
1200843  0.34146738052368164
1200727  0.3413282334804535
1200072  0.34123745560646057
1200152  0.3412209749221802
2000076  0.3409769535064697
1200523  0.3403666913509369
1200147  0.34006375074386597
1201032  0.3391565680503845
1200786  0.33872801065444946
1500106  0.3387047350406647
1900094  0.33844393491744995
1500239  0.3381010591983795
1200809  0.3380338251590729
1800147  0.3379685580730438
1900050  0.3378109037876129
2000111  0.33779001235961914
1500130  0.337365984916687
2000145  0.3370417058467865
1200728  0.33670565485954285
2000112  0.3366270065307617
2000074  0.3361818492412567
2000109  0.33591413497924805
1600079  0.3357868492603302
2000108  0.3356151878833771
2000129  0.33554989099502563
1600107  0.33520787954330444
2000073  0.3351050913333893
1200094  0.33502811193466187
1200604  0.3348555862903595
1200159  0.3346155285835266
2000157  0.33458006381988525
1800081  0.3345586955547333
1200794  0.3341365158557892
1200744  0.33387231826782227
1200405  0.33373332023620605
1500129  0.3334197998046875
1900072  0.33295702934265137
1500131  0.33228084444999695
1200154  0.33142608404159546
2000121  0.33125513792037964
2000119  0.3309636116027832
2000075  0.330748587846756
2000138  0.3304857611656189
1200155  0.3301500976085663
2000120  0.3290078341960907
1500226  0.328316867351532
1500113  0.3280618488788605
1500111  0.32786428928375244
2000131  0.3270137310028076
2000077  0.3268072009086609
1201034  0.32650017738342285
1500236  0.32649967074394226
2000115  0.3260883688926697
1200156  0.32601216435432434
2000126  0.32553499937057495
1500099  0.3255052864551544
2000123  0.32534709572792053
1200151  0.32427963614463806
1500107  0.3233262002468109
1500237  0.32315850257873535
2000110  0.3228982090950012
1500128  0.322752982378006
1500235  0.3227166533470154
1500231  0.32265403866767883
1500234  0.32218942046165466
1200153  0.32023492455482483
1500038  0.32007572054862976
1800155  0.3195965886116028
1500049  0.31881847977638245
1500048  0.31753185391426086
1500104  0.317246675491333
1500109  0.31717535853385925
1500108  0.3171027898788452
2000162  0.31701532006263733
1600086  0.3162814974784851
1600080  0.316084623336792
1500105  0.31606948375701904
1500039  0.31565165519714355
2000122  0.3155330717563629
1500089  0.3148575723171234
1500227  0.3142578601837158
1200813  0.31383395195007324
2000144  0.3126316964626312
1500230  0.3095623850822449
1500241  0.3075370192527771
1800111  0.307498574256897
1900068  0.30736181139945984
2000137  0.303177148103714
1500088  0.3020736575126648
1800092  0.295232892036438
