4700123  0.270500510931015
4800200  0.27043426036834717
4800204  0.27043426036834717
4800208  0.27043426036834717
4800212  0.27043426036834717
4800216  0.27043426036834717
4800220  0.27043426036834717
4800224  0.27043426036834717
4800228  0.27043426036834717
4800232  0.27043426036834717
4800236  0.27043426036834717
4800240  0.27043426036834717
4800244  0.27043426036834717
4800248  0.27043426036834717
4800252  0.27043426036834717
4800256  0.27043426036834717
4800260  0.27043426036834717
4800264  0.27043426036834717
4800268  0.27043426036834717
4800272  0.27043426036834717
4800276  0.27043426036834717
4800280  0.27043426036834717
4800284  0.27043426036834717
4800288  0.27043426036834717
4800292  0.27043426036834717
4800308  0.27043426036834717
4800315  0.27043426036834717
4800319  0.27043426036834717
4800320  0.27043426036834717
4800321  0.27043426036834717
4800323  0.27043426036834717
4800327  0.27043426036834717
4800328  0.27043426036834717
4800329  0.27043426036834717
4800330  0.27043426036834717
4800331  0.27043426036834717
4800332  0.27043426036834717
4800333  0.27043426036834717
4800334  0.27043426036834717
4800335  0.27043426036834717
4800336  0.27043426036834717
4800337  0.27043426036834717
4800338  0.27043426036834717
4800343  0.27043426036834717
4800344  0.27043426036834717
4800345  0.27043426036834717
4800346  0.27043426036834717
4800347  0.27043426036834717
4800348  0.27043426036834717
4800349  0.27043426036834717
4800350  0.27043426036834717
4800351  0.27043426036834717
4800352  0.27043426036834717
4800353  0.27043426036834717
4800354  0.27043426036834717
4800355  0.27043426036834717
4800356  0.27043426036834717
4800357  0.27043426036834717
4800358  0.27043426036834717
4800359  0.27043426036834717
4800360  0.27043426036834717
4800361  0.27043426036834717
4800362  0.27043426036834717
4800363  0.27043426036834717
4800364  0.27043426036834717
4800365  0.27043426036834717
4800369  0.27043426036834717
4800370  0.27043426036834717
4800372  0.27043426036834717
4800385  0.27043426036834717
4800386  0.27043426036834717
4900516  0.27043426036834717
4900518  0.27043426036834717
4900527  0.27043426036834717
5000252  0.27043426036834717
5000253  0.27043426036834717
5000254  0.27043426036834717
5000256  0.27043426036834717
5000257  0.27043426036834717
5000270  0.27043426036834717
5000284  0.27043426036834717
5100051  0.27043426036834717
5100052  0.27043426036834717
5300526  0.27043426036834717
5400041  0.27043426036834717
5400043  0.27043426036834717
5400049  0.27043426036834717
5400050  0.27043426036834717
5400051  0.27043426036834717
5400052  0.27043426036834717
5400053  0.27043426036834717
5400054  0.27043426036834717
5400055  0.27043426036834717
5400056  0.27043426036834717
5400057  0.27043426036834717
5400058  0.27043426036834717
5400059  0.27043426036834717
5400060  0.27043426036834717
5400061  0.27043426036834717
5400062  0.27043426036834717
5400065  0.27043426036834717
5400068  0.27043426036834717
5400069  0.27043426036834717
5400100  0.27043426036834717
5400101  0.27043426036834717
5400102  0.27043426036834717
5400114  0.27043426036834717
5400115  0.27043426036834717
5400116  0.27043426036834717
5400161  0.27043426036834717
5400162  0.27043426036834717
5400165  0.27043426036834717
5400284  0.27043426036834717
5400285  0.27043426036834717
5400287  0.27043426036834717
5400301  0.27043426036834717
5400304  0.27043426036834717
5600547  0.27043426036834717
5600548  0.27043426036834717
5600549  0.27043426036834717
5800259  0.27043426036834717
5800260  0.27043426036834717
5800261  0.27043426036834717
5800278  0.27043426036834717
5800282  0.27043426036834717
5800284  0.27043426036834717
5800286  0.27043426036834717
5800292  0.27043426036834717
6100139  0.27043426036834717
6100140  0.27043426036834717
6100153  0.27043426036834717
6100154  0.27043426036834717
6100155  0.27043426036834717
6100156  0.27043426036834717
6100159  0.27043426036834717
6100160  0.27043426036834717
6100161  0.27043426036834717
6100162  0.27043426036834717
6100190  0.27043426036834717
6100191  0.27043426036834717
6100192  0.27043426036834717
6100193  0.27043426036834717
6100196  0.27043426036834717
6100199  0.27043426036834717
6100202  0.27043426036834717
6100207  0.27043426036834717
6100208  0.27043426036834717
6100212  0.27043426036834717
6100213  0.27043426036834717
6100214  0.27043426036834717
6100215  0.27043426036834717
6100216  0.27043426036834717
6100217  0.27043426036834717
6100218  0.27043426036834717
6100221  0.27043426036834717
6100222  0.27043426036834717
6100223  0.27043426036834717
6100224  0.27043426036834717
6100245  0.27043426036834717
6100311  0.27043426036834717
6100323  0.27043426036834717
6100335  0.27043426036834717
6100346  0.27043426036834717
6100429  0.27043426036834717
6100432  0.27043426036834717
6100433  0.27043426036834717
6100434  0.27043426036834717
6100435  0.27043426036834717
6100438  0.27043426036834717
6100439  0.27043426036834717
6100440  0.27043426036834717
4000572  0.27025166153907776
4800196  0.2701078951358795
4800103  0.2699225842952728
4700063  0.26949092745780945
4000952  0.2694490849971771
4600062  0.26886045932769775
4000950  0.2687394618988037
4600061  0.2686709463596344
3900213  0.26858076453208923
4000999  0.2683955729007721
4500144  0.26833823323249817
4700122  0.26814091205596924
4800102  0.26803895831108093
4001001  0.26797404885292053
4000569  0.2678907811641693
4200102  0.2677249014377594
4700100  0.26757270097732544
4500256  0.26746851205825806
4000160  0.26737478375434875
4200103  0.2672094702720642
4700101  0.2671736180782318
4000447  0.26714757084846497
4000731  0.2671356797218323
4000451  0.267092227935791
4000955  0.26703861355781555
3900660  0.2669777572154999
4000162  0.26697397232055664
4000540  0.26693931221961975
4700099  0.26687243580818176
4200338  0.26677054166793823
4700104  0.2667541801929474
4700105  0.26644042134284973
4700096  0.2664198577404022
4000488  0.26639050245285034
4700086  0.26607978343963623
4700065  0.2660558223724365
4000976  0.26594310998916626
4800131  0.2657981514930725
4000542  0.2657506465911865
4000494  0.26574990153312683
4000149  0.2657076418399811
4600260  0.2656130790710449
4000539  0.2655780613422394
4800101  0.26541346311569214
4000977  0.2653084099292755
4700173  0.2651975750923157
4700171  0.26517319679260254
4600259  0.2651531994342804
4800192  0.2651449143886566
4700169  0.26488685607910156
4000136  0.2648860216140747
4200099  0.26479363441467285
4000116  0.26478639245033264
4700067  0.2647764980792999
4000135  0.2646521031856537
4800156  0.2646147310733795
4700068  0.2646142542362213
4000498  0.26459404826164246
4800136  0.2645762264728546
4700077  0.2645746171474457
4800100  0.2644696831703186
4000491  0.26441481709480286
4000454  0.2643791735172272
4400175  0.26381540298461914
4000982  0.2637880742549896
4000980  0.2637808620929718
4000154  0.2637653946876526
4001034  0.2637524902820587
4000486  0.26374948024749756
4000949  0.26363638043403625
4000471  0.2636016607284546
4000212  0.2635800242424011
4200339  0.2634694576263428
4001032  0.2634682059288025
4000094  0.2634599208831787
4700066  0.2633824646472931
4700180  0.26319682598114014
4001003  0.26309606432914734
4000139  0.26304274797439575
4800099  0.2630021572113037
4000979  0.26297757029533386
4700133  0.2629324793815613
4000568  0.26276445388793945
4200336  0.26274996995925903
4700177  0.26271000504493713
10100039  0.2626991868019104
10300042  0.2626534402370453
10800099  0.262652188539505
4001037  0.2626503109931946
10000204  0.2626209557056427
10800040  0.2626064419746399
4000718  0.26257041096687317
10201353  0.2625604569911957
4200340  0.2625594437122345
10700180  0.2625562846660614
10000205  0.26254335045814514
10401169  0.2625076174736023
10201579  0.26249849796295166
4000446  0.26248812675476074
4000158  0.26246196031570435
10401183  0.26245352625846863
10201505  0.26244500279426575
10300087  0.26242515444755554
4000211  0.26242485642433167
10300123  0.26240524649620056
4700108  0.26240262389183044
4000475  0.2623932659626007
4200101  0.26237601041793823
9800236  0.26237452030181885
4500120  0.2623705565929413
10201577  0.2623704969882965
10300039  0.26235878467559814
9900747  0.2623298764228821
4000148  0.26232972741127014
10201506  0.2623193860054016
10100040  0.2623099684715271
10300089  0.2622825801372528
10201373  0.2622795104980469
10300140  0.2622784376144409
10300143  0.2622663378715515
10300045  0.2622646689414978
10201374  0.26226335763931274
9800286  0.2622627317905426
10300144  0.2622620761394501
10000203  0.26225295662879944
10000187  0.26225045323371887
9800288  0.26224958896636963
10300141  0.2622423768043518
10401182  0.2622421681880951
10000119  0.26221635937690735
10100041  0.2622162401676178
10300084  0.26221486926078796
10000183  0.2622133791446686
10201580  0.26220834255218506
9800124  0.26220619678497314
4000457  0.2622033953666687
10300142  0.2622029781341553
10201574  0.2621859312057495
10000192  0.26217740774154663
10300071  0.2621661126613617
10100042  0.26215991377830505
10300061  0.26215291023254395
10300158  0.26215121150016785
10300088  0.262148380279541
4000543  0.2621418833732605
9800151  0.26213881373405457
9800227  0.2621239125728607
10300048  0.2621121108531952
9800226  0.2621097266674042
4300049  0.2620905041694641
10700181  0.26207423210144043
9800173  0.2620689570903778
9800239  0.2620651125907898
10000209  0.26206380128860474
10300103  0.2620614469051361
10401180  0.26204729080200195
10300068  0.2620468735694885
9800154  0.26204589009284973
10700178  0.26204103231430054
9900740  0.26202720403671265
10300148  0.2620255947113037
10000188  0.2620173394680023
9800225  0.2620154023170471
10100038  0.2620044946670532
9800200  0.26199835538864136
10201509  0.26198700070381165
10201503  0.2619800269603729
10300159  0.2619740664958954
10000184  0.26197126507759094
10201504  0.2619682550430298
9800275  0.2619628608226776
10201508  0.2619471549987793
9800252  0.26194244623184204
10000193  0.2619404196739197
9800149  0.2619396150112152
10000110  0.26193565130233765
4200105  0.26193127036094666
10000194  0.2619263529777527
10201370  0.26192528009414673
10300155  0.2619251012802124
10100102  0.2619081139564514
10000202  0.26190677285194397
9800135  0.26190662384033203
10201354  0.26189932227134705
10201352  0.26189693808555603
10700177  0.2618942856788635
10800039  0.26188671588897705
10201363  0.2618848383426666
10300160  0.26188090443611145
10201531  0.26186132431030273
10000195  0.26185476779937744
9800195  0.26181918382644653
10401181  0.2618163824081421
10800037  0.26180264353752136
10000098  0.2617988884449005
10201507  0.2617964446544647
4800184  0.2617911398410797
10300062  0.261788010597229
10201346  0.2617837190628052
10000201  0.2617758512496948
10201362  0.26177364587783813
4700107  0.2617685794830322
9800274  0.26176291704177856
10201543  0.261752724647522
10700200  0.2617511749267578
10201537  0.261750191450119
10401179  0.2617473006248474
9800144  0.26174649596214294
9800223  0.26174551248550415
10201359  0.2617443799972534
4800188  0.2617403566837311
10201344  0.2617393732070923
10201573  0.26173675060272217
10300166  0.2617315351963043
10000095  0.26172491908073425
9800280  0.26169854402542114
10201538  0.2616924047470093
10201351  0.261688232421875
9800235  0.2616870701313019
4000978  0.26168450713157654
9800276  0.26168185472488403
9800146  0.2616744041442871
9800139  0.26167362928390503
10100089  0.26167190074920654
4200619  0.2616688013076782
9900750  0.2616623044013977
9900751  0.26166045665740967
9800140  0.26165518164634705
4700175  0.26165327429771423
10201357  0.26163288950920105
10300156  0.2616328299045563
10201358  0.2616294026374817
10201350  0.2616235613822937
10300146  0.2616175711154938
9900748  0.261614590883255
10100088  0.2616004943847656
4000155  0.26159870624542236
4000474  0.2615979313850403
9800198  0.26157665252685547
10700182  0.2615709602832794
4800160  0.26155784726142883
10201367  0.26155129075050354
9800261  0.26153361797332764
10201356  0.2615145742893219
9800254  0.2615140378475189
10201378  0.2615111172199249
10201575  0.26149365305900574
9800199  0.2614930272102356
10300145  0.2614845037460327
10700183  0.26147493720054626
9800283  0.2614717185497284
10201345  0.26144939661026
9900749  0.26143622398376465
9800228  0.26143574714660645
4001051  0.26143479347229004
4700106  0.2614305913448334
9800251  0.2614278793334961
10201544  0.26139259338378906
10201536  0.2613860070705414
4000484  0.2613632082939148
10201347  0.2613147497177124
9800153  0.2613123655319214
10201532  0.26128897070884705
10201533  0.2612852454185486
10201375  0.26126912236213684
4200341  0.2612585425376892
4200610  0.26124289631843567
10700196  0.2612372636795044
10300153  0.26123014092445374
4001273  0.26122143864631653
10000200  0.2612144947052002
9800259  0.26120471954345703
9800281  0.2611922323703766
10201576  0.26118505001068115
9800213  0.2611648738384247
4000179  0.26114803552627563
9800204  0.26114389300346375
10000196  0.26113250851631165
9800152  0.26108822226524353
4000134  0.2610870897769928
10700197  0.26107195019721985
10300152  0.2610624134540558
9800262  0.2610371708869934
4500118  0.2610209286212921
10201539  0.261019766330719
10700198  0.2610190510749817
9800257  0.2610093057155609
4000566  0.26091355085372925
4000176  0.26083481311798096
9800273  0.26079532504081726
4000715  0.2607451379299164
4000714  0.2606997489929199
4001054  0.2606973648071289
4200342  0.2606792747974396
4200100  0.2605074942111969
4200098  0.2602708637714386
4001055  0.2602415680885315
4000137  0.2601880431175232
4800164  0.26015862822532654
4000719  0.26014670729637146
4000554  0.26011335849761963
4200096  0.2600673735141754
4200335  0.2600085735321045
4000459  0.2599368691444397
4400171  0.2599220275878906
4400054  0.25970274209976196
4700110  0.2596488296985626
4000175  0.2595382332801819
4000184  0.25951433181762695
4400105  0.25950485467910767
4200106  0.2595040202140808
4000458  0.25935447216033936
4000213  0.2592988610267639
4000138  0.25900325179100037
4000444  0.258953720331192
4000144  0.2586387097835541
4000557  0.258531391620636
4000208  0.25844475626945496
4700112  0.2583896517753601
4500119  0.2583388686180115
4000443  0.2581528127193451
4000142  0.25813448429107666
4800180  0.25767678022384644
4000117  0.25756415724754333
4400170  0.2574865221977234
4300048  0.25723832845687866
4000118  0.25684210658073425
4800176  0.2567817270755768
4000143  0.2567257285118103
4400055  0.2566045820713043
4201462  0.25648072361946106
4700111  0.2562331259250641
4000183  0.25591710209846497
4000185  0.2557736039161682
4000205  0.25552046298980713
4800168  0.25501006841659546
4000182  0.25495144724845886
4800172  0.2543449401855469
4000556  0.2532937526702881
8500490  0.18384979665279388
8400120  0.1835188865661621
8500493  0.18329358100891113
8500514  0.18317270278930664
8600263  0.18309587240219116
8600229  0.1829831600189209
8600225  0.1829799860715866
8600218  0.18297870457172394
8600224  0.18297535181045532
8400121  0.18288561701774597
8600237  0.18243247270584106
8600221  0.18232320249080658
8600238  0.1820784956216812
8500498  0.181996688246727
8600262  0.181985005736351
8500218  0.18191732466220856
8600217  0.18190288543701172
8500504  0.18189512193202972
8600268  0.18185943365097046
8600240  0.1818259358406067
8600219  0.18175852298736572
8600223  0.1817452311515808
8600264  0.18171048164367676
8600222  0.18164417147636414
8600239  0.18148767948150635
8500480  0.18146194517612457
8500515  0.18137069046497345
8600235  0.18119758367538452
8500409  0.18104137480258942
8800049  0.18103007972240448
8600260  0.18098992109298706
8500510  0.18097469210624695
8500324  0.1808941662311554
8500522  0.1808585375547409
8600230  0.1807975023984909
8500556  0.1807432323694229
8500489  0.18070122599601746
8800048  0.18061988055706024
8600249  0.1806022673845291
8500219  0.18059568107128143
8500174  0.18056675791740417
8600236  0.18049293756484985
8500586  0.18047142028808594
8500523  0.18044693768024445
8500320  0.18039371073246002
8500323  0.18037423491477966
8600251  0.180366650223732
8500478  0.18035036325454712
8500525  0.18034467101097107
8500521  0.18033230304718018
8600271  0.18020015954971313
8600232  0.18013866245746613
8600234  0.18009738624095917
8500284  0.18006834387779236
8500400  0.18003404140472412
8600233  0.18002435564994812
8500552  0.18000578880310059
8600242  0.17999500036239624
8500516  0.17997364699840546
8600243  0.1798192709684372
8500487  0.17979048192501068
8500084  0.17970509827136993
8400239  0.17967167496681213
8600259  0.1796715259552002
8500285  0.17965883016586304
8500517  0.17965759336948395
8400217  0.17961813509464264
8600231  0.17959310114383698
8500530  0.17959235608577728
8500224  0.17955996096134186
8500106  0.17949120700359344
8500589  0.17947964370250702
8500593  0.17935621738433838
8500109  0.17934708297252655
8400228  0.17925430834293365
8500190  0.17925065755844116
8500584  0.17922933399677277
8500518  0.17920464277267456
8400227  0.17913208901882172
8500554  0.17910175025463104
8400241  0.17908623814582825
8600253  0.1790090650320053
8500310  0.1789356768131256
8600274  0.17884352803230286
8500275  0.17884321510791779
8500296  0.17882616817951202
8500557  0.17880535125732422
8600250  0.1787666231393814
8500481  0.17875391244888306
8500540  0.1787286102771759
8600244  0.1786656677722931
8500299  0.1786399632692337
8500214  0.17863142490386963
8500581  0.1786220371723175
8600256  0.17860886454582214
8600209  0.178559809923172
8400219  0.1785498559474945
8500207  0.17854797840118408
8500537  0.17852720618247986
8500520  0.1785086691379547
8500539  0.1783999800682068
8600279  0.1783427596092224
8500206  0.178243950009346
8500519  0.1782017946243286
8500232  0.17813029885292053
8600252  0.1781182736158371
8700111  0.1781088262796402
8500583  0.1780976951122284
8500573  0.17808671295642853
8500545  0.17801699042320251
8600257  0.17798547446727753
8600216  0.1779853254556656
8600213  0.17797771096229553
8400246  0.17794141173362732
8400237  0.17793747782707214
8600214  0.17792996764183044
8500574  0.17776727676391602
8400222  0.1777450144290924
8400243  0.17763669788837433
8500211  0.17761555314064026
8500233  0.1775997430086136
8400223  0.1775921881198883
8500568  0.17755751311779022
8500550  0.17750918865203857
8600215  0.17748546600341797
8500482  0.17747825384140015
8500225  0.17746339738368988
8600246  0.17737942934036255
8600245  0.17736472189426422
8500210  0.17736275494098663
8600101  0.17722658812999725
8400232  0.177208811044693
8500567  0.17715536057949066
8500231  0.1771257221698761
8600072  0.17692680656909943
8600067  0.176908940076828
8500209  0.1767563372850418
8400233  0.17672663927078247
8500274  0.17669209837913513
8500075  0.17667552828788757
8400236  0.1766672283411026
8500192  0.1764453798532486
8600103  0.17636360228061676
8500547  0.1763395369052887
8600081  0.1763322949409485
8600099  0.17628049850463867
8600280  0.17623257637023926
8400248  0.1762046366930008
8500543  0.17618297040462494
8400253  0.17615774273872375
8400251  0.17605546116828918
8500485  0.17601947486400604
8500486  0.17597031593322754
8500205  0.1758623868227005
8700106  0.1758602112531662
8600247  0.17585761845111847
8600071  0.1757916361093521
8600074  0.17576374113559723
8500193  0.17574675381183624
8700053  0.17552872002124786
8500195  0.17550444602966309
8500204  0.1755014955997467
8600248  0.1753743439912796
8500483  0.17520490288734436
8600102  0.1748870313167572
8500196  0.17479290068149567
8500203  0.17448583245277405
8700051  0.1742570400238037
8700052  0.17373163998126984
8500197  0.17337635159492493
1000056  0.14393728971481323
1900102  0.14382204413414001
1600113  0.14376147091388702
1600116  0.14369593560695648
1900094  0.1435125470161438
2200076  0.1432630717754364
1000057  0.14302793145179749
1600128  0.14300107955932617
1900079  0.1429973542690277
1900110  0.14293015003204346
1900076  0.1428857445716858
2100044  0.142874613404274
1900080  0.1428242027759552
1600119  0.14277733862400055
1600125  0.14276473224163055
2200074  0.1427636593580246
2200078  0.1427195519208908
2200187  0.1425904929637909
1800054  0.14258743822574615
1900245  0.14257489144802094
1400081  0.1425354927778244
2000063  0.1424885243177414
2100045  0.1424683928489685
1900075  0.14244875311851501
1900082  0.14239424467086792
1900081  0.14235542714595795
1600200  0.1422642171382904
1600122  0.14224179089069366
1600131  0.14214791357517242
1900229  0.1421319544315338
1600085  0.1420997977256775
2200080  0.14207229018211365
1600300  0.1420290768146515
1900225  0.1420082449913025
1600082  0.14199069142341614
1600088  0.14197364449501038
1300065  0.14195793867111206
1600073  0.141957625746727
1600134  0.1418912410736084
1400093  0.14187541604042053
2200060  0.14180569350719452
1200033  0.14170381426811218
1800055  0.14170242846012115
1600191  0.1416744738817215
1600110  0.14165480434894562
2200096  0.14163236320018768
1900065  0.14162909984588623
2200072  0.14162899553775787
1900206  0.14162835478782654
1600076  0.1415708363056183
2200178  0.14154542982578278
1900186  0.14152242243289948
2100038  0.14152155816555023
1900213  0.14150454103946686
1300066  0.141488179564476
1600106  0.14148108661174774
1900211  0.1414339244365692
1100758  0.14142034947872162
1600155  0.1413813978433609
1300064  0.14133098721504211
2200068  0.14132878184318542
1100890  0.14120185375213623
1400079  0.14119671285152435
1900210  0.14119382202625275
2200105  0.14117924869060516
1600182  0.14117863774299622
2200082  0.14112156629562378
2200095  0.14108894765377045
1600291  0.1410670131444931
1000058  0.14104962348937988
1600154  0.14101877808570862
1300058  0.1410151869058609
1900054  0.14101022481918335
1600309  0.14089779555797577
1600079  0.14089590311050415
1100726  0.1408652663230896
1400155  0.14084486663341522
1100054  0.14083263278007507
1600164  0.14080987870693207
2200064  0.1407971829175949
1700030  0.14078913629055023
1600137  0.1407598853111267
1100772  0.14073015749454498
2200070  0.14070551097393036
1600091  0.14069874584674835
1400051  0.14065688848495483
1600227  0.14065492153167725
2100062  0.1406533271074295
1100055  0.1406233161687851
1100051  0.14061880111694336
1600209  0.14061404764652252
1400096  0.140581876039505
2100049  0.14057809114456177
1600173  0.14055274426937103
1600218  0.1405380219221115
2100071  0.1404835283756256
1300060  0.1404523402452469
2200062  0.14035117626190186
1400055  0.1403001844882965
2200066  0.14028358459472656
1600378  0.14025911688804626
1600236  0.14024806022644043
2200114  0.14023883640766144
1600140  0.14022071659564972
1100050  0.1402168720960617
1800067  0.14021678268909454
1600245  0.14021220803260803
1600318  0.14009042084217072
1600345  0.14008943736553192
1800065  0.14007309079170227
1100818  0.14003783464431763
1100888  0.14002764225006104
1400164  0.1399959772825241
1000059  0.13998885452747345
1600363  0.13998866081237793
1600282  0.1399395912885666
1600354  0.1399168074131012
1300070  0.13991402089595795
1400061  0.13990719616413116
2200169  0.1398879736661911
1600153  0.13988521695137024
1600094  0.13987144827842712
1100792  0.13985483348369598
1400151  0.13984078168869019
1800100  0.13984058797359467
1800076  0.13983537256717682
1600327  0.13980619609355927
1400049  0.13980339467525482
1600254  0.13975979387760162
1600273  0.1397550255060196
1400142  0.1397080421447754
1300071  0.13968421518802643
1400097  0.13967187702655792
1800066  0.1395159512758255
1600336  0.1395118236541748
2200094  0.13950438797473907
1600264  0.13947400450706482
1100804  0.13945309817790985
1900055  0.13937318325042725
1800084  0.13932448625564575
1000138  0.13929806649684906
2200160  0.13927903771400452
1800082  0.13920745253562927
1800075  0.13919351994991302
1300080  0.13915535807609558
1800080  0.13909107446670532
1400056  0.13909001648426056
1900064  0.13907311856746674
2100080  0.13896864652633667
1800068  0.13873927295207977
1400060  0.1387169361114502
1300113  0.13854263722896576
2100155  0.1384807974100113
2200123  0.1384289711713791
1600103  0.1384248286485672
1800081  0.13833729922771454
1600097  0.13832204043865204
1100886  0.13828717172145844
1100069  0.13824830949306488
2200151  0.13823583722114563
1800069  0.13817575573921204
1600100  0.13813209533691406
1100058  0.1380433589220047
1100887  0.1379232555627823
1300123  0.1376451700925827
2200132  0.1374596655368805
1300132  0.13738521933555603
1300083  0.13725221157073975
1300112  0.13712604343891144
2200141  0.13662491738796234
7100116  0.09784136712551117
7800201  0.09768945723772049
7100120  0.09766025096178055
6900133  0.09765941649675369
8400118  0.09715744853019714
7800192  0.0971042737364769
8400133  0.09704256802797318
7100130  0.09701520204544067
7800174  0.0970095619559288
7800169  0.09686942398548126
7000198  0.09680474549531937
6900136  0.09676707535982132
8300393  0.09670348465442657
6900269  0.09668463468551636
7100132  0.09668249636888504
7800238  0.09668173640966415
7100112  0.09667924046516418
7800237  0.09666750580072403
8400134  0.09660694748163223
7900043  0.09650964289903641
7800205  0.09648874402046204
7800163  0.09648393839597702
7800180  0.09647691994905472
7800190  0.09644099324941635
7000067  0.09638840705156326
7900044  0.09634926915168762
7600057  0.09630221873521805
7800240  0.0962696447968483
7200042  0.09623917937278748
8400067  0.09620911628007889
7800182  0.0961942970752716
7100129  0.09617346525192261
7700038  0.09613274782896042
7500042  0.09611427038908005
7100128  0.0960727259516716
7000069  0.09606713801622391
7800156  0.096039317548275
8300392  0.09603848308324814
7800221  0.096024289727211
7000196  0.09588457643985748
7000176  0.09583236277103424
7000066  0.09582825005054474
7300048  0.09580980986356735
7000179  0.09580735117197037
7300047  0.09579343348741531
8100060  0.09577540308237076
6900261  0.09575098007917404
7100134  0.09574804455041885
7000177  0.09570258855819702
7900045  0.09567951411008835
7800229  0.09563329815864563
7800235  0.09556765854358673
7100046  0.09553392976522446
7800236  0.09552468359470367
6900221  0.09551133960485458
7300049  0.09548512101173401
8100101  0.09548474848270416
8400117  0.09547308832406998
7200104  0.09544343501329422
6900219  0.09543471783399582
6900265  0.09537486732006073
7500043  0.09532231837511063
7800146  0.095316581428051
7800209  0.09531481564044952
8400073  0.09528160095214844
7300132  0.09528026729822159
8100059  0.09521849453449249
7000195  0.09516932815313339
6900257  0.0951598733663559
8300391  0.09515194594860077
6900271  0.09513378888368607
8400076  0.0951150506734848
7600044  0.09511369466781616
8000779  0.09510470926761627
7400113  0.09503388404846191
8100158  0.09502129256725311
7000175  0.09495558589696884
6900268  0.09492714703083038
7500097  0.09492477774620056
7100047  0.09491278976202011
7100096  0.09491213411092758
7800225  0.09490599483251572
7900059  0.0948890894651413
6900149  0.09488105028867722
6900151  0.09472866356372833
7900066  0.09472518414258957
8000782  0.0947241261601448
8400086  0.09471574425697327
8100143  0.09471140056848526
7200043  0.09470437467098236
7000134  0.09470081329345703
7200100  0.09469521045684814
7200044  0.09468965232372284
7800046  0.0946744978427887
7000058  0.0946611538529396
7400046  0.09464503079652786
7000088  0.09462755173444748
8100117  0.09461945295333862
7000139  0.09460648894309998
6900140  0.09456454962491989
7600043  0.09455938637256622
6900224  0.09455493092536926
7800145  0.09454414248466492
7400048  0.09448041766881943
7300128  0.09444229304790497
6900141  0.0944308191537857
7500048  0.09438394010066986
7200048  0.09432376176118851
6900253  0.09429363906383514
7500056  0.0942688137292862
6900050  0.09421348571777344
8400114  0.09420746564865112
6900266  0.0942060574889183
7000061  0.09416952729225159
7400047  0.09414874762296677
7000057  0.09412401914596558
7000123  0.0941125750541687
7400104  0.09410684555768967
8400116  0.09406869858503342
7000059  0.0940680056810379
6900143  0.09406568855047226
7600042  0.09406556934118271
7000142  0.09400934725999832
7500044  0.09400879591703415
6900233  0.09400534629821777
6900152  0.09400055557489395
7800045  0.0939960703253746
7000120  0.09397850930690765
7100048  0.0939507782459259
7000075  0.09390577673912048
6900142  0.09388972818851471
8100148  0.09388431906700134
6900241  0.09384732693433762
6900237  0.09380568563938141
7800141  0.09376281499862671
7400095  0.09376180171966553
7000064  0.09374537318944931
7800129  0.09373623877763748
7800073  0.09363995492458344
7700039  0.0936347097158432
7000093  0.0935971662402153
7500052  0.09359253197908401
7800076  0.09357528388500214
7400057  0.09342942386865616
7800147  0.09326911717653275
6900245  0.09325720369815826
6900211  0.09318862110376358
7100085  0.09317389130592346
7800061  0.09312112629413605
6900207  0.09302444756031036
7000076  0.09300437569618225
7800155  0.09299876540899277
7000062  0.09296678006649017
7800134  0.09295937418937683
7100083  0.09289810061454773
7000053  0.09281343221664429
8000781  0.09281017631292343
7000054  0.09255661070346832
6900249  0.0925290659070015
7800135  0.09251190721988678
8000780  0.09246852248907089
7000042  0.09245970100164413
7800047  0.09243809431791306
8400110  0.09242592006921768
8400106  0.0921555757522583
7100055  0.09206151217222214
8400112  0.09203849732875824
7000056  0.09200266003608704
7000045  0.09178066998720169
8400111  0.0917685255408287
9100116  0.08979951590299606
9800123  0.08958874642848969
8800042  0.08947064727544785
9100122  0.08934115618467331
9300753  0.08930207788944244
9300752  0.08930151909589767
9100117  0.089213065803051
9300738  0.0891282856464386
9700515  0.08904431760311127
9400963  0.08902446925640106
9700514  0.08902283012866974
9300740  0.08899892121553421
9400974  0.08894644677639008
9300943  0.08890020847320557
9100126  0.0888560339808464
9700482  0.08881757408380508
9100225  0.08873122930526733
9000211  0.08869711309671402
9000209  0.0886915847659111
9300675  0.08867549151182175
8800053  0.08866502344608307
9400975  0.08861042559146881
9300742  0.08858759701251984
9300739  0.08855239301919937
9100115  0.08851870149374008
9000126  0.08849785476922989
9300746  0.08849121630191803
9100118  0.0884881466627121
9300743  0.08847933262586594
9300628  0.0884767398238182
9300765  0.08846323937177658
9100191  0.08845916390419006
9100192  0.08845075964927673
9400964  0.08843619376420975
9300940  0.08840665966272354
9100149  0.08839884400367737
9300854  0.08837492018938065
9000256  0.08837444335222244
9100148  0.0882735550403595
9700513  0.08823539316654205
9100127  0.0881938636302948
9100171  0.08818534761667252
9400985  0.08818437159061432
9100119  0.0881667509675026
9000214  0.08816400915384293
9700504  0.08814285695552826
9000051  0.08812940865755081
9000259  0.08809562772512436
9800082  0.08807042241096497
9300796  0.0880337655544281
9300792  0.08802857995033264
9000108  0.08800806105136871
9000257  0.08798445016145706
9000119  0.08795616030693054
9800083  0.08795061707496643
9000255  0.08794799447059631
9401003  0.08791667222976685
9100128  0.08789288997650146
9700512  0.08789161592721939
9300638  0.08788754045963287
9000127  0.08787889033555984
9100111  0.08787607401609421
9300823  0.08782947808504105
8900528  0.08782781660556793
8900542  0.08779468387365341
9000253  0.08774644881486893
9800121  0.08774609863758087
9000123  0.08774317800998688
9000146  0.08767718821763992
8800094  0.08766604959964752
9300816  0.08766443282365799
9800106  0.08764433860778809
9100221  0.08762706816196442
9700511  0.08760330080986023
9300627  0.08758579939603806
9100138  0.08753196150064468
9000125  0.08750823140144348
9800118  0.0874275267124176
9100229  0.08741993457078934
8900457  0.08741971105337143
9100203  0.08739184588193893
9000238  0.08735593408346176
9100194  0.08735198527574539
9300664  0.08734860271215439
9401002  0.08733989298343658
9401000  0.08730540424585342
9100202  0.08730460703372955
9400986  0.08729013800621033
9100137  0.08727779239416122
8900456  0.0872754156589508
9700510  0.08727534115314484
9000248  0.0872693732380867
9700509  0.08725123852491379
9000249  0.08724556118249893
9300661  0.08723436295986176
9000161  0.08720298856496811
9100197  0.0872027575969696
8900458  0.08718594908714294
9100129  0.08717881143093109
9100068  0.08717385679483414
9100217  0.08716003596782684
9400997  0.0871257409453392
9100071  0.08712407201528549
9000145  0.0871187075972557
9700505  0.08708330988883972
9100135  0.08704933524131775
9100237  0.0870359018445015
9000124  0.08703023940324783
9201149  0.08702994883060455
9300650  0.08699198067188263
9000089  0.08696441352367401
9000063  0.08696205914020538
9100211  0.0869540348649025
9800117  0.08695350587368011
9201148  0.08694986999034882
9000223  0.08694646507501602
8900455  0.08692492544651031
9000134  0.08691879361867905
9201150  0.08689983934164047
8900454  0.08689269423484802
9100241  0.08687719702720642
9000149  0.08684814721345901
9400987  0.0868125930428505
9100045  0.08673429489135742
9000252  0.08671841770410538
9000233  0.08671214431524277
8800098  0.08670297265052795
9300654  0.08668264001607895
9000184  0.08666413277387619
9000151  0.08664580434560776
9000162  0.08662880212068558
9100233  0.08658856898546219
9000072  0.08658695220947266
9300653  0.08658099174499512
9300639  0.08653034269809723
9100209  0.08652356266975403
9800107  0.08651280403137207
9100212  0.08649512380361557
9000130  0.08647534996271133
9100100  0.0864485502243042
9300665  0.08642245829105377
9300657  0.08635744452476501
9300660  0.08634977042675018
9300649  0.08632541447877884
9100213  0.08631809800863266
9000228  0.08630266785621643
9000152  0.0861811637878418
9000135  0.08616649359464645
9800110  0.08608460426330566
9300659  0.08602909743785858
8900524  0.08601243048906326
9300658  0.08598550409078598
9300672  0.08597639203071594
9300651  0.08583936840295792
9000141  0.08581916987895966
9000140  0.08580327033996582
9000078  0.08580038696527481
9400998  0.08578746765851974
9300652  0.08578144758939743
9000138  0.08576378971338272
9000079  0.08574926853179932
9100081  0.08563440293073654
8900459  0.08562622964382172
9400999  0.08555853366851807
9800115  0.08554963767528534
9100072  0.08553115278482437
9800114  0.08539171516895294
9000144  0.0852275863289833
9800111  0.08502903580665588
9000136  0.08500982075929642
6100458  0.061806559562683105
6600491  0.061789896339178085
6300221  0.0617605559527874
6400281  0.06170400232076645
6600489  0.06146838515996933
6400286  0.06141212210059166
6600536  0.061286572366952896
6600558  0.06124396249651909
6600476  0.06120030954480171
6600537  0.06118552386760712
6400287  0.06116439774632454
6600475  0.06112151965498924
6600503  0.06111997365951538
6600448  0.061116669327020645
6100459  0.061112452298402786
6600485  0.06110472232103348
6600504  0.06106957048177719
6600478  0.06101703271269798
6600506  0.061010513454675674
6600534  0.061005983501672745
6300181  0.06099691614508629
6300183  0.06096098572015762
6500514  0.06095413863658905
6600486  0.0609356053173542
6600492  0.06092263385653496
6600507  0.060909099876880646
6600510  0.060900554060935974
6300160  0.06089203059673309
6600488  0.06086893379688263
6300156  0.06081386283040047
6400285  0.060795217752456665
6600509  0.06078643724322319
6300200  0.060778629034757614
6600539  0.06077703833580017
6600449  0.06076354160904884
6300220  0.060717251151800156
6500411  0.06071591377258301
6400288  0.06068069487810135
6600494  0.060662489384412766
6500410  0.06064732372760773
6600533  0.060626860707998276
6600522  0.06062648445367813
6400295  0.06061997637152672
6300193  0.06060808524489403
6400282  0.06059938296675682
6600501  0.06053495034575462
6300194  0.060523293912410736
6300201  0.06051221489906311
6600495  0.06047970801591873
6600498  0.06045932322740555
6300198  0.060441095381975174
6600469  0.060420747846364975
6300180  0.06041921675205231
6600473  0.0604117177426815
6600540  0.06038681045174599
6300162  0.06038437411189079
6300192  0.06032624840736389
6600542  0.060285162180662155
6300157  0.060282714664936066
6500414  0.060278329998254776
6600524  0.06027640774846077
6600555  0.0602673664689064
6600500  0.06023824214935303
6300197  0.06023646891117096
6300055  0.0602274052798748
6600515  0.06017565727233887
6500409  0.060168176889419556
6300203  0.060143861919641495
6600525  0.0601201094686985
6300191  0.06010834500193596
6300058  0.06007124483585358
6500412  0.060062214732170105
6500408  0.060059670358896255
6400378  0.060056399554014206
6300215  0.060054559260606766
6600497  0.06005232036113739
6100460  0.06004157289862633
6500518  0.06000705435872078
6500489  0.06000649183988571
6300188  0.06000601872801781
6600521  0.059964340180158615
6600531  0.059953536838293076
6300059  0.05994444340467453
6500404  0.059921957552433014
6600530  0.059894971549510956
6600446  0.05989274010062218
6300155  0.0598590150475502
6100463  0.05985637754201889
6600512  0.059846144169569016
6300159  0.059833697974681854
6600513  0.05981623753905296
6200759  0.05979113280773163
6600437  0.059780169278383255
6300176  0.059764545410871506
6300189  0.05974549800157547
6200760  0.05972239747643471
6600527  0.05965357646346092
6500413  0.059649720788002014
6600445  0.05963723734021187
6500565  0.059627849608659744
6100466  0.05959653481841087
6500422  0.059592511504888535
6100461  0.059584200382232666
6600467  0.059567343443632126
6300184  0.05955735594034195
6500480  0.059553615748882294
6500532  0.05955280363559723
6300175  0.0595465824007988
6600436  0.05954313278198242
6300190  0.05949990451335907
6300158  0.059498824179172516
6500632  0.05949665233492851
6300163  0.0594804584980011
6300177  0.0594765730202198
6500421  0.0594501867890358
6600460  0.05943970009684563
6600519  0.05942188948392868
6600454  0.05941464379429817
6600528  0.059399187564849854
6300174  0.05938561633229256
6600543  0.05935989320278168
6300154  0.05935395881533623
6300179  0.05934181436896324
6600452  0.059341348707675934
6300187  0.05934096500277519
6600552  0.05929610878229141
6300071  0.05929216369986534
6500405  0.05928245559334755
6500482  0.05925535410642624
6600451  0.0592537485063076
6500582  0.05924855172634125
6300065  0.059235651046037674
6300186  0.059226445853710175
6600461  0.05921600013971329
6300204  0.05921261012554169
6500483  0.05920949578285217
6300062  0.0591990128159523
6100462  0.05916045606136322
6600551  0.059152793139219284
6500481  0.05909966304898262
6300185  0.059099022299051285
6300165  0.059006743133068085
6300164  0.058991774916648865
6600466  0.05885516107082367
6300212  0.05882445350289345
6600470  0.0587654747068882
6600455  0.058763302862644196
6600457  0.05871903523802757
6600518  0.05869688838720322
6300171  0.058695513755083084
6300085  0.05868837982416153
6600458  0.05868227034807205
6600472  0.05865044519305229
6600463  0.05864204838871956
6600464  0.05857698246836662
6300082  0.05857677012681961
6600545  0.05855274200439453
6300081  0.058503158390522
6300178  0.05848395451903343
6300150  0.05848080292344093
6300205  0.0584513396024704
6300209  0.058366794139146805
6600546  0.05833620950579643
6600516  0.05830531194806099
6600549  0.05826417729258537
6300166  0.05818197876214981
6300172  0.05815046280622482
6300173  0.05807686969637871
6300170  0.05778195708990097
6600548  0.05756239965558052
6600562  0.046254053711891174
6800267  0.04622476175427437
6800501  0.04605621099472046
6800266  0.04602717235684395
6800502  0.04600304737687111
6800277  0.04598359018564224
6700052  0.04592196270823479
6800494  0.04589008912444115
6800477  0.04586759954690933
6900071  0.045858606696128845
6800268  0.045842815190553665
6800087  0.04576559737324715
6800467  0.045729756355285645
6800532  0.04570130631327629
6900163  0.04568447545170784
6800258  0.045668501406908035
6800466  0.04563799500465393
6800542  0.04557688161730766
6900074  0.04557309299707413
6800547  0.045566901564598083
6800252  0.045566800981760025
6800409  0.04554422199726105
6800476  0.045527175068855286
6800292  0.04552232474088669
6800157  0.04552173614501953
6900162  0.0454823262989521
6800408  0.04547391086816788
6800545  0.04545950889587402
6800347  0.04544152691960335
6800256  0.04543083906173706
6800478  0.04542844742536545
6800274  0.04542640224099159
6800159  0.04542251303792
6800503  0.045377589762210846
6800279  0.0453433021903038
6700310  0.045327287167310715
6800690  0.04532206431031227
6800493  0.045297808945178986
6800281  0.04528902471065521
6800528  0.045279886573553085
6800548  0.04527483135461807
6800504  0.04525945708155632
6800253  0.045253463089466095
6800529  0.04524673894047737
6800255  0.04524138197302818
6800699  0.045225102454423904
6700053  0.04520907625555992
6800273  0.04520784318447113
6800283  0.045178018510341644
6800077  0.04517588019371033
6700316  0.04516519233584404
6800614  0.045148901641368866
6900132  0.0451277419924736
6800291  0.045121826231479645
6800524  0.04512013867497444
6800050  0.04509406536817551
6800525  0.04508882015943527
6800085  0.04508673772215843
6900075  0.04507846385240555
6800337  0.04505404457449913
6800079  0.045050248503685
6800410  0.045046381652355194
6900078  0.045024264603853226
6800516  0.04502264782786369
6800081  0.04501199349761009
6800167  0.045002058148384094
6800254  0.044976651668548584
6800747  0.04497508332133293
6800259  0.04496617615222931
6800443  0.04496289789676666
6800265  0.04491114616394043
6800251  0.04489908739924431
6700301  0.04489089921116829
6800746  0.044890645891427994
6800293  0.04488538205623627
6800394  0.044880062341690063
6800298  0.04487955570220947
6800289  0.044871143996715546
6800559  0.04486594349145889
6900131  0.0448598638176918
6800294  0.044858720153570175
6900079  0.04485555365681648
6800348  0.04482590779662132
6800120  0.04482438787817955
6700299  0.044822029769420624
6800562  0.044807855039834976
6800749  0.04479289799928665
6800264  0.04477338865399361
6800611  0.04477100074291229
6800117  0.04476809501647949
6800076  0.0447373129427433
6700056  0.044714443385601044
6800285  0.04471421241760254
6800456  0.044713836163282394
6800296  0.0447128564119339
6800290  0.04469320550560951
6800096  0.04468869790434837
6800414  0.0446862056851387
6800303  0.04468154162168503
6800250  0.044679272919893265
6800175  0.044661711901426315
6800560  0.04465984180569649
6800177  0.04464738816022873
6800336  0.04463237151503563
6800288  0.044625747948884964
6800090  0.04462052881717682
6800395  0.04461323469877243
6800305  0.04461146518588066
6800185  0.04459735378623009
6800415  0.04459504783153534
6800407  0.04459179565310478
6800751  0.044587451964616776
6800172  0.04458009451627731
6800422  0.044572971761226654
6700054  0.0445639044046402
6900130  0.044552017003297806
6800393  0.04453960806131363
6800083  0.04453841969370842
6800748  0.04453752562403679
6800153  0.04452427849173546
6800126  0.04448330029845238
6800260  0.04447159543633461
6800368  0.04446946084499359
6700305  0.04446551576256752
6800335  0.04445524513721466
6700073  0.0444481298327446
6800352  0.04443700239062309
6800458  0.044385023415088654
6800304  0.04438427463173866
6800143  0.044367074966430664
6700335  0.04436047747731209
6800436  0.04435274749994278
6900083  0.04435206577181816
6800174  0.04431256279349327
6800173  0.04430205374956131
6800131  0.04429488629102707
6800425  0.04428588226437569
6800350  0.0442659892141819
6800412  0.0442078672349453
6800261  0.0441877655684948
6800121  0.044143859297037125
6800306  0.044133689254522324
6800133  0.04413000866770744
6800146  0.04411935806274414
6700055  0.04410860314965248
6800139  0.04410218074917793
6800093  0.044039368629455566
6700303  0.04401056468486786
6800419  0.04399988427758217
6800105  0.04399466887116432
6800613  0.043991077691316605
6800428  0.043989624828100204
6800432  0.04398372024297714
6800457  0.043940119445323944
6800430  0.0439278706908226
6900125  0.04388851672410965
6800138  0.043859731405973434
6800114  0.043831076472997665
6800417  0.04376893490552902
6800108  0.04374823719263077
6900129  0.04373631998896599
6800263  0.04371882230043411
6700304  0.04370301589369774
6800612  0.043636273592710495
6800099  0.043503936380147934
6800111  0.043440308421850204
6900085  0.04337502643465996
6800102  0.04333280771970749
6800262  0.0433233268558979
6900114  0.04314376041293144
2200196  0.029604995623230934
2900086  0.029578259214758873
3500053  0.029507189989089966
2900085  0.029459353536367416
2900090  0.029451966285705566
3400154  0.029440557584166527
3400184  0.029435450211167336
3900137  0.02941887453198433
2200205  0.02940627746284008
3500054  0.029373425990343094
3400092  0.029366256669163704
2600087  0.02935408055782318
2900087  0.02932806685566902
3500088  0.029300803318619728
3900136  0.029277443885803223
3500087  0.02927311323583126
2800148  0.02927086316049099
2900059  0.029268324375152588
2700126  0.029257433488965034
3500091  0.029256999492645264
3400088  0.029256518930196762
3500064  0.029250681400299072
3900138  0.029242534190416336
3000161  0.02923334576189518
3300055  0.029229460284113884
2700173  0.02921847067773342
3500095  0.029214344918727875
3300056  0.029198329895734787
3900135  0.029189735651016235
3500089  0.02918819524347782
3400166  0.029188159853219986
2900089  0.02917749434709549
2900091  0.029165271669626236
3400153  0.02915525622665882
2900058  0.029144980013370514
3700480  0.02914171665906906
3200144  0.0291361715644598
2600059  0.029134884476661682
2300052  0.02912285551428795
3500074  0.02911355346441269
3500075  0.02911239303648472
2900088  0.029106248170137405
2400055  0.029093585908412933
2800149  0.029088905081152916
3400175  0.02908533811569214
2900129  0.02908180095255375
2900128  0.029079485684633255
3500065  0.029056567698717117
3500067  0.029047153890132904
3900134  0.02904639206826687
2800151  0.029041890054941177
3000154  0.029039379209280014
3900183  0.029025258496403694
2600083  0.02902127429842949
3900207  0.02901938185095787
2900072  0.029019111767411232
2400052  0.029010139405727386
3200143  0.0290056262165308
3400080  0.02899838052690029
3700457  0.028996581211686134
3900184  0.028992079198360443
3700492  0.028990453109145164
3500068  0.02898372896015644
2600063  0.028983132913708687
3700482  0.028981395065784454
3000152  0.028977468609809875
3500066  0.028976818546652794
2600062  0.028973404318094254
3300050  0.028957411646842957
2700110  0.02894861064851284
2800150  0.028945807367563248
3300057  0.028944963589310646
3100233  0.028933977708220482
2300059  0.02893054112792015
3200145  0.028922388330101967
3700444  0.028917239978909492
2300069  0.02891383320093155
2300101  0.02890837751328945
2900084  0.028905177488923073
2700083  0.02889474667608738
2700180  0.028886200860142708
3900202  0.02888512797653675
2900131  0.02887113392353058
3100238  0.028870144858956337
3100251  0.028866088017821312
2800147  0.02886040508747101
3700446  0.02885177545249462
3200043  0.02884874865412712
3900054  0.02883584052324295
3700445  0.028835246339440346
2600091  0.02882801741361618
3100256  0.028821434825658798
2900083  0.028815243393182755
3200142  0.028813285753130913
2800109  0.028811953961849213
3900185  0.028804082423448563
2800048  0.028792845085263252
3200045  0.028790293261408806
3900132  0.028781209141016006
2700189  0.02877908945083618
2800052  0.02877798303961754
2800051  0.02877371944487095
3900133  0.028771696612238884
2600056  0.028770219534635544
3000153  0.02876424416899681
3700447  0.02876400388777256
3900055  0.028763918206095695
3400047  0.028761880472302437
3300051  0.02875840850174427
2700109  0.028758348897099495
2300053  0.028752557933330536
3300071  0.028737854212522507
3300218  0.028735896572470665
3400082  0.028728071600198746
2700125  0.028702285140752792
3300053  0.02870037779211998
3900201  0.02869650349020958
2400051  0.02868504822254181
3900186  0.02867671474814415
3300072  0.028671087697148323
2600071  0.02866857312619686
2500046  0.02866695262491703
3400076  0.028659768402576447
2900076  0.0286584310233593
3300049  0.0286576971411705
2900211  0.02864888869225979
3300092  0.02864452637732029
2800047  0.028644157573580742
2500047  0.028636617586016655
3200063  0.0286160446703434
2700123  0.02860875613987446
2900073  0.028598571196198463
3400087  0.02858547307550907
2300060  0.028569715097546577
3300070  0.02856317162513733
2400066  0.028561491519212723
3300059  0.028559712693095207
3400048  0.028558753430843353
3200044  0.028553951531648636
2700122  0.028534553945064545
2700199  0.028525514528155327
2700124  0.02852340042591095
3200054  0.028496675193309784
2500050  0.028491051867604256
3400059  0.028485126793384552
2400047  0.02846539206802845
2300056  0.02846216782927513
3400083  0.028453249484300613
2600055  0.028449447825551033
2700088  0.028440658003091812
3900199  0.028440512716770172
2500102  0.02841329574584961
3400074  0.02840055152773857
2700082  0.02839205414056778
3300227  0.02836318127810955
3400060  0.028362253680825233
3700452  0.028349226340651512
2700099  0.028345169499516487
2900080  0.028336962684988976
3300032  0.02832004427909851
3700448  0.028300048783421516
2400048  0.028277501463890076
2700089  0.028242459520697594
3900200  0.028220098465681076
2700098  0.028181390836834908
3900187  0.028165487572550774
2700086  0.028160179033875465
2700087  0.028093980625271797
2900077  0.028033168986439705
3900192  0.027915818616747856
