1800066  0.13079066574573517
6100461  0.13058306276798248
6100216  0.13057662546634674
3900137  0.13050468266010284
8400116  0.13049301505088806
6500632  0.13047970831394196
6900241  0.13036388158798218
8500547  0.13016296923160553
6800428  0.13006922602653503
9000134  0.12993593513965607
1900080  0.12993329763412476
4001054  0.12981534004211426
8500552  0.12967818975448608
6900050  0.12964080274105072
4300048  0.1296394318342209
6500514  0.12961812317371368
3900183  0.12948226928710938
8500195  0.1294523924589157
6900211  0.12940528988838196
8500197  0.1293802261352539
4200619  0.1292794644832611
9300816  0.1292572021484375
1100818  0.12913312017917633
6100459  0.12913143634796143
6900163  0.12913073599338531
3300227  0.1291116625070572
6800393  0.12904900312423706
6500582  0.12894989550113678
5400301  0.12893982231616974
8600218  0.1289219856262207
8500211  0.12885519862174988
6300155  0.1288272738456726
9300823  0.12880608439445496
9201149  0.12879817187786102
8600240  0.1287853717803955
6800139  0.1287585198879242
8400134  0.12873037159442902
6100191  0.1287207007408142
8600280  0.12871553003787994
9300658  0.12870746850967407
7000056  0.12868233025074005
8500409  0.12863411009311676
9000127  0.1286291927099228
8500233  0.1286085546016693
8500518  0.12860707938671112
3900199  0.12860217690467834
3000153  0.12859007716178894
3900185  0.12857456505298615
9000126  0.1285652220249176
4800136  0.12855765223503113
7800135  0.12855087220668793
6300200  0.12852777540683746
6800296  0.1285133808851242
9400987  0.12849216163158417
9000161  0.12847429513931274
1900064  0.12846986949443817
8600234  0.12844404578208923
7800174  0.12844131886959076
8600102  0.12843428552150726
6800419  0.1284182071685791
9000211  0.12840569019317627
3900138  0.12840548157691956
8500320  0.12840498983860016
3500091  0.12839947640895844
8500192  0.12839101254940033
2800149  0.12838581204414368
1600309  0.1283574104309082
6800143  0.12835009396076202
8600257  0.12828843295574188
10300155  0.1282006800174713
6800348  0.12820053100585938
3700492  0.12818682193756104
9000124  0.12818266451358795
9300746  0.1281789094209671
9000233  0.12817737460136414
6700052  0.12813203036785126
8600274  0.12812304496765137
8600235  0.12806853652000427
6100153  0.1280604600906372
7100128  0.12805870175361633
3700482  0.12804968655109406
6600518  0.12804050743579865
8500193  0.1280309110879898
1900186  0.12802737951278687
6300191  0.12802691757678986
7500048  0.12802189588546753
6100214  0.12801426649093628
3500065  0.12800365686416626
8500210  0.12797896564006805
4200339  0.12795257568359375
3900202  0.1279262900352478
8400232  0.12792520225048065
10201533  0.12792329490184784
8000779  0.12790502607822418
9000248  0.12790481746196747
10201574  0.12789738178253174
10201538  0.12787669897079468
8600243  0.12785717844963074
9000149  0.12785325944423676
6100245  0.1278453767299652
6600455  0.12784358859062195
4001273  0.12781238555908203
8500207  0.12781007587909698
3500095  0.12780998647212982
3400154  0.12780457735061646
9100138  0.127790629863739
9100171  0.12778706848621368
7800229  0.1277795433998108
6300173  0.12777572870254517
7000066  0.12776625156402588
6800079  0.12776261568069458
1800065  0.12772029638290405
4800103  0.12771767377853394
8500485  0.12770706415176392
4700171  0.12769244611263275
7000120  0.12766458094120026
6800120  0.1276634931564331
7100130  0.12765631079673767
8600209  0.12764981389045715
9300660  0.12764962017536163
5000256  0.12764780223369598
8500550  0.1276441365480423
10700183  0.12763890624046326
9100213  0.12763652205467224
6600448  0.12761914730072021
6300081  0.1276189684867859
4000955  0.12761005759239197
6300181  0.12760968506336212
6800414  0.12756630778312683
8500489  0.12753826379776
6100215  0.1275186389684677
7800201  0.1274997591972351
2800151  0.127494677901268
6900253  0.1274891346693039
10300156  0.12747932970523834
8500567  0.12746882438659668
6800547  0.12745623290538788
8600250  0.12745119631290436
1900210  0.12744781374931335
6300154  0.127432718873024
1800055  0.12743110954761505
1900055  0.12742310762405396
6600497  0.12740814685821533
8500190  0.1274079829454422
6100154  0.1274012327194214
4900516  0.12735629081726074
6900078  0.12733736634254456
5400287  0.12733381986618042
6700301  0.12732577323913574
9700513  0.12731944024562836
10201531  0.12728945910930634
6600524  0.1272856742143631
7800236  0.12728525698184967
8600223  0.12725336849689484
4200101  0.12724868953227997
8600245  0.12721242010593414
6800175  0.12720386683940887
8500275  0.12719157338142395
6600546  0.12719066441059113
8400248  0.12715820968151093
2900129  0.12714453041553497
6800611  0.1271335333585739
8900457  0.1271289438009262
9000051  0.12712445855140686
10700180  0.12711170315742493
6900219  0.12710756063461304
3100238  0.12709468603134155
8400121  0.12707598507404327
7100085  0.12706920504570007
6100159  0.12704907357692719
8600242  0.12704575061798096
6800253  0.1270149052143097
8400233  0.12701402604579926
9300765  0.12701068818569183
1400097  0.12698882818222046
6800532  0.12696929275989532
6100199  0.12695422768592834
6300071  0.1269529014825821
8900456  0.12695050239562988
9000146  0.12694156169891357
9000135  0.1269398182630539
6700073  0.12693297863006592
10201539  0.12693098187446594
8500480  0.12692858278751373
6300180  0.12690402567386627
1100792  0.12690208852291107
8900459  0.12688282132148743
4700169  0.12687894701957703
6100222  0.12685930728912354
1800076  0.12685053050518036
8500196  0.126835897564888
9000259  0.12683235108852386
9000256  0.12682810425758362
8500486  0.12682683765888214
6800436  0.12682515382766724
8400241  0.12681567668914795
10700200  0.12681445479393005
6800260  0.12681317329406738
10300084  0.12680897116661072
9000136  0.12680453062057495
3300032  0.12680254876613617
6300166  0.1267748922109604
6800407  0.1267666518688202
6800432  0.12676039338111877
6800337  0.12676024436950684
6800076  0.12675942480564117
4000980  0.12674480676651
8500285  0.12671729922294617
6100463  0.12671545147895813
8100101  0.12670592963695526
8400110  0.12670350074768066
4200335  0.1267024278640747
8500296  0.12669308483600616
6600531  0.12668375670909882
1300083  0.12666337192058563
6800256  0.12666170299053192
6100466  0.12665632367134094
3300055  0.1266511082649231
9100203  0.12664560973644257
6100323  0.12664176523685455
8700052  0.12664064764976501
7400113  0.12662924826145172
4000976  0.1266258955001831
7100120  0.12661035358905792
2800150  0.1266082227230072
10300143  0.12660810351371765
6800467  0.12659721076488495
1600218  0.12659697234630585
9100192  0.12657347321510315
6600504  0.12657137215137482
8500323  0.12656590342521667
1400096  0.12655971944332123
7100096  0.12655968964099884
1600300  0.12655869126319885
9300743  0.12655727565288544
4000136  0.12652944028377533
4200098  0.12652605772018433
10201577  0.12651889026165009
2600062  0.1265159249305725
6100346  0.12651582062244415
6900140  0.1264999657869339
6100139  0.12649840116500854
8500525  0.12649084627628326
4800352  0.1264791488647461
4800292  0.1264735758304596
6100458  0.12646962702274323
2300101  0.12646080553531647
6400378  0.12645816802978516
8400118  0.126449853181839
3900136  0.12644684314727783
8700051  0.12644632160663605
6800336  0.12643921375274658
4200336  0.1264384537935257
3400059  0.12643152475357056
6300150  0.12641659379005432
4700110  0.12641248106956482
6800394  0.12640799582004547
8400239  0.12640167772769928
8400227  0.12639179825782776
9000209  0.12637850642204285
7100116  0.1263757199048996
9300796  0.1263618767261505
7800180  0.12634633481502533
2700083  0.12634211778640747
6800306  0.12633033096790314
4800327  0.126328706741333
6800174  0.1263217031955719
6800560  0.12631584703922272
3300049  0.12630975246429443
6100202  0.12630005180835724
6100218  0.12628957629203796
9000252  0.12628573179244995
1300070  0.12628379464149475
1100726  0.1262788027524948
5600547  0.12627378106117249
4000999  0.12626853585243225
7800192  0.1262659877538681
6600494  0.12626174092292786
6300159  0.12625594437122345
6900085  0.1262417435646057
10300146  0.12622925639152527
4400105  0.12622752785682678
1600378  0.12622743844985962
10300160  0.12622007727622986
6800409  0.12621621787548065
4800284  0.12621331214904785
6800102  0.1262103170156479
9300657  0.12620052695274353
4200103  0.1261913925409317
6300193  0.12619082629680634
8500109  0.12617093324661255
10700197  0.12617039680480957
6100156  0.12616629898548126
8500522  0.1261654943227768
9000144  0.12615647912025452
2300053  0.12614531815052032
7500052  0.1261385679244995
4800168  0.12613388895988464
4000715  0.1261240392923355
1800067  0.12611903250217438
1300112  0.1261044591665268
9300738  0.1260991245508194
4000543  0.1260978877544403
4300049  0.12609536945819855
6900149  0.12609292566776276
1600336  0.1260853260755539
7000134  0.12608253955841064
4700086  0.12607616186141968
5000252  0.1260712742805481
6100429  0.12606173753738403
8900454  0.1260615438222885
6900249  0.12605327367782593
3500075  0.12603174149990082
8400076  0.12602849304676056
1100887  0.1260225772857666
4700100  0.12602168321609497
9300651  0.12602081894874573
8500573  0.12601596117019653
6800261  0.1260129064321518
4000183  0.12601116299629211
4500120  0.12600792944431305
8500584  0.1260068118572235
8500209  0.12600472569465637
9300654  0.1259983628988266
8600231  0.1259932667016983
9000184  0.1259903609752655
8500206  0.12598249316215515
9300943  0.12597216665744781
6900141  0.12596990168094635
4800333  0.12596715986728668
4000155  0.12595322728157043
3900660  0.12595272064208984
7100083  0.12593284249305725
4800276  0.12592141330242157
8500537  0.12591780722141266
9000078  0.1258971244096756
8500523  0.12588705122470856
6900269  0.12588591873645782
6800412  0.12587988376617432
6500405  0.12587358057498932
5400115  0.1258651465177536
6800108  0.12586422264575958
6900075  0.12585945427417755
7300048  0.12584258615970612
1100886  0.12584124505519867
10201544  0.12583942711353302
6700305  0.12582339346408844
9800114  0.12582062184810638
1800075  0.125817209482193
9100127  0.12581519782543182
8500593  0.12581107020378113
10300141  0.12581008672714233
6100433  0.12579625844955444
6100212  0.12579402327537537
8500205  0.12578198313713074
4000447  0.12577740848064423
4700096  0.12577255070209503
6100193  0.125772163271904
3500074  0.12577076256275177
9000223  0.12574957311153412
10300152  0.12574133276939392
8600260  0.1257399618625641
3300056  0.12573574483394623
8500400  0.12573036551475525
9400964  0.12572899460792542
8500106  0.12571190297603607
9400998  0.1257074624300003
6800294  0.12570741772651672
1600327  0.12570731341838837
4700063  0.12569887936115265
3900135  0.12569817900657654
3400047  0.12569476664066315
6800099  0.12569227814674377
6300177  0.12569192051887512
8500310  0.12569083273410797
3700480  0.12567782402038574
1600291  0.12565918266773224
4800131  0.12563978135585785
6800288  0.12563395500183105
8600236  0.12563392519950867
7000175  0.12563173472881317
4800176  0.1256290227174759
6600485  0.12562605738639832
5800292  0.1256159096956253
8400086  0.12561218440532684
6600542  0.12560966610908508
9300740  0.12560756504535675
1800080  0.12559793889522552
10100038  0.12558813393115997
5400043  0.12558528780937195
6600506  0.12558519840240479
6100439  0.12557607889175415
9401003  0.1255718618631363
7500042  0.12556739151477814
6800259  0.12556661665439606
10300153  0.1255599707365036
10700196  0.1255580186843872
8500203  0.12555724382400513
6800304  0.12555663287639618
9900740  0.12555170059204102
7000093  0.1255498230457306
6100161  0.12554287910461426
6800146  0.12553001940250397
8100060  0.1255248636007309
3900132  0.12552228569984436
3100233  0.12551338970661163
8600219  0.12551254034042358
6700299  0.12550213932991028
8400111  0.12549981474876404
2900128  0.12548959255218506
5400055  0.1254875808954239
9000257  0.12548746168613434
6100140  0.1254863739013672
8600232  0.12548327445983887
7900066  0.12548111379146576
4800334  0.12547965347766876
6800167  0.12546290457248688
6100432  0.12545990943908691
1100069  0.12545277178287506
10201532  0.12545090913772583
6300055  0.1254405379295349
6600458  0.12543229758739471
10100042  0.12542979419231415
8500539  0.1254294514656067
4001037  0.12542705237865448
6600436  0.12541957199573517
6300082  0.1254189908504486
4400171  0.12539897859096527
6800528  0.12538231909275055
6800298  0.12537378072738647
6100462  0.12536485493183136
1300064  0.12536242604255676
9300739  0.12535648047924042
8500204  0.12533774971961975
9000079  0.1253214329481125
3900186  0.12532030045986176
2900084  0.12531979382038116
6800748  0.12530918419361115
6700316  0.1252981573343277
6800085  0.12529759109020233
8500530  0.12529337406158447
4000143  0.12527789175510406
1900245  0.125268816947937
4500118  0.1252666562795639
1900229  0.1252603977918625
10300159  0.12525802850723267
4800315  0.12525609135627747
5400304  0.1252535581588745
2900087  0.12525269389152527
4001055  0.1252516508102417
6100221  0.12524951994419098
4000557  0.12524569034576416
6500414  0.12524111568927765
6900129  0.12524038553237915
9300940  0.1252378225326538
8400106  0.12522785365581512
4800224  0.12520019710063934
8600225  0.1251988559961319
7800238  0.1251963973045349
1400142  0.12519322335720062
6300059  0.12518297135829926
8600244  0.12517382204532623
6900257  0.1251726597547531
6400282  0.12517231702804565
8600071  0.12516701221466064
7900059  0.12516194581985474
8400228  0.12516143918037415
8500478  0.12516114115715027
9000119  0.1251583993434906
9400997  0.12514068186283112
7600057  0.1251351237297058
8500482  0.12513135373592377
6100196  0.12512463331222534
6500532  0.12511853873729706
10201580  0.12510889768600464
6600464  0.12510868906974792
7100134  0.12510457634925842
8400117  0.12510092556476593
7800129  0.12509563565254211
6900151  0.12509062886238098
4400170  0.1250811517238617
8500214  0.12506192922592163
6800502  0.12506134808063507
5400052  0.12505865097045898
2600055  0.12505704164505005
7800235  0.1250535249710083
7800237  0.12505224347114563
8600081  0.12505222856998444
6800542  0.1250516027212143
2900131  0.12505114078521729
6600463  0.12504389882087708
4800321  0.1250436007976532
6800159  0.125042125582695
3200063  0.1250372678041458
4600260  0.12503592669963837
6800425  0.12503394484519958
6900083  0.12502877414226532
9000214  0.12502583861351013
6300192  0.12502039968967438
5100051  0.1250147819519043
9800117  0.1250144988298416
1900065  0.12501160800457
7200042  0.12501020729541779
6100217  0.12500682473182678
7300049  0.12500575184822083
1300132  0.12500393390655518
9201150  0.12499845027923584
9300627  0.1249949187040329
6900266  0.12499210238456726
6100162  0.12499207258224487
6100311  0.12499040365219116
6600473  0.12498252093791962
4800338  0.12498018145561218
2600056  0.12497770041227341
4200105  0.12497556954622269
6600446  0.12497524172067642
6700304  0.12496743351221085
7000061  0.12496249377727509
8600248  0.12495581805706024
10201536  0.12495480477809906
6800443  0.12495292723178864
1800100  0.12494323402643204
8500521  0.12493690848350525
5000270  0.12493674457073212
10100088  0.1249365508556366
6900271  0.1249346062541008
7100046  0.12493234127759933
3300050  0.12492634356021881
6300172  0.12492077797651291
9300639  0.12491991370916367
8500231  0.12491988390684128
8500498  0.12491476535797119
2700180  0.12491357326507568
9800254  0.12491175532341003
4800308  0.12491151690483093
10300087  0.12489860504865646
9300650  0.12489588558673859
4800248  0.12488319724798203
1900102  0.12488219887018204
8400253  0.12487410753965378
10000183  0.12487400323152542
4800385  0.12486961483955383
9700509  0.12486153095960617
9000238  0.12485180795192719
4700099  0.12484434247016907
6500421  0.12483903765678406
8600238  0.12483753263950348
6500482  0.1248280256986618
7500044  0.12482411414384842
3500064  0.12482387572526932
2500046  0.12481220066547394
6800368  0.1248105987906456
2700123  0.12480946630239487
6800117  0.12480882555246353
4700122  0.12480869144201279
4500119  0.12480777502059937
7800147  0.12480530887842178
6800285  0.12480245530605316
1900094  0.12479819357395172
6100440  0.12479450553655624
8500487  0.12478871643543243
4800102  0.1247885525226593
4700106  0.12478641420602798
8500583  0.12477322667837143
6800494  0.12474290281534195
8700111  0.124738410115242
3500066  0.124735526740551
9300652  0.12473244220018387
6800749  0.12472545355558395
4800348  0.12471404671669006
8600264  0.12471391260623932
7800190  0.1247134804725647
3900133  0.12469954043626785
9800195  0.12469814717769623
2700124  0.12469007819890976
4800099  0.12468269467353821
3500054  0.12468095123767853
10800039  0.12468034029006958
6900152  0.12467996776103973
3200142  0.12466642260551453
6800503  0.12466535717248917
8600103  0.12465856969356537
2700122  0.12465575337409973
10700181  0.12465566396713257
6900265  0.12464835494756699
2700109  0.12464804202318192
1800082  0.12464392930269241
1600318  0.12464217841625214
7000195  0.1246405765414238
6600527  0.12463933229446411
4201462  0.12463609129190445
6500518  0.12463448941707611
9000130  0.12463231384754181
9800139  0.1246277466416359
1400093  0.12461958825588226
9300653  0.12461909651756287
6700310  0.12461429834365845
7800182  0.12460719048976898
2900211  0.1246057078242302
6300163  0.12460003793239594
6300178  0.12459993362426758
8900528  0.12459582090377808
10000195  0.12459184974431992
1400079  0.12459000200033188
8900542  0.12458868324756622
8500324  0.12457619607448578
8100143  0.1245756447315216
1400164  0.12457432597875595
6900268  0.12456613034009933
8600101  0.12456320226192474
6800476  0.12455873191356659
6900245  0.12455032765865326
8900455  0.12454994022846222
6800457  0.12454725056886673
2700087  0.1245441734790802
10201576  0.12454165518283844
6300174  0.1245398074388504
9300659  0.12453565001487732
4200100  0.12452564388513565
8600213  0.12451202422380447
4200341  0.12450732290744781
1900076  0.1245049238204956
8800053  0.124504454433918
8500540  0.12449871748685837
4000185  0.12448970228433609
8300393  0.12447837740182877
6900237  0.12446830421686172
8600215  0.12446091324090958
6300062  0.12446056306362152
8600237  0.12445871531963348
6800562  0.12445635348558426
8800094  0.12445621937513351
9000228  0.12445604056119919
7000059  0.1244516670703888
9300854  0.12445007264614105
10201362  0.12443488836288452
10300145  0.12443335354328156
9100148  0.12443254142999649
6100224  0.12442898750305176
4000148  0.12442851066589355
1100804  0.12441324442625046
9300638  0.12441005557775497
4800331  0.12440917640924454
9100221  0.12439931184053421
6100207  0.12439396977424622
6400286  0.124385766685009
6800077  0.12437989562749863
4700067  0.12436915189027786
4000475  0.12436850368976593
6800153  0.12436626106500626
1900075  0.12436231225728989
6800335  0.12435662001371384
8400243  0.1243424043059349
6300157  0.12433624267578125
8600246  0.12431798875331879
6500565  0.12431563436985016
8400073  0.12431539595127106
6800613  0.12430956214666367
4800228  0.12430904060602188
4001001  0.1243026927113533
8400112  0.12430039048194885
4000982  0.12429937720298767
6800293  0.12429482489824295
9800252  0.12429226189851761
9201148  0.12429134547710419
3700452  0.124283567070961
6300190  0.12428142130374908
4800204  0.12428038567304611
9400974  0.12427642196416855
7800146  0.12426076829433441
7100129  0.12425979971885681
8600247  0.12423790246248245
6800114  0.12423615157604218
3300218  0.124234139919281
7000054  0.1242247000336647
7900045  0.12422309815883636
5100052  0.12422110140323639
6300189  0.12421078234910965
7000069  0.12420939654111862
4700101  0.12420469522476196
6600543  0.12420454621315002
4000158  0.12419959902763367
6300186  0.12419334799051285
9000123  0.12418875843286514
6800273  0.12418723106384277
6800548  0.12418430298566818
8500084  0.12418296188116074
9300792  0.12418010085821152
7800047  0.12417389452457428
5000254  0.12416773289442062
9100071  0.12416306883096695
6800081  0.12416054308414459
4000176  0.12415395677089691
8600214  0.12415070831775665
1000057  0.12414723634719849
3400048  0.12414310872554779
1600173  0.12414096295833588
8600229  0.1241309717297554
4800192  0.12412409484386444
7000123  0.12412306666374207
8600230  0.12412199378013611
6600510  0.12411122024059296
6800305  0.12410866469144821
10300103  0.12410086393356323
6800501  0.12409953027963638
7000058  0.12409529834985733
4800180  0.1240944191813469
8600222  0.1240924671292305
9300672  0.12407104671001434
2600087  0.12406964600086212
6300179  0.12406816333532333
6300170  0.12406516820192337
8400217  0.12406191229820251
6800747  0.12405979633331299
1900082  0.12405965477228165
10000192  0.124059297144413
1600191  0.1240568608045578
7500097  0.12405291199684143
3300051  0.12405075877904892
7400057  0.12404139339923859
8500556  0.12403757870197296
2700089  0.12403663992881775
9300742  0.12403640896081924
8500274  0.12403524667024612
3900187  0.12402795255184174
1400051  0.12402764707803726
5400051  0.12401477247476578
9100211  0.12401321530342102
9800259  0.12401101738214493
6600519  0.12400142103433609
2600091  0.12399731576442719
10000187  0.12399499863386154
6600528  0.12399443238973618
8500581  0.12399249523878098
6300205  0.12399155646562576
8500586  0.1239914670586586
10000209  0.12398695200681686
4000182  0.12398507446050644
7800141  0.12397466599941254
4700107  0.12397343665361404
1900206  0.12397024035453796
8500224  0.12396924197673798
8500516  0.12396731227636337
6300198  0.12396719306707382
3500088  0.12395940721035004
9100116  0.12395831197500229
1100758  0.12395001947879791
4800365  0.12394852191209793
8500515  0.12394776195287704
8500174  0.1239430159330368
10201543  0.12394080311059952
1900211  0.12393900007009506
6800131  0.12392715364694595
6800177  0.12392640113830566
8500504  0.12392124533653259
6600521  0.12391995638608932
1100772  0.12391845136880875
10401179  0.12391471862792969
2700086  0.12391173094511032
2700173  0.12390856444835663
3100256  0.12390846759080887
3400153  0.12390486150979996
8500519  0.12390006333589554
6500404  0.12389647215604782
9000152  0.12388937175273895
10700182  0.12388920038938522
6900136  0.1238875463604927
3000161  0.12388325482606888
6600492  0.12387903779745102
7200043  0.12387103587388992
9100128  0.12385541200637817
9000249  0.12385283410549164
4001032  0.12385223805904388
10000200  0.12385039031505585
4800200  0.1238437071442604
8900458  0.12384186685085297
4000978  0.1238400787115097
8500543  0.1238400787115097
4400055  0.12383706867694855
5400062  0.12383157014846802
7000196  0.123830147087574
1600282  0.12381996959447861
7800163  0.12381884455680847
8100059  0.12381568551063538
9800236  0.12381269037723541
4200610  0.12380509078502655
10700198  0.12380103766918182
6400295  0.12379825115203857
9100068  0.12379452586174011
4200102  0.12379173189401627
8500218  0.1237904280424118
6500489  0.12378952652215958
4600259  0.12378431856632233
6900224  0.12377995252609253
8400223  0.12377937138080597
8300392  0.12377487123012543
8600253  0.12376944720745087
5400114  0.1237666979432106
6800612  0.12375377118587494
3200145  0.12375267595052719
9000151  0.12374111264944077
6800417  0.1237410381436348
4800359  0.12373515218496323
6800408  0.12373504042625427
8600221  0.12373171001672745
8600233  0.12373004108667374
4800351  0.12372554838657379
4001051  0.1237247884273529
6600470  0.1237240880727768
8500232  0.1237230971455574
1900054  0.12371785193681717
2500047  0.12370157986879349
4500256  0.12370043992996216
7100132  0.12369935214519501
6900261  0.12367896735668182
6700053  0.1236773356795311
8600074  0.12367700785398483
8500545  0.12367278337478638
6100208  0.1236661896109581
6600437  0.12366591393947601
10201509  0.12366095185279846
4800369  0.12365414202213287
8500490  0.12365037947893143
4800188  0.12364218384027481
4000184  0.12363933026790619
9800257  0.12363889068365097
6600522  0.12363827973604202
6600513  0.12363629788160324
9100225  0.1236262395977974
3400076  0.12362174689769745
6800263  0.12361939251422882
7800045  0.12360120564699173
10201573  0.12359738349914551
8600067  0.12359091639518738
6900221  0.12358548492193222
7000139  0.12358290702104568
8500589  0.12358133494853973
4800349  0.12357544898986816
8400246  0.12357151508331299
4000950  0.12356196343898773
4800328  0.1235547587275505
9000108  0.12355320155620575
10201579  0.12355224043130875
4001034  0.12354005873203278
6800524  0.12353896349668503
4800196  0.12353681027889252
1300080  0.12353266030550003
1600345  0.12353000044822693
6100460  0.12352386116981506
1300123  0.12352297455072403
8500514  0.12352250516414642
6300058  0.12351883947849274
10000119  0.12351614981889725
4700177  0.12351422756910324
1100058  0.12351278960704803
4000134  0.12350942194461823
1900079  0.12350901961326599
9900749  0.12350888550281525
7800156  0.1234993040561676
6800477  0.12349249422550201
6900142  0.12349137663841248
9400963  0.12348959594964981
7800205  0.1234816461801529
2900083  0.12348100543022156
2600083  0.12347475439310074
6600488  0.12347155064344406
10700178  0.12346673011779785
10201354  0.1234610453248024
4800268  0.12346068024635315
8400219  0.12346041947603226
1600209  0.12345866113901138
2900072  0.12345637381076813
2600059  0.12345338612794876
8100148  0.12343565374612808
3700457  0.12343530356884003
8100158  0.12343490868806839
7000062  0.1234196275472641
9800140  0.12341932207345963
5400102  0.12341722846031189
6900133  0.1234082579612732
4001003  0.12339954078197479
5000257  0.12339695543050766
6300185  0.12339496612548828
4800357  0.12339120358228683
6600537  0.12338846176862717
2500102  0.12338832020759583
4000486  0.12338583171367645
4800347  0.12337738275527954
9800288  0.12337291240692139
8400114  0.12336832284927368
10000202  0.12336121499538422
4800252  0.12335938960313797
6100192  0.12335848808288574
4000451  0.12335386872291565
3500068  0.12334305047988892
8500557  0.12332724779844284
3400166  0.12332040071487427
9800083  0.12331976741552353
3500067  0.1233174279332161
5600549  0.12331487983465195
1400155  0.12330397218465805
6800350  0.12330363690853119
6600551  0.12330162525177002
10800037  0.12329807132482529
4600062  0.12329669296741486
9100137  0.12329506874084473
4000979  0.1232924610376358
9300753  0.12329208105802536
6800250  0.12328982353210449
6500410  0.1232888400554657
4700123  0.12327627092599869
4800332  0.12327321618795395
9400985  0.1232714131474495
9400999  0.12327096611261368
7800221  0.12326638400554657
9100237  0.12324704229831696
7800134  0.12324435263872147
6800303  0.12324047088623047
7500056  0.12323912233114243
9800261  0.12322764843702316
9000140  0.12322327494621277
9100197  0.1232207715511322
6900233  0.12321443110704422
9000253  0.12321268022060394
1600363  0.1232077106833458
9000125  0.12320747971534729
3500089  0.12320560216903687
8600262  0.12319926172494888
8500481  0.12319527566432953
6400287  0.1231897622346878
2100155  0.12318719178438187
9100241  0.12318584322929382
7100112  0.12318117916584015
4000211  0.12317650765180588
2900059  0.12317468225955963
4800343  0.12317097932100296
7800061  0.1231648176908493
4200342  0.12316074222326279
4800354  0.12315269559621811
6800096  0.1231490820646286
2700125  0.12314494699239731
6300164  0.12314452230930328
6100434  0.12314017117023468
4000179  0.12313748151063919
8400237  0.12313684821128845
2800147  0.12313557416200638
8600224  0.12313348799943924
8500075  0.12312961369752884
8600259  0.12312500178813934
6300183  0.12312377244234085
4000446  0.12312149256467819
6600478  0.1231202781200409
1900081  0.12311576306819916
6500480  0.12311380356550217
9800223  0.12310463935136795
1400056  0.12310327589511871
10201374  0.12310119718313217
10201537  0.12308007478713989
9800280  0.1230795830488205
9100100  0.12307410687208176
9000145  0.1230725571513176
5400284  0.12307234108448029
4800288  0.12307129055261612
6600460  0.12306629121303558
1000058  0.1230655387043953
8800048  0.1230529174208641
9800151  0.12303969264030457
6600548  0.12303745746612549
10201346  0.12303068488836288
1600227  0.12303029745817184
7200044  0.12302707135677338
5400069  0.12301991879940033
4000443  0.12301947176456451
4200096  0.12300813943147659
2900090  0.12300238013267517
7900044  0.12299919128417969
6800746  0.12299801409244537
2100071  0.12299114465713501
4800358  0.1229885146021843
10000201  0.12297885119915009
8400236  0.12297268211841583
9900750  0.12296903133392334
4800232  0.12296894937753677
6500422  0.122968889772892
10300062  0.12296827137470245
9000255  0.12296786159276962
6800126  0.12296267598867416
6800277  0.12295535206794739
4000135  0.12294767796993256
7300128  0.1229453980922699
4800156  0.12294042855501175
2700189  0.12293583154678345
4900518  0.12293519824743271
6800133  0.12293276190757751
9000089  0.12293029576539993
10201506  0.12292375415563583
6800172  0.12291812151670456
8600217  0.12291431427001953
6100223  0.1229039877653122
6100335  0.1229018121957779
3400184  0.12289799004793167
4800260  0.122896209359169
1600264  0.12289194017648697
9800273  0.12289165705442429
6800352  0.12288914620876312
3200054  0.12288247048854828
6800690  0.12288016080856323
6700335  0.122878797352314
7300047  0.12287633121013641
7600042  0.12287034094333649
1800054  0.12285806238651276
6600498  0.12284896522760391
8600271  0.12284763902425766
9100129  0.12284529954195023
3300057  0.12283896654844284
10201373  0.12283683568239212
7100055  0.1228344589471817
6800281  0.12283150851726532
9800235  0.12282820045948029
4500144  0.12282562255859375
3000154  0.12282396852970123
8500568  0.12282349914312363
4800220  0.12282141298055649
6600536  0.12281648814678192
8500510  0.12280925363302231
6800430  0.12278712540864944
8600252  0.12278558313846588
4800280  0.1227845624089241
9100149  0.12277795374393463
4000554  0.12277093529701233
8500517  0.12276245653629303
3900192  0.12276219576597214
5400060  0.12276086211204529
6800458  0.12275930494070053
1600273  0.12275823205709457
2800148  0.1227574571967125
4800208  0.12274383008480072
6600534  0.12274160236120224
9700505  0.12274046987295151
7200048  0.12273914366960526
6300160  0.122728630900383
9800107  0.12272751331329346
10401183  0.12271423637866974
8700053  0.12271228432655334
7800240  0.12270893901586533
8400251  0.1226983293890953
9800200  0.12269093841314316
6800255  0.12268466502428055
7800073  0.12267177551984787
6800291  0.12266683578491211
8600249  0.12266683578491211
4000149  0.12266537547111511
6600509  0.12265865504741669
6600466  0.12265851348638535
6100435  0.12265706807374954
1400081  0.12265311926603317
2700088  0.12265300750732422
4000491  0.12264624983072281
6800264  0.12264267355203629
8600216  0.12263497710227966
7000179  0.12263035774230957
6800087  0.12262865155935287
7000045  0.12262513488531113
10000194  0.1226235181093216
6800525  0.12262209504842758
4000471  0.12261553108692169
6600512  0.12261082977056503
5300526  0.1226099506020546
6500481  0.1226053237915039
6800516  0.12260031700134277
3000152  0.12259727716445923
6800347  0.12259676307439804
8500574  0.12259544432163239
9800135  0.12258653342723846
4600061  0.1225816011428833
1900225  0.12257306277751923
9900748  0.12256678193807602
6800456  0.12256317585706711
4700066  0.12255793064832687
6600454  0.12255372107028961
2700199  0.12254492938518524
2700126  0.12254282087087631
4000568  0.12254274636507034
6300194  0.12253839522600174
6800699  0.1225351020693779
3300059  0.12252762913703918
9300661  0.122524194419384
7000067  0.12252350151538849
6100160  0.12251869589090347
8600251  0.12251278012990952
7200100  0.12251122295856476
6600540  0.1225103884935379
2700099  0.12250864505767822
10201370  0.1225043535232544
6800478  0.12250281870365143
6600516  0.12248943746089935
3400082  0.12248902767896652
6800504  0.1224772110581398
3200144  0.12247593700885773
1100888  0.122474305331707
4800361  0.12246362119913101
6800279  0.12246233224868774
6500483  0.12246134132146835
4000488  0.12245888262987137
4800212  0.12245356291532516
8500493  0.12245087325572968
6300162  0.12242491543292999
6100438  0.12241746485233307
5000253  0.12241409718990326
10201359  0.12241367995738983
8000780  0.12241162359714508
3100251  0.12240684777498245
9300628  0.1223956048488617
4000208  0.12239421904087067
6300201  0.12239127606153488
6800111  0.12238869071006775
6800138  0.12238670140504837
6300187  0.12238551676273346
9800153  0.12237962335348129
6800395  0.12237668037414551
7800076  0.12237616628408432
9100119  0.12237447500228882
1300113  0.12236202508211136
6900132  0.12236034125089645
3300053  0.12235911190509796
6800545  0.1223454400897026
4700104  0.12234009802341461
9100233  0.12233931571245193
7400095  0.12233230471611023
6600469  0.12232491374015808
4000154  0.1223074346780777
6300176  0.12230616062879562
5000284  0.12230214476585388
4800386  0.1222979873418808
4800100  0.12229148298501968
2900086  0.12228993326425552
4800323  0.12228954583406448
3900184  0.12228477001190186
6800292  0.12228318303823471
8700106  0.12228274345397949
9800111  0.12227898091077805
6800559  0.12225724011659622
10401181  0.12224946916103363
8500554  0.1222466453909874
6800083  0.12224256992340088
6600449  0.1222342774271965
9700504  0.12222997844219208
2700082  0.12221795320510864
8500225  0.12221558392047882
1800081  0.1222137063741684
6800290  0.1222095787525177
8500284  0.12220661342144012
9700515  0.12219341099262238
9401000  0.1221802681684494
9800251  0.12217158824205399
7000076  0.12215831875801086
6900143  0.12215615808963776
8400133  0.1221536248922348
4000952  0.12215206027030945
4800372  0.12214552611112595
9700512  0.1221449002623558
3400175  0.12214192748069763
6800614  0.12214010953903198
1900110  0.12213307619094849
10201358  0.122128926217556
10100041  0.1221126839518547
5400162  0.12211257219314575
1800069  0.12210787832736969
8500483  0.12210506200790405
4700077  0.1221044659614563
6600476  0.12208712100982666
6800283  0.12208592891693115
3500053  0.12208367884159088
10300045  0.12208253145217896
9100229  0.12207958847284317
6600457  0.1220741868019104
6500409  0.12207262217998505
8500219  0.12207179516553879
6800173  0.12207011133432388
9401002  0.12205659598112106
9400986  0.12205136567354202
5400116  0.12205034494400024
1000059  0.1220502182841301
6100213  0.12204994261264801
1600110  0.12204165011644363
7000176  0.12203513085842133
10201507  0.12203329801559448
10000205  0.12203007191419601
8600256  0.12202753126621246
8500299  0.12202643603086472
7000053  0.12202262133359909
9100045  0.1220184713602066
4700180  0.1220095306634903
1600200  0.122005894780159
6700055  0.12200268357992172
1100055  0.12200048565864563
6800493  0.12199714779853821
9300675  0.12199675291776657
3400060  0.12199584394693375
10300039  0.12198426574468613
10700177  0.12198352813720703
1400151  0.121983103454113
6800529  0.12197361886501312
10300123  0.12197322398424149
4800256  0.12197031825780869
6600530  0.12196917831897736
4800101  0.12196575850248337
1900213  0.1219613328576088
7900043  0.12196013331413269
5800286  0.1219586655497551
4800184  0.12195313721895218
3500087  0.12195219844579697
2900091  0.12195108085870743
4700111  0.1219402328133583
1600100  0.1219339519739151
6900114  0.12193115800619125
9800275  0.12192165851593018
6800121  0.12190978229045868
9800225  0.12190620601177216
6600500  0.12190601974725723
4800329  0.12190572917461395
6800422  0.1219031885266304
7000198  0.12190224230289459
5400050  0.12187856435775757
10300042  0.12187614291906357
7400048  0.1218683198094368
7800169  0.12186339497566223
6800258  0.12186209112405777
7000142  0.12185932695865631
8000781  0.12185561656951904
9100202  0.12185361981391907
1800084  0.12184973806142807
9300664  0.12184759229421616
4800363  0.12183859944343567
2900077  0.12183677405118942
9100209  0.12183677405118942
3400080  0.12183191627264023
8400222  0.12181692570447922
4900527  0.12180798500776291
3300071  0.12179849296808243
10000193  0.12177987396717072
6600555  0.12177737057209015
9100212  0.12177307158708572
7000064  0.12176915258169174
9900747  0.12176834791898727
4000094  0.1217617616057396
6900207  0.12176034599542618
7600043  0.12174322456121445
9000072  0.12172837555408478
4000718  0.1217275857925415
6600503  0.12172311544418335
4800346  0.12171436846256256
4800319  0.12170689553022385
4700112  0.12169746309518814
4800344  0.12169412523508072
7800155  0.1216839924454689
4000137  0.12168074399232864
6700303  0.1216728612780571
6800252  0.12166467308998108
10201353  0.12166422605514526
4700065  0.12166023999452591
9100081  0.12165775895118713
4000977  0.12165764719247818
9700482  0.12165602296590805
9800106  0.12165296077728271
4800370  0.12164865434169769
6800751  0.12164584547281265
6300221  0.12164125591516495
3900134  0.12163981795310974
6300209  0.12163664400577545
6600552  0.12163348495960236
4000484  0.12163320183753967
6800105  0.12163077294826508
3900054  0.12162706255912781
4800216  0.12162031978368759
2900076  0.12159455567598343
6800266  0.12158649414777756
4800240  0.12158355861902237
7400046  0.12157715857028961
9800123  0.12157683074474335
3200143  0.12157412618398666
4200338  0.12157173454761505
1100890  0.12156810611486435
6500413  0.12155351042747498
1600164  0.12155009806156158
1600254  0.12154781818389893
3400087  0.12154465913772583
4000117  0.12153871357440948
10401169  0.1215374618768692
6500411  0.12153096497058868
4000719  0.12152395397424698
7800225  0.12151814997196198
4800350  0.12151811271905899
6900125  0.12151195853948593
8400120  0.12150561809539795
6300156  0.12150423973798752
8600239  0.12149779498577118
10300158  0.12148305773735046
4200106  0.12147437036037445
5400100  0.12145436555147171
6300065  0.12145397067070007
6800267  0.12145289778709412
6300204  0.1214459091424942
5600548  0.12143974751234055
8500520  0.12142781913280487
4800360  0.12142744660377502
1600354  0.1214175596833229
6100155  0.12140857428312302
9000141  0.12140382081270218
8600099  0.1213996633887291
7800145  0.12139932811260223
2900085  0.12139769643545151
3900055  0.12139152735471725
9100135  0.1213802695274353
6100190  0.1213703379034996
2500050  0.12135399132966995
10000098  0.12135259807109833
6900079  0.12135203927755356
10201575  0.1213490292429924
10100039  0.12132659554481506
5400049  0.12132653594017029
6900071  0.12132468074560165
4800172  0.1213187575340271
6600558  0.12131289392709732
5400165  0.12130147218704224
1000138  0.12130065262317657
1800068  0.12129585444927216
4000714  0.12128951400518417
10300089  0.12128759175539017
9800286  0.12128473073244095
2400055  0.1212797686457634
1400061  0.12126920372247696
9100117  0.12126815319061279
4800336  0.12126564234495163
3300070  0.12125914543867111
4800244  0.12123130261898041
4400175  0.12122509628534317
1600137  0.12122119963169098
8600263  0.12121747434139252
7600044  0.12121688574552536
6900130  0.12121071666479111
4800356  0.12120318412780762
9800239  0.12119327485561371
6300171  0.1211821585893631
8000782  0.12118012458086014
5400059  0.1211741641163826
6800265  0.12116800248622894
2900089  0.12116682529449463
7200104  0.12116501480340958
6400288  0.12116115540266037
10401180  0.12116044014692307
9100217  0.12114980071783066
6800185  0.1211412325501442
4400054  0.12111862003803253
10300166  0.12111109495162964
4000556  0.12110122293233871
7800046  0.1210913360118866
6300215  0.12108342349529266
4800335  0.1210809201002121
10300088  0.12107960134744644
9400975  0.12107210606336594
5400058  0.12107113003730774
6600491  0.12106020003557205
10201345  0.12105308473110199
1600245  0.12104812264442444
10000203  0.12104424089193344
5400057  0.12102606147527695
10300048  0.12102518230676651
10300071  0.12102289497852325
2700098  0.12102193385362625
7000177  0.1210157722234726
4000572  0.12100635468959808
9800121  0.12099990993738174
10100040  0.12099328637123108
5400061  0.12098893523216248
2300059  0.1209835484623909
6600545  0.12098153680562973
9800281  0.12097960710525513
5400041  0.1209728792309761
4000949  0.12096121162176132
6300203  0.12094681710004807
6300212  0.1209295466542244
10201503  0.12092812359333038
8800098  0.12092108279466629
7400047  0.1209125891327858
2800047  0.12090390920639038
2400066  0.12088365107774734
8800049  0.1208808645606041
6600539  0.12087511271238327
4700175  0.12085211277008057
2600063  0.1208513006567955
2300060  0.12084585428237915
2800109  0.12083404511213303
6700054  0.12083404511213303
4000494  0.12082715332508087
6500408  0.12081942707300186
2100080  0.12081373482942581
9100126  0.12080289423465729
1400060  0.12079806625843048
8400067  0.12079383432865143
10100102  0.12079232931137085
9000063  0.12078659981489182
4800355  0.12078584730625153
1000056  0.12077238410711288
6900162  0.1207694336771965
6800466  0.12076528370380402
4800330  0.12075760960578918
4800160  0.12075240910053253
10201508  0.12074963003396988
4000139  0.1207251027226448
9800228  0.12072224169969559
6600495  0.12072073668241501
6600525  0.12071999162435532
6600461  0.12071973830461502
10000204  0.12071887403726578
6900074  0.12071014940738678
2900080  0.12070903927087784
4000444  0.12070784717798233
9700510  0.12070142477750778
10300061  0.12069997936487198
6600452  0.1206943690776825
5400285  0.12069038301706314
9800226  0.12068850547075272
8600072  0.1206820160150528
4000144  0.12067317217588425
9300665  0.12065645307302475
4200099  0.12065092474222183
4700068  0.120648093521595
3900207  0.1206355169415474
6800410  0.12063349038362503
6400285  0.12062877416610718
9800118  0.12062293291091919
6800268  0.12061097472906113
6900131  0.12058433145284653
4700133  0.12058194726705551
6600549  0.12055933475494385
9800154  0.12055755406618118
2700110  0.12054011225700378
10201352  0.120537668466568
9100194  0.12053687870502472
9800204  0.12052960693836212
6600501  0.12052378803491592
10201363  0.12052364647388458
9100072  0.12052206695079803
3400088  0.12048348784446716
6300188  0.1204739660024643
1400055  0.12047001719474792
6800262  0.12044862657785416
6800251  0.12044767290353775
4000459  0.12044239789247513
3700446  0.12043730914592743
10201375  0.12043217569589615
9300752  0.12040706723928452
6200760  0.12040587514638901
6800157  0.12040413171052933
7700038  0.12039627879858017
9800110  0.12039586901664734
4800364  0.12038148939609528
6600486  0.12037676572799683
10300140  0.12036678940057755
1600085  0.12032809853553772
4800264  0.12032526731491089
8900524  0.12031518667936325
10201378  0.12030784785747528
9300649  0.12030381709337234
7300132  0.12028488516807556
9000162  0.1202835813164711
6300158  0.12028071284294128
6500412  0.12025994062423706
8100117  0.12023864686489105
6600475  0.12023373693227768
4000731  0.12022791057825089
6800415  0.12022364884614944
7000088  0.12021570652723312
6600445  0.1202073022723198
6600472  0.12019873410463333
7700039  0.12018366158008575
9100122  0.12017933279275894
1600122  0.12017269432544708
6300085  0.12015458941459656
3400092  0.12014865130186081
9800173  0.1201443150639534
1600091  0.12014416605234146
6800050  0.1201191172003746
3900213  0.12011141330003738
2800051  0.12009801715612411
10201504  0.1200968325138092
4200340  0.12008962035179138
1600076  0.12007664144039154
6600451  0.1200641542673111
5400056  0.12006289511919022
4000138  0.12005513906478882
2200132  0.12004905194044113
6600533  0.1200462356209755
9800152  0.12002331018447876
3700445  0.12002067267894745
8600279  0.12002012878656387
7000042  0.12001614272594452
3900200  0.12001574784517288
6400281  0.12000171095132828
9700511  0.11999842524528503
2100049  0.11998969316482544
10201351  0.11997026950120926
2900058  0.11996668577194214
6800090  0.11992882937192917
7800209  0.11991987377405167
2200141  0.11991564929485321
4800236  0.11991429328918457
3900201  0.11990857124328613
7000075  0.11990530788898468
7400104  0.11990253627300262
1600088  0.11988542973995209
4000213  0.11987841129302979
10300144  0.11987479776144028
10000196  0.11986539512872696
5400054  0.11984714865684509
5400161  0.11983110755681992
9800124  0.11981893330812454
5800278  0.11980098485946655
6300165  0.11978794634342194
4800353  0.11978704482316971
8600268  0.11976941674947739
10800040  0.1197396069765091
5800284  0.11971031129360199
4000498  0.11970909684896469
6200759  0.11966300010681152
6300175  0.11965691298246384
4800362  0.11965102702379227
4000566  0.1196325421333313
1600153  0.11961757391691208
4700108  0.119609534740448
4800164  0.11960349231958389
10000110  0.11959930509328842
10300148  0.11955694854259491
6700056  0.11953815072774887
4800345  0.11952932178974152
1600131  0.11951851844787598
6800093  0.11951779574155807
10100089  0.11948515474796295
5400068  0.11948191374540329
4000454  0.1194746270775795
6600515  0.11945202201604843
1600125  0.11945126950740814
4800337  0.11944657564163208
1600140  0.11941743642091751
7100047  0.11940865218639374
4700105  0.11940165609121323
2900088  0.11940142512321472
2000063  0.11938740313053131
1600082  0.1193787232041359
6300197  0.11937625706195831
4000116  0.11936291307210922
2300069  0.11935951560735703
9100115  0.119343601167202
10201356  0.11933606117963791
1600236  0.11933556944131851
3300072  0.11930903792381287
6600562  0.11927732080221176
9800213  0.11927143484354019
10201367  0.11926744133234024
1600128  0.11926618218421936
1600119  0.11926259100437164
2200151  0.11922597885131836
4000458  0.11919911205768585
10201350  0.11917147785425186
9100111  0.11916887760162354
4800320  0.11916397511959076
4000212  0.11914502084255219
1400049  0.1191301941871643
3400083  0.11912044137716293
9800115  0.11911521106958389
6600489  0.11910782754421234
4000540  0.11909516155719757
6600467  0.11907292157411575
1600182  0.11906960606575012
4800272  0.11906500905752182
10000184  0.11905000358819962
9000138  0.11904051899909973
9800146  0.1190403550863266
2900073  0.11902868002653122
2300052  0.11900880932807922
4000457  0.11900680512189865
9100191  0.1189991757273674
4000474  0.11894507706165314
9800276  0.11892847716808319
5400065  0.11889082193374634
9800283  0.11888977885246277
2200196  0.11888308078050613
4000205  0.11886446923017502
9800199  0.11885346472263336
5800282  0.11885161697864532
6300184  0.11883599311113358
9800227  0.1187879890203476
1100051  0.11877642571926117
2600071  0.11873907595872879
10201344  0.1187150776386261
1200033  0.11863257735967636
2200205  0.11862494051456451
4000569  0.11862301826477051
3300092  0.11862174421548843
1300058  0.11861755698919296
10300142  0.11853986233472824
9800198  0.11850190907716751
1600079  0.1184983178973198
9900751  0.11849623173475266
10201347  0.11846578866243362
4000160  0.11846121400594711
7100048  0.11839992552995682
1300066  0.11837530136108398
1600155  0.1183561161160469
7000057  0.1183338463306427
10201357  0.11830662935972214
4000542  0.11829912662506104
4000118  0.11829748004674911
6800274  0.118281789124012
2200160  0.11824328452348709
2200105  0.11823678016662598
10000188  0.11818818747997284
9700514  0.11818480491638184
8800042  0.11817185580730438
6800254  0.11815481632947922
9800262  0.11812913417816162
10300068  0.11809897422790527
3200045  0.11798659712076187
5400053  0.11797736585140228
8300391  0.11795984953641891
1600134  0.11788282543420792
1300065  0.11788187175989151
1600154  0.11786176264286041
9800144  0.1178380474448204
4000539  0.11774370819330215
10000095  0.11771867424249649
2800052  0.11767210066318512
10800099  0.11756269633769989
1300071  0.11755635589361191
3400074  0.11754188686609268
9100118  0.11753780394792557
3200043  0.1174352690577507
4700173  0.11737172305583954
1600103  0.1173257902264595
4000175  0.1172674372792244
10401182  0.11722183227539062
2200178  0.11720629036426544
6800289  0.11717358976602554
1600106  0.11712121218442917
4000142  0.11709318310022354
5400101  0.11702883243560791
4000162  0.11701686680316925
1300060  0.11695174127817154
1100050  0.11693540215492249
6300220  0.1168764978647232
6600507  0.1168559119105339
1100054  0.11685550212860107
9800274  0.11679913103580475
2200169  0.1166379377245903
7500043  0.116615429520607
2200187  0.11620741337537766
2300056  0.11610595881938934
3700448  0.11605415493249893
1600094  0.11598242819309235
2800048  0.11589927971363068
3200044  0.11589285731315613
1600116  0.11582621186971664
1600073  0.11571668833494186
9800082  0.11555078625679016
9800149  0.11552929878234863
3700447  0.11514604836702347
10201505  0.11490732431411743
1600113  0.11488889157772064
1600097  0.11474034935235977
3700444  0.11437412351369858
2200123  0.11434447765350342
2400048  0.11337979137897491
2200096  0.11316263675689697
2200078  0.1130404844880104
2200114  0.11279775202274323
5800261  0.11223938316106796
2400047  0.11179028451442719
2100062  0.11174360662698746
2200070  0.11172623932361603
2200064  0.1113981381058693
2400051  0.11115089803934097
2200062  0.11107835173606873
2200060  0.11098241806030273
2200074  0.11077186465263367
2400052  0.11046262830495834
2200076  0.10996449738740921
2200082  0.10986035317182541
2200094  0.10965809226036072
2200068  0.10816498100757599
5800259  0.10812083631753922
2200080  0.10794388502836227
2200072  0.10767214000225067
2200066  0.1071934774518013
2200095  0.10708320885896683
5800260  0.10632652044296265
2100044  0.08147674053907394
2100038  0.08003861457109451
2100045  0.07902666181325912
1700030  0.07534744590520859
