1200568  0.3977685570716858
1200585  0.39745330810546875
1200560  0.39603689312934875
1200562  0.3950011134147644
1200591  0.3944472074508667
1900089  0.3943910002708435
1200590  0.3943527936935425
1200593  0.39416298270225525
1200573  0.3937442898750305
1600107  0.39355137944221497
1200572  0.393505334854126
1900090  0.39322325587272644
1200584  0.3927305340766907
1600240  0.3925909996032715
1200133  0.3925105035305023
1600229  0.39230790734291077
1200306  0.3921535313129425
1200580  0.3918965458869934
1200159  0.391562283039093
1200302  0.3915281891822815
1200204  0.3910214304924011
1600226  0.3908425271511078
1200575  0.39066654443740845
1200563  0.3906255066394806
1801356  0.3904297351837158
1200316  0.39032241702079773
1200207  0.3902831971645355
1700194  0.3902813792228699
1200581  0.3902796804904938
1700119  0.39020076394081116
1700204  0.3900681436061859
2700513  0.3897969126701355
1200567  0.3896770775318146
1900048  0.38958731293678284
1200571  0.389487087726593
1200574  0.3894753158092499
1200320  0.3894658386707306
1200148  0.38933438062667847
1200564  0.38930800557136536
1200313  0.38929370045661926
1801341  0.3892531096935272
1200429  0.389168381690979
1200319  0.38904765248298645
1200587  0.3890340030193329
1600284  0.38898828625679016
1200566  0.38891300559043884
1600153  0.38886433839797974
1200416  0.3886709213256836
1900062  0.38851478695869446
1200588  0.388493150472641
1801506  0.388470321893692
1801502  0.38844478130340576
2700514  0.3882526755332947
2001180  0.3882467448711395
1600124  0.38818851113319397
1200579  0.38815438747406006
1600141  0.3880486488342285
1600255  0.3879266381263733
2700515  0.3878922760486603
1200565  0.38780003786087036
1600152  0.3877849876880646
1200311  0.38775309920310974
1600117  0.3877420425415039
1801354  0.38767901062965393
1801364  0.3875439763069153
1801500  0.3875436782836914
1600253  0.3874792158603668
1600281  0.3874768018722534
1200583  0.3874116837978363
1200586  0.3873845636844635
1900071  0.38732704520225525
1200559  0.38726845383644104
2001177  0.3872125446796417
1200582  0.38718393445014954
1200178  0.3871571719646454
1200448  0.3871506452560425
1600155  0.38711997866630554
2001166  0.3870013952255249
1200161  0.38683661818504333
1700201  0.3868229389190674
1200182  0.3867149353027344
1200594  0.3867120146751404
1801360  0.3866652250289917
1200154  0.38662344217300415
2001178  0.3865197002887726
1801505  0.3865109980106354
1900039  0.38648325204849243
2700504  0.3864515423774719
1200446  0.386415958404541
1200578  0.38641566038131714
1600227  0.38633179664611816
1801350  0.3862988352775574
1600083  0.3862777352333069
1200692  0.38625431060791016
1200466  0.3861956000328064
1600237  0.38616132736206055
1100089  0.38608789443969727
1200542  0.3860773742198944
1600110  0.3860722780227661
1801371  0.38601499795913696
1600228  0.3859793543815613
1200532  0.3859165906906128
1200312  0.3859004080295563
1200595  0.38582485914230347
1700193  0.3857487738132477
1700095  0.3857295513153076
2900747  0.38562241196632385
1700209  0.3855471611022949
1200143  0.38550442457199097
1200693  0.38548895716667175
1200135  0.38547584414482117
1600196  0.3854176998138428
1200443  0.385415256023407
1200426  0.385380357503891
1200314  0.3853396475315094
1200174  0.3853212296962738
1200141  0.3852401375770569
1600224  0.385157972574234
1600236  0.3851371109485626
2700510  0.3851127624511719
1200597  0.38499966263771057
1801355  0.38490772247314453
1700184  0.3848858177661896
1200138  0.38488006591796875
1200570  0.38485825061798096
2001176  0.38480842113494873
1200181  0.38475096225738525
1200305  0.3847131133079529
1700205  0.3847099542617798
1200184  0.3846796452999115
1801359  0.3846333920955658
2800037  0.38462674617767334
1700195  0.38457027077674866
1600205  0.38451895117759705
1100041  0.3844411373138428
1200569  0.38443484902381897
1200419  0.38434359431266785
1200577  0.38424795866012573
1200147  0.3842383921146393
2900740  0.38418635725975037
1600201  0.38417091965675354
1900045  0.38414886593818665
2700512  0.38411200046539307
1801348  0.38410553336143494
1700183  0.38410377502441406
1900042  0.3840850293636322
1200430  0.3840663433074951
1600200  0.3840394616127014
1801375  0.384015291929245
2700482  0.3840034008026123
1600111  0.38399437069892883
1200589  0.3839426338672638
1200517  0.38385894894599915
1200518  0.3838433623313904
1700200  0.3838309943675995
2700505  0.3837583065032959
1700203  0.38374707102775574
1600277  0.38371220231056213
2900751  0.38370150327682495
1200175  0.38369816541671753
1900061  0.3836231529712677
1200157  0.38359829783439636
1200418  0.3834521472454071
1700202  0.3834337592124939
2700511  0.38327938318252563
1200134  0.383274644613266
1600136  0.38326898217201233
1801372  0.3832452893257141
1801343  0.38323140144348145
1600258  0.3831700384616852
1801349  0.3831358253955841
2900749  0.3830745220184326
1200544  0.383073091506958
1700187  0.3830530643463135
1600274  0.382938951253891
1200211  0.3829112946987152
1200117  0.38289812207221985
1200473  0.38277819752693176
1600115  0.38265490531921387
1600114  0.3826481103897095
2900750  0.3826306164264679
1700196  0.3825697600841522
1600252  0.3825437128543854
1801347  0.38248980045318604
1801370  0.382426917552948
1200545  0.3823919892311096
1200095  0.3823429048061371
1801344  0.38223177194595337
1200137  0.3822200894355774
2700509  0.38220131397247314
1200592  0.382191926240921
2800039  0.3821501135826111
1700192  0.38214296102523804
1600123  0.38210222125053406
1200142  0.3819315433502197
1801342  0.3819216191768646
1200689  0.38189902901649475
1900068  0.3818097710609436
1200415  0.3817669451236725
1100042  0.38175928592681885
1801504  0.38172316551208496
2001179  0.38162660598754883
1900087  0.38160595297813416
1200462  0.3815406560897827
1200548  0.38153108954429626
1200531  0.3814367353916168
1600275  0.38135069608688354
1600140  0.38134247064590454
1600147  0.3811667561531067
1600121  0.38109472393989563
1600287  0.38089627027511597
1801503  0.3807942271232605
1600199  0.3806743919849396
1200688  0.3806201219558716
1600260  0.38061001896858215
1200469  0.38052913546562195
1801501  0.3805099427700043
1200153  0.3804786801338196
1801367  0.38039878010749817
1600262  0.3803812861442566
2900748  0.3801986575126648
1200431  0.38018572330474854
1600150  0.38011056184768677
1100040  0.3800736367702484
1200183  0.38004449009895325
1801353  0.37990790605545044
1200529  0.37933093309402466
1700098  0.379255086183548
2800087  0.3791678249835968
1600118  0.3791281580924988
1600289  0.37907230854034424
1600106  0.3790607154369354
1600276  0.3790082633495331
1801351  0.37897413969039917
1200210  0.37892088294029236
1200576  0.37886330485343933
1200116  0.37878385186195374
1200136  0.37860649824142456
1200115  0.37859541177749634
1100038  0.3784625828266144
1100039  0.3784199357032776
1600174  0.37825116515159607
1600154  0.37805554270744324
1200423  0.37790924310684204
1200514  0.3779086768627167
1600214  0.3778800666332245
1700110  0.37783491611480713
1200705  0.3777565658092499
1100088  0.3776099383831024
1600145  0.377508282661438
1900088  0.37746426463127136
1200458  0.3773680627346039
1700188  0.37735384702682495
1600082  0.37659862637519836
1600263  0.3762456178665161
1200460  0.37476006150245667
1200515  0.3745265603065491
2800040  0.37227663397789
1200212  0.37180185317993164
1600282  0.36948415637016296
