1000306  1.0
1700080  1.0
1700086  1.0
1900215  1.0
3000382  1.0
3000383  1.0
3000390  1.0
3000396  1.0
1500053  0.8
1500054  0.8
1600048  0.5714285714285714
1600049  0.5714285714285714
1600050  0.5714285714285714
1000332  0.5
1000333  0.5
1000356  0.5
1000357  0.5
1900144  0.5
1900145  0.5
1900239  0.5
1900240  0.5
1000329  0.4
1000330  0.4
1000328  0.33333333333333337
1000335  0.33333333333333337
1000271  0.2857142857142857
1000272  0.2857142857142857
1000273  0.2857142857142857
1000274  0.2857142857142857
1000275  0.2857142857142857
1000281  0.2857142857142857
1000287  0.2857142857142857
1000288  0.2857142857142857
1000289  0.2857142857142857
1000290  0.2857142857142857
1000292  0.2857142857142857
1000293  0.2857142857142857
1000295  0.2857142857142857
1000296  0.2857142857142857
1000298  0.2857142857142857
1000299  0.2857142857142857
1000300  0.2857142857142857
1000301  0.2857142857142857
1000302  0.2857142857142857
1000303  0.2857142857142857
1000309  0.2857142857142857
1000310  0.2857142857142857
1000313  0.2857142857142857
1000314  0.2857142857142857
1000315  0.2857142857142857
1000316  0.2857142857142857
1000317  0.2857142857142857
1000318  0.2857142857142857
1000320  0.2857142857142857
1000322  0.2857142857142857
1000324  0.2857142857142857
1700069  0.21052631578947367
1700070  0.21052631578947367
1700074  0.21052631578947367
1700045  0.19999999999999996
1700046  0.19999999999999996
1700047  0.19999999999999996
1700048  0.19999999999999996
1900220  0.07407407407407407
1900221  0.07407407407407407
1900222  0.07407407407407407
1900223  0.07407407407407407
1900224  0.07407407407407407
1900225  0.07407407407407407
2403352  0.07017543859649122
1000768  0.06666666666666665
1000801  0.0625
2403338  0.04705882352941182
2403342  0.04705882352941182
2403346  0.04705882352941182
2403347  0.04705882352941182
2403351  0.04705882352941182
2403355  0.04705882352941182
2403024  0.03960396039603964
1900195  0.038461538461538436
1900196  0.038461538461538436
1900197  0.038461538461538436
1900198  0.038461538461538436
1900200  0.038461538461538436
1900201  0.038461538461538436
1900203  0.038461538461538436
1900204  0.038461538461538436
1900206  0.038461538461538436
1900207  0.038461538461538436
1900208  0.038461538461538436
1900209  0.038461538461538436
1900210  0.038461538461538436
1900212  0.038461538461538436
1900218  0.038461538461538436
1900219  0.038461538461538436
1900229  0.038461538461538436
1900180  0.0357142857142857
1900181  0.0357142857142857
1900182  0.0357142857142857
1900183  0.0357142857142857
1900184  0.0357142857142857
1900189  0.0357142857142857
1900366  0.0357142857142857
1900374  0.03448275862068961
2403001  0.02898550724637683
2403006  0.02898550724637683
1000045  0.023809523809523836
1000048  0.023809523809523836
1000051  0.023809523809523836
1000054  0.023809523809523836
1000057  0.023809523809523836
1000060  0.023809523809523836
1000063  0.023809523809523836
1000066  0.023809523809523836
1000069  0.023809523809523836
1000072  0.023809523809523836
1000075  0.023809523809523836
1000078  0.023809523809523836
1000081  0.023809523809523836
1000084  0.023809523809523836
1000090  0.023809523809523836
1000120  0.023809523809523836
1000121  0.023809523809523836
1000122  0.023809523809523836
1000123  0.023809523809523836
1000126  0.023809523809523836
1000127  0.023809523809523836
1000128  0.023809523809523836
1000132  0.023809523809523836
1000133  0.023809523809523836
1000134  0.023809523809523836
1000135  0.023809523809523836
1000139  0.023809523809523836
1000145  0.023809523809523836
1000146  0.023809523809523836
1000149  0.023809523809523836
1000369  0.023809523809523836
1000370  0.023809523809523836
1000384  0.023809523809523836
1000385  0.023809523809523836
2500251  0.023809523809523836
2500254  0.023809523809523836
3000039  0.021621621621621623
3000044  0.021621621621621623
3000045  0.021621621621621623
3000046  0.021621621621621623
3000047  0.021621621621621623
3000048  0.021621621621621623
3000049  0.021621621621621623
3000050  0.021621621621621623
3000051  0.021621621621621623
3000052  0.021621621621621623
3000053  0.021621621621621623
3000054  0.021621621621621623
3000055  0.021621621621621623
3000056  0.021621621621621623
3000057  0.021621621621621623
3000058  0.021621621621621623
3000059  0.021621621621621623
3000060  0.021621621621621623
3000061  0.021621621621621623
3000062  0.021621621621621623
3000063  0.021621621621621623
3000064  0.021621621621621623
3000065  0.021621621621621623
3000066  0.021621621621621623
3000067  0.021621621621621623
3000068  0.021621621621621623
3000069  0.021621621621621623
3000070  0.021621621621621623
3000071  0.021621621621621623
3000072  0.021621621621621623
3000073  0.021621621621621623
3000074  0.021621621621621623
3000075  0.021621621621621623
3000076  0.021621621621621623
3000077  0.021621621621621623
3000078  0.021621621621621623
3000079  0.021621621621621623
3000080  0.021621621621621623
3000081  0.021621621621621623
3000082  0.021621621621621623
3000083  0.021621621621621623
3000084  0.021621621621621623
3000085  0.021621621621621623
3000086  0.021621621621621623
3000087  0.021621621621621623
3000088  0.021621621621621623
3000089  0.021621621621621623
3000090  0.021621621621621623
3000091  0.021621621621621623
3000092  0.021621621621621623
3000093  0.021621621621621623
3000094  0.021621621621621623
3000095  0.021621621621621623
3000096  0.021621621621621623
3000097  0.021621621621621623
3000098  0.021621621621621623
3000099  0.021621621621621623
3000100  0.021621621621621623
3000101  0.021621621621621623
3000102  0.021621621621621623
3000103  0.021621621621621623
3000104  0.021621621621621623
3000105  0.021621621621621623
3000106  0.021621621621621623
3000107  0.021621621621621623
3000108  0.021621621621621623
3000109  0.021621621621621623
3000110  0.021621621621621623
3000111  0.021621621621621623
3000112  0.021621621621621623
3000113  0.021621621621621623
3000114  0.021621621621621623
3000115  0.021621621621621623
3000116  0.021621621621621623
3000117  0.021621621621621623
3000118  0.021621621621621623
3000119  0.021621621621621623
3000120  0.021621621621621623
3000121  0.021621621621621623
3000122  0.021621621621621623
3000123  0.021621621621621623
3000124  0.021621621621621623
3000125  0.021621621621621623
3000126  0.021621621621621623
3000127  0.021621621621621623
3000128  0.021621621621621623
3000129  0.021621621621621623
3000130  0.021621621621621623
3000132  0.021621621621621623
3000133  0.021621621621621623
3000134  0.021621621621621623
3000135  0.021621621621621623
3000136  0.021621621621621623
3000137  0.021621621621621623
3000138  0.021621621621621623
3000139  0.021621621621621623
3000140  0.021621621621621623
3000141  0.021621621621621623
3000142  0.021621621621621623
3000143  0.021621621621621623
3000144  0.021621621621621623
3000145  0.021621621621621623
3000146  0.021621621621621623
3000147  0.021621621621621623
3000148  0.021621621621621623
3000149  0.021621621621621623
3000150  0.021621621621621623
3000151  0.021621621621621623
3000152  0.021621621621621623
3000153  0.021621621621621623
3000154  0.021621621621621623
3000155  0.021621621621621623
3000156  0.021621621621621623
3000157  0.021621621621621623
3000158  0.021621621621621623
3000159  0.021621621621621623
3000160  0.021621621621621623
3000161  0.021621621621621623
3000162  0.021621621621621623
3000163  0.021621621621621623
3000164  0.021621621621621623
3000165  0.021621621621621623
3000166  0.021621621621621623
3000167  0.021621621621621623
3000168  0.021621621621621623
3000169  0.021621621621621623
3000170  0.021621621621621623
3000171  0.021621621621621623
3000172  0.021621621621621623
3000173  0.021621621621621623
3000174  0.021621621621621623
3000175  0.021621621621621623
3000176  0.021621621621621623
3000177  0.021621621621621623
3000178  0.021621621621621623
3000179  0.021621621621621623
3000180  0.021621621621621623
3000181  0.021621621621621623
3000182  0.021621621621621623
3000183  0.021621621621621623
3000184  0.021621621621621623
3000185  0.021621621621621623
3000186  0.021621621621621623
3000187  0.021621621621621623
3000188  0.021621621621621623
3000189  0.021621621621621623
3000190  0.021621621621621623
3000191  0.021621621621621623
3000192  0.021621621621621623
3000193  0.021621621621621623
3000194  0.021621621621621623
3000195  0.021621621621621623
3000196  0.021621621621621623
3000197  0.021621621621621623
3000198  0.021621621621621623
3000199  0.021621621621621623
3000200  0.021621621621621623
3000201  0.021621621621621623
3000202  0.021621621621621623
3000203  0.021621621621621623
3000204  0.021621621621621623
3000205  0.021621621621621623
3000206  0.021621621621621623
3000207  0.021621621621621623
3000208  0.021621621621621623
3000209  0.021621621621621623
3000210  0.021621621621621623
3000211  0.021621621621621623
3000212  0.021621621621621623
3000213  0.021621621621621623
3000214  0.021621621621621623
3000215  0.021621621621621623
3000216  0.021621621621621623
3000217  0.021621621621621623
3000218  0.021621621621621623
3000219  0.021621621621621623
3000220  0.021621621621621623
3000221  0.021621621621621623
3000222  0.021621621621621623
3000223  0.021621621621621623
3000224  0.021621621621621623
3000225  0.021621621621621623
3000226  0.021621621621621623
3000227  0.021621621621621623
3000228  0.021621621621621623
3000229  0.021621621621621623
3000230  0.021621621621621623
3000231  0.021621621621621623
3000232  0.021621621621621623
3000233  0.021621621621621623
3000234  0.021621621621621623
3000235  0.021621621621621623
3000236  0.021621621621621623
3000237  0.021621621621621623
3000238  0.021621621621621623
3000239  0.021621621621621623
3000240  0.021621621621621623
3000241  0.021621621621621623
3000242  0.021621621621621623
3000243  0.021621621621621623
3000244  0.021621621621621623
3000245  0.021621621621621623
3000246  0.021621621621621623
3000247  0.021621621621621623
3000248  0.021621621621621623
3000249  0.021621621621621623
3000250  0.021621621621621623
3000251  0.021621621621621623
3000252  0.021621621621621623
3000253  0.021621621621621623
3000254  0.021621621621621623
3000255  0.021621621621621623
3000256  0.021621621621621623
3000257  0.021621621621621623
3000258  0.021621621621621623
3000259  0.021621621621621623
3000260  0.021621621621621623
3000261  0.021621621621621623
3000262  0.021621621621621623
3000263  0.021621621621621623
3000264  0.021621621621621623
3000265  0.021621621621621623
3000266  0.021621621621621623
3000267  0.021621621621621623
3000268  0.021621621621621623
3000269  0.021621621621621623
3000270  0.021621621621621623
3000271  0.021621621621621623
3000272  0.021621621621621623
3000273  0.021621621621621623
3000274  0.021621621621621623
3000275  0.021621621621621623
3000276  0.021621621621621623
3000277  0.021621621621621623
3000278  0.021621621621621623
3000279  0.021621621621621623
3000280  0.021621621621621623
3000281  0.021621621621621623
3000282  0.021621621621621623
3000283  0.021621621621621623
3000284  0.021621621621621623
3000285  0.021621621621621623
3000286  0.021621621621621623
3000287  0.021621621621621623
3000288  0.021621621621621623
3000289  0.021621621621621623
3000290  0.021621621621621623
3000291  0.021621621621621623
3000292  0.021621621621621623
3000293  0.021621621621621623
3000294  0.021621621621621623
3000295  0.021621621621621623
3000296  0.021621621621621623
3000297  0.021621621621621623
3000298  0.021621621621621623
3000299  0.021621621621621623
3000300  0.021621621621621623
3000301  0.021621621621621623
3000302  0.021621621621621623
3000303  0.021621621621621623
3000304  0.021621621621621623
3000305  0.021621621621621623
3000306  0.021621621621621623
3000307  0.021621621621621623
3000308  0.021621621621621623
3000309  0.021621621621621623
3000310  0.021621621621621623
3000311  0.021621621621621623
3000312  0.021621621621621623
3000313  0.021621621621621623
3000314  0.021621621621621623
3000315  0.021621621621621623
3000316  0.021621621621621623
3000317  0.021621621621621623
3000318  0.021621621621621623
3000319  0.021621621621621623
3000320  0.021621621621621623
3000321  0.021621621621621623
3000322  0.021621621621621623
3000323  0.021621621621621623
3000324  0.021621621621621623
3000325  0.021621621621621623
3000326  0.021621621621621623
3000327  0.021621621621621623
3000328  0.021621621621621623
3000329  0.021621621621621623
3000330  0.021621621621621623
3000331  0.021621621621621623
3000332  0.021621621621621623
3000333  0.021621621621621623
3000334  0.021621621621621623
3000335  0.021621621621621623
3000336  0.021621621621621623
3000337  0.021621621621621623
3000338  0.021621621621621623
3000339  0.021621621621621623
3000340  0.021621621621621623
3000341  0.021621621621621623
3000342  0.021621621621621623
3000343  0.021621621621621623
3000344  0.021621621621621623
3000345  0.021621621621621623
3000346  0.021621621621621623
3000347  0.021621621621621623
3000348  0.021621621621621623
3000349  0.021621621621621623
3000350  0.021621621621621623
3000351  0.021621621621621623
3000352  0.021621621621621623
3000353  0.021621621621621623
3000354  0.021621621621621623
3000355  0.021621621621621623
3000356  0.021621621621621623
3000357  0.021621621621621623
3000370  0.021621621621621623
3000371  0.021621621621621623
3000372  0.021621621621621623
1900236  0.020408163265306145
1900237  0.020408163265306145
1900235  0.020000000000000018
1900243  0.020000000000000018
1900227  0.019607843137254943
1900231  0.019607843137254943
2400097  0.015686274509803977
2400115  0.015686274509803977
2400128  0.015686274509803977
2400141  0.015686274509803977
2400160  0.015686274509803977
2400179  0.015686274509803977
2400198  0.015686274509803977
2400218  0.015686274509803977
2400237  0.015686274509803977
2400256  0.015686274509803977
2400277  0.015686274509803977
2400285  0.015686274509803977
2400288  0.015686274509803977
1900042  0.009433962264150941
1900045  0.009433962264150941
1900048  0.009433962264150941
1900051  0.009433962264150941
1900054  0.009433962264150941
1900057  0.009433962264150941
1900060  0.009433962264150941
1900063  0.009433962264150941
1900066  0.009433962264150941
1900069  0.009433962264150941
1900072  0.009433962264150941
1900075  0.009433962264150941
1900078  0.009433962264150941
1900081  0.009433962264150941
1900261  0.009433962264150941
1900262  0.009433962264150941
1900266  0.009433962264150941
1900276  0.009433962264150941
1900277  0.009433962264150941
1900278  0.009433962264150941
1900279  0.009433962264150941
1900283  0.009433962264150941
1900287  0.009433962264150941
1900288  0.009433962264150941
1900289  0.009433962264150941
2000253  0.009433962264150941
2000254  0.009433962264150941
2000255  0.009433962264150941
2000257  0.009433962264150941
2000262  0.009433962264150941
2000265  0.009433962264150941
2000266  0.009433962264150941
2000267  0.009433962264150941
2000268  0.009433962264150941
2000269  0.009433962264150941
2000272  0.009433962264150941
2000274  0.009433962264150941
2000276  0.009433962264150941
2000284  0.009433962264150941
2000306  0.009433962264150941
2000331  0.009433962264150941
2000334  0.009433962264150941
2000339  0.009433962264150941
2000340  0.009433962264150941
2000341  0.009433962264150941
2000342  0.009433962264150941
2000343  0.009433962264150941
2000351  0.009433962264150941
2000352  0.009433962264150941
2000353  0.009433962264150941
2000354  0.009433962264150941
2000357  0.009433962264150941
2000358  0.009433962264150941
2000361  0.009433962264150941
2402991  0.009433962264150941
2402992  0.009433962264150941
