1000322  0.14776207506656647
1000300  0.14529840648174286
3000188  0.14506669342517853
1500054  0.144612118601799
3000094  0.1440955400466919
3000330  0.14299148321151733
1000309  0.1428639441728592
1000066  0.14284296333789825
1000293  0.14267605543136597
1000295  0.14243274927139282
3000155  0.14211665093898773
3000227  0.14190253615379333
1700046  0.1418611705303192
1000315  0.1416463851928711
1000084  0.1413925290107727
3000390  0.1412666141986847
1000128  0.1411762535572052
1000296  0.14084506034851074
3000117  0.1407642513513565
3000195  0.14073814451694489
3000204  0.14064674079418182
3000221  0.14060723781585693
1000357  0.14054115116596222
3000248  0.14045418798923492
1900231  0.1403888314962387
3000208  0.14035022258758545
1000069  0.14033052325248718
3000343  0.14029709994792938
3000286  0.1401405781507492
2403338  0.14013071358203888
1000332  0.14009320735931396
3000284  0.14005231857299805
1000356  0.13996392488479614
1900239  0.1399000585079193
2500254  0.13989655673503876
3000351  0.13982489705085754
3000259  0.1396970897912979
1700080  0.13965775072574615
3000121  0.1395827680826187
1000289  0.13958269357681274
2403346  0.13953523337841034
3000272  0.13952219486236572
3000235  0.13951821625232697
3000282  0.1395142674446106
1600049  0.13949108123779297
3000307  0.13944071531295776
1900227  0.1394404023885727
3000083  0.13943959772586823
3000172  0.13942064344882965
3000269  0.1394190937280655
3000165  0.13934925198554993
3000103  0.1393170803785324
2403352  0.1393135040998459
3000145  0.1393042802810669
1000145  0.13928616046905518
1000122  0.13918673992156982
3000296  0.13913416862487793
3000230  0.13904549181461334
3000179  0.1389811784029007
2500251  0.1389034390449524
3000281  0.1389024704694748
1000132  0.13888496160507202
3000345  0.13886511325836182
1000324  0.13886384665966034
3000349  0.13879947364330292
1000081  0.13879206776618958
3000115  0.13878770172595978
1000370  0.13876841962337494
3000253  0.13875485956668854
2403355  0.13870297372341156
3000059  0.13868719339370728
1000273  0.1386721283197403
1900208  0.1386609673500061
3000251  0.13865777850151062
3000340  0.1386464685201645
1000303  0.13863801956176758
1000299  0.1386098712682724
1700069  0.1385766565799713
1000287  0.13849736750125885
3000241  0.13848330080509186
3000383  0.13847917318344116
3000100  0.13843101263046265
1000135  0.13842891156673431
3000132  0.13840094208717346
2403342  0.13838638365268707
1700045  0.13832029700279236
1000060  0.13831038773059845
1900197  0.13829416036605835
3000234  0.13825055956840515
3000067  0.13822367787361145
3000352  0.13818742334842682
3000297  0.13817507028579712
3000088  0.13817262649536133
3000346  0.13812902569770813
3000124  0.13811767101287842
1000292  0.1380949765443802
3000331  0.13806329667568207
3000233  0.13801178336143494
1600048  0.13798411190509796
3000262  0.1379765123128891
3000316  0.13797274231910706
3000177  0.13796865940093994
1900144  0.13796639442443848
3000226  0.1378750205039978
1000302  0.13786791265010834
1900223  0.1378561407327652
1900207  0.1378340721130371
3000313  0.13780486583709717
1900183  0.13777440786361694
3000149  0.13777393102645874
3000075  0.13772247731685638
3000184  0.1377146989107132
3000273  0.13770806789398193
3000190  0.1376972198486328
3000164  0.13768966495990753
3000186  0.13765870034694672
1000329  0.1376505196094513
3000354  0.13763383030891418
3000240  0.13763216137886047
1000272  0.13759180903434753
3000056  0.1375727355480194
1700047  0.13750648498535156
3000060  0.1374901682138443
3000344  0.13748569786548615
1000306  0.1374787986278534
3000209  0.1374562382698059
3000106  0.13742761313915253
1000133  0.13742102682590485
1000330  0.13741834461688995
3000123  0.1374165266752243
3000055  0.1373652219772339
3000168  0.13736219704151154
3000074  0.13735687732696533
3000187  0.13733214139938354
3000347  0.13732555508613586
3000333  0.13731326162815094
1000316  0.1372973471879959
3000289  0.1372852325439453
3000305  0.13725577294826508
3000174  0.13724485039710999
3000126  0.13724058866500854
2403351  0.13722288608551025
3000382  0.13721400499343872
3000225  0.1371965855360031
3000224  0.13719412684440613
3000353  0.13719065487384796
1900204  0.13715499639511108
2403001  0.1371443271636963
3000199  0.13713672757148743
3000175  0.137129008769989
3000327  0.13710595667362213
3000140  0.13709761202335358
3000096  0.13699282705783844
3000219  0.13698934018611908
3000192  0.13698570430278778
3000142  0.1369815617799759
1900196  0.13696667551994324
3000081  0.13693931698799133
1000121  0.13693153858184814
1000063  0.13691554963588715
1900184  0.13690097630023956
3000169  0.13689708709716797
3000176  0.13687913119792938
3000157  0.13686397671699524
3000122  0.13685967028141022
1000288  0.13685286045074463
3000058  0.13684014976024628
3000348  0.13682523369789124
1000072  0.13676832616329193
3000150  0.13676609098911285
3000161  0.13674728572368622
3000222  0.13672572374343872
3000178  0.1366952806711197
3000095  0.13668830692768097
3000319  0.13668307662010193
1900221  0.13668304681777954
1900072  0.13666045665740967
3000146  0.1365971714258194
1900236  0.13659171760082245
3000229  0.13658735156059265
3000073  0.13656292855739594
1900212  0.13655608892440796
3000288  0.13650286197662354
3000193  0.13650190830230713
1000318  0.13649408519268036
3000159  0.13640497624874115
1900366  0.1363999992609024
3000069  0.13639937341213226
3000141  0.13633012771606445
3000113  0.13629887998104095
3000329  0.13628576695919037
3000135  0.13624416291713715
3000065  0.13624025881290436
3000039  0.13623946905136108
3000197  0.13623873889446259
3000291  0.1362348347902298
3000112  0.13623441755771637
3000107  0.13622435927391052
3000255  0.13618412613868713
3000093  0.13617734611034393
1000120  0.1361752301454544
1900235  0.1361600160598755
1000146  0.1361514925956726
1000281  0.13614775240421295
3000218  0.13613231480121613
1500053  0.13610398769378662
1000054  0.13604815304279327
1000328  0.13603223860263824
3000082  0.13598693907260895
3000097  0.135975643992424
3000091  0.13596567511558533
1000048  0.1359129697084427
3000171  0.1359124779701233
1000768  0.13590703904628754
3000214  0.13590054214000702
3000160  0.13589993119239807
3000356  0.1358756273984909
3000311  0.13585248589515686
1900195  0.13584940135478973
3000068  0.13584858179092407
3000092  0.13584007322788239
3000342  0.1357896775007248
3000130  0.1357709914445877
3000371  0.1357707381248474
3000090  0.1357688009738922
3000052  0.1357344686985016
1000126  0.1357312798500061
2403347  0.13570532202720642
3000370  0.13569486141204834
3000158  0.13565471768379211
3000116  0.13562700152397156
3000279  0.13562580943107605
1000078  0.13562561571598053
1900189  0.13561750948429108
1000298  0.13557958602905273
3000215  0.1355583816766739
3000156  0.13554216921329498
3000196  0.13552837073802948
3000180  0.13549600541591644
3000350  0.13549044728279114
3000310  0.135481059551239
1000317  0.13546699285507202
3000254  0.13546037673950195
2000341  0.1354568600654602
1900278  0.1354241669178009
3000396  0.13541343808174133
1700086  0.13540253043174744
2403006  0.13537749648094177
3000109  0.13537342846393585
3000170  0.13534018397331238
3000292  0.13533960282802582
3000078  0.1353350579738617
1000271  0.13532070815563202
3000044  0.13530965149402618
1000139  0.13530288636684418
1000090  0.13528643548488617
3000271  0.13527898490428925
1900222  0.13526566326618195
1900180  0.13523726165294647
3000102  0.13522617518901825
3000335  0.13522553443908691
3000119  0.13521789014339447
1000051  0.13521109521389008
3000210  0.13520726561546326
3000085  0.13519807159900665
3000324  0.13519330322742462
3000139  0.13517074286937714
3000308  0.13515615463256836
3000202  0.135147362947464
3000337  0.13513602316379547
1700074  0.13513332605361938
1000320  0.13508771359920502
1000075  0.13507841527462006
3000238  0.13507428765296936
3000182  0.13506200909614563
3000111  0.135054349899292
1900210  0.13504533469676971
1900181  0.13502682745456696
3000268  0.13497895002365112
3000118  0.1349681317806244
3000328  0.13491804897785187
3000217  0.13489364087581635
3000087  0.13489055633544922
1700070  0.1348455846309662
1900201  0.13482797145843506
3000143  0.13482451438903809
3000332  0.13482443988323212
3000277  0.13480082154273987
3000114  0.13474316895008087
3000163  0.1346464902162552
3000138  0.1346464455127716
1900243  0.13464447855949402
3000265  0.13459806144237518
1000384  0.13459402322769165
3000084  0.13458675146102905
3000299  0.1345827281475067
3000309  0.13455909490585327
1900200  0.13453629612922668
3000185  0.1345222294330597
1000369  0.13448390364646912
1900219  0.13448351621627808
3000220  0.13448287546634674
3000148  0.1344759613275528
1000045  0.13444732129573822
3000334  0.13444100320339203
3000280  0.13442829251289368
1900229  0.1344083994626999
3000162  0.13440603017807007
3000243  0.13440333306789398
3000128  0.13438092172145844
3000063  0.1343742161989212
3000125  0.13435135781764984
1000275  0.13432368636131287
3000317  0.13424785435199738
3000320  0.13423624634742737
3000127  0.13421817123889923
3000372  0.13416552543640137
3000339  0.13416461646556854
3000120  0.13414479792118073
1000314  0.1341433972120285
3000290  0.13409870862960815
3000046  0.1340787708759308
3000252  0.1340634673833847
3000061  0.13406240940093994
3000250  0.1340545266866684
3000242  0.13404697179794312
1000274  0.1340414583683014
3000098  0.134010449051857
3000216  0.13398562371730804
3000080  0.13394372165203094
3000133  0.13393156230449677
3000151  0.13391202688217163
1900224  0.13390788435935974
3000312  0.13390713930130005
1000134  0.13388332724571228
3000201  0.1338730752468109
1000335  0.13386701047420502
3000306  0.13386234641075134
3000326  0.1338600218296051
3000200  0.13385523855686188
3000099  0.13380154967308044
3000300  0.1337757706642151
3000194  0.1337505429983139
1000313  0.13371913135051727
3000239  0.13370291888713837
1900218  0.13370080292224884
3000203  0.13365639746189117
3000323  0.13363799452781677
3000302  0.13363660871982574
1900203  0.13360917568206787
1900145  0.13360054790973663
3000167  0.13357509672641754
3000228  0.13354159891605377
1900215  0.1335388571023941
3000205  0.13352720439434052
2000358  0.13348756730556488
3000325  0.1334829330444336
1900287  0.13345521688461304
3000049  0.1334441900253296
3000263  0.13344065845012665
3000207  0.13341237604618073
3000108  0.13338282704353333
3000110  0.13335637748241425
3000236  0.13333694636821747
1000301  0.13332000374794006
3000237  0.13330769538879395
3000223  0.13325726985931396
1900182  0.13324719667434692
1000057  0.13323593139648438
3000260  0.13321852684020996
3000166  0.1331270933151245
3000341  0.1331021934747696
3000283  0.13309891521930695
1900225  0.1330781877040863
1900209  0.13307678699493408
3000050  0.13307130336761475
3000232  0.13305406272411346
3000183  0.13304570317268372
2000361  0.1330372542142868
3000062  0.1330261528491974
1000333  0.1330171525478363
3000318  0.13287721574306488
1000149  0.13285750150680542
3000048  0.13283607363700867
3000274  0.13278216123580933
1000801  0.13278162479400635
3000231  0.13275237381458282
3000070  0.1327401101589203
3000191  0.13270112872123718
3000249  0.13268868625164032
3000064  0.1326880306005478
1900045  0.132685586810112
1000123  0.13268138468265533
2000284  0.13267606496810913
1900288  0.13267406821250916
2403024  0.13264857232570648
3000258  0.13258744776248932
2000340  0.132583886384964
3000267  0.13255180418491364
3000314  0.1325410008430481
3000338  0.13253580033779144
3000244  0.1325061172246933
3000154  0.13250142335891724
3000257  0.13248547911643982
3000246  0.13244254887104034
3000104  0.13243837654590607
1900078  0.1324283331632614
3000295  0.13237957656383514
3000181  0.13233254849910736
3000301  0.13231852650642395
1600050  0.13226261734962463
3000303  0.13224969804286957
3000079  0.1322484165430069
3000134  0.13218951225280762
3000336  0.13217775523662567
3000357  0.1321757286787033
2000342  0.13215817511081696
1000310  0.13212227821350098
3000285  0.13211499154567719
3000264  0.13206416368484497
3000355  0.13206210732460022
3000261  0.1320391297340393
3000105  0.13198639452457428
1900240  0.13197769224643707
3000270  0.1319628357887268
3000153  0.13195906579494476
3000053  0.13194899260997772
3000137  0.1319197565317154
3000144  0.13189572095870972
3000298  0.13188400864601135
1900289  0.13178196549415588
1900279  0.13176441192626953
2000354  0.13176316022872925
3000212  0.1317199021577835
3000147  0.13171789050102234
1000290  0.1316574215888977
2000343  0.1315981149673462
3000247  0.13149279356002808
3000101  0.13146282732486725
3000266  0.1313951015472412
1000127  0.13136745989322662
3000152  0.13133296370506287
1700048  0.13128969073295593
3000086  0.13124459981918335
1000385  0.13122808933258057
3000066  0.13112123310565948
3000071  0.13099901378154755
3000211  0.1309974640607834
2000257  0.13095133006572723
3000293  0.1309272199869156
3000322  0.13085754215717316
1900283  0.13082171976566315
3000304  0.1308094710111618
1900054  0.1306951344013214
3000057  0.13065572082996368
3000047  0.13065211474895477
2402991  0.1305960863828659
3000276  0.13057821989059448
2000266  0.13056693971157074
2000334  0.13056571781635284
3000206  0.13054196536540985
3000045  0.13052508234977722
3000054  0.13052475452423096
3000189  0.1304444819688797
1900220  0.13041473925113678
1900042  0.13040503859519958
1900374  0.13034400343894958
1900057  0.1302112489938736
3000315  0.13020607829093933
3000076  0.13020139932632446
2000267  0.13015501201152802
1900237  0.13011442124843597
3000245  0.13003309071063995
1900198  0.13001717627048492
3000136  0.12998104095458984
1900069  0.12995682656764984
3000321  0.12993696331977844
3000213  0.12984634935855865
3000287  0.12979571521282196
3000294  0.1297897845506668
2000272  0.12973736226558685
3000275  0.1297248750925064
3000256  0.12970499694347382
1900075  0.12960346043109894
1900051  0.12941955029964447
3000198  0.1292773187160492
3000077  0.1292705088853836
1900048  0.12923023104667664
3000173  0.12919309735298157
1900262  0.12919224798679352
3000278  0.12908293306827545
2000269  0.1290791779756546
3000129  0.12903235852718353
3000072  0.12902086973190308
3000051  0.12892237305641174
2000268  0.12892070412635803
1900261  0.12876489758491516
2000357  0.12861986458301544
2000262  0.12856312096118927
3000089  0.12845489382743835
1900066  0.12844952940940857
2000352  0.12837660312652588
1900060  0.12827613949775696
1900266  0.12807269394397736
2402992  0.12797415256500244
2000353  0.127787247300148
2400198  0.12777632474899292
1900277  0.12768058478832245
2000255  0.1274145394563675
2000274  0.12732666730880737
1900276  0.12723465263843536
2400285  0.12691181898117065
2000253  0.12677034735679626
2000306  0.1266811341047287
2400097  0.1266719251871109
2000276  0.1266116201877594
2400237  0.12641459703445435
2000351  0.1261950135231018
2400256  0.12615245580673218
1900063  0.1261243373155594
2000254  0.1260147988796234
2400115  0.12589861452579498
2400218  0.12553350627422333
1900206  0.12549184262752533
1900081  0.12449326366186142
2400288  0.12444140762090683
2000339  0.12425373494625092
2000331  0.1240973249077797
2400277  0.12406076490879059
2000265  0.1231200322508812
2400141  0.1225806400179863
2400160  0.12247350066900253
2400179  0.11972030252218246
2400128  0.11959691345691681
