1900287  0.9947351813316345
1900357  0.9946792125701904
1900283  0.9945775270462036
1900338  0.9945149421691895
1900280  0.9944812059402466
1900349  0.9944781064987183
1900358  0.9944729208946228
1900344  0.9944519400596619
1900364  0.9944515824317932
1900359  0.9944487810134888
1900369  0.9944484233856201
1900376  0.9944398403167725
1900289  0.99443119764328
1900353  0.9944241642951965
1900371  0.9944208264350891
1900262  0.9944047927856445
1900356  0.9943813681602478
1900361  0.9943751096725464
1900277  0.9943673014640808
1900220  0.9943650960922241
1900370  0.994335949420929
1900234  0.9943074584007263
1900279  0.9942911863327026
1900354  0.9942746758460999
1900200  0.9942618608474731
1900273  0.9942571520805359
1900221  0.9942498207092285
1900219  0.9942471981048584
1900226  0.9942441582679749
1900215  0.9942110776901245
1900230  0.994210958480835
1900203  0.9941725134849548
1900232  0.9941704273223877
1900274  0.9941679239273071
1900211  0.994162380695343
1900210  0.994161069393158
1900379  0.9941451549530029
1900268  0.9940910935401917
1900197  0.9940748810768127
1900384  0.9939773082733154
1900193  0.9939519762992859
1900125  0.9939075112342834
1900087  0.993906557559967
1900084  0.9939019680023193
1900083  0.9938268065452576
1900088  0.9937536120414734
1900192  0.9937490224838257
1900126  0.9937467575073242
1900121  0.9937299489974976
1900092  0.9937189817428589
1900129  0.9936944842338562
1900134  0.9936928749084473
1900091  0.9936823844909668
1900113  0.9936707019805908
1900154  0.9936696887016296
1900140  0.9936072826385498
1900131  0.9935808181762695
1900155  0.9935792684555054
1800121  0.9935734868049622
1900136  0.9935729503631592
1900079  0.9935641884803772
1900120  0.9935635328292847
1800097  0.9935588240623474
1900080  0.9935159683227539
1800117  0.9935150146484375
1900115  0.9935135841369629
1800101  0.9935023188591003
1800093  0.9934763312339783
1800105  0.9934499859809875
1800073  0.9934410452842712
1800113  0.9934300780296326
1800323  0.9934163093566895
1900065  0.9934065341949463
1800081  0.9934055805206299
1800089  0.9933997392654419
1800320  0.9933890104293823
1800085  0.9933865666389465
1800077  0.9933534860610962
1800069  0.99333256483078
1800109  0.9933284521102905
1900181  0.9932847023010254
1800065  0.9931604862213135
1900187  0.9930445551872253
1800061  0.9929683804512024
2000043  0.9906293749809265
1900615  0.9905162453651428
1900613  0.9905134439468384
2000052  0.9905042052268982
2000042  0.9904733300209045
1900635  0.9904237389564514
2000056  0.9903013706207275
2000044  0.9901995062828064
2000045  0.9901846647262573
2000048  0.990177571773529
2000047  0.990166425704956
2000065  0.99014812707901
2000057  0.9901434183120728
2000066  0.9901357293128967
1900617  0.9901247024536133
2000046  0.9901217818260193
1900624  0.9901150465011597
2000072  0.9901078939437866
1900633  0.9901076555252075
2000071  0.9901037812232971
1900639  0.9900981783866882
2000041  0.9900681972503662
1900675  0.9900665283203125
1900942  0.9900513291358948
1900628  0.9900480508804321
1900828  0.9900407195091248
1900627  0.9900209903717041
1900660  0.9899959564208984
2000051  0.989978551864624
1900676  0.98997563123703
1900622  0.9899689555168152
1900612  0.9899472594261169
1900653  0.9899322986602783
1900997  0.9899320602416992
1900667  0.9899217486381531
2000070  0.9899202585220337
1900929  0.9899067282676697
2000040  0.9898985028266907
2000058  0.9898858070373535
1900551  0.989870011806488
1900827  0.9898605942726135
1900658  0.9898533225059509
1900671  0.9898404479026794
1900834  0.9898012280464172
1900807  0.9897965788841248
1900877  0.9897862672805786
1900548  0.9897846579551697
1900610  0.9897760152816772
1900472  0.9897749423980713
1900607  0.9897587299346924
1900629  0.9897525310516357
1900878  0.9897508025169373
2000049  0.9897485375404358
1900986  0.9897393584251404
1900412  0.9896951913833618
1900809  0.9896826148033142
1900408  0.9896538853645325
1900822  0.9896419644355774
1900820  0.9896401762962341
1900944  0.9896323680877686
2000073  0.9896149635314941
1900810  0.989609956741333
1900483  0.9896005392074585
1900993  0.9895949363708496
1900394  0.9895648956298828
1900534  0.989541232585907
1900603  0.9895127415657043
1900600  0.9895092248916626
1900397  0.989506185054779
1900927  0.9895035028457642
1900403  0.9894940257072449
1900399  0.9894858598709106
1900806  0.9894832968711853
1900552  0.9894506335258484
1900406  0.989423930644989
1900680  0.9893606901168823
1900547  0.9893568158149719
1900391  0.9893488883972168
2000074  0.9892866611480713
1900803  0.989092230796814
1900799  0.988961398601532
1900801  0.9889105558395386
1900386  0.9888824820518494
2600387  0.9888173341751099
1900385  0.9887145161628723
2600370  0.988664984703064
2600378  0.9884483218193054
2600409  0.9882364869117737
2600138  0.9882347583770752
2600377  0.9882227778434753
2600396  0.9881995916366577
2600034  0.9881865382194519
2600408  0.9881832003593445
2600147  0.9881617426872253
2600417  0.9881399869918823
2600371  0.988120436668396
2600386  0.9881128668785095
2500036  0.9880999326705933
2600420  0.9880821704864502
2600419  0.9880335330963135
2400052  0.9879586696624756
2600418  0.9879436492919922
2600358  0.9879373908042908
2600395  0.9879220128059387
2600350  0.9879087805747986
2600359  0.9878590703010559
2500034  0.9878413081169128
2400051  0.9877888560295105
2400053  0.9877197742462158
2600349  0.9876712560653687
2400054  0.9876385927200317
2200056  0.9876179695129395
2600139  0.9876112341880798
2300035  0.9875998497009277
2400055  0.9875847697257996
2200057  0.987539529800415
2200062  0.9874710440635681
2200060  0.9874590635299683
2400085  0.9874339699745178
2600148  0.9874327778816223
2600422  0.9874014258384705
2600035  0.9873144030570984
2100029  0.9873052835464478
2700030  0.9869972467422485
2000078  0.9868756532669067
2000075  0.9864746928215027
1000165  0.24031291902065277
1000222  0.2402215600013733
1000129  0.24022018909454346
1000111  0.24008840322494507
1000147  0.24004992842674255
1000441  0.23982103168964386
1000625  0.23980140686035156
1000387  0.2397272288799286
1000480  0.23961174488067627
1000498  0.23959702253341675
1000535  0.2395951896905899
1000240  0.23958466947078705
1000589  0.23957893252372742
1000753  0.23956267535686493
1000697  0.23956039547920227
1000772  0.23954962193965912
1000368  0.23954349756240845
1000607  0.23952177166938782
1000516  0.23948390781879425
1000643  0.23947738111019135
1000331  0.23939064145088196
1000313  0.2393827736377716
1000089  0.23937982320785522
1000553  0.23937320709228516
1000461  0.2393476814031601
1000733  0.23933757841587067
1000715  0.239325612783432
1000349  0.23930753767490387
1000661  0.23927851021289825
1000423  0.23927368223667145
1000790  0.23927052319049835
1000405  0.2392653226852417
1100144  0.2392643690109253
1000809  0.23925632238388062
1200109  0.23922796547412872
1100042  0.23922501504421234
1200233  0.23921936750411987
1200052  0.23921312391757965
1100105  0.2392086237668991
1000679  0.2392040342092514
1100090  0.23920299112796783
1300058  0.23920217156410217
1100140  0.2392020970582962
1100067  0.23919762670993805
1200433  0.23919540643692017
1100132  0.2391921430826187
1100146  0.23919129371643066
1000442  0.239186629652977
1100037  0.23918654024600983
1200140  0.23918646574020386
1200266  0.23918025195598602
1100091  0.23917819559574127
1100072  0.23917493224143982
1100057  0.2391728311777115
1001426  0.2391711324453354
1100089  0.23916548490524292
1100092  0.239159494638443
1200183  0.2391594648361206
1100136  0.2391555905342102
1100134  0.23915483057498932
1300032  0.23915237188339233
1200124  0.23915188014507294
1200206  0.239149808883667
1000827  0.23914757370948792
1000845  0.23914757370948792
1000860  0.23914757370948792
1000870  0.23914757370948792
1000880  0.23914757370948792
1000890  0.23914757370948792
1000900  0.23914757370948792
1000910  0.23914757370948792
1000922  0.23914757370948792
1000942  0.23914757370948792
1000954  0.23914757370948792
1000966  0.23914757370948792
1000978  0.23914757370948792
1000990  0.23914757370948792
1001002  0.23914757370948792
1001014  0.23914757370948792
1001026  0.23914757370948792
1001038  0.23914757370948792
1001050  0.23914757370948792
1001062  0.23914757370948792
1001074  0.23914757370948792
1001086  0.23914757370948792
1001099  0.23914757370948792
1001111  0.23914757370948792
1001123  0.23914757370948792
1001135  0.23914757370948792
1001147  0.23914757370948792
1001160  0.23914757370948792
1001173  0.23914757370948792
1001186  0.23914757370948792
1001199  0.23914757370948792
1001212  0.23914757370948792
1001224  0.23914757370948792
1001265  0.23914757370948792
1001276  0.23914757370948792
1001286  0.23914757370948792
1001304  0.23914757370948792
1001371  0.23914757370948792
1001387  0.23914757370948792
1001390  0.23914757370948792
1001406  0.23914757370948792
1001409  0.23914757370948792
1001423  0.23914757370948792
1300059  0.23914757370948792
1300060  0.23914757370948792
1300076  0.23914757370948792
1300079  0.23914757370948792
1300082  0.23914757370948792
1300083  0.23914757370948792
1300084  0.23914757370948792
1300085  0.23914757370948792
1300086  0.23914757370948792
1300087  0.23914757370948792
1300088  0.23914757370948792
1300089  0.23914757370948792
1300090  0.23914757370948792
1300094  0.23914757370948792
1300095  0.23914757370948792
1300097  0.23914757370948792
1300098  0.23914757370948792
1300108  0.23914757370948792
1300109  0.23914757370948792
1300110  0.23914757370948792
1300111  0.23914757370948792
1400040  0.23914757370948792
1400041  0.23914757370948792
1400042  0.23914757370948792
1400051  0.23914757370948792
1400052  0.23914757370948792
1400053  0.23914757370948792
1400054  0.23914757370948792
1400057  0.23914757370948792
1500145  0.23914757370948792
1500149  0.23914757370948792
1500150  0.23914757370948792
1600268  0.23914757370948792
1600272  0.23914757370948792
1600273  0.23914757370948792
1700053  0.23914757370948792
1700063  0.23914757370948792
1700068  0.23914757370948792
1700070  0.23914757370948792
1700071  0.23914757370948792
1700072  0.23914757370948792
1700073  0.23914757370948792
1700074  0.23914757370948792
1700075  0.23914757370948792
1700076  0.23914757370948792
1700077  0.23914757370948792
1700078  0.23914757370948792
1700084  0.23914757370948792
1700086  0.23914757370948792
1700087  0.23914757370948792
1700088  0.23914757370948792
1700089  0.23914757370948792
1700091  0.23914757370948792
1700097  0.23914757370948792
1700102  0.23914757370948792
1700111  0.23914757370948792
1700112  0.23914757370948792
1700113  0.23914757370948792
1700119  0.23914757370948792
1700120  0.23914757370948792
1700121  0.23914757370948792
1700122  0.23914757370948792
1700123  0.23914757370948792
1700124  0.23914757370948792
1700125  0.23914757370948792
1700126  0.23914757370948792
1700127  0.23914757370948792
1700589  0.23914757370948792
1700620  0.23914757370948792
1700624  0.23914757370948792
1700628  0.23914757370948792
1700629  0.23914757370948792
1700630  0.23914757370948792
1700631  0.23914757370948792
1700635  0.23914757370948792
1700642  0.23914757370948792
1700645  0.23914757370948792
1700689  0.23914757370948792
1700705  0.23914757370948792
1700706  0.23914757370948792
1700707  0.23914757370948792
1700709  0.23914757370948792
1800049  0.23914757370948792
1800053  0.23914757370948792
1800057  0.23914757370948792
1100138  0.2391417920589447
1000295  0.23914159834384918
1200217  0.23913876712322235
1100032  0.2391345351934433
1200094  0.23913224041461945
1100027  0.2391303926706314
1100052  0.23912136256694794
1300054  0.23911955952644348
1100062  0.23911534249782562
1000259  0.2390975058078766
1100142  0.23909519612789154
1100047  0.23908835649490356
1200250  0.2390863001346588
1200072  0.23908458650112152
1100147  0.23908290266990662
1000186  0.23906147480010986
1000571  0.23905456066131592
1000277  0.23898054659366608
1000204  0.23847059905529022
