1900384  1.0
1900393  1.0
1900395  1.0
1900397  1.0
1900399  1.0
1900870  0.34375
1900874  0.34375
2400131  0.10869565217391308
2400132  0.10869565217391308
2400133  0.10869565217391308
2400134  0.10869565217391308
1900877  0.07650273224043713
1900878  0.07650273224043713
1900867  0.07526881720430112
1900869  0.07526881720430112
1900925  0.07197943444730082
2400094  0.06944444444444442
2400144  0.06944444444444442
2400146  0.06944444444444442
2400147  0.06944444444444442
2400150  0.06944444444444442
2400151  0.06944444444444442
2400154  0.06944444444444442
2400155  0.06944444444444442
2400167  0.06944444444444442
2400172  0.06944444444444442
2400173  0.06944444444444442
2400174  0.06944444444444442
2400176  0.06944444444444442
2400177  0.06944444444444442
2400178  0.06944444444444442
2400179  0.06944444444444442
2400180  0.06944444444444442
2400181  0.06944444444444442
2400182  0.06944444444444442
2400183  0.06944444444444442
2400184  0.06944444444444442
2400186  0.06944444444444442
2400187  0.06944444444444442
2400191  0.06944444444444442
2400192  0.06944444444444442
2400193  0.06944444444444442
2400194  0.06944444444444442
2400195  0.06944444444444442
2400196  0.06944444444444442
2400197  0.06944444444444442
2400198  0.06944444444444442
2400199  0.06944444444444442
2400203  0.06944444444444442
2400205  0.06944444444444442
2400207  0.06944444444444442
2400216  0.06944444444444442
2400217  0.06944444444444442
1001087  0.06756756756756754
1100202  0.06756756756756754
1100203  0.06756756756756754
1100209  0.06756756756756754
1100212  0.06756756756756754
1100213  0.06756756756756754
1100214  0.06756756756756754
1100216  0.06756756756756754
1100217  0.06756756756756754
1100225  0.06756756756756754
1100226  0.06756756756756754
1100227  0.06756756756756754
1100229  0.06756756756756754
1100232  0.06756756756756754
1100233  0.06756756756756754
1100234  0.06756756756756754
1100235  0.06756756756756754
1100236  0.06756756756756754
1100237  0.06756756756756754
1100240  0.06756756756756754
1100250  0.06756756756756754
1100322  0.06756756756756754
1100323  0.06756756756756754
1100324  0.06756756756756754
1100325  0.06756756756756754
1100326  0.06756756756756754
1100327  0.06756756756756754
1100328  0.06756756756756754
1100334  0.06756756756756754
1100337  0.06756756756756754
1100338  0.06756756756756754
1100339  0.06756756756756754
1100340  0.06756756756756754
1100341  0.06756756756756754
1100343  0.06756756756756754
1100344  0.06756756756756754
1100345  0.06756756756756754
1100346  0.06756756756756754
1100349  0.06756756756756754
1100355  0.06756756756756754
1100361  0.06756756756756754
1100368  0.06756756756756754
1100369  0.06756756756756754
1100370  0.06756756756756754
1100374  0.06756756756756754
1100375  0.06756756756756754
1100398  0.06756756756756754
1100402  0.06756756756756754
1100407  0.06756756756756754
1100410  0.06756756756756754
1100412  0.06756756756756754
1100413  0.06756756756756754
1100416  0.06756756756756754
1100417  0.06756756756756754
1100420  0.06756756756756754
1100421  0.06756756756756754
1100424  0.06756756756756754
1100426  0.06756756756756754
1100432  0.06756756756756754
1100433  0.06756756756756754
1100434  0.06756756756756754
1100435  0.06756756756756754
1100436  0.06756756756756754
1100437  0.06756756756756754
1100439  0.06756756756756754
1100440  0.06756756756756754
1100444  0.06756756756756754
1100445  0.06756756756756754
1100448  0.06756756756756754
1100449  0.06756756756756754
1100450  0.06756756756756754
1100451  0.06756756756756754
1100452  0.06756756756756754
1100455  0.06756756756756754
1100460  0.06756756756756754
1100461  0.06756756756756754
1100462  0.06756756756756754
1100463  0.06756756756756754
1100468  0.06756756756756754
1100470  0.06756756756756754
1100471  0.06756756756756754
1100474  0.06756756756756754
1100475  0.06756756756756754
1100483  0.06756756756756754
1100488  0.06756756756756754
1100493  0.06756756756756754
1100494  0.06756756756756754
1100496  0.06756756756756754
1100497  0.06756756756756754
1100498  0.06756756756756754
1100504  0.06756756756756754
1100505  0.06756756756756754
1100506  0.06756756756756754
1100509  0.06756756756756754
1100510  0.06756756756756754
1100511  0.06756756756756754
1100517  0.06756756756756754
1100518  0.06756756756756754
1100522  0.06756756756756754
1100526  0.06756756756756754
1100528  0.06756756756756754
1100530  0.06756756756756754
1100533  0.06756756756756754
1100597  0.06756756756756754
1100604  0.06756756756756754
1100635  0.06756756756756754
1100642  0.06756756756756754
1100649  0.06756756756756754
1100669  0.06756756756756754
1100670  0.06756756756756754
1100672  0.06756756756756754
1100673  0.06756756756756754
1100674  0.06756756756756754
1100681  0.06756756756756754
1100682  0.06756756756756754
1100684  0.06756756756756754
1100685  0.06756756756756754
1100686  0.06756756756756754
1100697  0.06756756756756754
1100698  0.06756756756756754
1100700  0.06756756756756754
1100702  0.06756756756756754
1100703  0.06756756756756754
1100704  0.06756756756756754
1100707  0.06756756756756754
1100708  0.06756756756756754
1100711  0.06756756756756754
1100713  0.06756756756756754
1100714  0.06756756756756754
1100716  0.06756756756756754
1100717  0.06756756756756754
1100719  0.06756756756756754
1100722  0.06756756756756754
1100723  0.06756756756756754
1100728  0.06756756756756754
1100729  0.06756756756756754
1100732  0.06756756756756754
1100734  0.06756756756756754
1100740  0.06756756756756754
1100741  0.06756756756756754
1100742  0.06756756756756754
1100745  0.06756756756756754
1100756  0.06756756756756754
1100765  0.06756756756756754
1100771  0.06756756756756754
1100781  0.06756756756756754
1100790  0.06756756756756754
1100796  0.06756756756756754
1100879  0.06756756756756754
1100904  0.06756756756756754
1100905  0.06756756756756754
1100906  0.06756756756756754
1100910  0.06756756756756754
1100931  0.06756756756756754
1100935  0.06756756756756754
1100946  0.06756756756756754
1100948  0.06756756756756754
1100951  0.06756756756756754
1100960  0.06756756756756754
1100964  0.06756756756756754
1100968  0.06756756756756754
1100973  0.06756756756756754
1100974  0.06756756756756754
1100975  0.06756756756756754
1100978  0.06756756756756754
1100979  0.06756756756756754
1100984  0.06756756756756754
1100985  0.06756756756756754
1100986  0.06756756756756754
1100989  0.06756756756756754
1100990  0.06756756756756754
1100994  0.06756756756756754
1101231  0.06756756756756754
1101232  0.06756756756756754
1101233  0.06756756756756754
1101236  0.06756756756756754
1101237  0.06756756756756754
1101238  0.06756756756756754
1101239  0.06756756756756754
1101240  0.06756756756756754
1101241  0.06756756756756754
1101244  0.06756756756756754
1101254  0.06756756756756754
1101262  0.06756756756756754
1101293  0.06756756756756754
1101294  0.06756756756756754
1101297  0.06756756756756754
1101300  0.06756756756756754
1101301  0.06756756756756754
1101303  0.06756756756756754
1101304  0.06756756756756754
1101307  0.06756756756756754
1101308  0.06756756756756754
1101309  0.06756756756756754
1101315  0.06756756756756754
1101316  0.06756756756756754
1101319  0.06756756756756754
1101324  0.06756756756756754
1101325  0.06756756756756754
1101326  0.06756756756756754
1101327  0.06756756756756754
1101329  0.06756756756756754
1101333  0.06756756756756754
1101334  0.06756756756756754
1101335  0.06756756756756754
1101337  0.06756756756756754
1101342  0.06756756756756754
1101343  0.06756756756756754
1101344  0.06756756756756754
1101345  0.06756756756756754
1101346  0.06756756756756754
1101348  0.06756756756756754
1101349  0.06756756756756754
1101354  0.06756756756756754
1101355  0.06756756756756754
1101356  0.06756756756756754
1101357  0.06756756756756754
1101358  0.06756756756756754
1101359  0.06756756756756754
1101360  0.06756756756756754
1101365  0.06756756756756754
1101366  0.06756756756756754
1101367  0.06756756756756754
1101369  0.06756756756756754
1101370  0.06756756756756754
1101371  0.06756756756756754
1101372  0.06756756756756754
1101373  0.06756756756756754
1101378  0.06756756756756754
1101379  0.06756756756756754
1101381  0.06756756756756754
1101383  0.06756756756756754
1101388  0.06756756756756754
1101389  0.06756756756756754
1101390  0.06756756756756754
1101393  0.06756756756756754
1101400  0.06756756756756754
1101401  0.06756756756756754
1101402  0.06756756756756754
1101410  0.06756756756756754
1101418  0.06756756756756754
1101419  0.06756756756756754
1101437  0.06756756756756754
1101438  0.06756756756756754
1101454  0.06756756756756754
1101456  0.06756756756756754
1101457  0.06756756756756754
1101458  0.06756756756756754
1101459  0.06756756756756754
1101460  0.06756756756756754
1101463  0.06756756756756754
1101470  0.06756756756756754
1101476  0.06756756756756754
1101482  0.06756756756756754
1101484  0.06756756756756754
1101485  0.06756756756756754
1101488  0.06756756756756754
1101499  0.06756756756756754
1101506  0.06756756756756754
1101509  0.06756756756756754
1101546  0.06756756756756754
1101548  0.06756756756756754
1101549  0.06756756756756754
1101550  0.06756756756756754
1101551  0.06756756756756754
1101552  0.06756756756756754
1101554  0.06756756756756754
1101555  0.06756756756756754
1101557  0.06756756756756754
1101561  0.06756756756756754
1101562  0.06756756756756754
1101563  0.06756756756756754
1101564  0.06756756756756754
1101565  0.06756756756756754
1101570  0.06756756756756754
1101571  0.06756756756756754
1101575  0.06756756756756754
1101576  0.06756756756756754
1101578  0.06756756756756754
1101580  0.06756756756756754
1101584  0.06756756756756754
1101585  0.06756756756756754
1101590  0.06756756756756754
1101591  0.06756756756756754
1101594  0.06756756756756754
1101683  0.06756756756756754
1101686  0.06756756756756754
1101690  0.06756756756756754
1101697  0.06756756756756754
1101700  0.06756756756756754
1101731  0.06756756756756754
1101740  0.06756756756756754
1101741  0.06756756756756754
1101742  0.06756756756756754
1101746  0.06756756756756754
1101747  0.06756756756756754
1101748  0.06756756756756754
1101749  0.06756756756756754
1101754  0.06756756756756754
1101755  0.06756756756756754
1101756  0.06756756756756754
1101757  0.06756756756756754
1101761  0.06756756756756754
1101762  0.06756756756756754
1101766  0.06756756756756754
1101767  0.06756756756756754
1101768  0.06756756756756754
1101770  0.06756756756756754
1101771  0.06756756756756754
1101773  0.06756756756756754
1101776  0.06756756756756754
1101777  0.06756756756756754
1101778  0.06756756756756754
1101779  0.06756756756756754
1101780  0.06756756756756754
1101781  0.06756756756756754
1101785  0.06756756756756754
1101786  0.06756756756756754
1101787  0.06756756756756754
1101788  0.06756756756756754
1101789  0.06756756756756754
1101793  0.06756756756756754
1101795  0.06756756756756754
1101796  0.06756756756756754
1101800  0.06756756756756754
1101801  0.06756756756756754
1101803  0.06756756756756754
1101804  0.06756756756756754
1101805  0.06756756756756754
1101810  0.06756756756756754
1101811  0.06756756756756754
1101812  0.06756756756756754
1101813  0.06756756756756754
1101815  0.06756756756756754
1101816  0.06756756756756754
1101820  0.06756756756756754
1101821  0.06756756756756754
1101824  0.06756756756756754
1101825  0.06756756756756754
1101827  0.06756756756756754
1101830  0.06756756756756754
1101831  0.06756756756756754
1101832  0.06756756756756754
1101835  0.06756756756756754
1101840  0.06756756756756754
1101842  0.06756756756756754
1101846  0.06756756756756754
1101847  0.06756756756756754
1101848  0.06756756756756754
1101853  0.06756756756756754
1101854  0.06756756756756754
1101855  0.06756756756756754
1101856  0.06756756756756754
1101857  0.06756756756756754
1101862  0.06756756756756754
1101863  0.06756756756756754
1101867  0.06756756756756754
1101868  0.06756756756756754
1101870  0.06756756756756754
1101871  0.06756756756756754
1101874  0.06756756756756754
1101875  0.06756756756756754
1101880  0.06756756756756754
1101881  0.06756756756756754
1101884  0.06756756756756754
1101895  0.06756756756756754
1101906  0.06756756756756754
1101916  0.06756756756756754
1101924  0.06756756756756754
1101926  0.06756756756756754
1101927  0.06756756756756754
1101928  0.06756756756756754
1101929  0.06756756756756754
1101930  0.06756756756756754
1101931  0.06756756756756754
1101934  0.06756756756756754
1101936  0.06756756756756754
1101937  0.06756756756756754
1101938  0.06756756756756754
1101939  0.06756756756756754
1101940  0.06756756756756754
1101943  0.06756756756756754
1101944  0.06756756756756754
1101945  0.06756756756756754
1101948  0.06756756756756754
1101963  0.06756756756756754
1101968  0.06756756756756754
1101988  0.06756756756756754
1101999  0.06756756756756754
1102002  0.06756756756756754
1102007  0.06756756756756754
1102009  0.06756756756756754
1102010  0.06756756756756754
1102018  0.06756756756756754
1102021  0.06756756756756754
1102026  0.06756756756756754
1102027  0.06756756756756754
1102028  0.06756756756756754
1102029  0.06756756756756754
1102030  0.06756756756756754
1102031  0.06756756756756754
1102032  0.06756756756756754
1102033  0.06756756756756754
1102034  0.06756756756756754
1102035  0.06756756756756754
1102037  0.06756756756756754
1102044  0.06756756756756754
1102045  0.06756756756756754
1102049  0.06756756756756754
1102058  0.06756756756756754
1102067  0.06756756756756754
1102071  0.06756756756756754
1102160  0.06756756756756754
1102161  0.06756756756756754
1102163  0.06756756756756754
1102164  0.06756756756756754
1102166  0.06756756756756754
1102168  0.06756756756756754
1102169  0.06756756756756754
1102170  0.06756756756756754
1102171  0.06756756756756754
1102174  0.06756756756756754
1102182  0.06756756756756754
1102183  0.06756756756756754
1102184  0.06756756756756754
1102185  0.06756756756756754
1102186  0.06756756756756754
1102187  0.06756756756756754
1102188  0.06756756756756754
1102189  0.06756756756756754
1102193  0.06756756756756754
1102201  0.06756756756756754
1102207  0.06756756756756754
1102208  0.06756756756756754
1102209  0.06756756756756754
1102211  0.06756756756756754
1102212  0.06756756756756754
1102216  0.06756756756756754
1102217  0.06756756756756754
1102221  0.06756756756756754
1102225  0.06756756756756754
1102237  0.06756756756756754
1102239  0.06756756756756754
1102288  0.06756756756756754
1102291  0.06756756756756754
1102307  0.06756756756756754
1300030  0.06756756756756754
1300033  0.06756756756756754
1300036  0.06756756756756754
1300039  0.06756756756756754
1300042  0.06756756756756754
1300047  0.06756756756756754
1300050  0.06756756756756754
1300053  0.06756756756756754
1300056  0.06756756756756754
1400177  0.06756756756756754
1400178  0.06756756756756754
1400191  0.06756756756756754
1400193  0.06756756756756754
1400194  0.06756756756756754
1400195  0.06756756756756754
1400196  0.06756756756756754
1400197  0.06756756756756754
1400198  0.06756756756756754
1400200  0.06756756756756754
1400202  0.06756756756756754
1400208  0.06756756756756754
1400211  0.06756756756756754
1400212  0.06756756756756754
1400213  0.06756756756756754
1400214  0.06756756756756754
1400215  0.06756756756756754
1400216  0.06756756756756754
1400217  0.06756756756756754
1400218  0.06756756756756754
1400219  0.06756756756756754
1400220  0.06756756756756754
1400221  0.06756756756756754
1400222  0.06756756756756754
1400223  0.06756756756756754
1400224  0.06756756756756754
1400226  0.06756756756756754
1400229  0.06756756756756754
1400230  0.06756756756756754
1400231  0.06756756756756754
1400232  0.06756756756756754
1400233  0.06756756756756754
1400234  0.06756756756756754
1400235  0.06756756756756754
1400236  0.06756756756756754
1400237  0.06756756756756754
1400238  0.06756756756756754
1400239  0.06756756756756754
1400240  0.06756756756756754
1400241  0.06756756756756754
1400242  0.06756756756756754
1400245  0.06756756756756754
1400251  0.06756756756756754
1400269  0.06756756756756754
1400331  0.06756756756756754
1400332  0.06756756756756754
1400403  0.06756756756756754
1400530  0.06756756756756754
1400531  0.06756756756756754
1400532  0.06756756756756754
1400533  0.06756756756756754
1400535  0.06756756756756754
1400537  0.06756756756756754
1400538  0.06756756756756754
1400540  0.06756756756756754
1400541  0.06756756756756754
1400544  0.06756756756756754
1400545  0.06756756756756754
1400546  0.06756756756756754
1400549  0.06756756756756754
1400550  0.06756756756756754
1400551  0.06756756756756754
1400554  0.06756756756756754
1400555  0.06756756756756754
1400559  0.06756756756756754
1400561  0.06756756756756754
1400562  0.06756756756756754
1400563  0.06756756756756754
1400564  0.06756756756756754
1400568  0.06756756756756754
1400570  0.06756756756756754
1400578  0.06756756756756754
1400581  0.06756756756756754
1400582  0.06756756756756754
1400583  0.06756756756756754
1400584  0.06756756756756754
1400586  0.06756756756756754
1400587  0.06756756756756754
1400588  0.06756756756756754
1400590  0.06756756756756754
1400591  0.06756756756756754
1400592  0.06756756756756754
1400594  0.06756756756756754
1400595  0.06756756756756754
1400596  0.06756756756756754
1400597  0.06756756756756754
1400598  0.06756756756756754
1400601  0.06756756756756754
1400611  0.06756756756756754
1400612  0.06756756756756754
1400613  0.06756756756756754
1400614  0.06756756756756754
1400615  0.06756756756756754
1400623  0.06756756756756754
1400624  0.06756756756756754
1400626  0.06756756756756754
1400627  0.06756756756756754
1400628  0.06756756756756754
1400629  0.06756756756756754
1400631  0.06756756756756754
1400633  0.06756756756756754
1400634  0.06756756756756754
1400635  0.06756756756756754
1400637  0.06756756756756754
1400638  0.06756756756756754
1400642  0.06756756756756754
1400653  0.06756756756756754
1400654  0.06756756756756754
1400655  0.06756756756756754
1400656  0.06756756756756754
1400657  0.06756756756756754
1400659  0.06756756756756754
1400660  0.06756756756756754
1400661  0.06756756756756754
1400662  0.06756756756756754
1400663  0.06756756756756754
1400664  0.06756756756756754
1400665  0.06756756756756754
1400667  0.06756756756756754
1400670  0.06756756756756754
1400736  0.06756756756756754
1400737  0.06756756756756754
1400739  0.06756756756756754
1400740  0.06756756756756754
1400741  0.06756756756756754
1400742  0.06756756756756754
1400743  0.06756756756756754
1400744  0.06756756756756754
1400745  0.06756756756756754
1400746  0.06756756756756754
1400747  0.06756756756756754
1400748  0.06756756756756754
1400749  0.06756756756756754
1400751  0.06756756756756754
1400754  0.06756756756756754
1900885  0.04861111111111116
1900886  0.04861111111111116
1900887  0.04861111111111116
1900893  0.04861111111111116
1900902  0.04861111111111116
1900903  0.04861111111111116
1900904  0.04861111111111116
1900905  0.04861111111111116
1900906  0.04861111111111116
1900913  0.04861111111111116
1900914  0.04861111111111116
1900920  0.04861111111111116
1900922  0.04861111111111116
1900928  0.04861111111111116
1900934  0.04861111111111116
2203683  0.04861111111111116
2203715  0.04861111111111116
2203716  0.04861111111111116
2203718  0.04861111111111116
2306142  0.04861111111111116
2306150  0.04861111111111116
2103722  0.04835924006908465
2103748  0.04835924006908465
2103749  0.04835924006908465
2103751  0.04835924006908465
2306158  0.04835924006908465
2306166  0.04835924006908465
1900829  0.046979865771812124
2300029  0.039716312056737535
2301535  0.039716312056737535
2303043  0.039716312056737535
2304074  0.039716312056737535
2305103  0.039716312056737535
1900810  0.03703703703703709
1903004  0.03200000000000003
1903007  0.03200000000000003
1903467  0.023012552301255207
2500035  0.012562814070351758
2500036  0.012562814070351758
2500037  0.012562814070351758
2500165  0.012562814070351758
2500166  0.012562814070351758
1900114  0.011433238056349548
1900127  0.011433238056349548
1900140  0.011433238056349548
1900159  0.011433238056349548
1900178  0.011433238056349548
1900197  0.011433238056349548
1900217  0.011433238056349548
1900236  0.011433238056349548
1900255  0.011433238056349548
1900276  0.011433238056349548
1900284  0.011433238056349548
1900287  0.011433238056349548
1903522  0.010781671159029615
1903523  0.010781671159029615
1903526  0.010781671159029615
1903517  0.010695187165775444
1903514  0.008113590263691739
1903513  0.006711409395973145
1903510  0.00646203554119551
1902995  0.006324110671936722
