1900384  inf
1900393  inf
1900397  729.0
1900395  7.117647058823529
1900399  7.117647058823529
1900870  3.1842105263157894
1900874  3.1842105263157894
1900877  2.3195266272189348
1900878  2.3195266272189348
1900867  2.2790697674418605
1900869  2.2790697674418605
1900925  2.1717451523545708
1900885  1.4306569343065694
1900886  1.4306569343065694
1900887  1.4306569343065694
1900893  1.4306569343065694
1900902  1.4306569343065694
1900903  1.4306569343065694
1900904  1.4306569343065694
1900905  1.4306569343065694
1900906  1.4306569343065694
1900913  1.4306569343065694
1900914  1.4306569343065694
1900920  1.4306569343065694
1900922  1.4306569343065694
1900928  1.4306569343065694
1900934  1.4306569343065694
2203683  1.4306569343065694
2203715  1.4306569343065694
2203716  1.4306569343065694
2203718  1.4306569343065694
2306142  1.4306569343065694
2306150  1.4306569343065694
2103722  1.4228675136116153
2103748  1.4228675136116153
2103749  1.4228675136116153
2103751  1.4228675136116153
2306158  1.4228675136116153
2306166  1.4228675136116153
1900829  1.380281690140845
2300029  1.1580502215657311
2301535  1.1580502215657311
2303043  1.1580502215657311
2304074  1.1580502215657311
2305103  1.1580502215657311
1900810  0.5185185185185185
2400131  0.390625
2400132  0.390625
2400133  0.390625
2400134  0.390625
1900114  0.3238331268071045
1900127  0.3238331268071045
1900140  0.3238331268071045
1900159  0.3238331268071045
1900178  0.3238331268071045
1900197  0.3238331268071045
1900217  0.3238331268071045
1900236  0.3238331268071045
1900255  0.3238331268071045
1900276  0.3238331268071045
1900284  0.3238331268071045
1900287  0.3238331268071045
2400094  0.2777777777777778
2400144  0.2777777777777778
2400146  0.2777777777777778
2400147  0.2777777777777778
2400150  0.2777777777777778
2400151  0.2777777777777778
2400154  0.2777777777777778
2400155  0.2777777777777778
2400167  0.2777777777777778
2400172  0.2777777777777778
2400173  0.2777777777777778
2400174  0.2777777777777778
2400176  0.2777777777777778
2400177  0.2777777777777778
2400178  0.2777777777777778
2400179  0.2777777777777778
2400180  0.2777777777777778
2400181  0.2777777777777778
2400182  0.2777777777777778
2400183  0.2777777777777778
2400184  0.2777777777777778
2400186  0.2777777777777778
2400187  0.2777777777777778
2400191  0.2777777777777778
2400192  0.2777777777777778
2400193  0.2777777777777778
2400194  0.2777777777777778
2400195  0.2777777777777778
2400196  0.2777777777777778
2400197  0.2777777777777778
2400198  0.2777777777777778
2400199  0.2777777777777778
2400203  0.2777777777777778
2400205  0.2777777777777778
2400207  0.2777777777777778
2400216  0.2777777777777778
2400217  0.2777777777777778
1001087  0.2717391304347826
1100202  0.2717391304347826
1100203  0.2717391304347826
1100209  0.2717391304347826
1100212  0.2717391304347826
1100213  0.2717391304347826
1100214  0.2717391304347826
1100216  0.2717391304347826
1100217  0.2717391304347826
1100225  0.2717391304347826
1100226  0.2717391304347826
1100227  0.2717391304347826
1100229  0.2717391304347826
1100232  0.2717391304347826
1100233  0.2717391304347826
1100234  0.2717391304347826
1100235  0.2717391304347826
1100236  0.2717391304347826
1100237  0.2717391304347826
1100240  0.2717391304347826
1100250  0.2717391304347826
1100322  0.2717391304347826
1100323  0.2717391304347826
1100324  0.2717391304347826
1100325  0.2717391304347826
1100326  0.2717391304347826
1100327  0.2717391304347826
1100328  0.2717391304347826
1100334  0.2717391304347826
1100337  0.2717391304347826
1100338  0.2717391304347826
1100339  0.2717391304347826
1100340  0.2717391304347826
1100341  0.2717391304347826
1100343  0.2717391304347826
1100344  0.2717391304347826
1100345  0.2717391304347826
1100346  0.2717391304347826
1100349  0.2717391304347826
1100355  0.2717391304347826
1100361  0.2717391304347826
1100368  0.2717391304347826
1100369  0.2717391304347826
1100370  0.2717391304347826
1100374  0.2717391304347826
1100375  0.2717391304347826
1100398  0.2717391304347826
1100402  0.2717391304347826
1100407  0.2717391304347826
1100410  0.2717391304347826
1100412  0.2717391304347826
1100413  0.2717391304347826
1100416  0.2717391304347826
1100417  0.2717391304347826
1100420  0.2717391304347826
1100421  0.2717391304347826
1100424  0.2717391304347826
1100426  0.2717391304347826
1100432  0.2717391304347826
1100433  0.2717391304347826
1100434  0.2717391304347826
1100435  0.2717391304347826
1100436  0.2717391304347826
1100437  0.2717391304347826
1100439  0.2717391304347826
1100440  0.2717391304347826
1100444  0.2717391304347826
1100445  0.2717391304347826
1100448  0.2717391304347826
1100449  0.2717391304347826
1100450  0.2717391304347826
1100451  0.2717391304347826
1100452  0.2717391304347826
1100455  0.2717391304347826
1100460  0.2717391304347826
1100461  0.2717391304347826
1100462  0.2717391304347826
1100463  0.2717391304347826
1100468  0.2717391304347826
1100470  0.2717391304347826
1100471  0.2717391304347826
1100474  0.2717391304347826
1100475  0.2717391304347826
1100483  0.2717391304347826
1100488  0.2717391304347826
1100493  0.2717391304347826
1100494  0.2717391304347826
1100496  0.2717391304347826
1100497  0.2717391304347826
1100498  0.2717391304347826
1100504  0.2717391304347826
1100505  0.2717391304347826
1100506  0.2717391304347826
1100509  0.2717391304347826
1100510  0.2717391304347826
1100511  0.2717391304347826
1100517  0.2717391304347826
1100518  0.2717391304347826
1100522  0.2717391304347826
1100526  0.2717391304347826
1100528  0.2717391304347826
1100530  0.2717391304347826
1100533  0.2717391304347826
1100597  0.2717391304347826
1100604  0.2717391304347826
1100635  0.2717391304347826
1100642  0.2717391304347826
1100649  0.2717391304347826
1100669  0.2717391304347826
1100670  0.2717391304347826
1100672  0.2717391304347826
1100673  0.2717391304347826
1100674  0.2717391304347826
1100681  0.2717391304347826
1100682  0.2717391304347826
1100684  0.2717391304347826
1100685  0.2717391304347826
1100686  0.2717391304347826
1100697  0.2717391304347826
1100698  0.2717391304347826
1100700  0.2717391304347826
1100702  0.2717391304347826
1100703  0.2717391304347826
1100704  0.2717391304347826
1100707  0.2717391304347826
1100708  0.2717391304347826
1100711  0.2717391304347826
1100713  0.2717391304347826
1100714  0.2717391304347826
1100716  0.2717391304347826
1100717  0.2717391304347826
1100719  0.2717391304347826
1100722  0.2717391304347826
1100723  0.2717391304347826
1100728  0.2717391304347826
1100729  0.2717391304347826
1100732  0.2717391304347826
1100734  0.2717391304347826
1100740  0.2717391304347826
1100741  0.2717391304347826
1100742  0.2717391304347826
1100745  0.2717391304347826
1100756  0.2717391304347826
1100765  0.2717391304347826
1100771  0.2717391304347826
1100781  0.2717391304347826
1100790  0.2717391304347826
1100796  0.2717391304347826
1100879  0.2717391304347826
1100904  0.2717391304347826
1100905  0.2717391304347826
1100906  0.2717391304347826
1100910  0.2717391304347826
1100931  0.2717391304347826
1100935  0.2717391304347826
1100946  0.2717391304347826
1100948  0.2717391304347826
1100951  0.2717391304347826
1100960  0.2717391304347826
1100964  0.2717391304347826
1100968  0.2717391304347826
1100973  0.2717391304347826
1100974  0.2717391304347826
1100975  0.2717391304347826
1100978  0.2717391304347826
1100979  0.2717391304347826
1100984  0.2717391304347826
1100985  0.2717391304347826
1100986  0.2717391304347826
1100989  0.2717391304347826
1100990  0.2717391304347826
1100994  0.2717391304347826
1101231  0.2717391304347826
1101232  0.2717391304347826
1101233  0.2717391304347826
1101236  0.2717391304347826
1101237  0.2717391304347826
1101238  0.2717391304347826
1101239  0.2717391304347826
1101240  0.2717391304347826
1101241  0.2717391304347826
1101244  0.2717391304347826
1101254  0.2717391304347826
1101262  0.2717391304347826
1101293  0.2717391304347826
1101294  0.2717391304347826
1101297  0.2717391304347826
1101300  0.2717391304347826
1101301  0.2717391304347826
1101303  0.2717391304347826
1101304  0.2717391304347826
1101307  0.2717391304347826
1101308  0.2717391304347826
1101309  0.2717391304347826
1101315  0.2717391304347826
1101316  0.2717391304347826
1101319  0.2717391304347826
1101324  0.2717391304347826
1101325  0.2717391304347826
1101326  0.2717391304347826
1101327  0.2717391304347826
1101329  0.2717391304347826
1101333  0.2717391304347826
1101334  0.2717391304347826
1101335  0.2717391304347826
1101337  0.2717391304347826
1101342  0.2717391304347826
1101343  0.2717391304347826
1101344  0.2717391304347826
1101345  0.2717391304347826
1101346  0.2717391304347826
1101348  0.2717391304347826
1101349  0.2717391304347826
1101354  0.2717391304347826
1101355  0.2717391304347826
1101356  0.2717391304347826
1101357  0.2717391304347826
1101358  0.2717391304347826
1101359  0.2717391304347826
1101360  0.2717391304347826
1101365  0.2717391304347826
1101366  0.2717391304347826
1101367  0.2717391304347826
1101369  0.2717391304347826
1101370  0.2717391304347826
1101371  0.2717391304347826
1101372  0.2717391304347826
1101373  0.2717391304347826
1101378  0.2717391304347826
1101379  0.2717391304347826
1101381  0.2717391304347826
1101383  0.2717391304347826
1101388  0.2717391304347826
1101389  0.2717391304347826
1101390  0.2717391304347826
1101393  0.2717391304347826
1101400  0.2717391304347826
1101401  0.2717391304347826
1101402  0.2717391304347826
1101410  0.2717391304347826
1101418  0.2717391304347826
1101419  0.2717391304347826
1101437  0.2717391304347826
1101438  0.2717391304347826
1101454  0.2717391304347826
1101456  0.2717391304347826
1101457  0.2717391304347826
1101458  0.2717391304347826
1101459  0.2717391304347826
1101460  0.2717391304347826
1101463  0.2717391304347826
1101470  0.2717391304347826
1101476  0.2717391304347826
1101482  0.2717391304347826
1101484  0.2717391304347826
1101485  0.2717391304347826
1101488  0.2717391304347826
1101499  0.2717391304347826
1101506  0.2717391304347826
1101509  0.2717391304347826
1101546  0.2717391304347826
1101548  0.2717391304347826
1101549  0.2717391304347826
1101550  0.2717391304347826
1101551  0.2717391304347826
1101552  0.2717391304347826
1101554  0.2717391304347826
1101555  0.2717391304347826
1101557  0.2717391304347826
1101561  0.2717391304347826
1101562  0.2717391304347826
1101563  0.2717391304347826
1101564  0.2717391304347826
1101565  0.2717391304347826
1101570  0.2717391304347826
1101571  0.2717391304347826
1101575  0.2717391304347826
1101576  0.2717391304347826
1101578  0.2717391304347826
1101580  0.2717391304347826
1101584  0.2717391304347826
1101585  0.2717391304347826
1101590  0.2717391304347826
1101591  0.2717391304347826
1101594  0.2717391304347826
1101683  0.2717391304347826
1101686  0.2717391304347826
1101690  0.2717391304347826
1101697  0.2717391304347826
1101700  0.2717391304347826
1101731  0.2717391304347826
1101740  0.2717391304347826
1101741  0.2717391304347826
1101742  0.2717391304347826
1101746  0.2717391304347826
1101747  0.2717391304347826
1101748  0.2717391304347826
1101749  0.2717391304347826
1101754  0.2717391304347826
1101755  0.2717391304347826
1101756  0.2717391304347826
1101757  0.2717391304347826
1101761  0.2717391304347826
1101762  0.2717391304347826
1101766  0.2717391304347826
1101767  0.2717391304347826
1101768  0.2717391304347826
1101770  0.2717391304347826
1101771  0.2717391304347826
1101773  0.2717391304347826
1101776  0.2717391304347826
1101777  0.2717391304347826
1101778  0.2717391304347826
1101779  0.2717391304347826
1101780  0.2717391304347826
1101781  0.2717391304347826
1101785  0.2717391304347826
1101786  0.2717391304347826
1101787  0.2717391304347826
1101788  0.2717391304347826
1101789  0.2717391304347826
1101793  0.2717391304347826
1101795  0.2717391304347826
1101796  0.2717391304347826
1101800  0.2717391304347826
1101801  0.2717391304347826
1101803  0.2717391304347826
1101804  0.2717391304347826
1101805  0.2717391304347826
1101810  0.2717391304347826
1101811  0.2717391304347826
1101812  0.2717391304347826
1101813  0.2717391304347826
1101815  0.2717391304347826
1101816  0.2717391304347826
1101820  0.2717391304347826
1101821  0.2717391304347826
1101824  0.2717391304347826
1101825  0.2717391304347826
1101827  0.2717391304347826
1101830  0.2717391304347826
1101831  0.2717391304347826
1101832  0.2717391304347826
1101835  0.2717391304347826
1101840  0.2717391304347826
1101842  0.2717391304347826
1101846  0.2717391304347826
1101847  0.2717391304347826
1101848  0.2717391304347826
1101853  0.2717391304347826
1101854  0.2717391304347826
1101855  0.2717391304347826
1101856  0.2717391304347826
1101857  0.2717391304347826
1101862  0.2717391304347826
1101863  0.2717391304347826
1101867  0.2717391304347826
1101868  0.2717391304347826
1101870  0.2717391304347826
1101871  0.2717391304347826
1101874  0.2717391304347826
1101875  0.2717391304347826
1101880  0.2717391304347826
1101881  0.2717391304347826
1101884  0.2717391304347826
1101895  0.2717391304347826
1101906  0.2717391304347826
1101916  0.2717391304347826
1101924  0.2717391304347826
1101926  0.2717391304347826
1101927  0.2717391304347826
1101928  0.2717391304347826
1101929  0.2717391304347826
1101930  0.2717391304347826
1101931  0.2717391304347826
1101934  0.2717391304347826
1101936  0.2717391304347826
1101937  0.2717391304347826
1101938  0.2717391304347826
1101939  0.2717391304347826
1101940  0.2717391304347826
1101943  0.2717391304347826
1101944  0.2717391304347826
1101945  0.2717391304347826
1101948  0.2717391304347826
1101963  0.2717391304347826
1101968  0.2717391304347826
1101988  0.2717391304347826
1101999  0.2717391304347826
1102002  0.2717391304347826
1102007  0.2717391304347826
1102009  0.2717391304347826
1102010  0.2717391304347826
1102018  0.2717391304347826
1102021  0.2717391304347826
1102026  0.2717391304347826
1102027  0.2717391304347826
1102028  0.2717391304347826
1102029  0.2717391304347826
1102030  0.2717391304347826
1102031  0.2717391304347826
1102032  0.2717391304347826
1102033  0.2717391304347826
1102034  0.2717391304347826
1102035  0.2717391304347826
1102037  0.2717391304347826
1102044  0.2717391304347826
1102045  0.2717391304347826
1102049  0.2717391304347826
1102058  0.2717391304347826
1102067  0.2717391304347826
1102071  0.2717391304347826
1102160  0.2717391304347826
1102161  0.2717391304347826
1102163  0.2717391304347826
1102164  0.2717391304347826
1102166  0.2717391304347826
1102168  0.2717391304347826
1102169  0.2717391304347826
1102170  0.2717391304347826
1102171  0.2717391304347826
1102174  0.2717391304347826
1102182  0.2717391304347826
1102183  0.2717391304347826
1102184  0.2717391304347826
1102185  0.2717391304347826
1102186  0.2717391304347826
1102187  0.2717391304347826
1102188  0.2717391304347826
1102189  0.2717391304347826
1102193  0.2717391304347826
1102201  0.2717391304347826
1102207  0.2717391304347826
1102208  0.2717391304347826
1102209  0.2717391304347826
1102211  0.2717391304347826
1102212  0.2717391304347826
1102216  0.2717391304347826
1102217  0.2717391304347826
1102221  0.2717391304347826
1102225  0.2717391304347826
1102237  0.2717391304347826
1102239  0.2717391304347826
1102288  0.2717391304347826
1102291  0.2717391304347826
1102307  0.2717391304347826
1300030  0.2717391304347826
1300033  0.2717391304347826
1300036  0.2717391304347826
1300039  0.2717391304347826
1300042  0.2717391304347826
1300047  0.2717391304347826
1300050  0.2717391304347826
1300053  0.2717391304347826
1300056  0.2717391304347826
1400177  0.2717391304347826
1400178  0.2717391304347826
1400191  0.2717391304347826
1400193  0.2717391304347826
1400194  0.2717391304347826
1400195  0.2717391304347826
1400196  0.2717391304347826
1400197  0.2717391304347826
1400198  0.2717391304347826
1400200  0.2717391304347826
1400202  0.2717391304347826
1400208  0.2717391304347826
1400211  0.2717391304347826
1400212  0.2717391304347826
1400213  0.2717391304347826
1400214  0.2717391304347826
1400215  0.2717391304347826
1400216  0.2717391304347826
1400217  0.2717391304347826
1400218  0.2717391304347826
1400219  0.2717391304347826
1400220  0.2717391304347826
1400221  0.2717391304347826
1400222  0.2717391304347826
1400223  0.2717391304347826
1400224  0.2717391304347826
1400226  0.2717391304347826
1400229  0.2717391304347826
1400230  0.2717391304347826
1400231  0.2717391304347826
1400232  0.2717391304347826
1400233  0.2717391304347826
1400234  0.2717391304347826
1400235  0.2717391304347826
1400236  0.2717391304347826
1400237  0.2717391304347826
1400238  0.2717391304347826
1400239  0.2717391304347826
1400240  0.2717391304347826
1400241  0.2717391304347826
1400242  0.2717391304347826
1400245  0.2717391304347826
1400251  0.2717391304347826
1400269  0.2717391304347826
1400331  0.2717391304347826
1400332  0.2717391304347826
1400403  0.2717391304347826
1400530  0.2717391304347826
1400531  0.2717391304347826
1400532  0.2717391304347826
1400533  0.2717391304347826
1400535  0.2717391304347826
1400537  0.2717391304347826
1400538  0.2717391304347826
1400540  0.2717391304347826
1400541  0.2717391304347826
1400544  0.2717391304347826
1400545  0.2717391304347826
1400546  0.2717391304347826
1400549  0.2717391304347826
1400550  0.2717391304347826
1400551  0.2717391304347826
1400554  0.2717391304347826
1400555  0.2717391304347826
1400559  0.2717391304347826
1400561  0.2717391304347826
1400562  0.2717391304347826
1400563  0.2717391304347826
1400564  0.2717391304347826
1400568  0.2717391304347826
1400570  0.2717391304347826
1400578  0.2717391304347826
1400581  0.2717391304347826
1400582  0.2717391304347826
1400583  0.2717391304347826
1400584  0.2717391304347826
1400586  0.2717391304347826
1400587  0.2717391304347826
1400588  0.2717391304347826
1400590  0.2717391304347826
1400591  0.2717391304347826
1400592  0.2717391304347826
1400594  0.2717391304347826
1400595  0.2717391304347826
1400596  0.2717391304347826
1400597  0.2717391304347826
1400598  0.2717391304347826
1400601  0.2717391304347826
1400611  0.2717391304347826
1400612  0.2717391304347826
1400613  0.2717391304347826
1400614  0.2717391304347826
1400615  0.2717391304347826
1400623  0.2717391304347826
1400624  0.2717391304347826
1400626  0.2717391304347826
1400627  0.2717391304347826
1400628  0.2717391304347826
1400629  0.2717391304347826
1400631  0.2717391304347826
1400633  0.2717391304347826
1400634  0.2717391304347826
1400635  0.2717391304347826
1400637  0.2717391304347826
1400638  0.2717391304347826
1400642  0.2717391304347826
1400653  0.2717391304347826
1400654  0.2717391304347826
1400655  0.2717391304347826
1400656  0.2717391304347826
1400657  0.2717391304347826
1400659  0.2717391304347826
1400660  0.2717391304347826
1400661  0.2717391304347826
1400662  0.2717391304347826
1400663  0.2717391304347826
1400664  0.2717391304347826
1400665  0.2717391304347826
1400667  0.2717391304347826
1400670  0.2717391304347826
1400736  0.2717391304347826
1400737  0.2717391304347826
1400739  0.2717391304347826
1400740  0.2717391304347826
1400741  0.2717391304347826
1400742  0.2717391304347826
1400743  0.2717391304347826
1400744  0.2717391304347826
1400745  0.2717391304347826
1400746  0.2717391304347826
1400747  0.2717391304347826
1400748  0.2717391304347826
1400749  0.2717391304347826
1400751  0.2717391304347826
1400754  0.2717391304347826
1903467  0.25
1903004  0.24427480916030533
1903007  0.24427480916030533
2500035  0.06009615384615385
2500036  0.06009615384615385
2500037  0.06009615384615385
2500165  0.06009615384615385
2500166  0.06009615384615385
1902995  0.050117462803445575
1903522  0.04092071611253197
1903523  0.04092071611253197
1903526  0.04092071611253197
1903517  0.04060913705583756
1903514  0.031189083820662766
1903513  0.025974025974025976
1903510  0.025039123630672927
