1900384  0.2606405019760132
1900393  0.2545570433139801
1900397  0.1776551604270935
1900925  0.008934137411415577
1900399  0.008288481272757053
1900395  0.007725848350673914
1903004  0.005466103553771973
1900874  0.005112232640385628
1900878  0.00470726890489459
1903007  0.004427982959896326
1900877  0.0043693301267921925
1900870  0.0043001435697078705
1900869  0.004239783156663179
1903517  0.0042204526253044605
1903526  0.004219799768179655
1900867  0.004099039360880852
1903522  0.003945427481085062
2400094  0.0039027431048452854
1903523  0.003890370484441519
1101927  0.0038698301650583744
1100682  0.0038350040558725595
1101853  0.003832415910437703
2400203  0.003816491225734353
1101856  0.003813303541392088
1101550  0.003804486943408847
1900885  0.0037812881637364626
1100355  0.0037806681357324123
1101824  0.0037801042199134827
1100494  0.0037750243209302425
1100756  0.00376589666120708
1101848  0.0037644801195710897
1100723  0.0037504073698073626
1400659  0.0037381185684353113
1101591  0.0037280668038874865
1100460  0.0037253224290907383
1100700  0.0037234011106193066
1900914  0.0037019660230726004
2400205  0.0036991003435105085
1100685  0.003667759243398905
1101238  0.00366747728548944
1100340  0.003667309880256653
2203718  0.0036587475333362818
2400146  0.003655849490314722
1101303  0.0036537484265863895
1100227  0.003653279971331358
1100984  0.0036412642803043127
1400218  0.003640285460278392
1100322  0.003640055423602462
1101880  0.0036398652009665966
1100673  0.003639076603576541
1101316  0.0036373811308294535
2400144  0.0036360768135637045
1101499  0.003634473541751504
1400200  0.003622418502345681
2400178  0.0036196003202348948
1100703  0.0036171216052025557
1101756  0.0036150154192000628
2400173  0.003611264517530799
2203683  0.0036087362095713615
2400150  0.003608688246458769
1101926  0.003607549937441945
1101345  0.0036073338706046343
1100349  0.0036063536535948515
2306158  0.003598868614062667
1100420  0.003597741946578026
1100236  0.003594418754801154
2300029  0.003588286228477955
1400230  0.0035856394097208977
1400177  0.003584777470678091
1100250  0.003581792814657092
2400177  0.0035812670830637217
1101778  0.0035780121106654406
1400233  0.0035743960179388523
1101383  0.00356701435521245
2400151  0.0035625617019832134
1400194  0.0035518473014235497
1900902  0.003551251720637083
1101968  0.0035497602075338364
1102007  0.003547141794115305
1400747  0.003543481230735779
1100410  0.0035370306577533484
1102187  0.0035365279763936996
2400134  0.003536334726959467
1102188  0.003535625757649541
2400187  0.003533400595188141
1300047  0.0035310022067278624
1101460  0.0035286187194287777
2301535  0.0035256186965852976
1400537  0.0035250461660325527
1100361  0.0035226885229349136
1100533  0.003520016325637698
1101773  0.0035193709190934896
2400132  0.0035166360903531313
2306142  0.0035160714760422707
1100462  0.003516063094139099
1101241  0.0035093463957309723
2400194  0.003507931251078844
1100237  0.00350754801183939
1400545  0.0035064027179032564
1100437  0.0035035666078329086
1101327  0.0035030189901590347
1100979  0.0035028508864343166
1001087  0.003502081846818328
1100728  0.0034981456119567156
1300033  0.003496668068692088
1101373  0.0034961546771228313
1100463  0.003495854092761874
1100974  0.003484450513496995
1100509  0.0034838812425732613
1400742  0.0034817627165466547
1400613  0.003481056308373809
1101297  0.0034785924945026636
1101590  0.0034756152890622616
1102168  0.0034737959504127502
1100697  0.003473670221865177
1102225  0.0034735379740595818
1101301  0.0034735086373984814
1101781  0.00347324600443244
2400199  0.0034702534321695566
1101482  0.0034698182716965675
2400147  0.0034696832299232483
1101940  0.0034691570326685905
1900905  0.003468451788648963
2400197  0.0034684333950281143
1100451  0.0034659309312701225
1100722  0.0034658550284802914
2103751  0.0034625118132680655
1100212  0.0034623800311237574
1900922  0.003459977451711893
1100729  0.0034566414542496204
1100417  0.003453526645898819
1101346  0.003449939424172044
1400662  0.0034498164895921946
1101334  0.003448398783802986
2400191  0.0034477957524359226
1400751  0.003445265581831336
1100734  0.0034441263414919376
1100341  0.0034439575392752886
1101325  0.0034438809379935265
1101686  0.0034421791788190603
1101488  0.003441398963332176
1900928  0.0034392033703625202
1102164  0.0034370976500213146
1100702  0.0034351299982517958
1400531  0.0034342731814831495
1101578  0.0034332857467234135
1100704  0.0034327851608395576
1400245  0.003432453842833638
2400186  0.0034302573185414076
1100375  0.003428793977946043
1102027  0.0034278996754437685
2400167  0.003427148563787341
1101801  0.0034267676528543234
1100707  0.0034258770756423473
2400217  0.0034240656532347202
1100964  0.0034234048798680305
1101761  0.0034229822922497988
1101355  0.0034211573656648397
1100234  0.0034206844866275787
1101457  0.0034199252258986235
2400133  0.003418039297685027
1101795  0.0034165517427027225
2400131  0.003415588987991214
1101584  0.00341043621301651
1101831  0.003407531650736928
1400631  0.0034066459629684687
1100670  0.0034056147560477257
1101329  0.003404724644497037
1101944  0.003404499962925911
2103748  0.0034037670120596886
1101594  0.00340349692851305
1100217  0.0034032349940389395
1100407  0.003401458030566573
1100421  0.0034006224013864994
1400331  0.0033963832538574934
1100216  0.0033949888311326504
1101755  0.003392617916688323
1900887  0.003392384387552738
1400635  0.003392248647287488
1400236  0.0033912414219230413
1100323  0.003387915203347802
1101796  0.003387673757970333
2203715  0.00338678527623415
1400594  0.0033862264826893806
1100948  0.003384976414963603
1300042  0.0033839987590909004
1100672  0.003382942173629999
1100368  0.0033817964140325785
1100424  0.003381007118150592
1101803  0.0033805009443312883
1100433  0.003379980567842722
1101561  0.003379097441211343
1400564  0.0033775975462049246
2400155  0.003377427812665701
1400232  0.0033731304574757814
2400176  0.0033722762018442154
1400535  0.0033720710780471563
1101562  0.0033720326609909534
1100781  0.0033718098420649767
1400654  0.0033717150799930096
1100931  0.0033709846902638674
1101862  0.0033700717613101006
1100328  0.0033693253062665462
1100344  0.003368950914591551
1101748  0.0033680014312267303
1101805  0.003366719698533416
1100790  0.00336627964861691
1100493  0.0033661213237792253
1100416  0.003365016309544444
1300036  0.003364309435710311
1300030  0.003363532479852438
1101757  0.003361996728926897
1101928  0.0033610924147069454
1400561  0.003360999748110771
1400611  0.003360721981152892
1100497  0.003360466565936804
1400591  0.003359369235113263
1100324  0.0033590008970350027
1400628  0.003355595748871565
1101754  0.003352307714521885
1100796  0.0033481966238468885
1101239  0.003348064608871937
1101777  0.003346564481034875
1100426  0.0033458585385233164
1900904  0.003345716744661331
2203716  0.0033450028859078884
1101963  0.0033446038141846657
1400582  0.003342034760862589
2400207  0.003341304138302803
1100339  0.003339569317176938
1100684  0.0033392785117030144
1900893  0.0033370796591043472
1400222  0.0033330190926790237
1100444  0.003332805121317506
1100470  0.0033326437696814537
2400174  0.0033326183911412954
1900920  0.0033325329422950745
1903514  0.0033294346649199724
1400653  0.0033293808810412884
1400581  0.0033288414124399424
1101934  0.003326320555061102
1102067  0.0033253140281885862
1903467  0.003324397373944521
1102174  0.0033240767661482096
1100681  0.0033240243792533875
1101369  0.0033228022512048483
1400670  0.0033223028294742107
1400193  0.0033213291317224503
1101570  0.0033208902459591627
1100483  0.003320825519040227
1100452  0.003320787800475955
1100517  0.003320391522720456
1101348  0.003318698611110449
1300053  0.0033178769517689943
1101580  0.0033175316639244556
1101232  0.003316868096590042
1101948  0.003316106740385294
1100233  0.0033155237324535847
1900934  0.0033153851982206106
1102237  0.003311778651550412
1400612  0.003310530912131071
1101366  0.003306829370558262
1101874  0.0033041774295270443
1101827  0.0033039215486496687
1101787  0.003303295001387596
1101741  0.0033017287496477365
1400538  0.003299260977655649
1100326  0.003298796946182847
1100450  0.0032985021825879812
1101786  0.00329813570715487
1102161  0.0032971214968711138
1400586  0.003297105897217989
1101294  0.00329635851085186
1400624  0.003295983886346221
1101881  0.0032956223003566265
1100635  0.0032952087931334972
1100711  0.0032944397535175085
1102058  0.003294303547590971
1101324  0.0032928010914474726
1101870  0.0032920341473072767
1400239  0.0032912283204495907
1400533  0.0032910113222897053
1101875  0.0032887503039091825
1400663  0.0032871703151613474
1102010  0.003286212682723999
1102217  0.0032855833414942026
1101770  0.0032840927597135305
1100994  0.003282602410763502
1101815  0.0032819390762597322
1100506  0.003281577257439494
1400403  0.003281576093286276
1400554  0.003281533718109131
1100765  0.003281033132225275
1101930  0.003280217759311199
1400740  0.0032800117041915655
1101999  0.003279826370999217
1101456  0.0032778489403426647
1100968  0.003276188625022769
1400748  0.0032759737223386765
1400744  0.0032755890861153603
1101401  0.0032743969932198524
1101813  0.003274141810834408
1400559  0.0032728908117860556
1102221  0.0032718656584620476
1101740  0.0032715890556573868
1400739  0.0032689094077795744
1900886  0.00326885050162673
2400154  0.0032661885488778353
1101700  0.003265778534114361
1400241  0.003265412524342537
1100716  0.003265164326876402
1400655  0.0032644642051309347
1102209  0.003263082355260849
1101768  0.00326261087320745
1101846  0.003262482350692153
1101389  0.0032623223960399628
1101293  0.0032590553164482117
1102009  0.003258330747485161
1100935  0.003257706528529525
1101779  0.0032570548355579376
1100973  0.0032551868353039026
1102239  0.003255168441683054
1101800  0.003254430368542671
1101458  0.003254025476053357
1102307  0.0032539123203605413
1100475  0.003252213355153799
1400229  0.0032514280173927546
1400234  0.0032498689834028482
1400563  0.0032497195061296225
1101254  0.003249242203310132
2400193  0.0032471856102347374
1100434  0.0032467120327055454
1300056  0.0032456102780997753
1101548  0.003245591651648283
1100904  0.003244917606934905
1400549  0.0032431709114462137
1100214  0.0032417546026408672
1101390  0.003240839345380664
1101766  0.0032405899837613106
1100642  0.0032404561061412096
1400592  0.003240241901949048
1400562  0.0032383757643401623
1100745  0.0032359324395656586
1102049  0.0032358476892113686
1900829  0.003234305651858449
2306150  0.00323396734893322
1101731  0.003233518684282899
1400195  0.003232215764001012
1101549  0.0032316995784640312
1101304  0.003231189912185073
1100436  0.003230767324566841
1400595  0.0032304495107382536
1400208  0.0032291815150529146
2400195  0.003227769862860441
1100669  0.0032268003560602665
1100461  0.0032266071066260338
1101379  0.0032245556358247995
1101847  0.0032231213990598917
1101438  0.0032228687778115273
1101776  0.0032228012569248676
1101410  0.0032217721454799175
1101857  0.003221326507627964
1102035  0.0032195784151554108
1400269  0.0032193169463425875
1102169  0.0032183455768972635
1102044  0.0032178591936826706
1101546  0.0032174214720726013
1400220  0.003216790035367012
1400638  0.003216570010408759
1101683  0.003215477103367448
1100946  0.003214628668501973
1101571  0.003214511089026928
1100504  0.0032141460105776787
1400642  0.0032138850074261427
1102021  0.003213444957509637
1100698  0.0032133350614458323
1101418  0.0032132037449628115
2400216  0.0032105245627462864
1400196  0.0032101687975227833
1400213  0.003209854708984494
1400754  0.0032092139590531588
1400615  0.003209140617400408
1101354  0.0032079541124403477
1100225  0.0032071596942842007
1400584  0.0032063352409750223
1101924  0.003204869572073221
1400216  0.003204172011464834
1101342  0.003203734988346696
1101565  0.0032029615249484777
1101231  0.0032028716523200274
1101871  0.0032027270644903183
1101943  0.003201802959665656
1100325  0.003199303522706032
1100498  0.003199291415512562
1102207  0.0031989978160709143
1100975  0.003198712132871151
1400544  0.003197009675204754
1101855  0.0031957700848579407
1100742  0.0031957440078258514
2400172  0.003195373574271798
1400332  0.003194898134097457
1100369  0.003194441320374608
1400660  0.0031922173220664263
1101459  0.003191139083355665
1400191  0.0031898864544928074
1101938  0.0031894526910036802
1100686  0.0031894342973828316
1102160  0.0031892964616417885
1101343  0.003189163049682975
1100343  0.0031876324210315943
1400219  0.003187147667631507
1400657  0.0031861374154686928
1102032  0.003184082917869091
2400183  0.003183465451002121
1400623  0.0031834414694458246
1100526  0.0031806540209800005
1101485  0.0031784442253410816
1101811  0.0031784214079380035
1400240  0.0031783657614141703
2305103  0.003178152721375227
1102193  0.003177857957780361
1400587  0.0031765790190547705
1100732  0.0031749848276376724
1100488  0.0031723554711788893
1100905  0.0031706898007541895
1400633  0.0031700299587100744
1400541  0.0031694662757217884
1102288  0.003168567083775997
1100213  0.0031682057306170464
1400737  0.003167500952258706
1101551  0.0031674783676862717
1101884  0.003166894195601344
1400590  0.003166463691741228
1100471  0.003166129579767585
1100906  0.0031653111800551414
2103749  0.0031648054718971252
1100226  0.0031641784589737654
1102182  0.0031589576974511147
1102216  0.003158618463203311
1100235  0.0031543809454888105
1100474  0.003152906196191907
1900913  0.0031511036213487387
1100951  0.003150067524984479
1100240  0.003150040516629815
1101575  0.0031498803291469812
1100337  0.003148901043459773
1300039  0.0031485119834542274
2400179  0.0031465296633541584
1101576  0.0031447832006961107
1400178  0.0031445499043911695
1400251  0.0031438865698873997
1101816  0.003142006928101182
1400211  0.003141069319099188
1101810  0.0031400376465171576
1400530  0.0031393570825457573
1400614  0.003138433676213026
1102186  0.0031371540389955044
1400242  0.0031358180567622185
1400634  0.003135426202788949
1100713  0.0031342830043286085
1100740  0.003133809193968773
1100604  0.003133620135486126
1100986  0.003133562160655856
1102163  0.0031334070954471827
1100229  0.00313300802372396
1100518  0.003131869016215205
1101747  0.003130914643406868
1101863  0.003130065044388175
1100649  0.003129846416413784
1101307  0.0031294268555939198
1100209  0.0031284154392778873
1101244  0.00312668364495039
1400555  0.0031266596633940935
1101381  0.0031237925868481398
1900903  0.0031236412469297647
1100203  0.003122894326224923
1101262  0.0031225753482431173
1102002  0.003121377667412162
1100978  0.0031202055979520082
1100741  0.0031175401527434587
1100522  0.003116800682619214
1100674  0.0031167175620794296
1100719  0.003115541534498334
1100511  0.003113750135526061
1400568  0.0031132008880376816
1102211  0.0031124388333410025
1100985  0.003110986202955246
1102201  0.0031076224986463785
1101789  0.003104567527770996
1101785  0.003103590803220868
1100496  0.0031027323566377163
1101742  0.0031017635483294725
1400596  0.0031012415420264006
1101931  0.0031010322272777557
1101767  0.0030970664229243994
2103722  0.0030970266088843346
1903510  0.0030965013429522514
1100439  0.0030963406898081303
1101821  0.0030929367057979107
1101335  0.0030919003766030073
1400217  0.003091728314757347
1100449  0.003091252176091075
1400736  0.0030905131716281176
1100346  0.003089968115091324
1100597  0.0030891308560967445
1100717  0.003085555974394083
1101419  0.0030811966862529516
1400627  0.0030802127439528704
2306166  0.0030771687161177397
2400196  0.003076792461797595
1101344  0.0030755861662328243
1101463  0.0030753992032259703
1400665  0.0030753978062421083
1102031  0.0030732229351997375
1102045  0.003072126070037484
1101236  0.003071889514103532
1100910  0.0030707870610058308
1100510  0.0030702545773237944
1101690  0.003069337923079729
1400578  0.0030669413972646
1100990  0.003066842444241047
1101812  0.003064972348511219
1100879  0.0030637155286967754
1102026  0.00306226359680295
1400532  0.003062156029045582
1400550  0.003061578143388033
1101820  0.003058696398511529
1400741  0.0030580884777009487
1101988  0.0030552782118320465
1100714  0.0030541964806616306
1101333  0.0030532830860465765
1101895  0.0030501801520586014
1400743  0.003050042549148202
1101564  0.003049643710255623
1101868  0.0030484667513519526
1101506  0.003048025071620941
1101378  0.003047587350010872
1100448  0.003046473255380988
1101326  0.003046093974262476
1101309  0.0030456148087978363
1100370  0.0030444248113781214
1100374  0.0030440976843237877
1100338  0.0030423616990447044
1101233  0.003041615476831794
1102071  0.003040340496227145
2400180  0.0030389113817363977
1101357  0.0030383896082639694
1102184  0.003036986105144024
1101867  0.0030364750418812037
1400746  0.0030362110119313
1101308  0.003035656874999404
1101906  0.0030323106329888105
1102037  0.0030319876968860626
1101563  0.0030304300598800182
1400629  0.0030298621859401464
1100202  0.0030298607889562845
1101356  0.0030295196920633316
1101788  0.0030287806876003742
1102034  0.003027691040188074
1400212  0.00302674132399261
1101372  0.003026599995791912
1400197  0.003026203252375126
1101470  0.0030237785540521145
1101365  0.0030193598940968513
1102189  0.0030189824756234884
1102212  0.003018131712451577
1400745  0.0030178530141711235
1101402  0.003017108654603362
2400192  0.0030170369427651167
1101360  0.0030149880331009626
1400202  0.003014575457200408
1101509  0.003014013636857271
1400231  0.0030130723025649786
1102291  0.003011806169524789
1101555  0.00301178777590394
1100989  0.003010110231116414
1400237  0.0030098354909569025
1101349  0.0030095407273620367
1101437  0.003007951658219099
1101388  0.0030078014824539423
1100402  0.0030075169634073973
1101916  0.003006699262186885
2400182  0.003003310412168503
1101400  0.003002528101205826
1101804  0.0030018629040569067
1400551  0.003001024015247822
1102030  0.0030009683687239885
1100708  0.0029999897815287113
1101367  0.0029977699741721153
1400235  0.0029943971894681454
1101832  0.002991252578794956
1400221  0.0029902176465839148
1102033  0.0029884737450629473
1400226  0.002988178515806794
1400637  0.0029879468493163586
1101237  0.0029831777792423964
1102208  0.0029824969824403524
1101315  0.0029823919758200645
1101746  0.0029816224705427885
1400198  0.0029796482995152473
1400664  0.0029712191317230463
1102166  0.00297035020776093
1101557  0.0029687238857150078
1400583  0.002967418637126684
1101319  0.002967030741274357
1900906  0.0029668572824448347
1101300  0.0029608167242258787
1100960  0.002959489356726408
1101454  0.0029581193812191486
1400570  0.0029579969123005867
1400214  0.00295716873370111
2400184  0.002952702809125185
1400597  0.0029478156939148903
2304074  0.0029477053321897984
2400198  0.0029456806369125843
1100455  0.0029420319478958845
1100435  0.0029417367186397314
1100468  0.0029409651178866625
1101936  0.0029402743093669415
1101762  0.00293860980309546
1400588  0.0029281238093972206
1101358  0.0029271270614117384
1100334  0.002923310734331608
1101484  0.002920351689681411
1400749  0.0029194008093327284
1400224  0.0029177051037549973
1101476  0.0029169160407036543
1101749  0.002914207288995385
1300050  0.002910877112299204
1101830  0.0029092305339872837
1100530  0.0029091103933751583
2303043  0.0029049846343696117
1101835  0.0029043531976640224
1100327  0.0029037720523774624
1101697  0.002902613952755928
1101771  0.002899613929912448
1100232  0.0028921759221702814
1101585  0.002891246462240815
1400215  0.002887408249080181
1101929  0.002886671107262373
1100345  0.0028840454760938883
1101552  0.0028797797858715057
1102170  0.0028753126971423626
1100528  0.0028729240875691175
1102029  0.002872406505048275
1400656  0.002870399272069335
1100505  0.0028702341951429844
1101370  0.0028578978963196278
1101554  0.002855470636859536
1100412  0.002853885293006897
1400223  0.0028526331298053265
1101337  0.0028517937753349543
1101939  0.0028507739771157503
1400598  0.0028434910345822573
1102028  0.002841658191755414
1101359  0.002841370413079858
1102171  0.0028389773797243834
1100413  0.0028371585067361593
1100440  0.002834019483998418
1101840  0.0028264846187084913
1102018  0.0028198049403727055
1102185  0.0028146759141236544
1101793  0.002811462851241231
1101240  0.002810528501868248
1101825  0.002807626035064459
1903513  0.002801006892696023
1101780  0.002798889996483922
1100445  0.0027874624356627464
1400667  0.0027801222167909145
1101945  0.0027680695056915283
1400626  0.0027644233778119087
1101393  0.0027620422188192606
1100398  0.00276181404478848
1400546  0.0027598654851317406
1400601  0.0027502677403390408
1101371  0.002748257014900446
1101854  0.0027463706210255623
1400661  0.0027277066837996244
1100432  0.0027256745379418135
1100771  0.0027209152467548847
1101842  0.0027107810601592064
1400238  0.0027028017211705446
2400181  0.0026955760549753904
1102183  0.0026843587402254343
1101937  0.0026261629536747932
1400540  0.0026195228565484285
1902995  0.002402394777163863
2500036  0.0022334472741931677
2500165  0.0021614846773445606
2500035  0.0021512634120881557
2500166  0.002092689974233508
2500037  0.0019564973190426826
1900114  0.0018785989377647638
1900217  0.0017951286863535643
1900810  0.001698901760391891
1900255  0.0016886780504137278
1900197  0.0016639560926705599
1900287  0.0016002381453290582
1900178  0.0015989275416359305
1900159  0.0015814006328582764
1900127  0.0015755293425172567
1900276  0.0015603051288053393
1900236  0.0015475611435249448
1900140  0.0015348558081313968
1900284  0.0013987121637910604
