1000184  150.0
1000187  150.0
1000196  150.0
1000197  150.0
1000199  150.0
1000200  150.0
1000203  150.0
1000169  67.6
1000172  67.6
1000058  30.857142857142858
1000068  30.857142857142858
1000073  30.857142857142858
1000075  30.857142857142858
1000076  30.857142857142858
1000077  30.857142857142858
1000078  30.857142857142858
1000079  30.857142857142858
1000080  30.857142857142858
1000081  30.857142857142858
1000082  30.857142857142858
1000083  30.857142857142858
1000089  30.857142857142858
1000091  30.857142857142858
1000092  30.857142857142858
1000093  30.857142857142858
1000094  30.857142857142858
1000096  30.857142857142858
1000102  30.857142857142858
1000107  30.857142857142858
1000116  30.857142857142858
1000117  30.857142857142858
1000118  30.857142857142858
1000124  30.857142857142858
1000125  30.857142857142858
1000126  30.857142857142858
1000127  30.857142857142858
1000128  30.857142857142858
1000129  30.857142857142858
1000130  30.857142857142858
1000131  30.857142857142858
1000132  30.857142857142858
1000201  1.2
1000245  1.2
1000252  1.2
1000253  1.2
1000256  1.2
1000229  0.11764705882352941
1000232  0.11764705882352941
1000170  0.02857142857142857
1000230  0.02857142857142857
