1000184  0.9128709291752769
1000187  0.9128709291752769
1000196  0.9128709291752769
1000197  0.9128709291752769
1000199  0.9128709291752769
1000200  0.9128709291752769
1000203  0.9128709291752769
1000169  0.8498365855987974
1000172  0.8498365855987974
1000058  0.6793662204867574
1000068  0.6793662204867574
1000073  0.6793662204867574
1000075  0.6793662204867574
1000076  0.6793662204867574
1000077  0.6793662204867574
1000078  0.6793662204867574
1000079  0.6793662204867574
1000080  0.6793662204867574
1000081  0.6793662204867574
1000082  0.6793662204867574
1000083  0.6793662204867574
1000089  0.6793662204867574
1000091  0.6793662204867574
1000092  0.6793662204867574
1000093  0.6793662204867574
1000094  0.6793662204867574
1000096  0.6793662204867574
1000102  0.6793662204867574
1000107  0.6793662204867574
1000116  0.6793662204867574
1000117  0.6793662204867574
1000118  0.6793662204867574
1000124  0.6793662204867574
1000125  0.6793662204867574
1000126  0.6793662204867574
1000127  0.6793662204867574
1000128  0.6793662204867574
1000129  0.6793662204867574
1000130  0.6793662204867574
1000131  0.6793662204867574
1000132  0.6793662204867574
1000201  0.408248290463863
1000245  0.408248290463863
1000252  0.408248290463863
1000253  0.408248290463863
1000256  0.408248290463863
1000229  0.23570226039551587
1000232  0.23570226039551587
1000170  0.16666666666666666
1000230  0.16666666666666666
