1100015  1.0
1400029  1.0
1400033  1.0
1500022  1.0
1500078  1.0
1500079  1.0
1600012  1.0
1600015  1.0
1800013  1.0
3300015  1.0
3300018  1.0
3700015  1.0
3900016  1.0
3900017  1.0
3900018  1.0
3900019  1.0
3900023  1.0
3900026  1.0
3900027  1.0
3900032  1.0
4500024  1.0
4500028  1.0
4500030  1.0
4500031  1.0
4500032  1.0
4500040  1.0
4500044  1.0
4500049  1.0
4500053  1.0
4500055  1.0
4500059  1.0
4500063  1.0
4500064  1.0
4500066  1.0
4700020  1.0
4700024  1.0
4700026  1.0
4700027  1.0
4700031  1.0
4700032  1.0
4700033  1.0
5100049  1.0
5100050  1.0
5100051  1.0
5100053  1.0
5100058  1.0
5100061  1.0
5100064  1.0
5100075  1.0
5100076  1.0
5100077  1.0
5100078  1.0
5100079  1.0
5100084  1.0
5100085  1.0
5100086  1.0
5100089  1.0
5100093  1.0
5100111  1.0
5100112  1.0
5100113  1.0
5100117  1.0
5100118  1.0
5100119  1.0
5100120  1.0
5300023  1.0
5300024  1.0
5300027  1.0
5300028  1.0
5300029  1.0
5300030  1.0
5400036  1.0
5400038  1.0
5400040  1.0
5400041  1.0
5400042  1.0
5400045  1.0
5400047  1.0
5400049  1.0
5400051  1.0
5400055  1.0
5500035  1.0
5900033  1.0
6000033  1.0
6000034  1.0
6000038  1.0
6000039  1.0
6000040  1.0
6000041  1.0
6000042  1.0
6000043  1.0
6100039  1.0
6900068  1.0
6900073  1.0
7300826  1.0
1400032  0.9984051036682615
1500050  0.9984051036682615
5400035  0.9984051036682615
5400034  0.9968152866242038
1400014  0.9968102073365231
1400017  0.9968102073365231
1400020  0.9968102073365231
1700062  0.9968102073365231
1700063  0.9968102073365231
3800047  0.9968102073365231
3800048  0.9968102073365231
5500033  0.9968102073365231
5500034  0.9968102073365231
1100009  0.9952305246422893
1100011  0.9952305246422893
1500046  0.9952305246422893
1900013  0.9952305246422893
5100021  0.9952305246422893
5100023  0.9952305246422893
5100028  0.9952305246422893
5700030  0.9952305246422893
6100037  0.9952305246422893
5100044  0.9952229299363057
1500065  0.9889240506329114
1500066  0.9889240506329114
7301557  0.9889064976228209
1500012  0.9797191887675507
4400019  0.9795918367346939
5800032  0.9795918367346939
6200038  0.9795918367346939
6200060  0.9795918367346939
7100095  0.9795918367346939
7300621  0.9795918367346939
7300632  0.9795918367346939
7300664  0.9795918367346939
7300677  0.9795918367346939
7300711  0.9795918367346939
6800096  0.9751655629139073
3400015  0.9735202492211839
3400018  0.9735202492211839
3400019  0.9735202492211839
5400030  0.9735202492211839
5400031  0.9735202492211839
5500026  0.9735202492211839
5500028  0.9735202492211839
5500029  0.9735202492211839
5500030  0.9735202492211839
6500044  0.9735202492211839
6500047  0.9735202492211839
6600051  0.9735202492211839
1400011  0.9690402476780186
5400025  0.9690402476780186
5400026  0.9690402476780186
5400027  0.9690402476780186
1300010  0.9573170731707317
1300018  0.9573170731707317
1300020  0.9573170731707317
1300024  0.9573170731707317
1300027  0.9573170731707317
1700013  0.9573170731707317
1700016  0.9573170731707317
1700019  0.9573170731707317
1700020  0.9573170731707317
1700022  0.9573170731707317
1700046  0.9573170731707317
1700047  0.9573170731707317
3800016  0.9573170731707317
3800018  0.9573170731707317
3800019  0.9573170731707317
3800021  0.9573170731707317
3800025  0.9573170731707317
3800068  0.9573170731707317
3800070  0.9573170731707317
3800076  0.9573170731707317
3800082  0.9573170731707317
3800083  0.9573170731707317
3800103  0.9573170731707317
4000016  0.9573170731707317
4000018  0.9573170731707317
4000019  0.9573170731707317
4600019  0.9573170731707317
4600023  0.9573170731707317
4600026  0.9573170731707317
4600028  0.9573170731707317
4600029  0.9573170731707317
4600031  0.9573170731707317
4600034  0.9573170731707317
4600035  0.9573170731707317
4600036  0.9573170731707317
4600037  0.9573170731707317
4600044  0.9573170731707317
4600045  0.9573170731707317
4600052  0.9573170731707317
4900020  0.9573170731707317
5000020  0.9573170731707317
5200022  0.9573170731707317
5200024  0.9573170731707317
5200100  0.9573170731707317
5200105  0.9573170731707317
6300043  0.9573170731707317
6800081  0.9573170731707317
6800085  0.9573170731707317
6800086  0.9573170731707317
6800087  0.9573170731707317
6800088  0.9573170731707317
6800090  0.9573170731707317
6800093  0.9573170731707317
6800094  0.9573170731707317
6800095  0.9573170731707317
6800111  0.9573170731707317
1400024  0.9473684210526316
1400025  0.9473684210526316
1500037  0.9166666666666666
1500038  0.9166666666666666
1500030  0.7586206896551724
1500031  0.7586206896551724
1500033  0.7586206896551724
1500026  0.6666666666666667
