1100015  195938.0
1500078  195938.0
1500079  195938.0
1600012  195938.0
1600015  195938.0
1800013  195938.0
3300015  195938.0
3300018  195938.0
3700015  195938.0
3900016  195938.0
3900017  195938.0
3900023  195938.0
4500024  195938.0
4500028  195938.0
4500030  195938.0
4500031  195938.0
4500032  195938.0
4500040  195938.0
4500044  195938.0
4500049  195938.0
4500053  195938.0
4500055  195938.0
4500059  195938.0
4500063  195938.0
4500064  195938.0
4500066  195938.0
4700020  195938.0
4700024  195938.0
4700026  195938.0
4700027  195938.0
4700031  195938.0
4700032  195938.0
4700033  195938.0
5100049  195938.0
5100050  195938.0
5100051  195938.0
5100053  195938.0
5100058  195938.0
5100061  195938.0
5100064  195938.0
5100075  195938.0
5100076  195938.0
5100077  195938.0
5100084  195938.0
5100085  195938.0
5100086  195938.0
5100089  195938.0
5100093  195938.0
5100111  195938.0
5100112  195938.0
5100113  195938.0
5300023  195938.0
5300024  195938.0
5300027  195938.0
5300028  195938.0
5300029  195938.0
5300030  195938.0
5400036  195938.0
5400038  195938.0
5400040  195938.0
5400041  195938.0
5400042  195938.0
5400045  195938.0
5400047  195938.0
5400049  195938.0
5400051  195938.0
5400055  195938.0
5900033  195938.0
6000033  195938.0
6000034  195938.0
6000038  195938.0
6000039  195938.0
6000040  195938.0
6000041  195938.0
6000042  195938.0
6000043  195938.0
6100039  195938.0
6900068  195938.0
6900073  195938.0
1400032  130625.33333333333
1500050  130625.33333333333
5400035  130625.33333333333
5500035  130208.33333333333
5400034  97969.0
1100009  78375.2
1100011  78375.2
1500046  78375.2
1900013  78375.2
5100021  78375.2
5100023  78375.2
5100028  78375.2
5700030  78375.2
6100037  78375.2
1400014  78125.0
1400017  78125.0
1400020  78125.0
1700062  78125.0
1700063  78125.0
3800047  78125.0
3800048  78125.0
5500033  78125.0
5500034  78125.0
5100044  65104.166666666664
1500065  39062.5
1500066  39062.5
7301557  35397.818181818184
1500012  30337.23076923077
4400019  22904.470588235294
5800032  22904.470588235294
6200038  22904.470588235294
6200060  22904.470588235294
7100095  22904.470588235294
7300621  22904.470588235294
7300632  22904.470588235294
7300664  22904.470588235294
7300677  22904.470588235294
7300711  22904.470588235294
3400015  19531.25
3400018  19531.25
3400019  19531.25
5400030  19531.25
5400031  19531.25
5500026  19531.25
5500028  19531.25
5500029  19531.25
5500030  19531.25
6500044  19531.25
6500047  19531.25
6600051  19531.25
1400011  17812.545454545456
5400025  17812.545454545456
5400026  17812.545454545456
5400027  17812.545454545456
1400033  14544.36
7300826  14544.36
1300010  14085.142857142857
1300018  14085.142857142857
1300020  14085.142857142857
1300024  14085.142857142857
1300027  14085.142857142857
1700013  14085.142857142857
1700016  14085.142857142857
1700019  14085.142857142857
1700020  14085.142857142857
1700022  14085.142857142857
1700046  14085.142857142857
1700047  14085.142857142857
3800016  14085.142857142857
3800018  14085.142857142857
3800019  14085.142857142857
3800021  14085.142857142857
3800025  14085.142857142857
3800068  14085.142857142857
3800070  14085.142857142857
3800076  14085.142857142857
3800082  14085.142857142857
3800083  14085.142857142857
3800103  14085.142857142857
4000016  14085.142857142857
4000018  14085.142857142857
4000019  14085.142857142857
4600019  14085.142857142857
4600023  14085.142857142857
4600026  14085.142857142857
4600028  14085.142857142857
4600029  14085.142857142857
4600031  14085.142857142857
4600034  14085.142857142857
4600035  14085.142857142857
4600036  14085.142857142857
4600037  14085.142857142857
4600044  14085.142857142857
4600045  14085.142857142857
4600052  14085.142857142857
4900020  14085.142857142857
5000020  14085.142857142857
5200022  14085.142857142857
5200024  14085.142857142857
5200100  14085.142857142857
5200105  14085.142857142857
6300043  14085.142857142857
6800081  14085.142857142857
6800085  14085.142857142857
6800086  14085.142857142857
6800087  14085.142857142857
6800088  14085.142857142857
6800090  14085.142857142857
6800093  14085.142857142857
6800094  14085.142857142857
6800095  14085.142857142857
6800111  14085.142857142857
6800096  6424.462962962963
5100078  3578.614457831325
5100079  3578.614457831325
5100117  3578.614457831325
5100118  3578.614457831325
5100119  3578.614457831325
5100120  3578.614457831325
3900018  907.1094527363184
3900019  907.1094527363184
3900026  907.1094527363184
3900027  907.1094527363184
3900032  907.1094527363184
1500037  0.7960526315789473
1500038  0.7960526315789473
1500030  0.7895595432300163
1500031  0.7895595432300163
1500033  0.7895595432300163
1500026  0.7844408427876823
1500022  0.6578947368421053
1400029  0.5311475409836065
1400024  0.530278232405892
1400025  0.530278232405892
