1101372  1.0
1101375  1.0
1101376  1.0
1101377  1.0
1101378  1.0
1101379  1.0
1101380  1.0
1101382  1.0
1101412  1.0
1101415  1.0
1101444  1.0
1101447  1.0
1101448  1.0
1101449  1.0
1101450  1.0
1101451  1.0
1101452  1.0
1101453  1.0
1101454  1.0
1101455  1.0
1101462  1.0
1101467  1.0
1101498  1.0
1101501  1.0
1101529  1.0
1101532  1.0
1101533  1.0
1101535  1.0
1101536  1.0
1101537  1.0
1101538  1.0
1101539  1.0
1101542  1.0
1101570  1.0
1101573  1.0
1101574  1.0
1101575  1.0
1101576  1.0
1101577  1.0
1101674  1.0
1101677  1.0
1101678  1.0
1101679  1.0
1101680  1.0
1101681  1.0
1101682  1.0
1101685  1.0
1101689  1.0
1101715  1.0
1101718  1.0
1003279  0.95
1003282  0.95
1100194  0.23232323232323238
1000056  0.08974358974358976
1000060  0.08974358974358976
1000064  0.08974358974358976
1000068  0.08974358974358976
1000072  0.08974358974358976
1000076  0.08974358974358976
1000080  0.08974358974358976
1000084  0.08974358974358976
1000088  0.08974358974358976
1000092  0.08974358974358976
1000096  0.08974358974358976
1000100  0.08974358974358976
1000104  0.08974358974358976
1000108  0.08974358974358976
1000112  0.08974358974358976
1000116  0.08974358974358976
1000120  0.08974358974358976
1000124  0.08974358974358976
1000128  0.08974358974358976
