1000090  inf
1000091  inf
1000092  inf
1000093  inf
1000094  inf
1000095  inf
1000096  inf
1000107  inf
1000108  inf
1000110  inf
1000111  inf
1000113  inf
1000126  inf
1000169  inf
1000170  inf
1000172  inf
1000173  inf
1000175  inf
1000215  inf
1000246  inf
1000264  inf
1000273  inf
1000286  inf
1000287  inf
1000299  inf
1000301  inf
1000302  inf
1000303  inf
1000304  inf
1000305  inf
1000307  inf
1000308  inf
1000311  inf
1000312  inf
1000314  inf
1000318  inf
1000319  inf
1000321  inf
1000325  inf
1000326  inf
1000328  inf
1000332  inf
1000333  inf
1000335  inf
1000339  inf
1000340  inf
1000377  inf
1000378  inf
1000379  inf
1000381  inf
1000389  inf
1100096  inf
1100097  inf
1100098  inf
1100099  inf
1100134  inf
1100135  inf
1100172  inf
1100173  inf
1100186  inf
1100187  inf
1100194  inf
1200085  inf
1200086  inf
1200091  inf
1200092  inf
1200093  inf
1200101  inf
1200110  inf
1200140  inf
1200199  inf
1200200  inf
1200228  inf
1200231  inf
1200234  inf
1200238  inf
1300074  inf
1300075  inf
1300076  inf
1300077  inf
1300078  inf
1300086  inf
1300095  inf
1300108  inf
1300109  inf
1300110  inf
1300111  inf
1300112  inf
1300113  inf
1300116  inf
1300128  inf
1300159  inf
1300212  inf
1300213  inf
1300227  inf
1300228  inf
1300229  inf
1300232  inf
1300233  inf
1300234  inf
1300236  inf
1300237  inf
1300238  inf
1300239  inf
1300242  inf
1400065  inf
1400066  inf
1400067  inf
1500073  inf
1500074  inf
1500075  inf
1600084  inf
1600085  inf
1600086  inf
1600087  inf
1600095  inf
1600104  inf
1700074  inf
1700075  inf
1700076  inf
1700077  inf
1700085  inf
1700094  inf
1800058  inf
1800061  inf
1800065  inf
1800076  inf
1800077  inf
1800078  inf
1900564  inf
1900568  inf
1900569  inf
1900570  inf
1900574  inf
1900575  inf
1900576  inf
1900577  inf
1900725  inf
1900739  inf
1900742  inf
1900743  inf
1900744  inf
1900745  inf
1900746  inf
1900750  inf
2000067  inf
2000068  inf
2000069  inf
2000088  inf
2000089  inf
2000090  inf
2000091  inf
2000092  inf
2000095  inf
2000126  inf
2000127  inf
2000128  inf
2000129  inf
2000130  inf
2000131  inf
2000132  inf
2000134  inf
2000135  inf
2000136  inf
2000163  inf
2000186  inf
2000187  inf
2000192  inf
2000193  inf
2000195  inf
2100063  inf
2100067  inf
2100071  inf
2100075  inf
2100086  inf
2100087  inf
2100088  inf
2200085  inf
2200086  inf
2200087  inf
2200108  inf
2200146  inf
2200147  inf
2200148  inf
2200149  inf
2200151  inf
2200152  inf
2200155  inf
2300071  inf
2300072  inf
2300074  inf
2400079  inf
2400080  inf
2400082  inf
2400101  inf
2400102  inf
2400103  inf
2400104  inf
2400112  inf
2400123  inf
2500086  inf
2500087  inf
2500090  inf
2500095  inf
2500096  inf
2500097  inf
2500098  inf
2500099  inf
2500107  inf
2500116  inf
2500126  inf
2500135  inf
2700056  inf
2700059  inf
2700069  inf
2700070  inf
2700071  inf
2700091  inf
2700092  inf
2800137  inf
2800141  inf
2800144  inf
2800148  inf
2800151  inf
2800157  inf
2800161  inf
2800164  inf
2800171  inf
2800174  inf
2800273  inf
2800275  inf
2800276  inf
2800277  inf
2800278  inf
2800279  inf
2800280  inf
2800281  inf
2800282  inf
2800284  inf
2800285  inf
2800286  inf
2800288  inf
2800289  inf
2800290  inf
2800291  inf
2800293  inf
2800294  inf
2800295  inf
2800296  inf
2800297  inf
2800299  inf
2800301  inf
2800303  inf
2800314  inf
2800342  inf
2800381  inf
2800410  inf
2800438  inf
2800467  inf
2800549  inf
2800575  inf
2800602  inf
2800631  inf
2800662  inf
2800694  inf
2800721  inf
2800752  inf
2800764  inf
2800765  inf
2800766  inf
2800768  inf
2800779  inf
2800804  inf
2800828  inf
2800857  inf
2800886  inf
2800899  inf
2800900  inf
2800901  inf
2800911  inf
2801000  inf
2801001  inf
2801036  inf
2801037  inf
2801043  inf
2801056  inf
2801057  inf
2801058  inf
2801059  inf
2801060  inf
2801061  inf
2801062  inf
2801063  inf
2801064  inf
2801065  inf
2801067  inf
2801068  inf
2801069  inf
2801071  inf
2801072  inf
2801075  inf
2801097  inf
2801101  inf
2801105  inf
2801106  inf
2801107  inf
2801108  inf
2801109  inf
2801110  inf
2801111  inf
2801113  inf
2801131  inf
2801149  inf
2801150  inf
2801153  inf
2801154  inf
2801155  inf
2801156  inf
2801157  inf
2801159  inf
2801160  inf
2801163  inf
2801165  inf
2801167  inf
2801190  inf
2801191  inf
2801192  inf
2801200  inf
2801215  inf
2801216  inf
2801220  inf
2801232  inf
2801233  inf
2801234  inf
2801236  inf
2900106  inf
2900108  inf
2900125  inf
2900127  inf
2900150  inf
2900152  inf
2900156  inf
2900160  inf
2900164  inf
2900168  inf
2900169  inf
2900170  inf
2900171  inf
2900172  inf
2900173  inf
2900175  inf
2900183  inf
2900192  inf
2900201  inf
2900210  inf
2900219  inf
2900228  inf
3000040  inf
3000044  inf
3000048  inf
3000052  inf
3000056  inf
3000060  inf
3000064  inf
3000068  inf
3000072  inf
3000083  inf
3000084  inf
3000085  inf
3000140  inf
3000141  inf
3000142  inf
3000144  inf
3000168  inf
3100059  inf
3100063  inf
3100067  inf
3100071  inf
3100075  inf
3100079  inf
3100083  inf
3100087  inf
3100091  inf
3100102  inf
3100103  inf
3100104  inf
3200058  inf
3200064  inf
3200074  inf
3200075  inf
3200078  inf
3200079  inf
3300058  inf
3300062  inf
3300066  inf
3300077  inf
3300078  inf
3300079  inf
3400197  inf
3400199  inf
3400200  inf
3400201  inf
3400202  inf
3400203  inf
3400205  inf
3400207  inf
3400208  inf
3400209  inf
3400210  inf
3400211  inf
3400213  inf
3400224  inf
3400250  inf
3400275  inf
3400404  inf
3400407  inf
3400409  inf
3400410  inf
3400412  inf
3400447  inf
3400450  inf
3400452  inf
3400453  inf
3400455  inf
3400592  inf
3400593  inf
3400601  inf
3400602  inf
3400605  inf
3400606  inf
3400647  inf
3400665  inf
3400666  inf
3400668  inf
3400675  inf
3400676  inf
3400678  inf
3400683  inf
3400701  inf
3400702  inf
3400704  inf
3400712  inf
3400713  inf
3400716  inf
3400736  inf
3400741  inf
3400746  inf
3400747  inf
3400748  inf
3400749  inf
3400750  inf
3400752  inf
3400753  inf
3400756  inf
3400768  inf
3400769  inf
3400770  inf
3400771  inf
3400781  inf
3400790  inf
3400816  inf
3400820  inf
3400821  inf
3400825  inf
3400826  inf
3400828  inf
3400831  inf
3400858  inf
3400862  inf
3400863  inf
3400864  inf
3400866  inf
3400867  inf
3400868  inf
3400870  inf
3400871  inf
3400872  inf
3400874  inf
3400876  inf
3400877  inf
3400878  inf
3400879  inf
3400880  inf
3400888  inf
3400912  inf
3400914  inf
3400916  inf
3400917  inf
3400921  inf
3400925  inf
3400935  inf
3400936  inf
3400938  inf
3400942  inf
3400955  inf
3400973  inf
3400976  inf
3400980  inf
3400981  inf
3400982  inf
3400984  inf
3400985  inf
3400987  inf
3400988  inf
3400989  inf
3400992  inf
3400993  inf
3401005  inf
3401006  inf
3401007  inf
3401008  inf
3401009  inf
3401010  inf
3401019  inf
3401022  inf
3401023  inf
3401024  inf
3401026  inf
3401027  inf
3401043  inf
3401046  inf
3401174  inf
3401175  inf
3900066  inf
3900085  inf
3900110  inf
3900134  inf
3900138  inf
3900151  inf
3900185  inf
3900258  inf
3900260  inf
3900263  inf
3900266  inf
3900269  inf
3900273  inf
3900274  inf
3900275  inf
3900276  inf
3900278  inf
3900289  inf
3900290  inf
3900293  inf
3900302  inf
4000034  inf
4000038  inf
4000042  inf
4000046  inf
4000057  inf
4000058  inf
4000059  inf
4000080  inf
4000083  inf
4000087  inf
4000088  inf
4000089  inf
4000114  inf
4000126  inf
4100195  inf
4100198  inf
4100202  inf
4100205  inf
4100214  inf
4100223  inf
4100227  inf
4100268  inf
4100271  inf
4100288  inf
4100290  inf
4100291  inf
4100292  inf
4100293  inf
4100294  inf
4100295  inf
4100296  inf
4100297  inf
4100298  inf
4100300  inf
4100301  inf
4100302  inf
4100304  inf
4100306  inf
4100308  inf
4100437  inf
4100493  inf
4100606  inf
4100607  inf
4100608  inf
4100612  inf
4100614  inf
4100835  inf
4100872  inf
4100873  inf
4100892  inf
4100893  inf
4100898  inf
4100965  inf
4100968  inf
4100971  inf
4100972  inf
4100987  inf
4100988  inf
4100990  inf
4100991  inf
4100992  inf
4100993  inf
4101007  inf
4101020  inf
4101308  inf
4101311  inf
4101315  inf
4101317  inf
4101325  inf
4101333  inf
4101341  inf
4101342  inf
4101350  inf
4101353  inf
4101368  inf
4101371  inf
4101375  inf
4101377  inf
4101385  inf
4101386  inf
4101411  inf
4101414  inf
4200081  inf
4200082  inf
4200083  inf
4200084  inf
4200085  inf
4200086  inf
4200167  inf
4200170  inf
4200173  inf
4200176  inf
4200177  inf
4200185  inf
4200243  inf
4200244  inf
4200246  inf
4200252  inf
4300091  inf
4300092  inf
4300093  inf
4300094  inf
4300095  inf
4300103  inf
4300126  inf
4300127  inf
4300149  inf
4300150  inf
4400072  inf
4400073  inf
4400080  inf
4400081  inf
4400082  inf
4400083  inf
4400091  inf
4400148  inf
4400149  inf
4400166  inf
4400175  inf
4400176  inf
4400184  inf
4400193  inf
4400194  inf
4500042  inf
4500079  inf
4500080  inf
4500093  inf
4500094  inf
4500097  inf
4500098  inf
4500099  inf
4500100  inf
4500101  inf
4500102  inf
4500120  inf
4500129  inf
4500138  inf
4500147  inf
4500312  inf
4500327  inf
4500330  inf
4500331  inf
4500332  inf
4500333  inf
4500334  inf
4500336  inf
4500337  inf
4500338  inf
4500339  inf
4500340  inf
4500342  inf
4500358  inf
4500359  inf
4500362  inf
4500373  inf
4500374  inf
4500377  inf
4500388  inf
4500389  inf
4500392  inf
4500403  inf
4500404  inf
4500407  inf
4500418  inf
4500419  inf
4500422  inf
4500433  inf
4500434  inf
4500437  inf
4500448  inf
4500449  inf
4500452  inf
4500463  inf
4500464  inf
4500467  inf
4500478  inf
4500489  inf
4500500  inf
4500512  inf
4500522  inf
4500523  inf
4500524  inf
4500525  inf
4500526  inf
4500527  inf
4500528  inf
4500529  inf
4600081  inf
4600082  inf
4600083  inf
4600084  inf
4600086  inf
4600094  inf
4600103  inf
4700087  inf
4700088  inf
4700089  inf
4700090  inf
4700121  inf
4700122  inf
4700130  inf
4700131  inf
4700164  inf
4700165  inf
4700166  inf
4700167  inf
4700168  inf
4700169  inf
4700170  inf
4700171  inf
4700172  inf
4700173  inf
4700193  inf
4700194  inf
4700195  inf
4700197  inf
4700199  inf
4700212  inf
4700213  inf
4700232  inf
4700233  inf
4700234  inf
4700235  inf
4700236  inf
4700237  inf
4700238  inf
4700239  inf
4700240  inf
4700241  inf
4700247  inf
4700250  inf
4700251  inf
4700253  inf
4700268  inf
4700269  inf
4700270  inf
4700272  inf
4700279  inf
4700287  inf
4700291  inf
4700308  inf
4700309  inf
4700310  inf
4800150  inf
4800198  inf
4800199  inf
4800200  inf
4800201  inf
4800202  inf
4800203  inf
4800204  inf
4800205  inf
4800240  inf
4800275  inf
4800310  inf
4800344  inf
4800347  inf
4800348  inf
4800351  inf
4800355  inf
4800366  inf
4800413  inf
4800414  inf
4800416  inf
4800423  inf
4800424  inf
4800425  inf
4800428  inf
4800429  inf
4800431  inf
4800432  inf
4800436  inf
4800437  inf
4800438  inf
4800442  inf
4800447  inf
4800448  inf
4800449  inf
4800451  inf
4800454  inf
4800455  inf
4800460  inf
4800461  inf
4800484  inf
4800485  inf
4800489  inf
4800491  inf
4800495  inf
4800504  inf
4800507  inf
4800526  inf
4800527  inf
4800528  inf
4800530  inf
4800531  inf
4800532  inf
4800540  inf
4800545  inf
4800600  inf
4800601  inf
4800602  inf
4800628  inf
4800629  inf
4800630  inf
4800658  inf
4800660  inf
4800670  inf
4800682  inf
4800685  inf
4800703  inf
4800704  inf
4800705  inf
4800706  inf
4800707  inf
4800708  inf
4800709  inf
4800710  inf
4800711  inf
4800712  inf
4800713  inf
4800714  inf
4800718  inf
4800719  inf
4800720  inf
4800721  inf
4800722  inf
4800723  inf
4800724  inf
4800725  inf
4800726  inf
4800727  inf
4800728  inf
4800729  inf
4800730  inf
4800731  inf
4800732  inf
4800733  inf
4800734  inf
4800735  inf
4800736  inf
4800738  inf
4800739  inf
4800740  inf
4800741  inf
4800742  inf
4800743  inf
4800744  inf
4800745  inf
4800746  inf
4800747  inf
4800748  inf
4800749  inf
4800750  inf
4800751  inf
4800752  inf
4800753  inf
4800754  inf
4800755  inf
4800756  inf
4800758  inf
4800759  inf
4800760  inf
4800761  inf
4800762  inf
4800763  inf
4800764  inf
4800765  inf
4800766  inf
4800767  inf
4800768  inf
4800769  inf
4800770  inf
4800771  inf
4800772  inf
4800773  inf
4800774  inf
4800775  inf
4800776  inf
4800778  inf
4801051  inf
4801058  inf
4801151  inf
4801152  inf
4801158  inf
4801370  inf
4801371  inf
4900149  inf
4900264  inf
4900266  inf
4900267  inf
4900269  inf
4900270  inf
4900271  inf
4900273  inf
4900274  inf
4900276  inf
4900277  inf
4900279  inf
4900281  inf
4900282  inf
4900284  inf
4900285  inf
4900286  inf
4900287  inf
4900289  inf
4900291  inf
4900292  inf
4900293  inf
4900294  inf
4900296  inf
4900298  inf
4900299  inf
4900300  inf
4900301  inf
4900303  inf
4900305  inf
4900306  inf
4900307  inf
4900308  inf
4900310  inf
4900312  inf
4900314  inf
4900325  inf
4900523  inf
4900524  inf
4900540  inf
4900541  inf
4900542  inf
4900544  inf
4900545  inf
4900546  inf
4900554  inf
4900562  inf
4900586  inf
4900610  inf
4900627  inf
4900628  inf
4900629  inf
4900645  inf
4900664  inf
4900666  inf
4900667  inf
4900670  inf
4900671  inf
4900673  inf
4900674  inf
4900675  inf
4900676  inf
4900677  inf
4900678  inf
4900679  inf
4900680  inf
4900681  inf
4900683  inf
4900688  inf
4900689  inf
4900691  inf
4900692  inf
4900693  inf
4900694  inf
4900706  inf
4900708  inf
4900712  inf
4900713  inf
4900714  inf
4900736  inf
4900756  inf
4900761  inf
4900766  inf
4900767  inf
4900772  inf
4900773  inf
4900774  inf
4900775  inf
4900776  inf
4900777  inf
4900788  inf
4900789  inf
4900790  inf
4900791  inf
4900800  inf
4900902  inf
4900931  inf
4900977  inf
4901061  inf
4901094  inf
4901124  inf
4901206  inf
4901238  inf
4901241  inf
4901244  inf
4901245  inf
4901248  inf
4901331  inf
4901374  inf
4901423  inf
4901424  inf
4901425  inf
5000084  inf
5000085  inf
5000088  inf
5000089  inf
5000118  inf
5100071  inf
5100072  inf
5100073  inf
5100074  inf
5100075  inf
5100076  inf
5100085  inf
5100095  inf
5100105  inf
5100115  inf
5100126  inf
5100129  inf
5100132  inf
5100135  inf
5100138  inf
5100139  inf
5100144  inf
5200081  inf
5200082  inf
5200083  inf
5200092  inf
5200095  inf
5200096  inf
5200097  inf
5200155  inf
5200156  inf
5200157  inf
5200160  inf
5200161  inf
5200176  inf
5300098  inf
5300102  inf
5300106  inf
5300109  inf
5300133  inf
5300136  inf
5300174  inf
5300177  inf
5300180  inf
5300185  inf
5300189  inf
5300193  inf
5300194  inf
5300195  inf
5300196  inf
5300197  inf
5300198  inf
5300200  inf
5300208  inf
5300218  inf
5300221  inf
5300222  inf
5300223  inf
5300225  inf
5300233  inf
5300339  inf
5300340  inf
5300359  inf
5300360  inf
5300361  inf
5300368  inf
5400111  inf
5400112  inf
5400113  inf
5400114  inf
5400115  inf
5400116  inf
5400117  inf
5400118  inf
5400119  inf
5400211  inf
5400214  inf
5400215  inf
5400241  inf
5400253  inf
5400256  inf
5400257  inf
5400279  inf
5400282  inf
5400283  inf
5400295  inf
5400296  inf
5400356  inf
5400367  inf
5400370  inf
5400371  inf
5400385  inf
5400386  inf
5400387  inf
5400388  inf
5400403  inf
5400404  inf
5400405  inf
5400406  inf
5400418  inf
5400421  inf
5400422  inf
5400424  inf
5400425  inf
5400426  inf
5400427  inf
5400428  inf
5400429  inf
5400430  inf
5400431  inf
5400432  inf
5400439  inf
5400442  inf
5400443  inf
5400444  inf
5400447  inf
5400448  inf
5400450  inf
5400454  inf
5400457  inf
5400458  inf
5400459  inf
5400462  inf
5400463  inf
5400465  inf
5400476  inf
5400477  inf
5400478  inf
5400479  inf
5400480  inf
5400491  inf
5400492  inf
5400493  inf
5400494  inf
5400495  inf
5400508  inf
5400509  inf
5400522  inf
5400523  inf
5400536  inf
5400537  inf
5400547  inf
5400548  inf
5600059  inf
5600063  inf
5600067  inf
5600078  inf
5600079  inf
5600080  inf
5700059  inf
5700063  inf
5700067  inf
5700078  inf
5700079  inf
5700080  inf
5800062  inf
5800151  inf
5800152  inf
5800155  inf
5800158  inf
5800159  inf
5800160  inf
5800161  inf
5800162  inf
5800163  inf
5800164  inf
5800172  inf
5800181  inf
5800190  inf
5800199  inf
5800208  inf
5800217  inf
5900049  inf
5900050  inf
5900058  inf
5900059  inf
5900060  inf
5900061  inf
5900069  inf
5900087  inf
6000100  inf
6000101  inf
6000102  inf
6000103  inf
6000146  inf
6000147  inf
6000168  inf
6000169  inf
6000183  inf
6000184  inf
6000185  inf
6000186  inf
6000187  inf
6000188  inf
6000200  inf
6100097  inf
6100098  inf
6100101  inf
6100102  inf
6100103  inf
6100120  inf
6100123  inf
6100124  inf
6100133  inf
6100143  inf
6100152  inf
6100153  inf
6100162  inf
6100163  inf
6100164  inf
6100170  inf
6100171  inf
6100172  inf
6100184  inf
6100209  inf
6100210  inf
6100211  inf
6100212  inf
6100213  inf
6100217  inf
6100218  inf
6100219  inf
6100220  inf
6100221  inf
6100222  inf
6100223  inf
6100224  inf
6100225  inf
6100226  inf
6100229  inf
6100230  inf
6100237  inf
6100238  inf
6100239  inf
6100243  inf
6300154  inf
6300155  inf
6300158  inf
6300161  inf
6300162  inf
6300163  inf
6300164  inf
6300165  inf
6300166  inf
6300167  inf
6300168  inf
6300169  inf
6300192  inf
6300193  inf
6300238  inf
6300239  inf
6300288  inf
6300291  inf
6300292  inf
6300314  inf
6300315  inf
6300336  inf
6300337  inf
6300358  inf
6300359  inf
6300381  inf
6300384  inf
6300385  inf
6300407  inf
6300410  inf
6300411  inf
6300432  inf
6300433  inf
6300455  inf
6300456  inf
6300477  inf
6300478  inf
6300499  inf
6300500  inf
6300512  inf
6300513  inf
6300514  inf
6300515  inf
6300516  inf
6300517  inf
6300518  inf
6300552  inf
6300568  inf
6300569  inf
6300570  inf
6300572  inf
6300573  inf
6300575  inf
6300586  inf
6300587  inf
6300588  inf
6300589  inf
6300591  inf
6300601  inf
6300602  inf
6300605  inf
6300607  inf
6300608  inf
6300609  inf
6300613  inf
6300614  inf
6300616  inf
6300623  inf
6300635  inf
6300636  inf
6400110  inf
6400114  inf
6400164  inf
6400165  inf
6400177  inf
6400178  inf
6400179  inf
6400180  inf
6400181  inf
6400182  inf
6400183  inf
6400184  inf
6400185  inf
6400186  inf
6400187  inf
6400188  inf
6400189  inf
6400190  inf
6400231  inf
6400232  inf
6400233  inf
6400263  inf
6400284  inf
6400390  inf
6400391  inf
6400392  inf
6400393  inf
6400398  inf
6400399  inf
6400400  inf
6400401  inf
6400402  inf
6400403  inf
6400404  inf
6400408  inf
6400418  inf
6400419  inf
6400421  inf
6400422  inf
6400423  inf
6400424  inf
6400425  inf
6400426  inf
6400427  inf
6400428  inf
6400429  inf
6400430  inf
6400431  inf
6400433  inf
6400436  inf
6400437  inf
6400438  inf
6400439  inf
6400441  inf
6400442  inf
6400443  inf
6400444  inf
6400446  inf
6400447  inf
6400449  inf
6400471  inf
6400472  inf
6400473  inf
6400476  inf
6400477  inf
6400478  inf
6400480  inf
6400481  inf
6400482  inf
6400483  inf
6400484  inf
6400509  inf
6400510  inf
6400511  inf
6400512  inf
6400513  inf
6400515  inf
6400516  inf
6400517  inf
6400518  inf
6400519  inf
6400520  inf
6400522  inf
6400523  inf
6500061  inf
6500064  inf
6500067  inf
6500070  inf
6500073  inf
6500076  inf
6500079  inf
6500082  inf
6500085  inf
6500088  inf
6500091  inf
6500094  inf
6500097  inf
6500100  inf
6500103  inf
6500106  inf
6500109  inf
6500112  inf
6500115  inf
6500118  inf
6500121  inf
6500124  inf
6500127  inf
6500130  inf
6500153  inf
6600176  inf
6600182  inf
6600292  inf
6600294  inf
6600297  inf
6600300  inf
6600303  inf
6600306  inf
6600310  inf
6600311  inf
6600312  inf
6600313  inf
6600314  inf
6600315  inf
6600316  inf
6600317  inf
6600318  inf
6600319  inf
6600320  inf
6600321  inf
6600322  inf
6600323  inf
6600324  inf
6600325  inf
6600326  inf
6600327  inf
6600509  inf
6600520  inf
6600521  inf
6600547  inf
6600548  inf
6600560  inf
6600571  inf
6600572  inf
6600593  inf
6600594  inf
6600602  inf
6600629  inf
6600638  inf
6600647  inf
6600657  inf
6600666  inf
6600675  inf
6600685  inf
6600694  inf
6600703  inf
6600712  inf
6600721  inf
6600730  inf
6600739  inf
6600753  inf
6600767  inf
6600770  inf
6600771  inf
6700063  inf
6700070  inf
6700081  inf
6700082  inf
6700083  inf
6800243  inf
6800248  inf
6800251  inf
6800266  inf
6800274  inf
6800277  inf
6800317  inf
6800324  inf
6800330  inf
6800378  inf
6800438  inf
6800440  inf
6800443  inf
6800444  inf
6800445  inf
6800446  inf
6800448  inf
6800449  inf
6800451  inf
6800453  inf
6800454  inf
6800455  inf
6800456  inf
6800459  inf
6800461  inf
6800462  inf
6800464  inf
6800465  inf
6800466  inf
6800467  inf
6800470  inf
6800471  inf
6800472  inf
6800473  inf
6800474  inf
6800476  inf
6800478  inf
6800479  inf
6800480  inf
6800481  inf
6800482  inf
6800485  inf
6800486  inf
6800488  inf
6800489  inf
6800490  inf
6800491  inf
6800493  inf
6800494  inf
6800495  inf
6800497  inf
6800498  inf
6800499  inf
6800500  inf
6800502  inf
6800505  inf
6800507  inf
6800509  inf
6800510  inf
6800511  inf
6800512  inf
6800514  inf
6800516  inf
6800535  inf
6800591  inf
6800604  inf
6800605  inf
6800606  inf
6800608  inf
6800615  inf
6800706  inf
6800719  inf
6800720  inf
6800721  inf
6800723  inf
6800726  inf
6800752  inf
6800753  inf
6800785  inf
6800789  inf
6800790  inf
6800793  inf
6800802  inf
6800813  inf
6800814  inf
6800815  inf
6800816  inf
6800821  inf
6800852  inf
6800853  inf
6800854  inf
6800855  inf
6800858  inf
6800868  inf
6800879  inf
6800880  inf
6800881  inf
6800883  inf
6800890  inf
6800998  inf
6800999  inf
6801000  inf
6801002  inf
6801005  inf
6801032  inf
6801033  inf
6801062  inf
6801066  inf
6801067  inf
6801070  inf
6801078  inf
6801089  inf
6801090  inf
6801092  inf
6801095  inf
6801126  inf
6801127  inf
6801128  inf
6801129  inf
6801132  inf
6801155  inf
6801156  inf
6801157  inf
6801159  inf
6801222  inf
6801224  inf
6801225  inf
6801238  inf
6801239  inf
6801240  inf
6801241  inf
6801243  inf
6801255  inf
6801257  inf
6801258  inf
6801271  inf
6801272  inf
6801273  inf
6801274  inf
6801276  inf
6801287  inf
6801300  inf
6801301  inf
6801302  inf
6801304  inf
6801412  inf
6801413  inf
6801414  inf
6801415  inf
6801416  inf
6801419  inf
6801442  inf
6801533  inf
6801643  inf
6801670  inf
6801697  inf
6801749  inf
6801750  inf
6801751  inf
6801753  inf
6801754  inf
6801755  inf
6801756  inf
6801757  inf
6801758  inf
6801759  inf
6801760  inf
6801761  inf
6801763  inf
6801764  inf
6801771  inf
6801836  inf
6801837  inf
6801838  inf
6801839  inf
6801840  inf
6801843  inf
6801847  inf
6801848  inf
6801849  inf
6801852  inf
6801995  inf
6801996  inf
6801997  inf
6802000  inf
6802001  inf
6802003  inf
6802006  inf
6802068  inf
6802069  inf
6802083  inf
6802092  inf
6802093  inf
6802095  inf
6802096  inf
6802097  inf
6802099  inf
6802101  inf
6802102  inf
6802103  inf
6802156  inf
6802157  inf
6802158  inf
6802161  inf
6802162  inf
6802164  inf
6802165  inf
6802167  inf
6802432  inf
6802437  inf
6802453  inf
6802455  inf
6802461  inf
6802462  inf
6802463  inf
6802464  inf
6802465  inf
6802470  inf
6802487  inf
6802492  inf
6802508  inf
6802509  inf
6802510  inf
6802511  inf
6802512  inf
6802516  inf
6802530  inf
6802531  inf
6802532  inf
6802533  inf
6802558  inf
6802559  inf
6802560  inf
6802565  inf
6802569  inf
6802571  inf
6802574  inf
6802575  inf
6802578  inf
6802579  inf
6802580  inf
6802582  inf
6802586  inf
6802587  inf
6802593  inf
6802596  inf
6802597  inf
6802599  inf
6802601  inf
6802602  inf
6802608  inf
6802609  inf
6802613  inf
6802614  inf
6802616  inf
6802617  inf
6802621  inf
6802624  inf
6802625  inf
6802628  inf
6802629  inf
6802661  inf
6802662  inf
6802663  inf
6802664  inf
6802665  inf
6802666  inf
6802667  inf
6802672  inf
6802673  inf
6802735  inf
6802736  inf
6802737  inf
6802755  inf
6802758  inf
6802759  inf
6802760  inf
6802761  inf
6802766  inf
6802767  inf
6802768  inf
6802769  inf
6802773  inf
6802776  inf
6802778  inf
6802779  inf
6802790  inf
6802792  inf
6802793  inf
6802804  inf
6802806  inf
6802807  inf
6802808  inf
6802809  inf
6802810  inf
6802812  inf
6802813  inf
6802815  inf
6802818  inf
6802820  inf
6802821  inf
6802831  inf
6802849  inf
6802850  inf
6802851  inf
6802852  inf
6802853  inf
6802854  inf
6802855  inf
6802857  inf
6802858  inf
6802860  inf
6802861  inf
6802862  inf
6802863  inf
6802864  inf
6802865  inf
6802866  inf
6802867  inf
6802868  inf
6802917  inf
6802943  inf
6802957  inf
6802958  inf
6802959  inf
6802960  inf
6802961  inf
6802962  inf
6802963  inf
6802964  inf
6802965  inf
6802966  inf
6802967  inf
6802968  inf
6802971  inf
6802975  inf
6803011  inf
6803012  inf
6803016  inf
6803017  inf
6803018  inf
6803026  inf
6803042  inf
6803043  inf
6803047  inf
6803048  inf
6803049  inf
6803050  inf
6803051  inf
6803052  inf
6803053  inf
6803054  inf
6803057  inf
6803139  inf
6803140  inf
6803142  inf
6803143  inf
6803144  inf
6803152  inf
6803153  inf
6803154  inf
6803155  inf
6803156  inf
6803157  inf
6803159  inf
6803160  inf
6803175  inf
6803176  inf
6803177  inf
6803178  inf
6803179  inf
6803180  inf
6803182  inf
6803189  inf
6803190  inf
6803195  inf
6803207  inf
6803208  inf
6803209  inf
6803210  inf
6803211  inf
6803212  inf
6803219  inf
6803220  inf
6803225  inf
6803324  inf
6803325  inf
6803326  inf
6803327  inf
6803328  inf
6803329  inf
6803331  inf
6803332  inf
6803333  inf
6803334  inf
6803337  inf
6803338  inf
6900116  inf
6900174  inf
6900176  inf
6900179  inf
6900182  inf
6900186  inf
6900187  inf
6900188  inf
6900189  inf
6900190  inf
6900192  inf
6900193  inf
6900194  inf
6900195  inf
6900196  inf
6900197  inf
6900199  inf
6900200  inf
6900210  inf
6900237  inf
6900312  inf
6900345  inf
6900424  inf
6900533  inf
6900534  inf
7000095  inf
7000096  inf
7000097  inf
7000105  inf
7100036  inf
7100040  inf
7100051  inf
7100052  inf
7100053  inf
7200067  inf
7200068  inf
7200069  inf
7200077  inf
7200078  inf
7200097  inf
7200106  inf
7300133  inf
7300134  inf
7400033  inf
7400036  inf
7400046  inf
7400047  inf
7400048  inf
7400069  inf
7400070  inf
7400072  inf
7400076  inf
7400077  inf
7400078  inf
7500058  inf
7500062  inf
7500073  inf
7500074  inf
7500075  inf
7600063  inf
7600064  inf
7600065  inf
7700066  inf
7700067  inf
7700068  inf
7800059  inf
7800063  inf
7800067  inf
7800078  inf
7800079  inf
7800080  inf
7900085  inf
7900089  inf
7900093  inf
7900097  inf
7900102  inf
7900107  inf
7900152  inf
7900158  inf
7900199  inf
7900201  inf
7900202  inf
7900203  inf
7900204  inf
7900205  inf
7900206  inf
7900207  inf
7900215  inf
7900217  inf
7900218  inf
7900291  inf
7900293  inf
7900294  inf
7900295  inf
7900296  inf
7900299  inf
7900301  inf
7900304  inf
7900305  inf
7900306  inf
7900309  inf
7900310  inf
7900311  inf
7900314  inf
7900317  inf
7900318  inf
7900319  inf
7900322  inf
7900325  inf
7900326  inf
7900327  inf
7900330  inf
7900333  inf
7900334  inf
7900335  inf
7900337  inf
7900519  inf
7900534  inf
8000058  inf
8000061  inf
8000071  inf
8000072  inf
8000073  inf
8100071  inf
8200109  inf
8200110  inf
8200111  inf
8200113  inf
8200123  inf
8200126  inf
8200131  inf
8200132  inf
8200133  inf
8200161  inf
8200162  inf
8200163  inf
8300072  inf
8300083  inf
8300084  inf
8600336  inf
8600339  inf
8600342  inf
8600344  inf
8600346  inf
8600362  inf
8600365  inf
8600366  inf
8600367  inf
8800073  inf
8900257  inf
8900260  inf
8900261  inf
8900263  inf
8900264  inf
8900441  inf
8900442  inf
8900444  inf
8900445  inf
9000087  inf
9000097  inf
9000098  inf
9000109  inf
9100074  inf
9100075  inf
9100076  inf
9100077  inf
9100078  inf
9100087  inf
9100096  inf
9100097  inf
9200059  inf
9200060  inf
9200061  inf
9300082  inf
9300083  inf
9300094  inf
9300095  inf
9300096  inf
9300097  inf
9300098  inf
9300099  inf
9300112  inf
9300129  inf
9300130  inf
9300131  inf
9300142  inf
9300153  inf
9300154  inf
9300157  inf
9300160  inf
9300161  inf
9300286  inf
9300287  inf
9300288  inf
9300359  inf
9300360  inf
9300361  inf
9300362  inf
9300363  inf
9300364  inf
9300365  inf
9300366  inf
9300367  inf
9300368  inf
9300369  inf
9300370  inf
9300371  inf
9300376  inf
9300378  inf
9300381  inf
9300382  inf
9300384  inf
9300394  inf
9300418  inf
9400073  inf
9400130  inf
9400131  inf
9400134  inf
9400137  inf
9400138  inf
9400139  inf
9400147  inf
9400168  inf
9400169  inf
9400170  inf
9400171  inf
9400172  inf
9400173  inf
9400174  inf
9400175  inf
9400176  inf
9400177  inf
9400178  inf
9400182  inf
9400186  inf
9400190  inf
9400194  inf
9500080  inf
9500081  inf
9600057  inf
9600061  inf
9600065  inf
9600076  inf
9600077  inf
9600078  inf
9700101  inf
9700132  inf
9700133  inf
9700134  inf
9700135  inf
9700136  inf
9700137  inf
9700138  inf
9700139  inf
9700248  inf
9700249  inf
9700250  inf
9700274  inf
9700275  inf
9700276  inf
9700277  inf
9700280  inf
9700281  inf
9700282  inf
9700283  inf
9700290  inf
9700291  inf
9700292  inf
9700294  inf
9700295  inf
9700304  inf
9800086  inf
9800087  inf
9800098  inf
9800099  inf
9800102  inf
9800103  inf
9800106  inf
9800109  inf
9800110  inf
9800116  inf
9800131  inf
9800133  inf
9800134  inf
9800135  inf
9800136  inf
9800137  inf
9800138  inf
9800172  inf
9800187  inf
9800188  inf
9800189  inf
9800196  inf
9800203  inf
9800204  inf
9800207  inf
9800208  inf
9800210  inf
9800218  inf
9800219  inf
9800221  inf
9800222  inf
9800225  inf
9800226  inf
9800228  inf
9800229  inf
9800230  inf
9800231  inf
9800236  inf
9800241  inf
9800242  inf
9800246  inf
9800252  inf
9800253  inf
9800259  inf
9900066  inf
9900067  inf
9900080  inf
9900097  inf
9900098  inf
9900099  inf
9900100  inf
9900101  inf
9900285  inf
9900286  inf
9900287  inf
9900288  inf
9900289  inf
10000084  inf
10000086  inf
10000095  inf
10000096  inf
10000099  inf
10000102  inf
10000105  inf
10000106  inf
10000107  inf
10000108  inf
10000116  inf
10000125  inf
10000134  inf
10000144  inf
10000145  inf
10000147  inf
10000150  inf
10000151  inf
10000152  inf
10000153  inf
10000154  inf
10000155  inf
10000156  inf
10000157  inf
10000158  inf
10000159  inf
10000160  inf
10000161  inf
10000162  inf
10000163  inf
10000164  inf
10000165  inf
10000167  inf
10000168  inf
10000169  inf
10000171  inf
10000172  inf
10000173  inf
10000175  inf
10000176  inf
10000177  inf
10000179  inf
10100069  inf
10100071  inf
10100113  inf
10100114  inf
10100131  inf
10100132  inf
10100149  inf
10100150  inf
10200147  inf
10200148  inf
10200149  inf
10200150  inf
10200200  inf
10200201  inf
10200209  inf
10200210  inf
10200218  inf
10200219  inf
10200227  inf
10200228  inf
10200236  inf
10200237  inf
10300084  inf
10300086  inf
10300130  inf
10300131  inf
10300139  inf
10300140  inf
10300148  inf
10300149  inf
10300157  inf
10300158  inf
10500065  inf
10500066  inf
10500067  inf
10500068  inf
10600054  inf
10600801  inf
10600802  inf
10600804  inf
10600824  inf
10700243  inf
10700246  inf
10700250  inf
10700253  inf
10700298  inf
10700301  inf
10700327  inf
10700328  inf
10700364  inf
10700366  inf
10700371  inf
10700372  inf
10700373  inf
10700376  inf
10700380  inf
10700381  inf
10700382  inf
10700384  inf
10700386  inf
10700387  inf
10700389  inf
10700392  inf
10700393  inf
10700394  inf
10700395  inf
10700396  inf
10700397  inf
10700398  inf
10700399  inf
10700403  inf
10700411  inf
10700413  inf
10700414  inf
10700415  inf
10700417  inf
10700457  inf
10701136  inf
10701140  inf
10701146  inf
10701147  inf
10701149  inf
10701152  inf
10701153  inf
10701154  inf
10701157  inf
10701171  inf
10701186  inf
10701187  inf
10701188  inf
10701190  inf
10701191  inf
10701194  inf
10701202  inf
10701203  inf
10701204  inf
10701205  inf
10701207  inf
10701210  inf
10701212  inf
10701215  inf
10701216  inf
10701219  inf
10701240  inf
10701241  inf
10701242  inf
10701245  inf
10701246  inf
10701251  inf
10701254  inf
10701257  inf
10701258  inf
10701261  inf
10701282  inf
10701285  inf
10701288  inf
10701289  inf
10701290  inf
10701291  inf
10701294  inf
10701295  inf
10701298  inf
10701301  inf
10701302  inf
10701303  inf
10701304  inf
10701313  inf
10701314  inf
10701315  inf
10701317  inf
10701318  inf
10701320  inf
10701341  inf
10701342  inf
10701346  inf
10701373  inf
10701391  inf
10701392  inf
10701393  inf
10701539  inf
10701540  inf
10701546  inf
10800066  inf
10800067  inf
10800068  inf
10900063  inf
10900064  inf
10900065  inf
10900077  inf
10900078  inf
10900080  inf
10900081  inf
11000093  inf
11000094  inf
11000095  inf
11000096  inf
11000116  inf
11000119  inf
11000120  inf
11000121  inf
11000122  inf
11000123  inf
11000124  inf
11000125  inf
11000135  inf
11000144  inf
11000145  inf
11000147  inf
11000148  inf
11000188  inf
11000189  inf
11000190  inf
11000191  inf
11000192  inf
11000193  inf
11000194  inf
11000195  inf
11000197  inf
11000198  inf
11000199  inf
11000241  inf
11000243  inf
11000244  inf
11000245  inf
11000246  inf
11000247  inf
11000249  inf
11000250  inf
11000253  inf
11000254  inf
11000270  inf
11000271  inf
11000273  inf
11000290  inf
11000291  inf
11000295  inf
11000297  inf
11000299  inf
11000306  inf
11000478  inf
11000482  inf
11000485  inf
11000487  inf
11000489  inf
11000497  inf
11000499  inf
11000501  inf
11000520  inf
11000523  inf
11000524  inf
11000526  inf
11000544  inf
11000547  inf
11000548  inf
11000550  inf
11000554  inf
11000604  inf
11000605  inf
11000606  inf
11000607  inf
11000608  inf
11000609  inf
11000610  inf
11000611  inf
11000612  inf
11000613  inf
11000614  inf
11000615  inf
11000617  inf
11000623  inf
11000626  inf
11000636  inf
11000643  inf
11000650  inf
11000654  inf
11000657  inf
11000661  inf
11000671  inf
11000672  inf
11000673  inf
11000691  inf
11000692  inf
11000693  inf
11000694  inf
11000695  inf
11000696  inf
11000697  inf
11000698  inf
11000699  inf
11000700  inf
11000701  inf
11000703  inf
11000712  inf
11000718  inf
11000731  inf
11000738  inf
11000742  inf
11000766  inf
11000767  inf
11000768  inf
11100109  inf
11100110  inf
11100113  inf
11100116  inf
11100119  inf
11100120  inf
11100121  inf
11100122  inf
11100158  inf
11100159  inf
11100160  inf
11100161  inf
11100162  inf
11100163  inf
11100164  inf
11100166  inf
11100167  inf
11100169  inf
11100179  inf
11100180  inf
11100181  inf
11100182  inf
11100183  inf
11100184  inf
11100185  inf
11100186  inf
11100187  inf
11100188  inf
11100229  inf
11100230  inf
11100231  inf
11100232  inf
11100233  inf
11100235  inf
11100236  inf
11200080  inf
11200083  inf
11200127  inf
11200128  inf
11200139  inf
11200140  inf
11200143  inf
11200146  inf
11200149  inf
11200150  inf
11200151  inf
11200152  inf
11200153  inf
11200208  inf
11200209  inf
11200210  inf
11200213  inf
11200223  inf
11200224  inf
11200225  inf
11200226  inf
11200239  inf
11200240  inf
11200241  inf
11200242  inf
11200244  inf
11200251  inf
11400046  inf
11400054  inf
11400058  inf
11700099  inf
11700102  inf
11700104  inf
11700117  inf
11700118  inf
11700119  inf
11800400  inf
11800401  inf
11800402  inf
11800405  inf
11800503  inf
11800504  inf
11800505  inf
11800508  inf
11800614  inf
11800629  inf
11800630  inf
11800631  inf
11800632  inf
11800633  inf
11800634  inf
11800637  inf
11800640  inf
11800938  inf
11800939  inf
11800946  inf
11800947  inf
11800949  inf
11801231  inf
11801232  inf
11801239  inf
11801240  inf
11801242  inf
11802281  inf
11802284  inf
11802285  inf
11900200  inf
11900204  inf
11900206  inf
11900207  inf
11900215  inf
12000268  inf
12000293  inf
12000459  inf
12000470  inf
12000492  inf
12000496  inf
12000497  inf
12000498  inf
12000501  inf
12000503  inf
12000520  inf
12000521  inf
12000522  inf
12000523  inf
12000524  inf
12000525  inf
12000526  inf
12000527  inf
12000533  inf
12000534  inf
12000535  inf
12000536  inf
12000537  inf
12000539  inf
12000542  inf
12000545  inf
12000546  inf
12000552  inf
12000640  inf
12000641  inf
12000642  inf
12000643  inf
12000646  inf
12000659  inf
12000660  inf
12000665  inf
12000669  inf
12000670  inf
12000672  inf
12000673  inf
12000674  inf
12000678  inf
12000679  inf
12000683  inf
12000684  inf
12000685  inf
12000686  inf
12000688  inf
12000692  inf
12000693  inf
12000694  inf
12000695  inf
12000696  inf
12000697  inf
12000699  inf
12100248  inf
12100261  inf
12100274  inf
12100277  inf
12100278  inf
12100295  inf
12100297  inf
12100298  inf
12100300  inf
12100695  inf
12100705  inf
12100721  inf
12100745  inf
12100746  inf
12100747  inf
12100748  inf
12100749  inf
12100755  inf
12100785  inf
12100787  inf
12100874  inf
12100875  inf
12100879  inf
12100880  inf
12100881  inf
12100882  inf
12100891  inf
12100892  inf
12100895  inf
12100897  inf
12100898  inf
12100901  inf
12100903  inf
12100905  inf
12101011  inf
12101012  inf
12101013  inf
12101014  inf
12101016  inf
12101020  inf
12101021  inf
12101024  inf
12101025  inf
12101027  inf
12101028  inf
12101037  inf
12101038  inf
12101039  inf
12101041  inf
12101042  inf
12101043  inf
12101055  inf
12101056  inf
12101159  inf
12101362  inf
12101363  inf
12101364  inf
12101365  inf
12101367  inf
12101431  inf
12101432  inf
12101435  inf
12101436  inf
12101442  inf
12101448  inf
12101541  inf
12101542  inf
12101545  inf
12101602  inf
12101630  inf
12101655  inf
12200069  inf
12200070  inf
12200071  inf
12200072  inf
12200082  inf
12200094  inf
12200095  inf
12300064  inf
12300065  inf
12300066  inf
12300085  inf
12300086  inf
12300087  inf
12300088  inf
12300092  inf
12500079  inf
12500080  inf
12500081  inf
12500082  inf
7300071  25.0
7300072  25.0
7300095  25.0
7300096  25.0
7300097  25.0
7300098  25.0
8600391  25.0
12400057  25.0
12400061  25.0
12400065  25.0
12400076  25.0
12400077  25.0
12400078  25.0
2600060  6.25
2600064  6.25
2600068  6.25
2600072  6.25
2600076  6.25
2600080  6.25
2600084  6.25
2600088  6.25
2600091  6.25
2600095  6.25
2600099  6.25
2600103  6.25
2600107  6.25
2600111  6.25
2600115  6.25
2600126  6.25
2600127  6.25
2600128  6.25
8100060  6.25
8100061  6.25
8200068  6.25
8200071  6.25
8200077  6.25
8200078  6.25
8200086  6.25
8200087  6.25
8200095  6.25
8200096  6.25
8200097  6.25
8200098  6.25
8200149  6.25
8300061  6.25
8300062  6.25
8400060  6.25
8400061  6.25
8500058  6.25
8500062  6.25
8500067  6.25
8500072  6.25
8500084  6.25
8500085  6.25
8500086  6.25
8700071  6.25
8700072  6.25
8700079  6.25
8700080  6.25
8700083  6.25
8700084  6.25
8800062  6.25
8800063  6.25
8900082  6.25
9000060  6.25
9000061  6.25
11500062  6.25
11500066  6.25
11500070  6.25
11500074  6.25
11500078  6.25
11500082  6.25
11500086  6.25
11500090  6.25
11500094  6.25
11500098  6.25
11500102  6.25
11500106  6.25
11500110  6.25
11500114  6.25
11500118  6.25
11500122  6.25
11500126  6.25
11500130  6.25
11500134  6.25
11500138  6.25
11500142  6.25
11500146  6.25
11500150  6.25
11500154  6.25
11500158  6.25
11500169  6.25
11500170  6.25
11500171  6.25
11600092  6.25
11600093  6.25
11600111  6.25
11600113  6.25
11600117  6.25
11600120  6.25
11600125  6.25
11600126  6.25
11600127  6.25
11600128  6.25
11600130  6.25
11700075  6.25
11700076  6.25
11700083  6.25
11700084  6.25
11700087  6.25
11700088  6.25
11800135  6.25
11800138  6.25
11800141  6.25
11800144  6.25
11800147  6.25
11800150  6.25
11800154  6.25
11800158  6.25
11800290  6.25
11800313  6.25
11800315  6.25
11800316  6.25
11800318  6.25
11800319  6.25
11800321  6.25
11800322  6.25
11800323  6.25
11800325  6.25
11800326  6.25
11800327  6.25
11800329  6.25
11800330  6.25
11800331  6.25
11800333  6.25
11800334  6.25
11800335  6.25
11800337  6.25
11800338  6.25
11800339  6.25
11800341  6.25
11800342  6.25
11800343  6.25
11800345  6.25
11800346  6.25
11800348  6.25
11800349  6.25
11800351  6.25
11800352  6.25
11800354  6.25
11800355  6.25
11800358  6.25
11800359  6.25
11800362  6.25
11800363  6.25
11800365  6.25
11800367  6.25
11802151  6.25
11802154  6.25
11900115  6.25
11900116  6.25
11900117  6.25
11900118  6.25
12000195  6.25
12000196  6.25
12000197  6.25
12000198  6.25
12000199  6.25
12000200  6.25
12000202  6.25
12000203  6.25
12000204  6.25
12000205  6.25
12000206  6.25
12100230  6.25
12100231  6.25
12100232  6.25
12100233  6.25
12100234  6.25
12100236  6.25
12100237  6.25
12100238  6.25
2801132  4.5
2801135  4.5
2801136  4.5
2801137  4.5
2801138  4.5
2801139  4.5
2801140  4.5
2801142  4.5
2801144  4.5
2801146  4.5
2801148  4.5
2801221  4.5
3000145  4.5
3400594  4.5
3400669  4.5
3400705  4.5
3400757  4.5
3400772  4.5
3400773  4.5
3400889  4.5
3400891  4.5
3400893  4.5
3400894  4.5
3400943  4.5
3400944  4.5
3400945  4.5
3400994  4.5
3401011  4.5
3401087  4.5
3401088  4.5
3401089  4.5
3401091  4.5
3401093  4.5
3401095  4.5
3900294  4.5
4000081  4.5
4101345  4.5
4101346  4.5
4101389  4.5
4101390  4.5
4200174  4.5
4400139  4.5
4400140  4.5
4700276  4.5
4800536  4.5
4800537  4.5
4800538  4.5
4800976  4.5
4800977  4.5
4800979  4.5
4800980  4.5
4800981  4.5
4800982  4.5
4801054  4.5
4801055  4.5
4801111  4.5
4801114  4.5
4801115  4.5
4801116  4.5
4801119  4.5
4801121  4.5
4801123  4.5
4801125  4.5
4801126  4.5
4801130  4.5
4801132  4.5
4801155  4.5
4801156  4.5
4801248  4.5
4801249  4.5
4801251  4.5
4801252  4.5
4801253  4.5
4801254  4.5
4801257  4.5
4801258  4.5
4801259  4.5
4801261  4.5
4801262  4.5
4801263  4.5
4801265  4.5
4801266  4.5
4801270  4.5
4801273  4.5
4801274  4.5
4801275  4.5
4801276  4.5
4801289  4.5
4801290  4.5
4801291  4.5
4801299  4.5
4801303  4.5
4801306  4.5
4900528  4.5
4900532  4.5
4900533  4.5
4900633  4.5
4900637  4.5
4900638  4.5
4900639  4.5
4900695  4.5
4900715  4.5
4900717  4.5
4900781  4.5
4900782  4.5
4900795  4.5
4900796  4.5
4900797  4.5
4900863  4.5
4900864  4.5
4900865  4.5
4900866  4.5
4900867  4.5
4900868  4.5
4900869  4.5
4900870  4.5
4900871  4.5
4900873  4.5
4900875  4.5
4900878  4.5
4900879  4.5
4900886  4.5
5100136  4.5
6802794  4.5
6802795  4.5
6802796  4.5
6802798  4.5
6802799  4.5
6802801  4.5
11000632  4.5
11000721  4.5
11000727  4.5
11900211  4.5
11900212  4.5
11900383  4.5
11900386  4.5
11900390  4.5
11900391  4.5
11900392  4.5
11900398  4.5
11900402  4.5
11900404  4.5
11900405  4.5
11900406  4.5
11900407  4.5
11900409  4.5
11900418  4.5
11900419  4.5
11900423  4.5
11900438  4.5
11900439  4.5
11900440  4.5
11900442  4.5
11900444  4.5
11900445  4.5
11900447  4.5
11900449  4.5
11900450  4.5
11900451  4.5
11900452  4.5
11900459  4.5
11900460  4.5
11900462  4.5
11900465  4.5
11900466  4.5
11900471  4.5
11900472  4.5
11900477  4.5
11900478  4.5
11900480  4.5
11900481  4.5
11900483  4.5
11900484  4.5
11900486  4.5
11900488  4.5
11900490  4.5
11900496  4.5
11900497  4.5
11900500  4.5
12000530  4.5
12000531  4.5
12100886  4.5
12100887  4.5
12101032  4.5
12101033  4.5
2801114  1.3333333333333333
2801117  1.3333333333333333
2801118  1.3333333333333333
2801119  1.3333333333333333
2801120  1.3333333333333333
2801121  1.3333333333333333
2801122  1.3333333333333333
2801124  1.3333333333333333
2801126  1.3333333333333333
2801128  1.3333333333333333
2801130  1.3333333333333333
2801224  1.3333333333333333
2801225  1.3333333333333333
3000147  1.3333333333333333
3000150  1.3333333333333333
3000153  1.3333333333333333
3000154  1.3333333333333333
3400596  1.3333333333333333
3400598  1.3333333333333333
3400671  1.3333333333333333
3400673  1.3333333333333333
3400707  1.3333333333333333
3400709  1.3333333333333333
3400759  1.3333333333333333
3400760  1.3333333333333333
3400776  1.3333333333333333
3400777  1.3333333333333333
3400778  1.3333333333333333
3400896  1.3333333333333333
3400897  1.3333333333333333
3400899  1.3333333333333333
3400901  1.3333333333333333
3400902  1.3333333333333333
3400946  1.3333333333333333
3400947  1.3333333333333333
3400948  1.3333333333333333
3400949  1.3333333333333333
3400998  1.3333333333333333
3400999  1.3333333333333333
3401014  1.3333333333333333
3401016  1.3333333333333333
3401062  1.3333333333333333
3401063  1.3333333333333333
3401064  1.3333333333333333
3401066  1.3333333333333333
3401068  1.3333333333333333
3401070  1.3333333333333333
3900296  1.3333333333333333
3900297  1.3333333333333333
4101343  1.3333333333333333
4101387  1.3333333333333333
4200171  1.3333333333333333
4400130  1.3333333333333333
4400131  1.3333333333333333
4700283  1.3333333333333333
4700294  1.3333333333333333
4700298  1.3333333333333333
4800533  1.3333333333333333
4800534  1.3333333333333333
4801002  1.3333333333333333
4801003  1.3333333333333333
4801005  1.3333333333333333
4801014  1.3333333333333333
4801015  1.3333333333333333
4801016  1.3333333333333333
4801017  1.3333333333333333
4801018  1.3333333333333333
4801019  1.3333333333333333
4801020  1.3333333333333333
4801021  1.3333333333333333
4801026  1.3333333333333333
4801027  1.3333333333333333
4801029  1.3333333333333333
4801030  1.3333333333333333
4801031  1.3333333333333333
4801034  1.3333333333333333
4801052  1.3333333333333333
4801073  1.3333333333333333
4801078  1.3333333333333333
4801079  1.3333333333333333
4801080  1.3333333333333333
4801083  1.3333333333333333
4801085  1.3333333333333333
4801087  1.3333333333333333
4801089  1.3333333333333333
4801090  1.3333333333333333
4801094  1.3333333333333333
4801096  1.3333333333333333
4801153  1.3333333333333333
4801176  1.3333333333333333
4801178  1.3333333333333333
4801179  1.3333333333333333
4801181  1.3333333333333333
4801182  1.3333333333333333
4801185  1.3333333333333333
4801186  1.3333333333333333
4801187  1.3333333333333333
4801189  1.3333333333333333
4801190  1.3333333333333333
4801191  1.3333333333333333
4801193  1.3333333333333333
4801194  1.3333333333333333
4801198  1.3333333333333333
4801200  1.3333333333333333
4801201  1.3333333333333333
4801202  1.3333333333333333
4801203  1.3333333333333333
4801214  1.3333333333333333
4801215  1.3333333333333333
4801216  1.3333333333333333
4801224  1.3333333333333333
4801226  1.3333333333333333
4801229  1.3333333333333333
4900525  1.3333333333333333
4900630  1.3333333333333333
4900631  1.3333333333333333
4900697  1.3333333333333333
4900700  1.3333333333333333
4900701  1.3333333333333333
4900719  1.3333333333333333
4900724  1.3333333333333333
4900725  1.3333333333333333
4900727  1.3333333333333333
4900778  1.3333333333333333
4900792  1.3333333333333333
4900793  1.3333333333333333
4900820  1.3333333333333333
4900821  1.3333333333333333
4900822  1.3333333333333333
4900823  1.3333333333333333
4900838  1.3333333333333333
4900840  1.3333333333333333
4900843  1.3333333333333333
5100133  1.3333333333333333
6800547  1.3333333333333333
6800550  1.3333333333333333
6800551  1.3333333333333333
6800552  1.3333333333333333
6802780  1.3333333333333333
6802781  1.3333333333333333
6802782  1.3333333333333333
6802784  1.3333333333333333
6802785  1.3333333333333333
6802787  1.3333333333333333
11000664  1.3333333333333333
11000668  1.3333333333333333
11000745  1.3333333333333333
11000752  1.3333333333333333
11000759  1.3333333333333333
11000763  1.3333333333333333
11900208  1.3333333333333333
11900240  1.3333333333333333
11900243  1.3333333333333333
11900246  1.3333333333333333
11900247  1.3333333333333333
11900248  1.3333333333333333
11900254  1.3333333333333333
11900258  1.3333333333333333
11900260  1.3333333333333333
11900261  1.3333333333333333
11900262  1.3333333333333333
11900263  1.3333333333333333
11900265  1.3333333333333333
11900274  1.3333333333333333
11900275  1.3333333333333333
11900279  1.3333333333333333
11900294  1.3333333333333333
11900295  1.3333333333333333
11900296  1.3333333333333333
11900298  1.3333333333333333
11900300  1.3333333333333333
11900301  1.3333333333333333
11900303  1.3333333333333333
11900305  1.3333333333333333
11900306  1.3333333333333333
11900307  1.3333333333333333
11900308  1.3333333333333333
11900315  1.3333333333333333
11900316  1.3333333333333333
11900318  1.3333333333333333
11900321  1.3333333333333333
11900322  1.3333333333333333
11900327  1.3333333333333333
11900328  1.3333333333333333
11900334  1.3333333333333333
11900335  1.3333333333333333
11900337  1.3333333333333333
11900338  1.3333333333333333
11900340  1.3333333333333333
11900341  1.3333333333333333
11900343  1.3333333333333333
11900345  1.3333333333333333
11900347  1.3333333333333333
11900353  1.3333333333333333
11900354  1.3333333333333333
11900358  1.3333333333333333
12000528  1.3333333333333333
12100883  1.3333333333333333
12101029  1.3333333333333333
4801091  0.25
5200132  0.25
5200133  0.25
5200134  0.25
5200140  0.25
