1000495  inf
1000502  inf
1000571  inf
2700936  inf
2700937  inf
2700938  inf
2700944  inf
1000107  2209.0
1000114  2209.0
1000432  2209.0
1000433  2209.0
1000434  2209.0
1000435  2209.0
1000437  2209.0
1000438  2209.0
1000444  2209.0
1000445  2209.0
1000447  2209.0
1000448  2209.0
1000449  2209.0
1000452  2209.0
1000453  2209.0
1000464  2209.0
1000465  2209.0
1000467  2209.0
1000468  2209.0
1000469  2209.0
1000470  2209.0
1000471  2209.0
1000472  2209.0
1000474  2209.0
1000475  2209.0
1000477  2209.0
1000478  2209.0
1000479  2209.0
1000480  2209.0
1000482  2209.0
1000483  2209.0
1000488  2209.0
1000490  2209.0
1000569  2209.0
1000570  2209.0
1000580  2209.0
1000583  2209.0
1000594  2209.0
1000596  2209.0
1000597  2209.0
1000599  2209.0
1000600  2209.0
1000603  2209.0
1000605  2209.0
1000606  2209.0
1000607  2209.0
1000608  2209.0
1000609  2209.0
1000613  2209.0
1000616  2209.0
1000618  2209.0
1000620  2209.0
1000621  2209.0
1000623  2209.0
1000631  2209.0
1000633  2209.0
1000634  2209.0
1000636  2209.0
1000641  2209.0
1000642  2209.0
1000653  2209.0
1100035  2209.0
1100041  2209.0
1100044  2209.0
1100070  2209.0
1100073  2209.0
1100076  2209.0
1100079  2209.0
1100080  2209.0
1100081  2209.0
1100082  2209.0
1100083  2209.0
1100084  2209.0
1100090  2209.0
1100158  2209.0
1200107  2209.0
1200110  2209.0
1900166  2209.0
1900167  2209.0
1900168  2209.0
1900189  2209.0
1900190  2209.0
1900191  2209.0
1900192  2209.0
1900193  2209.0
1900196  2209.0
1900198  2209.0
1000496  2116.0
1000659  2116.0
1401125  2116.0
1401126  2116.0
1401130  2116.0
1401131  2116.0
1401132  2116.0
1401138  2116.0
1000657  1058.0
1100074  1058.0
1601185  1058.0
1601186  1058.0
1601187  1058.0
1601193  1058.0
1000504  1012.5
1000506  1012.5
1000507  645.3333333333334
2301256  645.3333333333334
2301262  645.3333333333334
2301263  645.3333333333334
2301269  645.3333333333334
1000513  352.8
1000514  352.8
1100077  352.8
1000159  280.1666666666667
1000769  144.4
1000770  144.4
1000772  144.4
1000522  136.9
1000523  136.9
1301000  124.45454545454545
1301001  124.45454545454545
1301002  124.45454545454545
1301003  124.45454545454545
1301009  124.45454545454545
1301010  124.45454545454545
1301011  124.45454545454545
1301012  124.45454545454545
1301013  124.45454545454545
1301015  124.45454545454545
1301016  124.45454545454545
1000519  117.81818181818181
1000520  117.81818181818181
1000525  117.81818181818181
1000526  117.81818181818181
1401145  117.81818181818181
1401146  117.81818181818181
1401152  117.81818181818181
1401160  117.81818181818181
1401166  117.81818181818181
1401169  117.81818181818181
1401171  117.81818181818181
2700951  117.81818181818181
2700952  117.81818181818181
1000531  108.0
1000532  108.0
1000624  108.0
1000629  108.0
1601200  108.0
1601201  108.0
1601207  108.0
1601208  108.0
1601209  108.0
1601213  108.0
1000718  102.08333333333333
1000757  102.08333333333333
1401163  102.08333333333333
1401164  102.08333333333333
2800106  102.08333333333333
2800109  102.08333333333333
1000505  88.92307692307692
1000562  88.92307692307692
1000563  88.92307692307692
1000565  88.92307692307692
1000567  88.92307692307692
2601418  88.92307692307692
2601419  88.92307692307692
2601428  88.92307692307692
2601429  88.92307692307692
2601430  88.92307692307692
2601436  88.92307692307692
2301276  77.78571428571429
2301277  77.78571428571429
2301283  77.78571428571429
2301284  77.78571428571429
2301285  77.78571428571429
1000706  64.0
1000707  64.0
1000708  64.0
2601443  1.641025641025641
2601445  1.641025641025641
2601446  1.641025641025641
2601447  1.641025641025641
2601452  1.641025641025641
2601453  1.641025641025641
2601454  1.641025641025641
2601456  1.641025641025641
2601460  1.641025641025641
2601461  1.641025641025641
2601462  1.641025641025641
2601463  1.641025641025641
1000655  1.225
1801038  1.225
1801039  1.225
1801040  1.225
1801046  1.225
2601457  1.225
1000534  0.8780487804878049
1000535  0.8780487804878049
1000509  0.5952380952380952
1000511  0.5952380952380952
2401075  0.5952380952380952
2401082  0.5952380952380952
2401083  0.5952380952380952
2401089  0.5952380952380952
1401153  0.37209302325581395
1401154  0.37209302325581395
1401156  0.37209302325581395
1401157  0.37209302325581395
1801053  0.37209302325581395
1801054  0.37209302325581395
1801060  0.37209302325581395
1801068  0.37209302325581395
2401096  0.37209302325581395
2401097  0.37209302325581395
2401103  0.37209302325581395
2401104  0.37209302325581395
2401109  0.37209302325581395
1000498  0.20454545454545456
1000500  0.20454545454545456
1000503  0.20454545454545456
1000546  0.20454545454545456
1000547  0.20454545454545456
1801062  0.20454545454545456
1801063  0.20454545454545456
1801064  0.20454545454545456
2001220  0.20454545454545456
2001226  0.20454545454545456
2001227  0.20454545454545456
2001233  0.20454545454545456
1000409  0.08888888888888889
1000410  0.08888888888888889
1000411  0.08888888888888889
1000413  0.08888888888888889
1000414  0.08888888888888889
1000415  0.08888888888888889
1000419  0.08888888888888889
1000555  0.08888888888888889
1000558  0.08888888888888889
1000560  0.08888888888888889
2001240  0.08888888888888889
2001241  0.08888888888888889
2001247  0.08888888888888889
2001248  0.08888888888888889
2001249  0.08888888888888889
2201484  0.08888888888888889
2201485  0.08888888888888889
2201486  0.08888888888888889
2201487  0.08888888888888889
2201489  0.08888888888888889
2201490  0.08888888888888889
2201491  0.08888888888888889
2201498  0.08888888888888889
2501387  0.08888888888888889
2501388  0.08888888888888889
2501390  0.08888888888888889
2501391  0.08888888888888889
2501392  0.08888888888888889
2501398  0.08888888888888889
1301023  0.08695652173913043
1301024  0.08695652173913043
1000492  0.021739130434782608
1000493  0.021739130434782608
1000556  0.021739130434782608
1000696  0.021739130434782608
2201506  0.021739130434782608
2201509  0.021739130434782608
2201510  0.021739130434782608
2201511  0.021739130434782608
2501405  0.021739130434782608
2501408  0.021739130434782608
2501410  0.021739130434782608
