1000070  1.0
1000071  1.0
1000074  1.0
1000075  1.0
1000076  1.0
1000088  1.0
1000089  1.0
1000097  1.0
1100070  1.0
1100161  1.0
1100182  1.0
1100194  1.0
1300096  1.0
1300097  1.0
1300103  1.0
1300104  1.0
1300105  1.0
1300150  1.0
1300164  1.0
1300176  1.0
1300177  1.0
1300178  1.0
1300233  1.0
1300234  1.0
1300237  1.0
1300252  1.0
1300253  1.0
1300256  1.0
1500205  1.0
1500243  1.0
1500246  1.0
1500247  1.0
1500248  1.0
1500249  1.0
1500259  1.0
1500260  1.0
1500261  1.0
1500263  1.0
1500264  1.0
1500266  1.0
1500267  1.0
1500269  1.0
1500271  1.0
1500274  1.0
1500275  1.0
1500277  1.0
1500278  1.0
1500280  1.0
1500282  1.0
1500285  1.0
1500286  1.0
1500288  1.0
1500290  1.0
1500291  1.0
1500292  1.0
1500294  1.0
1500296  1.0
1500299  1.0
1500300  1.0
1500302  1.0
1500304  1.0
1500305  1.0
1500306  1.0
1500308  1.0
1500310  1.0
1500313  1.0
1500314  1.0
1500316  1.0
1500317  1.0
1500319  1.0
1500321  1.0
1500324  1.0
1500325  1.0
1500327  1.0
1500328  1.0
1500330  1.0
1500332  1.0
1500335  1.0
1500363  1.0
1500364  1.0
1500365  1.0
1500375  1.0
1500376  1.0
1500377  1.0
1500552  1.0
1600313  1.0
1600314  1.0
1600316  1.0
1600326  1.0
1600327  1.0
1600334  1.0
1800076  1.0
1800077  1.0
1800080  1.0
1800081  1.0
1800082  1.0
1800100  1.0
1800120  1.0
1900061  1.0
1900062  1.0
1500091  0.8666666666666667
1500094  0.8666666666666667
1500097  0.8666666666666667
1500100  0.8666666666666667
1500103  0.8666666666666667
1500106  0.8666666666666667
1500114  0.8666666666666667
1500115  0.8666666666666667
1500129  0.8666666666666667
1500130  0.8666666666666667
1500131  0.8666666666666667
1500132  0.8666666666666667
1500133  0.8666666666666667
1600102  0.8666666666666667
1600103  0.8666666666666667
1600111  0.8666666666666667
1600112  0.8666666666666667
1600115  0.8666666666666667
1600116  0.8666666666666667
1600117  0.8666666666666667
1600118  0.8666666666666667
1600119  0.8666666666666667
1600120  0.8666666666666667
