1500330  0.40007394552230835
1300233  0.39151066541671753
1900061  0.3909895718097687
1600314  0.39080217480659485
1500328  0.387844055891037
1500263  0.38746121525764465
1500259  0.3874571919441223
1500246  0.3864818811416626
1100070  0.3856920599937439
1300234  0.3847423791885376
1500321  0.3845260739326477
1900062  0.3840806186199188
1500243  0.3840634524822235
1500319  0.3838663101196289
1500275  0.3836420476436615
1500317  0.3835547864437103
1500291  0.38247963786125183
1500247  0.3822461664676666
1500296  0.3822390139102936
1000076  0.38161712884902954
1500302  0.38137587904930115
1500365  0.3812654912471771
1600326  0.3811778426170349
1500288  0.3810371160507202
1000075  0.38098832964897156
1500294  0.3809613883495331
1500308  0.380916029214859
1500375  0.37939393520355225
1500269  0.3791825473308563
1500299  0.37911534309387207
1500332  0.37901222705841064
1300105  0.3789183497428894
1600313  0.3788214921951294
1500248  0.378363698720932
1000097  0.3782026171684265
1500205  0.3779371976852417
1000071  0.3775736689567566
1000089  0.37744003534317017
1300253  0.37740403413772583
1500316  0.37709566950798035
1500335  0.37703460454940796
1300104  0.37682783603668213
1300150  0.3765774071216583
1500313  0.3762873411178589
1300178  0.3761385679244995
1500377  0.3760354518890381
1500260  0.3760218918323517
1500310  0.37585169076919556
1500290  0.37584707140922546
1100194  0.3758229911327362
1500306  0.3756299912929535
1600327  0.37551480531692505
1100161  0.375039279460907
1300164  0.37501606345176697
1300097  0.3748711943626404
1500282  0.374672532081604
1500274  0.3743952810764313
1500285  0.3737561106681824
1500264  0.3724648952484131
1500325  0.3724415898323059
1000070  0.37213826179504395
1500324  0.37187206745147705
1500286  0.3718147575855255
1500327  0.3712952733039856
1500277  0.37123844027519226
1500271  0.3708788752555847
1500266  0.37080737948417664
1000088  0.3707285225391388
1500249  0.3705097436904907
1800120  0.36976802349090576
1500363  0.3695487082004547
1300096  0.3694784939289093
1500305  0.36921417713165283
1300103  0.36878979206085205
1500304  0.36877623200416565
1600334  0.36783817410469055
1500364  0.367720365524292
1500300  0.3676133453845978
1300237  0.3675966262817383
1500292  0.3668632209300995
1300176  0.36672574281692505
1500376  0.36672329902648926
1600316  0.3665056824684143
1800080  0.3654342293739319
1800076  0.3653911054134369
1500278  0.36506226658821106
1500114  0.3648608922958374
1500280  0.3642430007457733
1800081  0.3633739650249481
1300252  0.36319223046302795
1300256  0.3631874918937683
1300177  0.3629801571369171
1000074  0.36285191774368286
1800082  0.36161160469055176
1500314  0.36130303144454956
1100182  0.36071333289146423
1500267  0.36067089438438416
1500100  0.3594760298728943
1500094  0.35917946696281433
1600117  0.3586154580116272
1500261  0.3582483232021332
1500552  0.3579642176628113
1500133  0.35695716738700867
1500130  0.3549357056617737
1600103  0.352260023355484
1600112  0.35201501846313477
1500129  0.3512571454048157
1500115  0.3510401248931885
1600118  0.3494243919849396
1500097  0.34855902194976807
1800100  0.34845539927482605
1600120  0.3477649986743927
1600115  0.34714171290397644
1500091  0.3468898832798004
1500103  0.34671637415885925
1800077  0.3448449373245239
1600102  0.3445037305355072
1500106  0.3432941138744354
1500132  0.34275737404823303
1600111  0.3415628969669342
1600116  0.33981385827064514
1600119  0.337814062833786
1500131  0.33640700578689575
