8400392  0.5511723756790161
8200430  0.5511472821235657
2100044  0.5510793328285217
2100046  0.5510793328285217
2100135  0.5510793328285217
2100136  0.5510793328285217
2100137  0.5510793328285217
2400097  0.5510793328285217
2400115  0.5510793328285217
2400128  0.5510793328285217
2400141  0.5510793328285217
2400160  0.5510793328285217
2400179  0.5510793328285217
2400198  0.5510793328285217
2400218  0.5510793328285217
2400237  0.5510793328285217
2400256  0.5510793328285217
2400277  0.5510793328285217
2400285  0.5510793328285217
2400288  0.5510793328285217
2400379  0.5510793328285217
2400831  0.5510793328285217
2400850  0.5510793328285217
2400851  0.5510793328285217
2400853  0.5510793328285217
2400861  0.5510793328285217
2400871  0.5510793328285217
2400881  0.5510793328285217
2400883  0.5510793328285217
2400884  0.5510793328285217
2400886  0.5510793328285217
2400888  0.5510793328285217
2400890  0.5510793328285217
2400898  0.5510793328285217
2400899  0.5510793328285217
2400906  0.5510793328285217
2400907  0.5510793328285217
2400908  0.5510793328285217
2400914  0.5510793328285217
2400923  0.5510793328285217
2400924  0.5510793328285217
2400925  0.5510793328285217
2400926  0.5510793328285217
2400927  0.5510793328285217
2400934  0.5510793328285217
2400935  0.5510793328285217
2400941  0.5510793328285217
2400943  0.5510793328285217
2400946  0.5510793328285217
2400949  0.5510793328285217
2400955  0.5510793328285217
2401130  0.5510793328285217
2401133  0.5510793328285217
2401136  0.5510793328285217
2401147  0.5510793328285217
2401156  0.5510793328285217
2401158  0.5510793328285217
2401178  0.5510793328285217
4500164  0.5510793328285217
4500168  0.5510793328285217
4500169  0.5510793328285217
4500170  0.5510793328285217
4500179  0.5510793328285217
4500180  0.5510793328285217
4600114  0.5510793328285217
4600115  0.5510793328285217
4600116  0.5510793328285217
4800118  0.5510793328285217
4800121  0.5510793328285217
4800131  0.5510793328285217
4800132  0.5510793328285217
4900057  0.5510793328285217
4900058  0.5510793328285217
5500030  0.5510793328285217
5500034  0.5510793328285217
5500041  0.5510793328285217
5600047  0.5510793328285217
5600050  0.5510793328285217
5600051  0.5510793328285217
5600056  0.5510793328285217
5600067  0.5510793328285217
5600068  0.5510793328285217
5600071  0.5510793328285217
5600074  0.5510793328285217
5600141  0.5510793328285217
5600143  0.5510793328285217
5600144  0.5510793328285217
5600145  0.5510793328285217
5600146  0.5510793328285217
5600147  0.5510793328285217
5600148  0.5510793328285217
5600149  0.5510793328285217
5600150  0.5510793328285217
5600151  0.5510793328285217
5600153  0.5510793328285217
5600157  0.5510793328285217
5600572  0.5510793328285217
5600573  0.5510793328285217
5600574  0.5510793328285217
5600577  0.5510793328285217
5600578  0.5510793328285217
5600580  0.5510793328285217
5600598  0.5510793328285217
5600599  0.5510793328285217
5600600  0.5510793328285217
5600601  0.5510793328285217
5600611  0.5510793328285217
5600616  0.5510793328285217
5600873  0.5510793328285217
5700053  0.5510793328285217
5800061  0.5510793328285217
5800062  0.5510793328285217
5800063  0.5510793328285217
5800079  0.5510793328285217
5800080  0.5510793328285217
6300043  0.5510793328285217
6300203  0.5510793328285217
6300204  0.5510793328285217
6300289  0.5510793328285217
6300450  0.5510793328285217
6300726  0.5510793328285217
7300082  0.5510793328285217
7300083  0.5510793328285217
7300106  0.5510793328285217
7300107  0.5510793328285217
7300108  0.5510793328285217
7300109  0.5510793328285217
7300110  0.5510793328285217
7300111  0.5510793328285217
7300112  0.5510793328285217
7300113  0.5510793328285217
7300114  0.5510793328285217
7300162  0.5510793328285217
7300171  0.5510793328285217
7500601  0.5510793328285217
7500606  0.5510793328285217
7500607  0.5510793328285217
7600062  0.5510793328285217
7600063  0.5510793328285217
7600068  0.5510793328285217
7600069  0.5510793328285217
7600070  0.5510793328285217
7600071  0.5510793328285217
7600072  0.5510793328285217
7600073  0.5510793328285217
7600074  0.5510793328285217
7600077  0.5510793328285217
7600078  0.5510793328285217
7600086  0.5510793328285217
7600087  0.5510793328285217
7600089  0.5510793328285217
7600098  0.5510793328285217
7600099  0.5510793328285217
7600100  0.5510793328285217
7600103  0.5510793328285217
7600126  0.5510793328285217
7600127  0.5510793328285217
7600131  0.5510793328285217
7600175  0.5510793328285217
7600185  0.5510793328285217
7600193  0.5510793328285217
7600194  0.5510793328285217
7600195  0.5510793328285217
7600252  0.5510793328285217
7600253  0.5510793328285217
7800099  0.5510793328285217
7800101  0.5510793328285217
7800115  0.5510793328285217
7800117  0.5510793328285217
7800133  0.5510793328285217
7800134  0.5510793328285217
7800135  0.5510793328285217
7800136  0.5510793328285217
8900123  0.5510793328285217
8900128  0.5510793328285217
8900272  0.5510793328285217
8900273  0.5510793328285217
8900277  0.5510793328285217
8900290  0.5510793328285217
8900348  0.5510793328285217
8900357  0.5510793328285217
8900358  0.5510793328285217
8900359  0.5510793328285217
8900361  0.5510793328285217
8900406  0.5510793328285217
8900409  0.5510793328285217
8900561  0.5510793328285217
8900562  0.5510793328285217
8900563  0.5510793328285217
8900564  0.5510793328285217
8900573  0.5510793328285217
8900574  0.5510793328285217
8900575  0.5510793328285217
8900576  0.5510793328285217
8900577  0.5510793328285217
8900578  0.5510793328285217
8900582  0.5510793328285217
8900583  0.5510793328285217
8900586  0.5510793328285217
8900587  0.5510793328285217
8900588  0.5510793328285217
8900589  0.5510793328285217
8900591  0.5510793328285217
8900596  0.5510793328285217
8900597  0.5510793328285217
8900598  0.5510793328285217
8900601  0.5510793328285217
8900602  0.5510793328285217
8900607  0.5510793328285217
8900608  0.5510793328285217
8900611  0.5510793328285217
8900618  0.5510793328285217
8900674  0.5510793328285217
8900678  0.5510793328285217
8900679  0.5510793328285217
8900680  0.5510793328285217
8900681  0.5510793328285217
8900687  0.5510793328285217
8900699  0.5510793328285217
8900700  0.5510793328285217
8900701  0.5510793328285217
8900702  0.5510793328285217
8900706  0.5510793328285217
8900707  0.5510793328285217
8900708  0.5510793328285217
8900713  0.5510793328285217
8900714  0.5510793328285217
8900715  0.5510793328285217
8900716  0.5510793328285217
8900717  0.5510793328285217
8900719  0.5510793328285217
8900721  0.5510793328285217
8400058  0.5510788559913635
8200544  0.5510776042938232
8400455  0.5510684847831726
8400611  0.5510560870170593
8400391  0.5510528087615967
8200550  0.5510488152503967
8200431  0.5510466694831848
8400399  0.551045298576355
8200536  0.5510185360908508
8200543  0.551007091999054
8200432  0.5510009527206421
7800137  0.5509986281394958
8400607  0.550984263420105
8400488  0.5509814620018005
8200522  0.5509737730026245
8200434  0.5509504079818726
8900120  0.5509500503540039
7800142  0.5509445071220398
8400457  0.5509414672851562
8900121  0.550933837890625
7800139  0.5509302616119385
8900081  0.5509217381477356
8400052  0.550921618938446
8400130  0.55091792345047
8900118  0.5509151816368103
8900122  0.5509151816368103
8200547  0.5509125590324402
8900119  0.5509086847305298
8400456  0.5508905649185181
8200413  0.5508848428726196
7800207  0.5508834719657898
8200542  0.5508827567100525
8200517  0.5508782267570496
8200539  0.5508756041526794
8200433  0.550873875617981
8200537  0.5508720874786377
7800143  0.5508608818054199
8200541  0.5508577823638916
8400484  0.550848662853241
8200532  0.5508437156677246
7800138  0.55084228515625
8400400  0.5508273243904114
8400440  0.5508272647857666
8400413  0.5508126020431519
7800140  0.5507909655570984
8200516  0.5507863163948059
8400134  0.5507854223251343
8200540  0.550783634185791
8400473  0.5507740378379822
7800224  0.5507444739341736
8400468  0.5507097244262695
7800215  0.5506648421287537
8200545  0.550607442855835
2401179  0.4658178389072418
2100113  0.28374966979026794
5800081  0.20805400609970093
2401347  0.17656363546848297
2401228  0.1741115003824234
2401348  0.1725216954946518
2401259  0.17146068811416626
3406158  0.17033565044403076
2401239  0.1695653796195984
2401256  0.16937968134880066
2401559  0.1691928654909134
2401260  0.16917641460895538
2401349  0.16900506615638733
2401242  0.16895200312137604
2401241  0.1688300520181656
2401352  0.16878816485404968
2401345  0.16875402629375458
2401255  0.16868938505649567
2401449  0.168600395321846
2401560  0.1685158759355545
2401443  0.16837430000305176
2401558  0.16831548511981964
2401593  0.16824299097061157
2401246  0.1681942194700241
2401585  0.1681923121213913
2401253  0.16804419457912445
2401261  0.1679995357990265
2401561  0.1678527146577835
2600748  0.16783936321735382
3405103  0.1678118109703064
2401570  0.167782723903656
3404074  0.16770616173744202
2401526  0.16767169535160065
2401293  0.16761468350887299
2401445  0.16753524541854858
3406150  0.16735123097896576
2401335  0.16732005774974823
2503777  0.1672968566417694
2401244  0.16726508736610413
2401569  0.16714566946029663
2401540  0.16712026298046112
2401454  0.16712012887001038
2401599  0.1670948714017868
2401557  0.16705377399921417
3401535  0.16705243289470673
2401342  0.16704526543617249
2403017  0.1670190840959549
2401613  0.16701655089855194
2600749  0.16692392528057098
2401595  0.16671939194202423
2401592  0.16663925349712372
2402999  0.1665552705526352
2401254  0.16652660071849823
2401594  0.1664033681154251
2401334  0.16635404527187347
2401265  0.16633976995944977
2401479  0.16629472374916077
2503791  0.1662730723619461
3400029  0.16627192497253418
2600747  0.16605345904827118
2401614  0.16601544618606567
2401587  0.1658986508846283
2401574  0.16587671637535095
2401340  0.1658376157283783
3403043  0.16579408943653107
2401597  0.16579067707061768
2401578  0.165654256939888
2401581  0.16559553146362305
2401329  0.16554035246372223
2401339  0.1655116230249405
2401322  0.16549398005008698
2403421  0.1654859334230423
2401575  0.165472149848938
2401588  0.16542364656925201
2401277  0.1654023677110672
3406142  0.16533517837524414
2503793  0.1653270423412323
2401327  0.16532456874847412
2401580  0.16532281041145325
2401323  0.16528940200805664
2401263  0.16525597870349884
2401292  0.16514858603477478
2401343  0.16510996222496033
2401337  0.16499467194080353
2401284  0.16485276818275452
2401490  0.1648396998643875
2401590  0.16481932997703552
2401344  0.16477622091770172
2401320  0.16473856568336487
2401591  0.1647166758775711
2401579  0.1646241545677185
2600719  0.1645742505788803
2401328  0.1644892692565918
2401584  0.16442598402500153
2401325  0.16419406235218048
2401321  0.1639864146709442
2401338  0.1639128476381302
3406166  0.16390466690063477
2401294  0.16376133263111115
2401502  0.16368281841278076
2401324  0.16338133811950684
2401247  0.16332006454467773
2401274  0.16309048235416412
2401330  0.16251356899738312
2401266  0.16249507665634155
2401268  0.1624293327331543
2401333  0.16196395456790924
2401275  0.1617775857448578
2401250  0.16163021326065063
2401278  0.1614619344472885
2401332  0.16112513840198517
2401249  0.16103792190551758
2401248  0.1608358770608902
2401283  0.160771444439888
2401269  0.16074524819850922
2401279  0.1602737158536911
2401270  0.1599746197462082
2401273  0.1596965491771698
4500163  0.1537485271692276
4500162  0.1524781435728073
3406174  0.1509130448102951
4000043  0.1508869081735611
6300202  0.14976873993873596
4000054  0.1486300230026245
3800267  0.1483546495437622
3800264  0.1480836421251297
3600070  0.14806140959262848
3600077  0.14803965389728546
3600078  0.14800800383090973
3600272  0.14796550571918488
4500155  0.14777657389640808
4500115  0.14776377379894257
4500073  0.1474551260471344
4000055  0.14744994044303894
4000056  0.1474418342113495
3600344  0.14727017283439636
3600342  0.14715439081192017
4500156  0.14715202152729034
4500108  0.1468738466501236
4500114  0.1468210071325302
3600331  0.14668580889701843
4103744  0.14650993049144745
4500116  0.14650946855545044
4500161  0.14628732204437256
4500111  0.14625072479248047
4500120  0.14611582458019257
4400040  0.14587174355983734
4500102  0.14578920602798462
4500101  0.14560817182064056
4400041  0.1453561931848526
4500110  0.14533095061779022
4500094  0.14532655477523804
4500107  0.14503972232341766
4500154  0.14503701031208038
4500122  0.1450301706790924
4500072  0.14494268596172333
4500099  0.1448385864496231
4103770  0.14482922852039337
4500100  0.14474767446517944
4400171  0.1445930451154709
4500159  0.14451530575752258
4500106  0.14448553323745728
4500109  0.14445246756076813
4303738  0.14394040405750275
4103771  0.14389583468437195
3600332  0.14379923045635223
4103773  0.14371149241924286
4400042  0.14336109161376953
4303705  0.14331486821174622
4500112  0.14326347410678864
4303740  0.14296402037143707
4500113  0.14244768023490906
3600338  0.14244428277015686
4303737  0.14226363599300385
4400170  0.1422460526227951
3600335  0.1414910852909088
6300087  0.09460346400737762
5800145  0.09368860721588135
5800296  0.09315675497055054
5800291  0.09289319813251495
5800273  0.09269804507493973
5800294  0.09243173152208328
6201159  0.09240515530109406
5800289  0.09229158610105515
5800254  0.0922531858086586
5800276  0.09224444627761841
6200060  0.09216122329235077
5800272  0.09206093847751617
6300086  0.09198391437530518
5800380  0.09177766740322113
5800300  0.09173896163702011
5800388  0.09164273738861084
5800531  0.09156906604766846
5800412  0.09149220585823059
5800306  0.09143292903900146
5800290  0.09132928401231766
5800381  0.09119930863380432
5800410  0.09119495004415512
5800279  0.09116619825363159
5800413  0.09110715240240097
5800416  0.09107905626296997
5800345  0.09100455790758133
5800415  0.09099610149860382
5800548  0.09093498438596725
5800373  0.09091746062040329
5800307  0.0908581092953682
5800382  0.09080898016691208
5800385  0.09073668718338013
5800532  0.09071461856365204
5800286  0.09071236103773117
5800314  0.09063404053449631
5800316  0.09062591940164566
5800534  0.09054931998252869
5800529  0.09045562148094177
5800414  0.09016519784927368
5800383  0.08994434773921967
6300085  0.08992569148540497
5800339  0.08990265429019928
5800411  0.08982192724943161
5800285  0.08965657651424408
5800547  0.08964632451534271
5800280  0.08963894844055176
5800333  0.08957182615995407
5800375  0.08948756754398346
5800315  0.08931002765893936
5800379  0.0890243798494339
5800528  0.08883144706487656
5800334  0.0887874960899353
5800332  0.08827940374612808
5800281  0.08810528367757797
5800419  0.08809486776590347
5800374  0.08803389966487885
2100112  0.04756885766983032
2100111  0.046829160302877426
1200119  0.0464741587638855
1100050  0.04644060879945755
1100060  0.046379249542951584
1200122  0.04612432420253754
1200125  0.046016428619623184
1100078  0.04600026458501816
1100077  0.04597773402929306
1100076  0.045976340770721436
1200164  0.04590606316924095
1200117  0.04587433859705925
1200234  0.045736465603113174
2100110  0.04572662338614464
2100104  0.045704435557127
2100087  0.04567580670118332
1200127  0.04561298340559006
1200111  0.045599959790706635
1200112  0.04559402912855148
1200148  0.045588504523038864
1200229  0.04553917422890663
1300053  0.045512404292821884
1200076  0.045494697988033295
1300044  0.045442067086696625
1200230  0.045423395931720734
1200132  0.0453622043132782
1200236  0.04531469941139221
1200130  0.045310307294130325
1200238  0.04528656229376793
1200179  0.04524247720837593
1200107  0.04520665854215622
2100086  0.04515726864337921
1200231  0.045136865228414536
1200149  0.045135367661714554
1300043  0.04512570798397064
2100072  0.04510120302438736
1200156  0.045042503625154495
1200233  0.04499303922057152
1200183  0.04494398087263107
1200178  0.044933758676052094
1200077  0.044905293732881546
2100071  0.04486461728811264
1200133  0.04472515359520912
2100106  0.04470739886164665
1200142  0.044683076441287994
1200139  0.044681064784526825
1200235  0.044658537954092026
1200155  0.04464276134967804
1200150  0.044362761080265045
1200140  0.04434917867183685
1200141  0.044302355498075485
1200105  0.04426813870668411
1200103  0.04425257444381714
1200145  0.044220179319381714
1300042  0.044216640293598175
1300041  0.044163599610328674
1200151  0.04413193091750145
