4303737  0.5034102201461792
2401261  0.5033560395240784
2400908  0.5031396746635437
2401502  0.5030055642127991
5800379  0.5028350949287415
1200238  0.5027169585227966
2400853  0.5025673508644104
2401263  0.502566933631897
2401599  0.5025520920753479
2401569  0.502225935459137
1200179  0.5021498799324036
2401247  0.5020360350608826
2401558  0.5017738342285156
2401443  0.5016997456550598
5800388  0.5016335248947144
2401445  0.5016184449195862
2401597  0.501539945602417
1200164  0.5014284253120422
5800380  0.5014232397079468
2401323  0.5013411641120911
2401278  0.5013225078582764
2400924  0.501269519329071
2401343  0.5011802911758423
1200103  0.5011559724807739
5800373  0.5011258125305176
1100077  0.501125156879425
2400949  0.5008812546730042
2401348  0.5008658170700073
5600873  0.5007303357124329
2401158  0.5006861686706543
2400946  0.5006688833236694
2400927  0.5006532669067383
2401330  0.5006189346313477
5800374  0.500584065914154
2401269  0.500546932220459
2400890  0.5003324151039124
2401292  0.5002999901771545
2400941  0.500268280506134
1200229  0.5002628564834595
4303705  0.5000554323196411
2400906  0.5000526309013367
2401479  0.5000371336936951
2401344  0.4999208450317383
2401349  0.4998885691165924
3406150  0.49988535046577454
2401588  0.49986353516578674
2401557  0.4998612701892853
1200230  0.499738484621048
2401270  0.4997163712978363
2401260  0.4997069239616394
2401579  0.49969810247421265
2401574  0.4996531009674072
2401592  0.4996274411678314
2400871  0.4996238946914673
1100050  0.4996044337749481
2400888  0.49959060549736023
4103771  0.4993510842323303
2401526  0.49934497475624084
2400886  0.49934449791908264
2401593  0.49926674365997314
2400925  0.499248206615448
2400899  0.4992397725582123
2401449  0.49922484159469604
2401256  0.4991758465766907
3406158  0.49906447529792786
2401575  0.49901044368743896
2400926  0.4989635944366455
2100137  0.49892622232437134
2401454  0.4989157021045685
2401352  0.4988957643508911
2401591  0.4988923966884613
2401246  0.49876636266708374
2400851  0.4987550377845764
2100113  0.4987490475177765
1200183  0.4987202286720276
2401266  0.4986986517906189
2400955  0.49857616424560547
2400850  0.4985395669937134
2401250  0.4985356330871582
8400392  0.4985165596008301
2401329  0.49850139021873474
6201159  0.49848249554634094
2401277  0.4984363615512848
2401283  0.4983542561531067
2401255  0.4982847571372986
2401590  0.49827125668525696
5800385  0.49820923805236816
7600072  0.4981980621814728
2100110  0.498177170753479
2100136  0.4981738030910492
2401578  0.4981636106967926
2401581  0.49812132120132446
2401560  0.49810680747032166
2400861  0.498088538646698
2401274  0.49807068705558777
1200178  0.498065710067749
3406166  0.4979836344718933
2400907  0.49797558784484863
2401613  0.4978856146335602
4303738  0.49780595302581787
2100071  0.4977879524230957
1200234  0.4976838231086731
2401540  0.4972819685935974
4303740  0.4972667694091797
2401273  0.4972480237483978
4103770  0.49724435806274414
8900715  0.497239351272583
2400943  0.4972263276576996
2401338  0.49720901250839233
8900601  0.4971684515476227
2401322  0.49709197878837585
2401333  0.49708256125450134
1200235  0.4970688819885254
2401328  0.49700769782066345
5800375  0.49696600437164307
2401147  0.4969530999660492
2400141  0.49691352248191833
2401595  0.4969131648540497
2401585  0.4968787431716919
2100111  0.49686944484710693
7600086  0.496866911649704
5800383  0.4968413710594177
5600071  0.49681124091148376
2401130  0.4967843294143677
2401342  0.496661514043808
2401249  0.496650755405426
2400898  0.49663275480270386
2401265  0.49663016200065613
4103773  0.49661076068878174
2401241  0.49654045701026917
5800254  0.496488481760025
2100072  0.49647045135498047
5800410  0.49645429849624634
2401490  0.49644699692726135
2400881  0.49639129638671875
8900700  0.4963826835155487
8900562  0.496377557516098
2401332  0.496370404958725
2401594  0.4963228106498718
2401324  0.49631810188293457
2401259  0.4962881803512573
2401248  0.4962841868400574
2401284  0.4961945712566376
2400883  0.49615976214408875
8400413  0.49615278840065
2401320  0.4961486756801605
2401294  0.4961424469947815
2401244  0.49612873792648315
2400935  0.496114045381546
5800332  0.4961010217666626
2401293  0.49609890580177307
2401561  0.49607521295547485
5800345  0.4960502088069916
4500115  0.4960296154022217
2401279  0.49601808190345764
2100135  0.49600669741630554
2401570  0.4959415793418884
2401239  0.49591144919395447
2503793  0.49591028690338135
4800121  0.49590277671813965
3405103  0.49586889147758484
3406174  0.4958195388317108
2401321  0.4957946836948395
2401347  0.4957915246486664
8900128  0.4957820773124695
8400468  0.4957226514816284
5600067  0.4957084357738495
5800290  0.49570232629776
2400288  0.4956866204738617
8900358  0.49565383791923523
2400923  0.4956483840942383
1200141  0.4956473410129547
2401584  0.4956440031528473
3406142  0.4955675005912781
2401242  0.4955253601074219
3401535  0.49550697207450867
2401559  0.49550434947013855
2401345  0.49548402428627014
8400484  0.49547863006591797
4500102  0.4954560399055481
2401580  0.4954056143760681
2401587  0.4953530728816986
4800118  0.4953111708164215
8900357  0.4952844977378845
2401253  0.49527183175086975
8200539  0.4951903522014618
2100087  0.4951457679271698
5800315  0.49514511227607727
2401254  0.49511298537254333
2401268  0.4950685501098633
2400934  0.4950648248195648
2400198  0.4950507879257202
5800273  0.4950188398361206
1200231  0.49499762058258057
3404074  0.4949524700641632
1200233  0.49494844675064087
7600100  0.4949069321155548
6300450  0.49489372968673706
5800316  0.49479785561561584
5600573  0.4947644770145416
2401340  0.4946909546852112
1200077  0.49468785524368286
7300083  0.49466079473495483
8900359  0.49464526772499084
7600077  0.49463599920272827
1200236  0.49460864067077637
2401133  0.49460524320602417
5800529  0.49456676840782166
5800382  0.4945479929447174
4103744  0.4944800138473511
5500034  0.49446696043014526
5800081  0.49437999725341797
8900409  0.4943089187145233
2401136  0.49430832266807556
2401327  0.49430111050605774
8900586  0.4942946434020996
1200139  0.4942602217197418
7800207  0.49425676465034485
7300112  0.4942567050457001
8900591  0.4942096471786499
8200413  0.49418193101882935
5800339  0.49416354298591614
2400884  0.4941468834877014
5800080  0.49399638175964355
5800279  0.49396827816963196
8200434  0.4939291477203369
2401178  0.4938984215259552
8900563  0.49387651681900024
2400218  0.4938599169254303
5600051  0.49385866522789
4500168  0.4937715530395508
2401337  0.49374842643737793
1100076  0.49369901418685913
4500170  0.49368518590927124
5800534  0.4936370849609375
5800285  0.493612676858902
7300162  0.4935796856880188
5800061  0.4935174286365509
2400256  0.49347633123397827
2400831  0.49346157908439636
8400399  0.4934152066707611
5600599  0.4933561682701111
3600342  0.49331775307655334
5600148  0.4932686686515808
4500110  0.49324965476989746
5600056  0.49322766065597534
2100044  0.49321240186691284
3600331  0.4932120740413666
5600149  0.4931718111038208
4500179  0.49316707253456116
8900348  0.49314579367637634
2401228  0.4931456744670868
1300044  0.4931206703186035
2403421  0.49307581782341003
4000056  0.49306851625442505
3600272  0.49305957555770874
4500072  0.4930409789085388
7800138  0.4930286407470703
8900290  0.4929657578468323
2600719  0.49293801188468933
1200148  0.4929310083389282
4500155  0.4929253160953522
3600070  0.49284034967422485
8900119  0.49284011125564575
7600131  0.492801308631897
2503777  0.492744117975235
5600143  0.49271413683891296
8900714  0.4926413297653198
5600601  0.4926340579986572
3600078  0.4926333427429199
7800139  0.49262791872024536
2401339  0.4925961494445801
5800300  0.4925624132156372
5500030  0.4925481379032135
8200517  0.4925250709056854
4500112  0.4925048053264618
1200142  0.49249231815338135
2401156  0.4924543499946594
3403043  0.492410808801651
8900583  0.49227118492126465
6300203  0.4922597408294678
7300113  0.49225014448165894
2401325  0.49222901463508606
8400473  0.49220114946365356
8900272  0.49217528104782104
7300114  0.49215438961982727
8400457  0.49215126037597656
8900721  0.49214062094688416
4000055  0.4921027719974518
8900674  0.49206316471099854
5800306  0.49204352498054504
7600087  0.49201032519340515
8200544  0.49197664856910706
7800101  0.49194133281707764
5600141  0.4919099807739258
4600114  0.49189257621765137
2100086  0.4918763041496277
8900597  0.49185910820961
8200536  0.49185866117477417
5800415  0.49185842275619507
6300087  0.49182426929473877
2400379  0.4918172359466553
8900702  0.4917435050010681
5800531  0.49172037839889526
7300082  0.4917014539241791
8200540  0.49166688323020935
1200125  0.4916585385799408
2100104  0.49165529012680054
2401614  0.49165409803390503
1200156  0.4916495978832245
8900575  0.4916069507598877
7300107  0.4916013181209564
7600253  0.4915964603424072
4400042  0.4915928244590759
5800079  0.49156397581100464
5600147  0.49155551195144653
8400455  0.49147987365722656
6300726  0.49144798517227173
7500606  0.4914454519748688
2503791  0.49142447113990784
4500107  0.4914132058620453
4400040  0.4914119243621826
5500041  0.4913831353187561
8200432  0.491372674703598
8400391  0.491365522146225
8200545  0.4913644790649414
2401275  0.49135106801986694
8900273  0.4913237392902374
2401179  0.4913177490234375
5800294  0.49130934476852417
1200132  0.49120497703552246
4000043  0.4912036061286926
4900058  0.49119871854782104
1200127  0.49119657278060913
3800264  0.4910830557346344
8900719  0.49107080698013306
5600068  0.49105304479599
4400170  0.49105292558670044
7600185  0.4910288453102112
5800381  0.49101561307907104
2400115  0.49101555347442627
5800412  0.49100807309150696
1100060  0.4909800887107849
1200149  0.4909787178039551
7300109  0.4909684956073761
5600157  0.49094894528388977
4500116  0.49093085527420044
1300041  0.49091050028800964
7600127  0.490903377532959
4500111  0.49088555574417114
5600572  0.49086660146713257
7600062  0.49085506796836853
2401334  0.4908037781715393
5800532  0.49080032110214233
8400607  0.4907931983470917
2100112  0.4907563328742981
8900608  0.4907529354095459
4500108  0.49072787165641785
5800416  0.49072566628456116
4400041  0.4907028377056122
8900587  0.49068790674209595
8200430  0.4906670153141022
1200105  0.49066534638404846
2400097  0.49063441157341003
7800136  0.49058523774147034
8900118  0.4905800521373749
8200543  0.4905257821083069
4500154  0.49050313234329224
2403017  0.49049726128578186
4500100  0.4904917776584625
1300042  0.49049124121665955
5800289  0.49048683047294617
7600103  0.4904760420322418
8900561  0.4904659688472748
8900708  0.49045121669769287
7300110  0.49044954776763916
6300204  0.4904177784919739
6300085  0.49038562178611755
6300202  0.49036216735839844
7800140  0.4903571307659149
8400456  0.4903477728366852
2401335  0.4903455376625061
1100078  0.4902765452861786
7600193  0.4902765452861786
7800224  0.49026885628700256
8900589  0.49026238918304443
4500161  0.4902576804161072
4600115  0.4902491569519043
2400914  0.49023687839508057
8900707  0.4902145266532898
5800411  0.4902065098285675
3400029  0.4902030825614929
7800215  0.4901779890060425
8900588  0.4901139438152313
8200547  0.4901110827922821
5600074  0.49010300636291504
8900596  0.4900977909564972
6300043  0.4900817573070526
2400237  0.4900757074356079
5800063  0.49007076025009155
3600077  0.490061491727829
3600335  0.49005669355392456
8900120  0.48999783396720886
6300086  0.4899894595146179
8900081  0.489974707365036
7600175  0.48994317650794983
8900582  0.48993784189224243
7600071  0.489884614944458
4500094  0.48988187313079834
2400128  0.48985591530799866
5800548  0.48984235525131226
4500106  0.48984137177467346
1200122  0.48978376388549805
7600126  0.4897480905056
8900573  0.489745169878006
8900123  0.4897121787071228
8900713  0.48970264196395874
5600153  0.48967936635017395
5600600  0.48964837193489075
8900122  0.48961910605430603
5600050  0.48955345153808594
1300043  0.48955240845680237
8200542  0.48954740166664124
8400130  0.4895443022251129
5600146  0.48951584100723267
7600099  0.48948368430137634
8900706  0.4894782602787018
1200076  0.4894270896911621
8900680  0.48938924074172974
4500120  0.4893749952316284
8900277  0.48935753107070923
7600194  0.489296555519104
2402999  0.4892849326133728
5800296  0.4891948699951172
1200140  0.48913073539733887
4800131  0.4891071319580078
8900578  0.48908647894859314
2400179  0.48906660079956055
8900574  0.48906460404396057
8900699  0.48905956745147705
2100106  0.48903366923332214
1200151  0.48902446031570435
5600580  0.48902177810668945
4500122  0.48899519443511963
5800286  0.48894304037094116
1200117  0.48893141746520996
7500601  0.4888935685157776
7600069  0.48888006806373596
8900611  0.4888495206832886
2400277  0.4888257682323456
4800132  0.4887913465499878
8900717  0.48877596855163574
4500073  0.48874345421791077
7300106  0.4886840581893921
2600748  0.488671213388443
2100046  0.48863083124160767
7600098  0.4885657727718353
2400160  0.48855018615722656
5600151  0.48853960633277893
5600574  0.4884878695011139
5800314  0.48846206068992615
1200133  0.4884544909000397
5600578  0.488447368144989
5800145  0.4884350299835205
8900701  0.48842889070510864
8400400  0.4884243309497833
4500180  0.48835813999176025
4500114  0.4883171021938324
4500162  0.4882158041000366
5800333  0.48821574449539185
7600073  0.488166481256485
6300289  0.4881245493888855
5600145  0.48807036876678467
4500101  0.48802539706230164
8200522  0.48802027106285095
5800528  0.48801347613334656
4500113  0.48800426721572876
7600063  0.4879705011844635
8900607  0.48795056343078613
4400171  0.48793840408325195
5600144  0.48793143033981323
7800143  0.48791995644569397
7600078  0.4879196286201477
1300053  0.487900048494339
7800137  0.4878699779510498
8200516  0.48776546120643616
3600338  0.48774340748786926
8900602  0.48766928911209106
8400058  0.48765748739242554
1200112  0.48764604330062866
7800134  0.48760777711868286
5800413  0.4875844717025757
7600070  0.4875761866569519
7800133  0.4874982237815857
4500099  0.4874635338783264
8900681  0.4874472916126251
8900406  0.4874405562877655
7300108  0.4873944818973541
5800291  0.4873301088809967
5800281  0.4873286783695221
4500169  0.48727014660835266
5600150  0.48725593090057373
3600344  0.4872320592403412
5600577  0.48722243309020996
7500607  0.4871451258659363
4500159  0.4871038794517517
5800307  0.4871033728122711
7800135  0.4869961440563202
7600074  0.48698604106903076
8200532  0.48694390058517456
2600747  0.48691824078559875
4500109  0.48683786392211914
8400052  0.4868326783180237
1200111  0.4867573082447052
8900576  0.48670467734336853
8400134  0.48669540882110596
4500164  0.4866034686565399
8900618  0.4865623712539673
8900678  0.4865352511405945
7600195  0.4865267276763916
2600749  0.4865153133869171
7600089  0.48649173974990845
8400440  0.4864695966243744
8900361  0.48637428879737854
3600332  0.4861593246459961
2400285  0.4861498475074768
5700053  0.486141175031662
7800142  0.4860686659812927
5600598  0.4860507547855377
5800280  0.48603859543800354
4500156  0.4860283434391022
5800419  0.48599308729171753
8900121  0.4859159588813782
5800547  0.48582589626312256
8900679  0.4857950508594513
8200541  0.4857209026813507
8900687  0.48563024401664734
8200433  0.48561957478523254
5800062  0.48557931184768677
1200155  0.48554614186286926
8200550  0.4855150282382965
8200537  0.4855120778083801
4000054  0.4855009615421295
5600611  0.48546287417411804
7800117  0.4854288101196289
5600616  0.48534590005874634
1200150  0.4852461814880371
8900564  0.4852146506309509
5800414  0.4850424826145172
4600116  0.4850236475467682
5800272  0.48490992188453674
7300171  0.4848368167877197
5600047  0.48476940393447876
7600252  0.48459404706954956
5800334  0.48453280329704285
1200119  0.4844702482223511
7800099  0.4843214452266693
4500163  0.48419782519340515
7600068  0.484108567237854
8400488  0.4840785562992096
8900598  0.4839663505554199
1200130  0.4837883710861206
8900577  0.4837324321269989
8200431  0.4834666848182678
8400611  0.48323673009872437
6200060  0.48314806818962097
7300111  0.48309585452079773
7800115  0.48308396339416504
1200145  0.4829842150211334
3800267  0.48268723487854004
4900057  0.4823364317417145
8900716  0.480741411447525
5800276  0.48004698753356934
1200107  0.4797693192958832
