2300820  0.7023026943206787
2300822  0.6763153076171875
2300821  0.663916826248169
2300888  0.5316426753997803
1201164  0.5303528904914856
1201148  0.5278454422950745
2300889  0.5142005085945129
1801123  0.5120275616645813
1201159  0.5061790347099304
2300891  0.5054024457931519
2300738  0.5029646158218384
1801117  0.5014294385910034
2300687  0.5006533265113831
2300890  0.5001062154769897
2300743  0.4964558184146881
2300645  0.49484387040138245
1801115  0.4948028326034546
2300112  0.49324801564216614
2101361  0.49323201179504395
1201157  0.4875972867012024
2300893  0.4869162142276764
1801116  0.4845489263534546
2101348  0.48311689496040344
1201163  0.4828188121318817
1201160  0.4825860559940338
2101355  0.48233863711357117
1201150  0.47842204570770264
2101333  0.47795072197914124
1201151  0.47599658370018005
2101356  0.474857360124588
1201161  0.4742596447467804
2300646  0.473532110452652
2101334  0.4712289273738861
2300214  0.47107169032096863
2300113  0.4701077342033386
2300196  0.4690750539302826
2300767  0.4684818685054779
2300735  0.4682636559009552
1201172  0.46725040674209595
1801130  0.4670576751232147
2300713  0.46630945801734924
2301009  0.46628105640411377
2300551  0.4660891890525818
2300771  0.46580252051353455
2101357  0.4657459557056427
2300689  0.4654754102230072
2300694  0.46268272399902344
1201149  0.4624062478542328
2300604  0.4620538651943207
2300589  0.46184271574020386
2300710  0.4611664116382599
2300747  0.4603804051876068
2300717  0.45977601408958435
2300711  0.45925477147102356
2300552  0.4590466320514679
2300592  0.4582076370716095
2300721  0.4573829770088196
1801131  0.45538148283958435
2300547  0.45506978034973145
1201158  0.4541108310222626
2300582  0.4538309574127197
2301004  0.4535565972328186
2300756  0.4526214599609375
2300566  0.4525609016418457
2300536  0.452513188123703
2300220  0.4510529935359955
2300558  0.45011410117149353
2301007  0.45005106925964355
2300596  0.4500177800655365
2300655  0.44991815090179443
2301006  0.4492948353290558
2101341  0.4464913010597229
2300697  0.4464784264564514
2101335  0.4458480179309845
2300684  0.4457097053527832
2300714  0.4450683891773224
2300535  0.44465750455856323
2300578  0.44438931345939636
2300543  0.443799763917923
2300114  0.4435684084892273
2300583  0.44303494691848755
2300111  0.44294053316116333
2300218  0.442809134721756
1201171  0.4421526789665222
2300584  0.44185638427734375
2300723  0.4416946470737457
2300720  0.44162777066230774
2300217  0.4407176375389099
2300586  0.4403431713581085
2300730  0.43798360228538513
2300745  0.4378633499145508
2300654  0.4375476837158203
2300727  0.4368084669113159
2300559  0.4363866448402405
2300215  0.4360819160938263
2300734  0.4356025755405426
2301008  0.435347318649292
2300755  0.43504607677459717
2300732  0.4324449300765991
2300115  0.4315488934516907
2300597  0.43060171604156494
2300602  0.4303777515888214
2300213  0.4301910996437073
2300683  0.4299633800983429
2301003  0.4298318028450012
2300594  0.4286542236804962
2300719  0.4285494089126587
2300548  0.4283994436264038
2300561  0.42823535203933716
2300591  0.4280170202255249
2101349  0.42716342210769653
2300708  0.426564484834671
2300722  0.4248623549938202
2300545  0.42418521642684937
2300593  0.4241236746311188
2300579  0.42347705364227295
2300216  0.4227229952812195
2300542  0.4216926097869873
2300585  0.4211525022983551
2300737  0.4207967221736908
2300567  0.4195212721824646
2301005  0.4190789461135864
2300563  0.4174268841743469
2300748  0.4155161678791046
2300539  0.41487136483192444
2300588  0.40937843918800354
2300581  0.405330091714859
2300562  0.4040107727050781
2300750  0.4036768674850464
2300541  0.4020061194896698
