5000020  1.0
5200067  1.0
5200068  1.0
6900072  1.0
6900077  1.0
7900035  1.0
8300075  1.0
8300076  1.0
8300078  1.0
8300079  1.0
8300080  1.0
8300081  1.0
8300083  1.0
8300084  1.0
8300095  1.0
8300096  1.0
8300099  1.0
9500251  1.0
9500252  1.0
9500253  1.0
9500254  1.0
9500255  1.0
9500256  1.0
8300057  0.9976415094339622
10200134  0.9963636363636363
3700029  0.9947089947089947
3700024  0.9902439024390244
4800021  0.9722222222222222
4800022  0.9722222222222222
8800080  0.9722222222222222
8800081  0.9722222222222222
3700014  0.9672897196261683
3700021  0.9672897196261683
8300111  0.9669421487603306
8300112  0.9669421487603306
8300118  0.9669421487603306
3700016  0.9667458432304038
3700017  0.9667458432304038
7800035  0.9591836734693877
7600044  0.9572649572649573
9700094  0.9561200923787528
7400024  0.9504132231404958
7400025  0.9504132231404958
7900037  0.9504132231404958
1800020  0.9495412844036697
1800021  0.9495412844036697
1800022  0.9495412844036697
2700015  0.9482758620689655
7900038  0.9482758620689655
7900039  0.9482758620689655
1800015  0.9476190476190476
1800016  0.9476190476190476
9700223  0.9454545454545454
9700224  0.9454545454545454
7300032  0.9440559440559441
7300043  0.9440559440559441
8800079  0.9440559440559441
10200129  0.9417808219178082
10200130  0.9417808219178082
10200131  0.9417808219178082
7900034  0.9407894736842105
4800025  0.9407665505226481
8800078  0.9407665505226481
8300041  0.9389830508474576
9700175  0.9380530973451328
2300019  0.9375
6400056  0.9375
6400057  0.9375
6400058  0.9375
7300039  0.9375
7300040  0.9375
9700086  0.9347826086956522
7600022  0.9320987654320988
7600023  0.9320987654320988
6500023  0.9310344827586207
6500024  0.9310344827586207
8300049  0.9285714285714286
3600014  0.9266666666666666
3600015  0.9266666666666666
3600016  0.9266666666666666
6900046  0.9210526315789473
6900047  0.9210526315789473
1900021  0.9185185185185185
1900057  0.9185185185185185
6100030  0.9172932330827068
9700172  0.9172932330827068
7400042  0.9166666666666666
6900057  0.9157894736842105
6900059  0.9157894736842105
6900062  0.9157894736842105
6900064  0.9157894736842105
7000020  0.9157894736842105
7000024  0.9157894736842105
7000025  0.9157894736842105
7000026  0.9157894736842105
7900033  0.9151515151515152
5200018  0.915
1800014  0.9144144144144144
1800017  0.9144144144144144
4600036  0.9121621621621622
4600037  0.9121621621621622
9000075  0.9121621621621622
9000076  0.9121621621621622
1400016  0.9117647058823529
8700035  0.9102990033222591
2300013  0.9060402684563759
2300014  0.9060402684563759
2300015  0.9060402684563759
2300016  0.9060402684563759
6400039  0.9060402684563759
6400040  0.9060402684563759
6400041  0.9060402684563759
6400042  0.9060402684563759
1400015  0.9058441558441559
1400018  0.9058441558441559
7600025  0.9041916167664671
7600026  0.9041916167664671
7600027  0.9041916167664671
7600028  0.9041916167664671
7600031  0.9024390243902439
7600033  0.9024390243902439
1900054  0.8985507246376812
7400021  0.8984375
7400027  0.8984375
7400028  0.8984375
7400029  0.8984375
7400030  0.8984375
7400033  0.8984375
7400035  0.8984375
7400036  0.8984375
7300024  0.8980263157894737
7300025  0.8980263157894737
7400039  0.8976377952755905
9700098  0.8976377952755905
1800011  0.8953488372093024
7400047  0.8943089430894309
7400048  0.8943089430894309
1900031  0.8923076923076922
7300021  0.892156862745098
7300022  0.892156862745098
7300023  0.892156862745098
7300036  0.892156862745098
4800015  0.8910891089108911
4800016  0.8910891089108911
4800017  0.8910891089108911
4800018  0.8910891089108911
1900050  0.8857142857142857
6100034  0.8857142857142857
1900028  0.883248730964467
9700196  0.8831168831168831
9000072  0.8823529411764706
9000070  0.8794788273615635
1900024  0.8743718592964824
8300053  0.8740740740740741
1900046  0.8732394366197183
10401147  0.8721804511278195
9000066  0.8709677419354839
10401116  0.8709677419354839
4500025  0.8695652173913043
4500026  0.8695652173913043
4500027  0.8695652173913043
6900045  0.8695652173913043
7300028  0.869198312236287
9000056  0.86875
9600100  0.8645833333333334
9600102  0.8645833333333334
9600104  0.8645833333333334
9600106  0.8645833333333334
9600110  0.8645833333333334
4600052  0.864321608040201
4600053  0.864321608040201
1600014  0.8625
9600094  0.8615916955017301
9600096  0.8615916955017301
9600098  0.8615916955017301
6100017  0.8611111111111112
6100018  0.8611111111111112
6100019  0.8611111111111112
9700135  0.8604651162790697
9600080  0.8600682593856656
9600082  0.8600682593856656
9600084  0.8600682593856656
9600086  0.8600682593856656
9600088  0.8600682593856656
9600090  0.8600682593856656
9600092  0.8600682593856656
6400048  0.8584070796460177
6400049  0.8584070796460177
9600076  0.8571428571428572
9700180  0.8571428571428572
10401515  0.8565400843881856
9000065  0.85625
9700129  0.8561643835616438
9700130  0.8561643835616438
9700131  0.8561643835616438
9700132  0.8561643835616438
9700140  0.8561643835616438
9000051  0.8545454545454545
9000052  0.8545454545454545
1600029  0.8529411764705882
1600030  0.8529411764705882
1600031  0.8529411764705882
1600034  0.8529411764705882
1600035  0.8529411764705882
1600036  0.8529411764705882
1600037  0.8529411764705882
1600038  0.8529411764705882
1600039  0.8529411764705882
1600040  0.8529411764705882
1600041  0.8529411764705882
1600045  0.8529411764705882
1600046  0.8529411764705882
1600047  0.8529411764705882
1600048  0.8529411764705882
1600049  0.8529411764705882
1600050  0.8529411764705882
1600051  0.8529411764705882
1600052  0.8529411764705882
1600056  0.8529411764705882
1600057  0.8529411764705882
1600058  0.8529411764705882
1600059  0.8529411764705882
1600060  0.8529411764705882
1600061  0.8529411764705882
1600062  0.8529411764705882
1600063  0.8529411764705882
1600064  0.8529411764705882
1300024  0.8491228070175438
7900025  0.8491228070175438
7900026  0.8491228070175438
7900029  0.8491228070175438
7900030  0.8491228070175438
6400087  0.848780487804878
6400088  0.848780487804878
6900054  0.848780487804878
6900055  0.848780487804878
6900056  0.848780487804878
1900020  0.8446601941747574
4500030  0.843558282208589
6900109  0.843558282208589
1400013  0.8408408408408409
1400014  0.8408408408408409
1400019  0.8408408408408409
9600069  0.8406466512702079
9600070  0.8406466512702079
9600074  0.8406466512702079
8100088  0.8368983957219251
7100032  0.8364485981308412
6600024  0.8344988344988344
7700063  0.8344988344988344
8800093  0.83
8800095  0.83
9700156  0.8293216630196937
5200065  0.828125
5200066  0.828125
4600044  0.8277511961722488
4600045  0.8277511961722488
6900071  0.8273809523809523
5800017  0.8270676691729324
5800019  0.8270676691729324
5800021  0.8270676691729324
5800022  0.8270676691729324
5800023  0.8270676691729324
2700013  0.8266932270916334
4600028  0.8266932270916334
4600029  0.8266932270916334
6400029  0.8266932270916334
6400030  0.8266932270916334
6500018  0.8266932270916334
6500019  0.8266932270916334
6500020  0.8266932270916334
8800089  0.8266932270916334
8800090  0.8266932270916334
8800091  0.8266932270916334
9600059  0.8247191011235955
5400041  0.8223684210526316
6400053  0.8217821782178218
4500021  0.8208661417322834
4500022  0.8208661417322834
6900036  0.8208661417322834
6900037  0.8208661417322834
6900038  0.8208661417322834
6900041  0.8199152542372882
6900042  0.8199152542372882
8800099  0.8199152542372882
8800106  0.8199152542372882
8800107  0.8199152542372882
6400062  0.8199052132701422
6400063  0.8199052132701422
6400064  0.8199052132701422
5200015  0.8192419825072886
5200138  0.8192419825072886
7800047  0.8169291338582677
6900079  0.8164556962025317
2400072  0.8147368421052632
8300045  0.8076190476190477
2400045  0.8
8100104  0.8
8800071  0.7996146435452793
8800074  0.7996146435452793
1900011  0.7981651376146789
1900013  0.7981651376146789
1900016  0.7981651376146789
7500039  0.7980769230769231
2900018  0.7978947368421052
2900022  0.7978947368421052
4600040  0.7965451055662188
8800066  0.7965451055662188
8800068  0.7965451055662188
1700037  0.7952286282306162
6400052  0.7950191570881227
1700025  0.7924901185770751
7800051  0.7857142857142857
8100077  0.7857142857142857
9700090  0.7846715328467153
1100009  0.7844990548204158
1100012  0.7844990548204158
2500019  0.7844990548204158
2500020  0.7844990548204158
2500021  0.7844990548204158
2500022  0.7844990548204158
2500023  0.7844990548204158
2500024  0.7844990548204158
2500025  0.7844990548204158
2500026  0.7844990548204158
2500031  0.7844990548204158
2500032  0.7844990548204158
2500037  0.7844990548204158
2500041  0.7844990548204158
2500044  0.7844990548204158
5300020  0.7844990548204158
5300021  0.7844990548204158
5300023  0.7844990548204158
5300024  0.7844990548204158
5300028  0.7844990548204158
5300035  0.7844990548204158
5600017  0.7844990548204158
5600018  0.7844990548204158
5600019  0.7844990548204158
6200018  0.7844990548204158
6200019  0.7844990548204158
6200021  0.7844990548204158
6200022  0.7844990548204158
6200023  0.7844990548204158
7500038  0.7844990548204158
7800040  0.7844990548204158
7800041  0.7844990548204158
7800043  0.7844990548204158
7800045  0.7844990548204158
7800046  0.7844990548204158
8800059  0.7844990548204158
8100095  0.7834549878345498
8100096  0.7834549878345498
8100097  0.7834549878345498
8100098  0.7834549878345498
6900091  0.783427495291902
1000007  0.7815442561205272
7800059  0.7815442561205272
7800065  0.7815442561205272
1700011  0.7811320754716982
1700015  0.7811320754716982
1700016  0.7811320754716982
1700017  0.7811320754716982
1700018  0.7811320754716982
4600032  0.7802197802197802
6400033  0.7802197802197802
6400034  0.7802197802197802
6400035  0.7802197802197802
1700041  0.7801556420233463
2600018  0.7801556420233463
4600068  0.7800751879699248
2600013  0.7786407766990291
2600014  0.7786407766990291
2600015  0.7786407766990291
7800061  0.7786407766990291
7800068  0.7786407766990291
2900031  0.7771535580524345
7800036  0.7771535580524345
8100072  0.7756410256410257
8100076  0.7756410256410257
5500032  0.7754010695187166
1700029  0.7743589743589744
8800116  0.7724550898203593
2900027  0.7676950998185118
7800034  0.7676950998185118
8100084  0.7665903890160183
8100092  0.7665903890160183
8300030  0.7491289198606272
9700144  0.7491289198606272
9700145  0.7491289198606272
9700152  0.7491289198606272
8300027  0.738831615120275
8300028  0.738831615120275
8300029  0.738831615120275
8300034  0.738831615120275
9700067  0.7198581560283688
9700053  0.7131011608623549
9700054  0.7131011608623549
9700055  0.7131011608623549
9700056  0.7131011608623549
9700057  0.7131011608623549
9700058  0.7131011608623549
9700059  0.7131011608623549
9700060  0.7131011608623549
9700061  0.7131011608623549
9700066  0.7131011608623549
2800049  0.6935483870967742
5500017  0.6935483870967742
5500018  0.6935483870967742
5500020  0.6935483870967742
5500021  0.6935483870967742
5500022  0.6935483870967742
5500023  0.6935483870967742
5500026  0.6935483870967742
5500028  0.6935483870967742
2800017  0.6913183279742765
2800018  0.6913183279742765
2800019  0.6913183279742765
2800020  0.6913183279742765
2800021  0.6913183279742765
2800031  0.6913183279742765
2800033  0.6913183279742765
2800034  0.6913183279742765
2800035  0.6913183279742765
2800036  0.6913183279742765
2800037  0.6913183279742765
2800039  0.6913183279742765
2800040  0.6913183279742765
2800041  0.6913183279742765
2800046  0.6913183279742765
2800052  0.6913183279742765
2800053  0.6913183279742765
2800054  0.6913183279742765
2800055  0.6913183279742765
10400822  0.6757493188010899
5400018  0.6674259681093394
5400019  0.6674259681093394
5400026  0.6674259681093394
5400027  0.6674259681093394
5400032  0.6674259681093394
2800013  0.6584992343032159
5200078  0.6451612903225806
2000037  0.637904468412943
10400927  0.6374807987711213
6800030  0.6365054602184088
7100039  0.6365054602184088
8200047  0.6365054602184088
8400083  0.6365054602184088
8400084  0.6365054602184088
9800105  0.6365054602184088
9800108  0.6365054602184088
9800117  0.6365054602184088
9800118  0.6365054602184088
9800131  0.6365054602184088
2000025  0.636094674556213
1200015  0.6351550960118169
2100012  0.6351550960118169
2100015  0.6351550960118169
2400076  0.6351550960118169
2400080  0.6351550960118169
2400081  0.6351550960118169
2500013  0.6351550960118169
2900013  0.6351550960118169
4500015  0.6351550960118169
4500018  0.6351550960118169
4600072  0.6351550960118169
4600073  0.6351550960118169
5300015  0.6351550960118169
5400016  0.6351550960118169
5400017  0.6351550960118169
5400023  0.6351550960118169
6700024  0.6351550960118169
6700028  0.6351550960118169
6700030  0.6351550960118169
6700031  0.6351550960118169
6700032  0.6351550960118169
6700040  0.6351550960118169
6700044  0.6351550960118169
6700049  0.6351550960118169
6700053  0.6351550960118169
6700055  0.6351550960118169
6700059  0.6351550960118169
6700063  0.6351550960118169
6700064  0.6351550960118169
6700066  0.6351550960118169
6900020  0.6351550960118169
6900024  0.6351550960118169
6900026  0.6351550960118169
6900027  0.6351550960118169
6900031  0.6351550960118169
6900032  0.6351550960118169
6900033  0.6351550960118169
7200049  0.6351550960118169
7200050  0.6351550960118169
7200051  0.6351550960118169
7200053  0.6351550960118169
7200058  0.6351550960118169
7200061  0.6351550960118169
7200064  0.6351550960118169
7200075  0.6351550960118169
7200076  0.6351550960118169
7200077  0.6351550960118169
7200084  0.6351550960118169
7200085  0.6351550960118169
7200086  0.6351550960118169
7200089  0.6351550960118169
7200093  0.6351550960118169
7200111  0.6351550960118169
7200112  0.6351550960118169
7200113  0.6351550960118169
7800023  0.6351550960118169
7800024  0.6351550960118169
7800027  0.6351550960118169
7800028  0.6351550960118169
7800029  0.6351550960118169
7800030  0.6351550960118169
8100037  0.6351550960118169
8100039  0.6351550960118169
8100041  0.6351550960118169
8100042  0.6351550960118169
8100043  0.6351550960118169
8100046  0.6351550960118169
8100052  0.6351550960118169
8100054  0.6351550960118169
8100056  0.6351550960118169
8100060  0.6351550960118169
8700033  0.6351550960118169
8800037  0.6351550960118169
8800038  0.6351550960118169
8800042  0.6351550960118169
8800043  0.6351550960118169
8800044  0.6351550960118169
8800045  0.6351550960118169
8800046  0.6351550960118169
8800047  0.6351550960118169
8900039  0.6351550960118169
9000045  0.6351550960118169
9000046  0.6351550960118169
9000047  0.6351550960118169
9900068  0.6351550960118169
9900073  0.6351550960118169
7200078  0.6351118760757315
7200079  0.6351118760757315
7200117  0.6351118760757315
7200118  0.6351118760757315
7200119  0.6351118760757315
7200120  0.6351118760757315
1200009  0.6342182890855457
1200011  0.6342182890855457
2000014  0.6342182890855457
2000018  0.6342182890855457
2000021  0.6342182890855457
2000024  0.6342182890855457
2000036  0.6342182890855457
2400049  0.6342182890855457
2400053  0.6342182890855457
6400107  0.6342182890855457
6400110  0.6342182890855457
6400111  0.6342182890855457
7200021  0.6342182890855457
7200023  0.6342182890855457
7200028  0.6342182890855457
7200044  0.6342182890855457
8100035  0.6342182890855457
8100036  0.6342182890855457
8500030  0.6342182890855457
8900037  0.6342182890855457
2400013  0.6332842415316642
2400067  0.6332842415316642
2400068  0.6332842415316642
10401720  0.6332842415316642
8100049  0.6293494704992435
2000011  0.6277372262773723
4700015  0.6277372262773723
4700018  0.6277372262773723
4700019  0.6277372262773723
5700017  0.6277372262773723
5700021  0.6277372262773723
6600019  0.6277372262773723
8000025  0.6277372262773723
8000027  0.6277372262773723
8000028  0.6277372262773723
8000029  0.6277372262773723
8000030  0.6277372262773723
8000031  0.6277372262773723
8000036  0.6277372262773723
8000037  0.6277372262773723
8000038  0.6277372262773723
8000041  0.6277372262773723
8100026  0.6277372262773723
8100027  0.6277372262773723
8100028  0.6277372262773723
8100031  0.6277372262773723
8100032  0.6277372262773723
8600032  0.6277372262773723
9000038  0.6277372262773723
9000040  0.6277372262773723
9000041  0.6277372262773723
9000042  0.6277372262773723
9100038  0.6277372262773723
9100060  0.6277372262773723
9400044  0.6277372262773723
9400047  0.6277372262773723
9600051  0.6277372262773723
10000100  0.6277372262773723
10400680  0.6277372262773723
10400691  0.6277372262773723
10400723  0.6277372262773723
10400736  0.6277372262773723
10400777  0.6277372262773723
10400811  0.6277372262773723
7700026  0.6255506607929515
4600048  0.623546511627907
4600049  0.623546511627907
1500010  0.6231884057971014
1500018  0.6231884057971014
1500020  0.6231884057971014
1500024  0.6231884057971014
1500027  0.6231884057971014
4600015  0.6231884057971014
4600018  0.6231884057971014
4600021  0.6231884057971014
4600022  0.6231884057971014
4600024  0.6231884057971014
6400018  0.6231884057971014
6400020  0.6231884057971014
6400021  0.6231884057971014
6400025  0.6231884057971014
6400069  0.6231884057971014
6400071  0.6231884057971014
6400077  0.6231884057971014
6400083  0.6231884057971014
6400084  0.6231884057971014
6400103  0.6231884057971014
7100020  0.6231884057971014
7500022  0.6231884057971014
7500024  0.6231884057971014
7500100  0.6231884057971014
7500105  0.6231884057971014
7700022  0.6231884057971014
7700029  0.6231884057971014
7700031  0.6231884057971014
7700032  0.6231884057971014
7700034  0.6231884057971014
7700037  0.6231884057971014
7700038  0.6231884057971014
7700039  0.6231884057971014
7700040  0.6231884057971014
7700047  0.6231884057971014
7700048  0.6231884057971014
9500046  0.6231884057971014
6800020  0.6229985443959243
6800028  0.6229985443959243
6800029  0.6229985443959243
6800057  0.6229985443959243
7700055  0.6229985443959243
8200026  0.6229985443959243
8200028  0.6229985443959243
8200029  0.6229985443959243
8200040  0.6229985443959243
8200042  0.6229985443959243
8200045  0.6229985443959243
8200046  0.6229985443959243
8200052  0.6229985443959243
8400028  0.6229985443959243
8400081  0.6229985443959243
8400082  0.6229985443959243
8400098  0.6229985443959243
9800089  0.6229985443959243
9800093  0.6229985443959243
9800094  0.6229985443959243
9800095  0.6229985443959243
9800096  0.6229985443959243
9800098  0.6229985443959243
9800101  0.6229985443959243
9800102  0.6229985443959243
9800103  0.6229985443959243
9800112  0.6229985443959243
9800113  0.6229985443959243
7700059  0.6060606060606061
5000015  0.6
5000016  0.6
9500264  0.6
9500248  0.5217391304347826
9500259  0.5217391304347826
9500260  0.5217391304347826
