8300096  0.6045694351196289
8300095  0.5869672298431396
8300099  0.5846467018127441
9700086  0.539614200592041
8300057  0.5313112735748291
7800035  0.5269111394882202
3700021  0.48577141761779785
3700016  0.4832111895084381
8300041  0.47568824887275696
3700014  0.47476696968078613
8300112  0.47366344928741455
3700024  0.47255146503448486
8300076  0.4722949266433716
8300078  0.4708833396434784
3700029  0.47033029794692993
8300080  0.4701974391937256
8300083  0.469205766916275
8300081  0.4682570695877075
9700094  0.46594297885894775
9700098  0.4604794383049011
8300111  0.45827582478523254
3700017  0.45794835686683655
8300045  0.4570074677467346
8300118  0.45662885904312134
8300084  0.4560125470161438
8300079  0.4521487057209015
8300075  0.4506266415119171
9700090  0.44544652104377747
6900072  0.44403207302093506
1400016  0.43638819456100464
9700152  0.43538662791252136
7000026  0.43453919887542725
8300049  0.4344627559185028
8800095  0.431296706199646
6500020  0.42962563037872314
5200067  0.4279813766479492
8800078  0.42759647965431213
6900077  0.4274941384792328
4800022  0.42652344703674316
9700224  0.4263609051704407
6900071  0.42599186301231384
5400019  0.42577168345451355
4800025  0.4248082935810089
7300039  0.42474299669265747
10200131  0.4238385260105133
9700180  0.4237617552280426
8800089  0.42301464080810547
9700053  0.4227021634578705
4600029  0.4226778447628021
5400026  0.4224635660648346
9700175  0.4224134385585785
9700144  0.4219677746295929
8100088  0.42190316319465637
10200134  0.4218042194843292
9700067  0.4217982590198517
4500021  0.4217510521411896
4600036  0.4215623140335083
10200130  0.42145854234695435
1400015  0.4212683141231537
9000075  0.4211413264274597
1900013  0.42083868384361267
1400018  0.42057520151138306
8800090  0.4199552536010742
4500022  0.41973990201950073
8700035  0.4196990132331848
6400042  0.41924166679382324
6400040  0.4192042350769043
6500018  0.4191967248916626
9700223  0.4190291464328766
1900031  0.41869980096817017
10200129  0.41868242621421814
1800011  0.4185889661312103
5400018  0.41814306378364563
7000024  0.4176579415798187
4600045  0.4175398349761963
8300030  0.41731253266334534
9800118  0.4172932207584381
6400057  0.4168151319026947
8300034  0.41671574115753174
9700172  0.41665393114089966
10400822  0.41661491990089417
6500024  0.41623255610466003
8800071  0.41615116596221924
8800093  0.41614559292793274
4600052  0.41582420468330383
1900057  0.41577234864234924
9600084  0.415766179561615
7000020  0.41574180126190186
2400072  0.4156978130340576
7300043  0.4156942367553711
7400028  0.4156552255153656
4600037  0.41558095812797546
6900037  0.41554003953933716
9700057  0.41539129614830017
7200118  0.4153432548046112
2300013  0.4152096211910248
9700054  0.41517752408981323
1900011  0.41516202688217163
6500019  0.41502904891967773
6700059  0.4149935245513916
8800091  0.4147126376628876
9700129  0.41469627618789673
8800079  0.4146868884563446
4800017  0.41460302472114563
6500023  0.41440147161483765
2700013  0.4140121042728424
7300024  0.4139604866504669
6900059  0.41379019618034363
5400032  0.4137743413448334
9600088  0.4134334921836853
1800020  0.4131334125995636
9600086  0.4130619466304779
6100030  0.4130038917064667
9000072  0.4126220941543579
1600038  0.4124525785446167
4800016  0.412435382604599
9800113  0.41217949986457825
9700060  0.4121415913105011
1600029  0.41209331154823303
5400027  0.41208571195602417
9600098  0.4120747447013855
7600028  0.4119965434074402
8100042  0.41197720170021057
9700055  0.4119556248188019
8300029  0.41190436482429504
8200047  0.41172194480895996
6400030  0.4117193818092346
9700145  0.41168051958084106
1600014  0.4116750657558441
5200138  0.41162529587745667
7800047  0.41154059767723083
8800080  0.4115063548088074
9700066  0.41136932373046875
7300036  0.4113578200340271
9600092  0.411355197429657
1600030  0.4112619161605835
7300032  0.41118067502975464
6900036  0.41117629408836365
2800031  0.4110936224460602
9700135  0.4110419452190399
9700059  0.4109553098678589
6900062  0.4109306335449219
2800021  0.4109254777431488
5200068  0.4108925461769104
8800081  0.410879909992218
6400053  0.410842627286911
9600082  0.4108276665210724
9500248  0.4107874035835266
9600070  0.41075217723846436
2900027  0.4106858968734741
9800094  0.4106519818305969
4800021  0.41059738397598267
9700132  0.410490483045578
7900035  0.4104900062084198
9800096  0.41048166155815125
6900027  0.41035977005958557
7900038  0.4095023572444916
9800105  0.40947872400283813
1900050  0.409456729888916
1600039  0.409425288438797
1900024  0.4093388020992279
6100017  0.4093332588672638
5500023  0.409145712852478
2400080  0.4090949296951294
6900042  0.409066766500473
3600015  0.4089994728565216
9700056  0.408964067697525
8000029  0.4088664650917053
7800036  0.4087136685848236
7400021  0.4086769223213196
1900028  0.4086654484272003
7300023  0.40864965319633484
2800013  0.40859371423721313
2300019  0.4085817039012909
8000036  0.40855494141578674
1600031  0.40843984484672546
5200015  0.4083934724330902
3600014  0.40823039412498474
6400062  0.4080754518508911
9700061  0.40802034735679626
9500254  0.40798884630203247
1900054  0.4079141616821289
6700055  0.40781912207603455
7200079  0.4077543020248413
1800016  0.40772518515586853
3600016  0.4076182246208191
7600044  0.407500296831131
8300028  0.4074561297893524
8800045  0.4073683023452759
7600031  0.40733981132507324
8300027  0.40730375051498413
7200089  0.4072052836418152
6400041  0.4071657657623291
4600028  0.40715309977531433
8100049  0.4070728123188019
8100072  0.40700840950012207
9000052  0.4069974720478058
6400058  0.4069299101829529
1700011  0.40691810846328735
4800015  0.4069007933139801
8800043  0.4068673551082611
6400029  0.4068520665168762
8100104  0.40682312846183777
8800059  0.4067937731742859
8100037  0.40677115321159363
6400056  0.40667691826820374
7100039  0.40661299228668213
2300014  0.4065876305103302
6900054  0.4065801501274109
5200065  0.4064498543739319
5800017  0.4064205586910248
7300022  0.40635576844215393
7600023  0.4062438905239105
9700131  0.406220406293869
9700058  0.4060031473636627
7200051  0.40591999888420105
8900039  0.40585431456565857
2500024  0.40581610798835754
1100012  0.40581169724464417
5200066  0.4056979715824127
2800046  0.40559664368629456
7300025  0.40552863478660583
6900038  0.40548840165138245
9600069  0.4053189754486084
1600049  0.40527287125587463
7300040  0.4052202105522156
8800099  0.4051962196826935
9800108  0.4051802158355713
9500251  0.4050464630126953
6900026  0.40503114461898804
1800022  0.40495890378952026
1800015  0.4049360454082489
6100018  0.404873251914978
9600074  0.4048652946949005
6700064  0.4048498868942261
2400068  0.404799222946167
7200021  0.40478619933128357
1900021  0.4047814905643463
6900057  0.404613196849823
2500031  0.4045970141887665
2800034  0.4045494496822357
9000066  0.404500812292099
2300016  0.40442097187042236
1600062  0.4042656421661377
6400063  0.40425997972488403
5200018  0.40413135290145874
9700156  0.4041130542755127
1600040  0.4041002094745636
2800018  0.4040912091732025
1600052  0.4039541184902191
5800021  0.40394169092178345
7200061  0.403876394033432
5500022  0.4038342833518982
7000025  0.40381187200546265
2700015  0.40378835797309875
7400033  0.4036967158317566
9600100  0.4036518633365631
9900068  0.4035775363445282
8200029  0.40356841683387756
2800017  0.4035218060016632
7400025  0.40351516008377075
1500010  0.40346240997314453
8800107  0.40339815616607666
5000020  0.4033651649951935
8000037  0.40325480699539185
6200023  0.4032500982284546
7600033  0.40322914719581604
9600102  0.40309590101242065
8800046  0.40308091044425964
7500022  0.4030779302120209
6900020  0.40302103757858276
7200075  0.40292295813560486
7400039  0.40292224287986755
9600104  0.4028865396976471
2800055  0.4028838872909546
10401116  0.40286731719970703
5400023  0.40273305773735046
7600027  0.4027118980884552
9000076  0.4026005268096924
2400053  0.40255632996559143
6900079  0.40251269936561584
4800018  0.40246304869651794
7400024  0.40244626998901367
6900047  0.40244072675704956
7200053  0.4024312198162079
9500256  0.40242791175842285
2500025  0.40239381790161133
1900016  0.402265727519989
7800045  0.40218761563301086
2300015  0.402153342962265
6400039  0.40209513902664185
6900064  0.401995450258255
1600050  0.40191811323165894
7200117  0.4018716514110565
6700044  0.40183255076408386
8200042  0.40180858969688416
5400041  0.4016914665699005
9600094  0.4015342891216278
9000070  0.40146222710609436
9700140  0.40128201246261597
2500041  0.4012710154056549
9600106  0.40125569701194763
1800021  0.40123000741004944
2400045  0.40116357803344727
7300021  0.40100330114364624
6700031  0.4009082317352295
8800066  0.4008568525314331
6400049  0.4008500874042511
10000100  0.40078285336494446
10400811  0.400655061006546
8100076  0.4005422592163086
8000027  0.40052127838134766
5500021  0.4004803001880646
6100019  0.4004393517971039
1600051  0.40042683482170105
9400044  0.4003685414791107
4500015  0.40018224716186523
8800042  0.40017804503440857
6700024  0.40014714002609253
6900055  0.4000890552997589
8100046  0.4000672996044159
8100098  0.40001919865608215
9800101  0.40001651644706726
1600063  0.40001046657562256
5500018  0.40000686049461365
5300035  0.39999768137931824
9600076  0.3999476730823517
7500038  0.3999348282814026
6700066  0.39970794320106506
1600046  0.3996920883655548
9700130  0.39967775344848633
7900039  0.39966320991516113
1200009  0.39956191182136536
7600025  0.3994843065738678
8800116  0.3994561433792114
7200076  0.39941084384918213
7200085  0.3994003236293793
8100054  0.3992701470851898
5000015  0.39926010370254517
5700021  0.3992255926132202
8800074  0.3990817666053772
5300028  0.3990776538848877
7400047  0.3990775942802429
7100032  0.3989101052284241
8100043  0.3988340198993683
8100031  0.3987165093421936
7600022  0.3985959589481354
8800068  0.3985697031021118
7200119  0.3985656201839447
2600015  0.3985532224178314
9000046  0.39847859740257263
1400013  0.39846161007881165
6600024  0.39845380187034607
1700015  0.3984367549419403
5500017  0.3983498811721802
9000056  0.39834803342819214
10400691  0.39798834919929504
4600044  0.3978595733642578
1900020  0.39780712127685547
2800019  0.3977746069431305
1600041  0.39776313304901123
9800103  0.3976908028125763
9600059  0.39766576886177063
8100060  0.39765027165412903
8100041  0.3975144028663635
2800052  0.39746400713920593
2800020  0.39743152260780334
1600059  0.3973935842514038
2800041  0.397315114736557
8100084  0.39729976654052734
7600026  0.3972984254360199
6800030  0.3972645103931427
5200078  0.3972378671169281
8600032  0.3972018361091614
7200112  0.39715272188186646
2600018  0.3971318304538727
7800068  0.39707911014556885
7200044  0.39707013964653015
1600037  0.39695894718170166
7200077  0.396911084651947
9500253  0.39690861105918884
7800051  0.3969009220600128
6400048  0.39682209491729736
9600096  0.39680182933807373
9800095  0.3967735469341278
6900109  0.39669036865234375
6700028  0.3966779112815857
5000016  0.3965079188346863
7900034  0.39644986391067505
6900056  0.3964371383190155
2400049  0.3963983952999115
8100039  0.3962987959384918
7400027  0.39621198177337646
7200058  0.39612388610839844
2400081  0.39612218737602234
1300024  0.3961181044578552
1600034  0.3960820734500885
8200040  0.3960621654987335
8300053  0.3960287570953369
2500021  0.3959719240665436
9000045  0.39593324065208435
5300020  0.3959113657474518
8500030  0.3957958519458771
4600053  0.39568257331848145
5800022  0.39568251371383667
7200050  0.3956696093082428
7800028  0.3956570625305176
8800047  0.3955918252468109
1700018  0.39558106660842896
2400013  0.395568311214447
8400084  0.3955434560775757
1900046  0.39552628993988037
8800037  0.39551761746406555
8400083  0.39551153779029846
6400052  0.39546242356300354
6400111  0.39539214968681335
9600080  0.39536798000335693
7700063  0.39531272649765015
9500264  0.39529648423194885
1600047  0.39529356360435486
7900033  0.39528802037239075
8100027  0.3952542841434479
6900091  0.3952394425868988
10400927  0.39517250657081604
5800023  0.39514487981796265
5400017  0.39511585235595703
7200111  0.3951077163219452
5800019  0.39508578181266785
7200064  0.3950723111629486
6400034  0.39505353569984436
2500023  0.395029217004776
6400033  0.3950135409832001
2900031  0.3950118124485016
6400088  0.39488980174064636
9500255  0.39476707577705383
2800039  0.3946966528892517
9800131  0.3946894407272339
2000037  0.3946883976459503
2800049  0.39464712142944336
8100056  0.3946160078048706
2500022  0.3946109414100647
2000018  0.39455756545066833
10401147  0.39455264806747437
4600049  0.39442381262779236
6400107  0.39439183473587036
10401720  0.3943798542022705
4700019  0.394341379404068
7500039  0.394327849149704
2500019  0.39419791102409363
1200015  0.39400574564933777
1600035  0.39380085468292236
7400042  0.3937876522541046
9100038  0.3937790095806122
4500018  0.3934938907623291
6700053  0.39346545934677124
4600021  0.39345720410346985
2000025  0.3934384882450104
9500252  0.39342933893203735
8800106  0.3934130370616913
1600045  0.39335811138153076
9900073  0.39329132437705994
10400723  0.393285870552063
8800044  0.3932856023311615
5600018  0.39327454566955566
9500046  0.3931388556957245
6900024  0.3931221067905426
7700038  0.3930634558200836
8000041  0.39302483201026917
2000021  0.3930198550224304
7200049  0.39282935857772827
2500026  0.3928183615207672
7800030  0.3928038775920868
8200045  0.3927937150001526
7900037  0.39271068572998047
1600058  0.3926391303539276
9600090  0.3926195204257965
5300015  0.3925459384918213
1400014  0.39253124594688416
7800041  0.39246881008148193
6800057  0.39241594076156616
2500044  0.3923693299293518
6900031  0.3923451602458954
7800027  0.3923385739326477
8200026  0.39230912923812866
2600014  0.39226430654525757
5500028  0.39221227169036865
7200120  0.39218610525131226
7400048  0.3921487629413605
8100035  0.3921406865119934
7800040  0.39211708307266235
1600057  0.3921009600162506
7200023  0.3920385241508484
2800053  0.3920324742794037
6900033  0.3919486105442047
8400098  0.39191097021102905
7400030  0.3915790915489197
8400082  0.39155885577201843
2800054  0.391484797000885
6400035  0.3914485275745392
7200093  0.39143654704093933
4600072  0.3912528455257416
8100077  0.39125195145606995
8100097  0.3911566138267517
10400777  0.39113155007362366
6900041  0.39106854796409607
5600019  0.39103037118911743
2500032  0.3910077214241028
8000031  0.3909456729888916
7800061  0.39091095328330994
8000025  0.3908516764640808
9800112  0.39082083106040955
9800117  0.39080557227134705
5300024  0.3906806707382202
1700017  0.3906629681587219
6400064  0.39056870341300964
7400036  0.39039525389671326
7200078  0.3903624415397644
7800065  0.3903060853481293
5500026  0.3902622163295746
1600048  0.3902561366558075
1500024  0.39023998379707336
6400087  0.390139639377594
7200028  0.390097051858902
7700039  0.3900771737098694
7300028  0.39007019996643066
10401515  0.38983333110809326
2900022  0.3898061513900757
7200084  0.3897474706172943
1600061  0.38972654938697815
7900029  0.3896971046924591
2900013  0.3896889090538025
6900046  0.38964858651161194
2000014  0.3896160423755646
9600051  0.38960838317871094
2800040  0.38951677083969116
4500030  0.38948869705200195
7500100  0.38943079113960266
7800023  0.38941365480422974
9800098  0.38940146565437317
6400110  0.38936829566955566
9000040  0.38936805725097656
5500020  0.3893360197544098
9700196  0.38927140831947327
5400016  0.3892492651939392
6100034  0.3892040252685547
9500259  0.3891940712928772
2000036  0.38898998498916626
1400019  0.3889833390712738
2800037  0.3889141380786896
4600073  0.38890841603279114
2800033  0.3887726366519928
7900025  0.38876616954803467
5700017  0.38872358202934265
9000042  0.3887059986591339
8800038  0.3886595666408539
9100060  0.3886547386646271
7400035  0.3886185884475708
5600017  0.3886110186576843
1200011  0.3885282576084137
2500013  0.3884771168231964
7800034  0.3883630037307739
4500026  0.3882254958152771
8200028  0.3882181942462921
6900032  0.388072669506073
6700030  0.38800761103630066
1700025  0.38793423771858215
9000051  0.3879055082798004
6200022  0.38772106170654297
4600040  0.38769450783729553
6400021  0.3874918520450592
9000047  0.387450248003006
9800093  0.3873372972011566
8200052  0.3873061537742615
7900030  0.3872023820877075
6800028  0.3871884346008301
8100036  0.3871314525604248
5300023  0.3871093988418579
1600056  0.3870658278465271
9600110  0.38689371943473816
6400077  0.3867451846599579
7800029  0.3867194950580597
7800059  0.38669055700302124
6700063  0.38666847348213196
4600032  0.386666864156723
5300021  0.38659238815307617
6200019  0.3865616023540497
1600036  0.386278361082077
2000024  0.3862508237361908
7800024  0.3861772119998932
8100092  0.3861582279205322
1700041  0.3861367702484131
1000007  0.38608458638191223
8000038  0.3859284222126007
7200086  0.3858916759490967
9800102  0.3858672082424164
4500025  0.38577792048454285
1100009  0.3857375383377075
6800020  0.38563355803489685
1800014  0.3855184316635132
7700037  0.38542139530181885
7700047  0.38540884852409363
2500037  0.3854050040245056
6700049  0.3851981461048126
1700016  0.3850524425506592
8100052  0.3850475549697876
8100028  0.38504356145858765
6800029  0.38500770926475525
6200021  0.3849734961986542
2100015  0.38491860032081604
8000030  0.38480839133262634
7700026  0.3847697675228119
1600060  0.384673535823822
8400081  0.384664922952652
4600015  0.3846411108970642
6200018  0.3846396505832672
7900026  0.3846023380756378
7800043  0.3845694959163666
8200046  0.3844514787197113
7500024  0.38442695140838623
6700040  0.3842775225639343
7100020  0.38421231508255005
2400076  0.3840624690055847
8100096  0.3840150833129883
9500260  0.38399356603622437
7700032  0.38384753465652466
8000028  0.38377827405929565
1500020  0.38371941447257996
6400103  0.38361668586730957
7200113  0.38359516859054565
4700018  0.38354822993278503
4700015  0.3834204077720642
8400028  0.38340434432029724
4600024  0.3832331895828247
2800036  0.3831610679626465
7700055  0.38315850496292114
1500027  0.3831052780151367
2400067  0.38309597969055176
1700029  0.3830536901950836
6400025  0.3829943537712097
6700032  0.38288652896881104
4600068  0.38276100158691406
1700037  0.3827415704727173
6600019  0.38240981101989746
6900045  0.38199323415756226
7800046  0.38136979937553406
10400680  0.38129952549934387
10400736  0.3812353312969208
4600048  0.3810834288597107
7500105  0.38105902075767517
4500027  0.3807680606842041
5500032  0.3806473910808563
2600013  0.3806149661540985
2800035  0.38061124086380005
9800089  0.38011640310287476
1500018  0.3800836503505707
7400029  0.3800695836544037
1800017  0.37986406683921814
7700034  0.3797770142555237
6400020  0.37948909401893616
8100026  0.37924855947494507
2100012  0.3789564371109009
9000038  0.37886252999305725
8700033  0.3784380555152893
6400083  0.3782249689102173
8100032  0.3781954348087311
9000065  0.3780524432659149
8100095  0.378034770488739
2000011  0.3779508173465729
7700031  0.37761884927749634
9400047  0.3773014545440674
6400084  0.37685486674308777
9000041  0.3766365647315979
8900037  0.37651363015174866
4600018  0.376441091299057
1600064  0.37612929940223694
7700048  0.37362948060035706
6400071  0.3734431862831116
7700040  0.37289729714393616
6400018  0.37285903096199036
4600022  0.37280887365341187
6400069  0.37170377373695374
2900018  0.37157273292541504
7700029  0.371260404586792
7700022  0.3705357611179352
7700059  0.36800655722618103
2500020  0.3624306917190552
