1000175  0.13245202600955963
1000139  0.1321115791797638
1000145  0.1321115791797638
1000153  0.1321115791797638
1000158  0.1321115791797638
1001423  0.1321115791797638
1001424  0.1321115791797638
1001425  0.1321115791797638
1001426  0.1321115791797638
1300145  0.1321115791797638
1300150  0.1321115791797638
1300533  0.1321115791797638
1300538  0.1321115791797638
1300783  0.1321115791797638
1300784  0.1321115791797638
1300786  0.1321115791797638
1301162  0.1321115791797638
1300782  0.12626878917217255
1001422  0.12277200073003769
1300543  0.11980976164340973
1000956  0.118698351085186
1000185  0.11786825209856033
1000993  0.11711899936199188
1000989  0.11683259159326553
1000191  0.11503593623638153
1000947  0.11364582926034927
1300781  0.11320054531097412
1300774  0.1093478575348854
1300137  0.10913822054862976
1000990  0.10825183987617493
1001427  0.10790073871612549
1000994  0.1065235510468483
1300780  0.10635165125131607
1300750  0.10540686547756195
1300058  0.10468900948762894
1000991  0.10404632240533829
1300131  0.10376135259866714
1000992  0.10375513881444931
1001421  0.10273732990026474
1001420  0.10220301896333694
1300743  0.10107775032520294
1300775  0.099195197224617
1300111  0.09654442220926285
1300779  0.09621958434581757
1000995  0.0934629887342453
1000997  0.09015082567930222
1300549  0.08736898005008698
1300552  0.08587156981229782
