1000989  0.7071067811865476
1000990  0.7071067811865476
1000991  0.7071067811865476
1000992  0.7071067811865476
1000993  0.7071067811865476
1000994  0.7071067811865476
1000995  0.7071067811865476
1000997  0.7071067811865476
1300774  0.7071067811865476
1300775  0.7071067811865476
1300779  0.7071067811865476
1300780  0.7071067811865476
1300781  0.7071067811865476
1300782  0.7071067811865476
1300783  0.7071067811865476
1300784  0.7071067811865476
1300786  0.7071067811865476
1000947  0.21997067253202995
1000956  0.21997067253202995
1000139  0.1781741612749496
1000145  0.1781741612749496
1000153  0.1781741612749496
1000158  0.1781741612749496
1000175  0.14907119849998599
1000185  0.14907119849998599
1000191  0.14907119849998599
1001420  0.14907119849998599
1001421  0.14907119849998599
1001422  0.14907119849998599
1001423  0.14907119849998599
1001424  0.14907119849998599
1001425  0.14907119849998599
1001426  0.14907119849998599
1001427  0.14907119849998599
1300750  0.13957263155977062
1300743  0.13867504905630726
1300058  0.13525044520011484
1300111  0.1143323900950059
1300533  0.1143323900950059
1300538  0.1143323900950059
1300543  0.1143323900950059
1300549  0.1143323900950059
1300552  0.1143323900950059
1301162  0.1143323900950059
1300145  0.11215443081840887
1300150  0.11215443081840887
1300131  0.1111111111111111
1300137  0.1111111111111111
