1400278  1.0
1400279  1.0
1400280  1.0
1400283  1.0
1400284  1.0
1400287  1.0
1400291  1.0
1400292  1.0
1400301  1.0
1400308  1.0
1400359  1.0
1400360  1.0
1400361  1.0
1400365  1.0
1400368  1.0
1400372  1.0
1500292  1.0
2300342  1.0
2300350  1.0
3503005  0.9963702239571423
3900267  0.9963702239571423
3900268  0.9963702239571423
3900271  0.9963702239571423
3900274  0.9963702239571423
3900278  0.9963702239571423
3900280  0.9963702239571423
2300384  0.9927796889498529
2300402  0.9822365969532831
2300403  0.9822365969532831
2300404  0.9822365969532831
2300405  0.9822365969532831
2300406  0.9822365969532831
2300408  0.9822365969532831
2300412  0.9822365969532831
2300413  0.9822365969532831
2300415  0.9822365969532831
1400251  0.9787961779869996
2600116  0.9787961779869996
2600119  0.9787961779869996
2600126  0.9787961779869996
1400192  0.9753916592266354
1400193  0.9753916592266354
1400249  0.9753916592266354
1400250  0.9753916592266354
1400261  0.9753916592266354
1400262  0.9753916592266354
2600096  0.9753916592266354
2600114  0.9753916592266354
2600115  0.9753916592266354
2600163  0.9753916592266354
2600164  0.9753916592266354
2600167  0.9753916592266354
2600285  0.9753916592266354
2600288  0.9753916592266354
2600289  0.9753916592266354
2600293  0.9753916592266354
2800092  0.9753916592266354
2800095  0.9753916592266354
2800096  0.9753916592266354
1400392  0.9720224206297385
2600155  0.9720224206297385
3700150  0.9720224206297385
3700153  0.9720224206297385
3503542  0.9686878570435172
1400384  0.9621204060177062
1400386  0.9621204060177062
1400387  0.9621204060177062
2600072  0.9621204060177062
2600073  0.9621204060177062
2600074  0.9621204060177062
2600075  0.9621204060177062
2600076  0.9621204060177062
2600077  0.9621204060177062
2600078  0.9621204060177062
2600079  0.9621204060177062
2600080  0.9621204060177062
2600174  0.9621204060177062
2600175  0.9621204060177062
2600181  0.9621204060177062
2600192  0.9621204060177062
2600197  0.9621204060177062
2600199  0.9621204060177062
3503032  0.9621204060177062
3503035  0.9621204060177062
2600098  0.9603451326073494
2300220  0.958886378695788
2300221  0.958886378695788
2300222  0.958886378695788
2300223  0.958886378695788
2300224  0.958886378695788
2300228  0.958886378695788
2300229  0.958886378695788
2300230  0.958886378695788
2300289  0.958886378695788
2300290  0.958886378695788
2300291  0.958886378695788
2300292  0.958886378695788
2300299  0.958886378695788
2300300  0.958886378695788
2300301  0.958886378695788
2300302  0.958886378695788
2300305  0.958886378695788
2300307  0.958886378695788
2300378  0.958886378695788
2300379  0.958886378695788
2300380  0.958886378695788
2800077  0.958886378695788
2800080  0.958886378695788
2800081  0.958886378695788
3503538  0.958886378695788
3503541  0.958886378695788
2800065  0.9556847457887634
2300368  0.9554633617747924
1400203  0.9469130706360767
1400208  0.9469130706360767
1400209  0.9469130706360767
1400210  0.9469130706360767
1400213  0.9469130706360767
2800049  0.9462689029030317
2800050  0.9462689029030317
2800051  0.9462689029030317
2800052  0.9462689029030317
2300359  0.9400685878911452
2300212  0.9253377761660874
2300236  0.9253377761660874
1400085  0.9224595801544009
1400086  0.9224595801544009
1400087  0.9224595801544009
1400088  0.9224595801544009
1400089  0.9224595801544009
1400090  0.9224595801544009
1400091  0.9224595801544009
1400092  0.9224595801544009
1400093  0.9224595801544009
1400094  0.9224595801544009
1400095  0.9224595801544009
1400169  0.9224595801544009
1400170  0.9224595801544009
1400185  0.9224595801544009
1400186  0.9224595801544009
3500115  0.9196080754026028
3500128  0.9196080754026028
3500141  0.9196080754026028
3500160  0.9196080754026028
3500179  0.9196080754026028
3500198  0.9196080754026028
3500218  0.9196080754026028
3500237  0.9196080754026028
3500256  0.9196080754026028
3500277  0.9196080754026028
3500285  0.9196080754026028
3500288  0.9196080754026028
3503023  0.9196080754026028
3700040  0.9196080754026028
3700052  0.9196080754026028
3700053  0.9196080754026028
3700061  0.9196080754026028
3700068  0.9196080754026028
3700078  0.9196080754026028
3700079  0.9196080754026028
3700080  0.9196080754026028
3700081  0.9196080754026028
3700091  0.9196080754026028
3700092  0.9196080754026028
3700159  0.9196080754026028
3700160  0.9196080754026028
3800062  0.9196080754026028
1400200  0.9186406137671768
3500826  0.8940680422840179
3500882  0.8940680422840179
3500883  0.8940680422840179
3500884  0.8940680422840179
3500890  0.8940680422840179
3500899  0.8940680422840179
3500900  0.8940680422840179
3500901  0.8940680422840179
3500902  0.8940680422840179
3500903  0.8940680422840179
3500910  0.8940680422840179
3500911  0.8940680422840179
3500917  0.8940680422840179
3500919  0.8940680422840179
3500925  0.8940680422840179
3500931  0.8940680422840179
3600029  0.8940680422840179
3601535  0.8940680422840179
3603043  0.8940680422840179
3604074  0.8940680422840179
3605103  0.8940680422840179
3606142  0.8940680422840179
3606150  0.8940680422840179
3606158  0.8940680422840179
3606166  0.8940680422840179
4103754  0.8940680422840179
4103784  0.8940680422840179
4103785  0.8940680422840179
4103787  0.8940680422840179
4203711  0.8940680422840179
4203747  0.8940680422840179
4203748  0.8940680422840179
4203750  0.8940680422840179
3503539  0.8817889503851923
3500375  0.8551663258180214
1800331  0.8283304816685872
1800337  0.8283304816685872
1800333  0.82391268760004
3501420  0.8221060394449835
3501422  0.8221060394449835
3501426  0.8221060394449835
3501431  0.8221060394449835
3503470  0.8215272591935869
3500920  0.8176793351862744
3501106  0.8176793351862744
3501109  0.8176793351862744
3501112  0.8176793351862744
3501123  0.8176793351862744
3501132  0.8176793351862744
3501134  0.8176793351862744
3501154  0.8176793351862744
3501202  0.8176793351862744
3501213  0.8176793351862744
3501215  0.8176793351862744
3501216  0.8176793351862744
3501218  0.8176793351862744
3501220  0.8176793351862744
3501221  0.8176793351862744
3501222  0.8176793351862744
3501223  0.8176793351862744
3501224  0.8176793351862744
3501227  0.8176793351862744
3501228  0.8176793351862744
3501229  0.8176793351862744
3501230  0.8176793351862744
3501233  0.8176793351862744
3501234  0.8176793351862744
3501236  0.8176793351862744
3501238  0.8176793351862744
3501239  0.8176793351862744
3501241  0.8176793351862744
3501242  0.8176793351862744
3501243  0.8176793351862744
3501246  0.8176793351862744
3501247  0.8176793351862744
3501249  0.8176793351862744
3501250  0.8176793351862744
3501251  0.8176793351862744
3501255  0.8176793351862744
3501256  0.8176793351862744
3501264  0.8176793351862744
3501265  0.8176793351862744
3501266  0.8176793351862744
3501292  0.8176793351862744
3501293  0.8176793351862744
3501294  0.8176793351862744
3501295  0.8176793351862744
3501296  0.8176793351862744
3501297  0.8176793351862744
3501299  0.8176793351862744
3501300  0.8176793351862744
3501301  0.8176793351862744
3501302  0.8176793351862744
3501304  0.8176793351862744
3501305  0.8176793351862744
3501306  0.8176793351862744
3501307  0.8176793351862744
3501309  0.8176793351862744
3501310  0.8176793351862744
3501311  0.8176793351862744
3501312  0.8176793351862744
3501314  0.8176793351862744
3501315  0.8176793351862744
3501316  0.8176793351862744
3501317  0.8176793351862744
3501319  0.8176793351862744
3501320  0.8176793351862744
3501321  0.8176793351862744
3501324  0.8176793351862744
3501456  0.8176793351862744
3501467  0.8176793351862744
3501479  0.8176793351862744
3501503  0.8176793351862744
3501517  0.8176793351862744
3501534  0.8176793351862744
3501535  0.8176793351862744
3501536  0.8176793351862744
3501537  0.8176793351862744
3501538  0.8176793351862744
3501546  0.8176793351862744
3501547  0.8176793351862744
3501551  0.8176793351862744
3501552  0.8176793351862744
3501555  0.8176793351862744
3501556  0.8176793351862744
3501557  0.8176793351862744
3501558  0.8176793351862744
3501561  0.8176793351862744
3501562  0.8176793351862744
3501564  0.8176793351862744
3501565  0.8176793351862744
3501567  0.8176793351862744
3501568  0.8176793351862744
3501569  0.8176793351862744
3501570  0.8176793351862744
3501571  0.8176793351862744
3501572  0.8176793351862744
3501574  0.8176793351862744
3501576  0.8176793351862744
3606174  0.8176793351862744
4003791  0.8176793351862744
4003807  0.8176793351862744
4003809  0.8176793351862744
3503471  0.8170923464801264
2300171  0.8126336110070449
2300173  0.8126336110070449
2300174  0.8126336110070449
2300175  0.8126336110070449
2300176  0.8126336110070449
2300177  0.8126336110070449
2300178  0.8126336110070449
2300180  0.8126336110070449
2300199  0.8126336110070449
2300200  0.8126336110070449
2300201  0.8126336110070449
2300202  0.8126336110070449
2300203  0.8126336110070449
2300206  0.8126336110070449
2300268  0.8126336110070449
2300271  0.8126336110070449
2300482  0.8126336110070449
2300483  0.8126336110070449
2300484  0.8126336110070449
2300486  0.8126336110070449
2300181  0.8076117610104299
2300182  0.8076117610104299
2300183  0.8076117610104299
2300184  0.8076117610104299
2400082  0.8076117610104299
2400084  0.8076117610104299
2400095  0.8076117610104299
2400100  0.8076117610104299
2400102  0.8076117610104299
1800250  0.8030961982537552
1800321  0.8030961982537552
1800322  0.8030961982537552
1800233  0.7991105845787411
2300248  0.7958782788213327
2300249  0.7958782788213327
2300250  0.7958782788213327
2300251  0.7958782788213327
2300252  0.7958782788213327
2300253  0.7958782788213327
2300254  0.7958782788213327
2300255  0.7958782788213327
2300256  0.7958782788213327
2300257  0.7958782788213327
2300258  0.7958782788213327
2300259  0.7958782788213327
2300260  0.7958782788213327
2300262  0.7958782788213327
2400131  0.7958782788213327
2400132  0.7958782788213327
2400133  0.7958782788213327
2400134  0.7958782788213327
1800223  0.795183727474864
1800225  0.795183727474864
1800229  0.795183727474864
1800221  0.7875006127284765
1800353  0.7657221806003172
1800354  0.7657221806003172
1800355  0.7657221806003172
1800110  0.7586183657264819
1800111  0.7586183657264819
1800112  0.7586183657264819
1800114  0.7586183657264819
1800157  0.7586183657264819
1800158  0.7586183657264819
1800159  0.7586183657264819
1800161  0.7586183657264819
1800162  0.7586183657264819
1800163  0.7586183657264819
1800164  0.7586183657264819
1800166  0.7586183657264819
2300111  0.7582597766112231
2300112  0.7582597766112231
2300113  0.7582597766112231
2300114  0.7582597766112231
2300115  0.7582597766112231
2300116  0.7582597766112231
2300117  0.7582597766112231
2300118  0.7582597766112231
2300119  0.7582597766112231
2300120  0.7582597766112231
2300121  0.7582597766112231
2300122  0.7582597766112231
2300123  0.7582597766112231
2300124  0.7582597766112231
2300125  0.7582597766112231
2300213  0.7582597766112231
2300214  0.7582597766112231
2300215  0.7582597766112231
2300216  0.7582597766112231
2300217  0.7582597766112231
2300218  0.7582597766112231
2400058  0.7535886123258723
2400059  0.7535886123258723
2400060  0.7535886123258723
2400061  0.7535886123258723
3500864  0.7457445022956628
3500866  0.7457445022956628
3500874  0.7457445022956628
3500875  0.7457445022956628
3503337  0.7099645026622782
3503341  0.7099645026622782
3503345  0.7099645026622782
3503346  0.7099645026622782
3503350  0.7099645026622782
3503495  0.7099645026622782
3503354  0.639723176141413
1700293  0.6160860684966188
1700294  0.6160860684966188
1700295  0.6160860684966188
1700296  0.6160860684966188
1700298  0.604122093330177
1700301  0.604122093330177
1700303  0.604122093330177
1700309  0.604122093330177
1700311  0.604122093330177
1700312  0.604122093330177
1700313  0.604122093330177
1700314  0.604122093330177
1700316  0.604122093330177
1700317  0.604122093330177
1700318  0.604122093330177
1700324  0.604122093330177
1700238  0.5884446683191187
1700239  0.5884446683191187
1700240  0.5884446683191187
1700249  0.5884446683191187
1700251  0.5884446683191187
1700254  0.5884446683191187
1700257  0.5884446683191187
1700259  0.5884446683191187
1700260  0.5884446683191187
1700261  0.5884446683191187
1700262  0.5884446683191187
1700264  0.5884446683191187
1700267  0.5884446683191187
1700272  0.5884446683191187
1700273  0.5884446683191187
1700274  0.5884446683191187
1700275  0.5884446683191187
1700277  0.5884446683191187
1700281  0.5884446683191187
1700282  0.5884446683191187
1700196  0.5833498133901136
1700197  0.5833498133901136
1700198  0.5833498133901136
1700201  0.5833498133901136
1700202  0.5833498133901136
1700203  0.5833498133901136
1700204  0.5833498133901136
1700205  0.5833498133901136
1700206  0.5833498133901136
1700209  0.5833498133901136
1700210  0.5833498133901136
1700212  0.5833498133901136
1700215  0.5833498133901136
1700216  0.5833498133901136
1700217  0.5833498133901136
1700218  0.5833498133901136
1700221  0.5833498133901136
1700224  0.5833498133901136
1700227  0.5833498133901136
1700230  0.5833498133901136
1700231  0.5833498133901136
1700233  0.5833498133901136
1700235  0.5833498133901136
1700195  0.5735449165405773
1700241  0.5731205399256526
1700242  0.5731205399256526
1700187  0.5510441316596125
1700188  0.5510441316596125
1700345  0.5510441316596125
1700346  0.5510441316596125
1700359  0.5510441316596125
1700360  0.5510441316596125
1700305  0.547055822556255
1700116  0.5331514054297662
1700118  0.5331514054297662
1700119  0.5331514054297662
1700120  0.5331514054297662
1700121  0.5331514054297662
1700122  0.5331514054297662
1700124  0.5331514054297662
1700127  0.5331514054297662
1700128  0.5331514054297662
1700129  0.5331514054297662
1700131  0.5331514054297662
3900272  0.44422065568682995
2500318  0.4185480638490935
2500320  0.4185480638490935
2500328  0.4185480638490935
2500331  0.4185480638490935
2500332  0.4185480638490935
2500333  0.4185480638490935
2500334  0.4185480638490935
2500335  0.4185480638490935
2500336  0.4185480638490935
2500337  0.4185480638490935
2500338  0.4185480638490935
2500339  0.4185480638490935
2500340  0.4185480638490935
2500341  0.4185480638490935
2500342  0.4185480638490935
2500343  0.4185480638490935
2500344  0.4185480638490935
2500347  0.4185480638490935
2500348  0.4185480638490935
2500349  0.4185480638490935
2500350  0.4185480638490935
2500357  0.4185480638490935
2500361  0.4185480638490935
2500362  0.4185480638490935
2500363  0.4185480638490935
2500364  0.4185480638490935
2500365  0.4185480638490935
2500366  0.4185480638490935
2500367  0.4185480638490935
2500368  0.4185480638490935
2500369  0.4185480638490935
2500371  0.4185480638490935
2500372  0.4185480638490935
2500380  0.4185480638490935
2500385  0.4185480638490935
2500397  0.4185480638490935
2500398  0.4185480638490935
2500401  0.4185480638490935
2500402  0.4185480638490935
2500405  0.4185480638490935
2500407  0.4185480638490935
2500410  0.4185480638490935
2500411  0.4185480638490935
2500415  0.4185480638490935
2500417  0.4185480638490935
2500420  0.4185480638490935
2500421  0.4185480638490935
2500425  0.4185480638490935
2500427  0.4185480638490935
2500429  0.4185480638490935
3000515  0.41642881952877564
3000518  0.41642881952877564
1600255  0.3946108989335921
1600256  0.3946108989335921
1600258  0.3946108989335921
1600259  0.3946108989335921
1600263  0.3946108989335921
1600268  0.3946108989335921
1600269  0.3946108989335921
1600272  0.3946108989335921
1600273  0.3946108989335921
1600274  0.3946108989335921
1600275  0.3946108989335921
1600278  0.3946108989335921
1600279  0.3946108989335921
1600283  0.3946108989335921
2500244  0.3946108989335921
2500246  0.3946108989335921
2500248  0.3946108989335921
2500249  0.3946108989335921
2500250  0.3946108989335921
2500273  0.3946108989335921
2500278  0.3946108989335921
2500288  0.3946108989335921
2500290  0.3946108989335921
2500292  0.3946108989335921
2500293  0.3946108989335921
2500294  0.3946108989335921
2500297  0.3946108989335921
2500298  0.3946108989335921
2500299  0.3946108989335921
2500302  0.3946108989335921
2500304  0.3946108989335921
2500309  0.3946108989335921
2500310  0.3946108989335921
2500311  0.3946108989335921
2500391  0.3946108989335921
2500393  0.3946108989335921
1600220  0.38750021023237596
1600223  0.38750021023237596
1100307  0.37240586916274737
1100308  0.37240586916274737
1100317  0.37240586916274737
1400139  0.37240586916274737
1400141  0.37240586916274737
1400285  0.37240586916274737
1400286  0.37240586916274737
1400302  0.37240586916274737
1400306  0.37240586916274737
1400362  0.37240586916274737
1400363  0.37240586916274737
1400364  0.37240586916274737
1600063  0.36827319636745637
1600070  0.36827319636745637
1600137  0.36827319636745637
1600247  0.36827319636745637
2500180  0.36827319636745637
2500231  0.36827319636745637
2500232  0.36827319636745637
2500233  0.36827319636745637
2500234  0.36827319636745637
2500235  0.36827319636745637
1000053  0.3629763419529133
1000060  0.3629763419529133
1000069  0.3629763419529133
1000079  0.3629763419529133
1000086  0.3629763419529133
1100102  0.3629763419529133
1100103  0.3629763419529133
1100104  0.3629763419529133
1100105  0.3629763419529133
1100106  0.3629763419529133
1100107  0.3629763419529133
1100110  0.3629763419529133
1100111  0.3629763419529133
1100112  0.3629763419529133
1100113  0.3629763419529133
1100114  0.3629763419529133
1100115  0.3629763419529133
1100116  0.3629763419529133
1100117  0.3629763419529133
1100119  0.3629763419529133
1100154  0.3629763419529133
1100155  0.3629763419529133
1100156  0.3629763419529133
1100157  0.3629763419529133
1100177  0.3629763419529133
1100179  0.3629763419529133
1100190  0.3629763419529133
1100191  0.3629763419529133
1100192  0.3629763419529133
1100193  0.3629763419529133
1100197  0.3629763419529133
1100198  0.3629763419529133
1100200  0.3629763419529133
1100207  0.3629763419529133
1100208  0.3629763419529133
1100209  0.3629763419529133
1100212  0.3629763419529133
1100213  0.3629763419529133
1100214  0.3629763419529133
1100217  0.3629763419529133
1100267  0.3629763419529133
1100268  0.3629763419529133
1100274  0.3629763419529133
1100275  0.3629763419529133
1100276  0.3629763419529133
1100298  0.3629763419529133
1100299  0.3629763419529133
1100301  0.3629763419529133
1100310  0.3629763419529133
1300200  0.3629763419529133
3503364  0.3629763419529133
3503368  0.3629763419529133
3503369  0.3629763419529133
5100049  0.3629763419529133
5100092  0.3629763419529133
5100093  0.3629763419529133
5100094  0.3629763419529133
5100095  0.3629763419529133
5100096  0.3629763419529133
5300041  0.3629763419529133
5300048  0.3629763419529133
5300055  0.3629763419529133
5300062  0.3629763419529133
5300068  0.3629763419529133
5300074  0.3629763419529133
1100227  0.3624732559981062
1100229  0.3624732559981062
1100044  0.3528055602594449
1100221  0.3528055602594449
1100225  0.3528055602594449
1300202  0.3528055602594449
1300203  0.3528055602594449
3503370  0.3528055602594449
5100110  0.3528055602594449
5100116  0.3528055602594449
5100128  0.3528055602594449
5100134  0.3528055602594449
5100140  0.3528055602594449
5100153  0.3528055602594449
5100154  0.3528055602594449
5100173  0.3528055602594449
5100176  0.3528055602594449
5100177  0.3528055602594449
5100178  0.3528055602594449
5100179  0.3528055602594449
5100180  0.3528055602594449
5100181  0.3528055602594449
5100182  0.3528055602594449
5100187  0.3528055602594449
5100190  0.3528055602594449
5100294  0.3528055602594449
5100297  0.3528055602594449
5100298  0.3528055602594449
5200336  0.3528055602594449
5200340  0.3528055602594449
1100232  0.3522606864821505
1400128  0.3522606864821505
1400131  0.3522606864821505
1400304  0.3522606864821505
1400311  0.3522606864821505
1400312  0.3522606864821505
1400313  0.3522606864821505
1400316  0.3522606864821505
1400317  0.3522606864821505
1400318  0.3522606864821505
1400321  0.3522606864821505
1400322  0.3522606864821505
1400323  0.3522606864821505
1400324  0.3522606864821505
1400327  0.3522606864821505
1400331  0.3522606864821505
1500296  0.3522606864821505
2300320  0.3522606864821505
2300321  0.3522606864821505
2300334  0.3522606864821505
2300335  0.3522606864821505
4900082  0.3522606864821505
4900083  0.3522606864821505
4900086  0.3522606864821505
4900087  0.3522606864821505
4900088  0.3522606864821505
1100246  0.3423358528871003
1100254  0.3423358528871003
1100256  0.3423358528871003
1100257  0.3423358528871003
1100258  0.3423358528871003
1100285  0.3423358528871003
1100303  0.3423358528871003
1100304  0.3423358528871003
1100305  0.3423358528871003
5000037  0.3423358528871003
5000038  0.3423358528871003
5100065  0.3423358528871003
5100068  0.3423358528871003
4900146  0.3417430630867044
4900147  0.3417430630867044
4900148  0.3417430630867044
4900149  0.3417430630867044
4900150  0.3417430630867044
4900151  0.3417430630867044
4900154  0.3417430630867044
4900155  0.3417430630867044
4900161  0.3417430630867044
4900162  0.3417430630867044
4900169  0.3417430630867044
4900195  0.3417430630867044
4900198  0.3417430630867044
4900199  0.3417430630867044
4900200  0.3417430630867044
4900201  0.3417430630867044
4900202  0.3417430630867044
4900203  0.3417430630867044
4900204  0.3417430630867044
4900205  0.3417430630867044
4900211  0.3417430630867044
4900213  0.3417430630867044
4900233  0.3417430630867044
4900236  0.3417430630867044
4900241  0.3417430630867044
4900246  0.3417430630867044
4900247  0.3417430630867044
4900251  0.3417430630867044
4900252  0.3417430630867044
4900254  0.3417430630867044
4900273  0.3417430630867044
4900275  0.3417430630867044
4900283  0.3417430630867044
4900284  0.3417430630867044
4900365  0.3417430630867044
4900366  0.3417430630867044
4900367  0.3417430630867044
4900368  0.3417430630867044
4900373  0.3417430630867044
4900374  0.3417430630867044
4900375  0.3417430630867044
4900378  0.3417430630867044
4900385  0.3417430630867044
4900386  0.3417430630867044
5100122  0.33153946963025926
5100195  0.33153946963025926
5100268  0.33153946963025926
5100269  0.33153946963025926
5200354  0.33153946963025926
5200355  0.33153946963025926
5200356  0.33153946963025926
1100329  0.3308912980041792
1100333  0.3308912980041792
1100336  0.3308912980041792
1100337  0.3308912980041792
1100339  0.3308912980041792
1400337  0.3308912980041792
4900287  0.3308912980041792
1400340  0.3080430342483094
1400341  0.3080430342483094
1400342  0.3080430342483094
1400343  0.3080430342483094
4900172  0.29595817420019405
4900173  0.29595817420019405
1100334  0.2701716134791496
3503373  0.19375010511618798
3503375  0.19375010511618798
3503379  0.19375010511618798
1800209  0.14797908710009702
1800212  0.14797908710009702
1800214  0.14797908710009702
1800252  0.14797908710009702
