19300053  1.0
19300057  1.0
19300058  1.0
19300061  1.0
19300068  1.0
19300082  1.0
19300083  1.0
19300085  1.0
19300091  1.0
21600078  1.0
21600079  1.0
21600080  1.0
21600081  1.0
21600082  1.0
21600083  1.0
21600085  1.0
21600086  1.0
21600088  1.0
21600092  1.0
21600096  1.0
21600107  1.0
21600108  1.0
21600110  1.0
21600125  1.0
21600126  1.0
21600130  1.0
21600177  1.0
21600178  1.0
21600183  1.0
21600201  1.0
21600202  1.0
21600204  1.0
21600205  1.0
21900087  1.0
22900258  1.0
23100307  1.0
23100308  1.0
23100309  1.0
23100310  1.0
23100312  1.0
23100313  1.0
23100314  1.0
23100317  1.0
23100318  1.0
23100321  1.0
23100322  1.0
23100326  1.0
23200342  1.0
23200343  1.0
23200344  1.0
23200345  1.0
23200347  1.0
23200348  1.0
23200349  1.0
23200352  1.0
23200353  1.0
23200356  1.0
23200357  1.0
23200359  1.0
23200360  1.0
23200364  1.0
23200365  1.0
23200367  1.0
23200371  1.0
23200372  1.0
23200374  1.0
23200375  1.0
23200377  1.0
23200378  1.0
23200380  1.0
23200385  1.0
23400499  1.0
23400500  1.0
23400501  1.0
23400507  1.0
23500563  1.0
23500564  1.0
23500565  1.0
23500571  1.0
23500572  1.0
23500574  1.0
19300045  0.9583333333333334
19300048  0.9583333333333334
19300049  0.9583333333333334
19300095  0.9583333333333334
19300096  0.9583333333333334
21600064  0.9583333333333334
21600071  0.9583333333333334
21600075  0.9583333333333334
21600076  0.9583333333333334
21600095  0.9583333333333334
21600099  0.9583333333333334
21600195  0.9583333333333334
21600198  0.9583333333333334
21600224  0.9583333333333334
21600225  0.9583333333333334
21600226  0.9583333333333334
21600559  0.9583333333333334
22900249  0.9583333333333334
22900250  0.9583333333333334
22900251  0.9583333333333334
22900252  0.9583333333333334
22900255  0.9583333333333334
22900256  0.9583333333333334
22900257  0.9583333333333334
22900260  0.9583333333333334
16100125  0.8846153846153846
18000082  0.5
23601216  0.5
16600054  0.11979166666666663
18700119  0.11979166666666663
18300081  0.11917098445595853
14300020  0.08679245283018866
14300024  0.08679245283018866
14300025  0.08679245283018866
14300026  0.08679245283018866
16100061  0.08679245283018866
16100063  0.08679245283018866
16100064  0.08679245283018866
16100067  0.08679245283018866
16100069  0.08679245283018866
16100070  0.08679245283018866
18700091  0.08673469387755106
14300033  0.08585858585858586
14300034  0.08585858585858586
2800037  0.08487084870848705
2800033  0.08394160583941601
2800029  0.08333333333333337
9100053  0.08333333333333337
9100054  0.08333333333333337
2800025  0.08273381294964033
14600094  0.08127208480565373
14600095  0.08127208480565373
16100058  0.08127208480565373
16100059  0.08127208480565373
16100060  0.08127208480565373
2800021  0.08041958041958042
2800011  0.07666666666666666
2800013  0.07666666666666666
2800016  0.07666666666666666
2800017  0.07666666666666666
12700019  0.07641196013289031
12700020  0.07641196013289031
12700021  0.07641196013289031
18700090  0.0752212389380531
18000076  0.07434944237918217
18000098  0.07434944237918217
18000099  0.07434944237918217
14300031  0.07423580786026196
14300032  0.07423580786026196
14300042  0.07359307359307354
14300043  0.07359307359307354
16100080  0.07359307359307354
16100081  0.07359307359307354
16100082  0.07359307359307354
9700017  0.07327586206896552
9700018  0.07327586206896552
9700019  0.07327586206896552
20000120  0.07327586206896552
20000121  0.07327586206896552
16600042  0.07301587301587298
18300069  0.07301587301587298
18700110  0.07301587301587298
16100079  0.07234042553191489
12900050  0.049568965517241326
12900049  0.04883227176220806
12900045  0.04862579281183932
18200035  0.04814814814814816
16600035  0.044487427466150864
18200052  0.041516245487364656
16100045  0.03972366148531947
16100046  0.03972366148531947
18700093  0.03972366148531947
18700100  0.03972366148531947
18700101  0.03972366148531947
13700048  0.03945111492281306
16100085  0.03945111492281306
16100087  0.03945111492281306
16900076  0.03945111492281306
17700055  0.03945111492281306
13700043  0.03938356164383561
13700044  0.03938356164383561
13700045  0.03938356164383561
11000020  0.038785834738617186
11000021  0.038785834738617186
11000032  0.038785834738617186
11000033  0.038785834738617186
11000038  0.038785834738617186
20000054  0.038525963149078746
18200121  0.03803131991051456
18200131  0.03803131991051456
18700087  0.037337662337662336
18700089  0.037337662337662336
2600025  0.037277147487844386
7500030  0.037117903930131035
5500014  0.0370967741935484
9100029  0.0370967741935484
9100030  0.0370967741935484
13400019  0.0370967741935484
13400020  0.0370967741935484
13400021  0.0370967741935484
14600031  0.0370967741935484
14600032  0.0370967741935484
18700082  0.0370967741935484
18700083  0.0370967741935484
18700084  0.0370967741935484
2600041  0.03703703703703709
4100018  0.03703703703703709
4100013  0.036977491961414755
4100014  0.036977491961414755
4100015  0.036977491961414755
17700065  0.036977491961414755
17700072  0.036977491961414755
16600029  0.03685897435897434
16600030  0.03685897435897434
16600031  0.03685897435897434
17700051  0.03685897435897434
18300038  0.03685897435897434
18300039  0.03685897435897434
18300040  0.03685897435897434
18300049  0.03685897435897434
18300056  0.03685897435897434
16100077  0.036800000000000055
16100078  0.036800000000000055
14600055  0.036741214057507965
11600024  0.03650793650793649
11600025  0.03650793650793649
11600026  0.03650793650793649
11600027  0.03650793650793649
16100040  0.0363349131121643
16100041  0.0363349131121643
16100042  0.0363349131121643
15600041  0.036163522012578664
18700064  0.03610675039246469
18700067  0.03610675039246469
18700059  0.035993740219092296
18700057  0.03582554517133951
9100041  0.0357142857142857
14600054  0.03565891472868221
11800024  0.035493827160493874
11800026  0.035493827160493874
11800027  0.035493827160493874
11800038  0.035493827160493874
1300009  0.03538461538461535
1300012  0.03538461538461535
4700019  0.03538461538461535
4700020  0.03538461538461535
4700021  0.03538461538461535
4700022  0.03538461538461535
4700023  0.03538461538461535
4700024  0.03538461538461535
4700025  0.03538461538461535
4700026  0.03538461538461535
4700031  0.03538461538461535
4700032  0.03538461538461535
4700037  0.03538461538461535
4700041  0.03538461538461535
4700044  0.03538461538461535
9900017  0.03538461538461535
9900018  0.03538461538461535
9900019  0.03538461538461535
11800023  0.03538461538461535
11800031  0.03538461538461535
11900018  0.03538461538461535
11900019  0.03538461538461535
11900021  0.03538461538461535
11900022  0.03538461538461535
11900023  0.03538461538461535
15600040  0.03538461538461535
16900089  0.03538461538461535
17700044  0.03538461538461535
17700045  0.03538461538461535
17700047  0.03538461538461535
17700049  0.03538461538461535
17700050  0.03538461538461535
18700048  0.03533026113671278
1200007  0.03527607361963192
4800031  0.03527607361963192
17700040  0.03527607361963192
17700063  0.03527607361963192
17700069  0.03527607361963192
16100099  0.03522205206738127
18200048  0.03522205206738127
2600011  0.03506097560975607
2600015  0.03506097560975607
2600016  0.03506097560975607
2600017  0.03506097560975607
2600018  0.03506097560975607
9100069  0.03495440729483279
7500025  0.03448275862068961
4800027  0.033973412112260015
17700038  0.033973412112260015
18200110  0.03393213572854292
18200106  0.03359683794466406
18200103  0.03339882121807469
18200104  0.03339882121807469
18200105  0.03339882121807469
7500017  0.033333333333333326
7500018  0.033333333333333326
18200060  0.033138401559454245
18200033  0.03299856527977041
7500015  0.03288201160541582
7500022  0.03288201160541582
18200098  0.032755298651252374
18200099  0.032755298651252374
18200101  0.032755298651252374
18200030  0.03248587570621464
18200031  0.03248587570621464
18200032  0.03248587570621464
18200037  0.03248587570621464
11400042  0.03234880450070321
11400043  0.03234880450070321
11400050  0.03234880450070321
11400023  0.03198887343532686
20000058  0.03198887343532686
17700039  0.03165735567970207
20000062  0.031636863823933936
12900065  0.030585106382978733
13700040  0.030585106382978733
11400022  0.02990897269180759
20000043  0.02990897269180759
20000044  0.02990897269180759
20000045  0.02990897269180759
20000046  0.02990897269180759
20000047  0.02990897269180759
20000048  0.02990897269180759
20000049  0.02990897269180759
20000050  0.02990897269180759
20000051  0.02990897269180759
13800019  0.028930817610062887
13800020  0.028930817610062887
13800022  0.028930817610062887
13800023  0.028930817610062887
13800024  0.028930817610062887
13800025  0.028930817610062887
11400047  0.02844638949671774
11400044  0.02813852813852813
13600019  0.02777777777777779
13600020  0.02777777777777779
13600021  0.02777777777777779
1400008  0.02572706935123048
1800012  0.02572706935123048
10400017  0.02572706935123048
10400021  0.02572706935123048
21000099  0.02572706935123048
21300060  0.025691699604743046
5900040  0.024520255863539453
23601243  0.02421052631578946
9100049  0.024109014675052443
9100050  0.024109014675052443
14600069  0.02408376963350789
14600072  0.02408376963350789
14600077  0.02408376963350789
3100017  0.023858921161825752
3100014  0.023834196891191706
1900015  0.02361396303901442
3700012  0.02361396303901442
3700015  0.02361396303901442
4200013  0.02361396303901442
4200016  0.02361396303901442
4200017  0.02361396303901442
4200018  0.02361396303901442
4200020  0.02361396303901442
4700013  0.02361396303901442
5900063  0.02361396303901442
9100073  0.02361396303901442
9100074  0.02361396303901442
11000018  0.02361396303901442
11000019  0.02361396303901442
11000025  0.02361396303901442
11600018  0.02361396303901442
11600021  0.02361396303901442
11800018  0.02361396303901442
12900024  0.02361396303901442
12900026  0.02361396303901442
12900028  0.02361396303901442
12900029  0.02361396303901442
12900033  0.02361396303901442
13300024  0.02361396303901442
13300028  0.02361396303901442
13300030  0.02361396303901442
13300031  0.02361396303901442
13300032  0.02361396303901442
13300040  0.02361396303901442
13300044  0.02361396303901442
13300049  0.02361396303901442
13300053  0.02361396303901442
13300055  0.02361396303901442
13300059  0.02361396303901442
13300063  0.02361396303901442
13300064  0.02361396303901442
13300066  0.02361396303901442
13700022  0.02361396303901442
13700023  0.02361396303901442
13700028  0.02361396303901442
13700032  0.02361396303901442
16100023  0.02361396303901442
16100027  0.02361396303901442
16100029  0.02361396303901442
16100034  0.02361396303901442
16100035  0.02361396303901442
16100036  0.02361396303901442
16100037  0.02361396303901442
16100137  0.02361396303901442
16600024  0.02361396303901442
16600025  0.02361396303901442
16600026  0.02361396303901442
16900037  0.02361396303901442
16900038  0.02361396303901442
16900039  0.02361396303901442
16900040  0.02361396303901442
16900041  0.02361396303901442
16900042  0.02361396303901442
16900043  0.02361396303901442
16900044  0.02361396303901442
16900045  0.02361396303901442
16900046  0.02361396303901442
16900047  0.02361396303901442
16900050  0.02361396303901442
16900054  0.02361396303901442
16900055  0.02361396303901442
16900059  0.02361396303901442
16900063  0.02361396303901442
16900064  0.02361396303901442
16900068  0.02361396303901442
16900072  0.02361396303901442
16900084  0.02361396303901442
16900085  0.02361396303901442
16900093  0.02361396303901442
16900097  0.02361396303901442
17500141  0.02361396303901442
17500154  0.02361396303901442
17500156  0.02361396303901442
17500157  0.02361396303901442
17500158  0.02361396303901442
17500159  0.02361396303901442
17500160  0.02361396303901442
17500164  0.02361396303901442
17500165  0.02361396303901442
17500168  0.02361396303901442
17500171  0.02361396303901442
17700027  0.02361396303901442
17700028  0.02361396303901442
17700031  0.02361396303901442
17700032  0.02361396303901442
17700033  0.02361396303901442
17700034  0.02361396303901442
18000056  0.02361396303901442
18000061  0.02361396303901442
18000062  0.02361396303901442
18000063  0.02361396303901442
18000070  0.02361396303901442
18000075  0.02361396303901442
18000078  0.02361396303901442
18000081  0.02361396303901442
18000085  0.02361396303901442
18000092  0.02361396303901442
18000093  0.02361396303901442
18000094  0.02361396303901442
18000101  0.02361396303901442
18000102  0.02361396303901442
18000103  0.02361396303901442
18000106  0.02361396303901442
18000110  0.02361396303901442
18000128  0.02361396303901442
18000129  0.02361396303901442
18000130  0.02361396303901442
18300031  0.02361396303901442
18300032  0.02361396303901442
18300033  0.02361396303901442
18300034  0.02361396303901442
18700035  0.02361396303901442
18700036  0.02361396303901442
18700040  0.02361396303901442
18700041  0.02361396303901442
18700042  0.02361396303901442
18700043  0.02361396303901442
18700044  0.02361396303901442
18700045  0.02361396303901442
19200050  0.02361396303901442
19200051  0.02361396303901442
19200052  0.02361396303901442
19200053  0.02361396303901442
20300047  0.02361396303901442
20600053  0.02361396303901442
22000090  0.02361396303901442
5900060  0.02358974358974364
14600114  0.02358974358974364
14600117  0.02358974358974364
14600118  0.02358974358974364
17500087  0.02358974358974364
17500149  0.02358974358974364
5900036  0.023565573770491843
5900039  0.023565573770491843
17500061  0.023565573770491843
17500148  0.023565573770491843
5900014  0.023541453428863823
5900017  0.023541453428863823
5900021  0.023541453428863823
5900024  0.023541453428863823
5900027  0.023541453428863823
5900031  0.023541453428863823
17500057  0.023541453428863823
17500145  0.023541453428863823
17500147  0.023541453428863823
19200044  0.023541453428863823
19200049  0.023541453428863823
1900009  0.023517382413087984
1900011  0.023517382413087984
15900063  0.023517382413087984
18000029  0.023517382413087984
18000031  0.023517382413087984
18000036  0.023517382413087984
18000038  0.023517382413087984
18000045  0.023517382413087984
18000052  0.023517382413087984
23602161  0.02346938775510199
16900025  0.023421588594704668
16900031  0.023421588594704668
16900034  0.023421588594704668
17500027  0.023421588594704668
17500075  0.023421588594704668
17500076  0.023421588594704668
17500079  0.023421588594704668
13200019  0.02332657200811361
17000025  0.02332657200811361
17000034  0.02332657200811361
17000043  0.02332657200811361
17000052  0.02332657200811361
17000062  0.02332657200811361
17000071  0.02332657200811361
17000076  0.02332657200811361
17000077  0.02332657200811361
17000078  0.02332657200811361
17000081  0.02332657200811361
18600032  0.02332657200811361
18900036  0.02332657200811361
18900040  0.02332657200811361
18900055  0.02332657200811361
19300038  0.02332657200811361
19300042  0.02332657200811361
22100107  0.02332657200811361
23600932  0.02332657200811361
23600943  0.02332657200811361
23600975  0.02332657200811361
23600988  0.02332657200811361
23601075  0.02332657200811361
23601109  0.02332657200811361
7600015  0.023255813953488413
7600018  0.023255813953488413
7600019  0.023255813953488413
19200037  0.023255813953488413
19200039  0.023255813953488413
19200040  0.023255813953488413
19200041  0.023255813953488413
20400048  0.023255813953488413
20400051  0.023255813953488413
4800013  0.02320887991927345
19900042  0.02320887991927345
19900045  0.02320887991927345
9100016  0.022704837117472843
9100019  0.022704837117472843
9100022  0.022704837117472843
9100023  0.022704837117472843
9100025  0.022704837117472843
12900019  0.022704837117472843
12900021  0.022704837117472843
14600020  0.022704837117472843
14600022  0.022704837117472843
14600023  0.022704837117472843
14600027  0.022704837117472843
14600082  0.022704837117472843
14600084  0.022704837117472843
14600090  0.022704837117472843
14600091  0.022704837117472843
14600110  0.022704837117472843
15600022  0.022704837117472843
15600026  0.022704837117472843
15600112  0.022704837117472843
15600117  0.022704837117472843
15900047  0.022704837117472843
15900048  0.022704837117472843
20100044  0.022704837117472843
21000094  0.022704837117472843
1800009  0.02257114818449457
13700019  0.02257114818449457
14400020  0.02257114818449457
15900022  0.02257114818449457
15900029  0.02257114818449457
15900031  0.02257114818449457
15900032  0.02257114818449457
15900034  0.02257114818449457
15900037  0.02257114818449457
15900038  0.02257114818449457
15900039  0.02257114818449457
15900040  0.02257114818449457
21000058  0.02257114818449457
21000059  0.02257114818449457
21000060  0.02257114818449457
21000072  0.02257114818449457
21000076  0.02257114818449457
21000079  0.02257114818449457
21000107  0.02257114818449457
21000111  0.02257114818449457
21000114  0.02257114818449457
21000122  0.02257114818449457
21000123  0.02257114818449457
21000129  0.02257114818449457
21000132  0.02257114818449457
21000134  0.02257114818449457
21000135  0.02257114818449457
21000152  0.02257114818449457
18000095  0.009815950920245453
18000096  0.009815950920245453
18000134  0.009815950920245453
18000135  0.009815950920245453
18000136  0.009815950920245453
18000137  0.009815950920245453
