16100042  0.05205278471112251
18700101  0.0518740676343441
13300044  0.05129104480147362
20000120  0.05116710066795349
13800023  0.051044244319200516
21600083  0.05096357688307762
2800033  0.05087011307477951
21600088  0.05080338940024376
23100314  0.050742052495479584
16100045  0.050674181431531906
16900097  0.050489749759435654
23200342  0.05048881098628044
19300095  0.05048675462603569
20000054  0.05038919299840927
21600099  0.05034380778670311
2800037  0.05032842233777046
18300040  0.05020281299948692
22900258  0.05017269402742386
13700023  0.05016414821147919
21600205  0.05013546347618103
23100308  0.05012104660272598
19300085  0.05011977255344391
18000093  0.050088025629520416
14600117  0.050050828605890274
16100059  0.05003364756703377
16900046  0.05002154782414436
17500075  0.049960557371377945
21600078  0.049931757152080536
9900018  0.04985104128718376
14300043  0.04973708465695381
17700072  0.04971883073449135
17700063  0.04969995468854904
16900044  0.04968452826142311
23200349  0.04968329146504402
7500015  0.04962719604372978
18200105  0.04959246143698692
18700087  0.04956511780619621
23200378  0.049553461372852325
20000121  0.04955069720745087
16100064  0.04954865574836731
12700021  0.04952746257185936
2800025  0.049510203301906586
13400020  0.04950611665844917
21600201  0.04946969076991081
11900022  0.04944102093577385
13700043  0.04941028729081154
21600178  0.049355193972587585
23100310  0.04934998229146004
9100030  0.049317486584186554
2600017  0.04930222034454346
18000106  0.0492926761507988
14300034  0.04928262159228325
18000056  0.049281418323516846
23100313  0.04926319047808647
4800027  0.04925769940018654
22900252  0.04923934116959572
13400021  0.04922175779938698
2800021  0.04921577870845795
23200345  0.049189429730176926
18700100  0.049183208495378494
14300033  0.049176812171936035
18200103  0.0491754487156868
21600082  0.04915999993681908
14300025  0.04915572330355644
21600195  0.049115221947431564
18300031  0.04911506548523903
18000135  0.04909954592585564
18300069  0.04907100647687912
22900260  0.049070607870817184
23200359  0.04906511679291725
11400043  0.049062732607126236
18200032  0.04905812814831734
18000078  0.04905401170253754
11800024  0.049051545560359955
17000025  0.049034468829631805
4700020  0.049034133553504944
2800029  0.048990681767463684
11400047  0.04897797480225563
19300068  0.04897399619221687
9700019  0.04896844923496246
23400500  0.04895932227373123
14600032  0.04894997552037239
11400042  0.04894354194402695
1300009  0.048939298838377
21600085  0.04892904683947563
11600024  0.04892862215638161
23200367  0.048920705914497375
23400507  0.04887617006897926
23100307  0.04886792600154877
14300024  0.04884815961122513
23100317  0.048820432275533676
16100061  0.04881646856665611
18200104  0.04879707843065262
13300049  0.04878804460167885
5900039  0.04878616705536842
22900249  0.0487840436398983
21600071  0.04877205193042755
19300091  0.04877103120088577
16900040  0.04876968264579773
16100079  0.04875526204705238
23200375  0.04872747138142586
18200052  0.04872298240661621
21600559  0.04872148111462593
18300039  0.04871575906872749
16100041  0.04871536046266556
9900019  0.04869963228702545
17700051  0.048695631325244904
17700047  0.04868593439459801
11900019  0.04867125302553177
23200365  0.04867043346166611
9100053  0.04866259545087814
20000062  0.04866109788417816
4700022  0.04864140972495079
23200364  0.04862803593277931
22900251  0.048624709248542786
2800013  0.04861866310238838
18700119  0.04861416295170784
16600029  0.04860801249742508
11000021  0.048601992428302765
2600011  0.048567917197942734
19300048  0.04849822446703911
21600081  0.048494283109903336
16100080  0.048488784581422806
21600198  0.04848632216453552
17700038  0.04840967059135437
23200385  0.048388298600912094
17500149  0.0483580082654953
16100070  0.04834442585706711
18900055  0.048334866762161255
21600108  0.048334378749132156
17500160  0.048329249024391174
21600095  0.04831063374876976
21600064  0.04831034690141678
21600110  0.048296231776475906
16600030  0.04829027131199837
2600018  0.04827990382909775
23100326  0.04826820641756058
19300057  0.048258986324071884
18200101  0.048252128064632416
22900250  0.04823697730898857
21600107  0.048231661319732666
19300042  0.0482298880815506
23100309  0.04821833223104477
23200374  0.048217564821243286
14300042  0.04821710288524628
21600130  0.0482148714363575
5500014  0.048213887959718704
23200353  0.0482122041285038
18700110  0.04820220544934273
18300034  0.04819778725504875
16100046  0.048185888677835464
2600016  0.04818530008196831
11000038  0.04818400740623474
7500017  0.048177119344472885
23200348  0.048164330422878265
18000038  0.04816415160894394
23600988  0.04816347733139992
19300082  0.0481572262942791
18700048  0.048156458884477615
11900018  0.04813827946782112
9100069  0.04813297092914581
17700028  0.04811885580420494
16600042  0.048117417842149734
9700017  0.04811248183250427
16100137  0.04810634255409241
23500571  0.04809863865375519
17500148  0.0480971522629261
18200131  0.048094186931848526
17700039  0.048070915043354034
16100087  0.04806707799434662
21300060  0.04804707318544388
11400050  0.04802694916725159
21600076  0.04802092909812927
17700040  0.04801085963845253
9100054  0.04800757020711899
13300059  0.047990575432777405
23500563  0.04796907678246498
18000082  0.0479637011885643
7600015  0.047941841185092926
5900017  0.04788200184702873
5900027  0.047865789383649826
16100081  0.04786455258727074
19300053  0.04785242676734924
16100069  0.04784006625413895
19300038  0.047835394740104675
11000033  0.04782577604055405
4700025  0.04781893640756607
13300063  0.047810815274715424
16900084  0.04780823364853859
23400499  0.047806624323129654
16900043  0.04780159145593643
16100099  0.0477963387966156
21600092  0.047784142196178436
11600026  0.0477808453142643
16600031  0.047775208950042725
2800011  0.047764383256435394
4700044  0.04775907099246979
13700044  0.04775846004486084
2800017  0.04775811359286308
11400023  0.04775453731417656
21600204  0.04774527996778488
4700013  0.04773591458797455
23200360  0.047728002071380615
17000034  0.047726377844810486
18000092  0.04771903157234192
19300061  0.047705017030239105
17700033  0.047701701521873474
16100023  0.047697845846414566
18000096  0.04768099635839462
23200343  0.047675106674432755
18200099  0.04766233637928963
23500565  0.04766181856393814
18700082  0.0476582907140255
21600125  0.04764348641037941
4700032  0.04763277992606163
18300033  0.04762289673089981
14600054  0.04761677235364914
23200347  0.047609593719244
15900063  0.04758741706609726
2800016  0.04758698493242264
11800031  0.04757818952202797
4100018  0.047540973871946335
2600025  0.04753037542104721
18000045  0.04752974584698677
11600027  0.04750477895140648
19300083  0.04749278351664543
18700045  0.0474918968975544
20000049  0.04748950153589249
13300040  0.04748940095305443
17500171  0.0474889874458313
18000134  0.04747126251459122
18700040  0.04747115075588226
7500018  0.047469232231378555
14600023  0.04746272414922714
1200007  0.04745832830667496
14600031  0.04744914546608925
7500025  0.04744890332221985
4100014  0.047446299344301224
21600224  0.04744149371981621
23200356  0.04743347689509392
23100321  0.04742518067359924
23500564  0.04741986468434334
11800027  0.04741542413830757
18000110  0.04738171026110649
18000101  0.047379083931446075
12700019  0.04737873747944832
13800019  0.04737475514411926
17000077  0.047370605170726776
12700020  0.047367874532938004
4200013  0.04736709967255592
18700044  0.047341927886009216
1900009  0.0473308339715004
21600086  0.04732822999358177
7500030  0.047301046550273895
17500087  0.04730076342821121
23100312  0.04726912081241608
10400021  0.04726783186197281
20000043  0.04725939780473709
18000129  0.04725838825106621
16100035  0.047249261289834976
17000043  0.04723477363586426
16100036  0.0472278855741024
23500572  0.047226108610630035
18700091  0.04722243547439575
18200106  0.04722050577402115
18600032  0.04721902683377266
16600054  0.04721014201641083
14600055  0.047207850962877274
17700034  0.047207850962877274
22000090  0.04720446467399597
5900014  0.04718940705060959
18200037  0.04718531295657158
17500027  0.04718503728508949
21600080  0.04717826098203659
20000050  0.0471736341714859
4700037  0.04716600477695465
13300064  0.04715987294912338
17500145  0.047157708555459976
23200380  0.0471465066075325
5900024  0.04714023321866989
11600018  0.047134313732385635
16900045  0.04712819308042526
17700055  0.04712018370628357
16100029  0.04711590334773064
23200352  0.04711466282606125
23602161  0.04711027443408966
23100318  0.04710588604211807
11400044  0.0470801442861557
4700019  0.04707832634449005
14600094  0.047071244567632675
9700018  0.04706773906946182
11400022  0.047059159725904465
13600019  0.04705280810594559
14600027  0.04704827815294266
11600021  0.04703669250011444
4800031  0.04703522101044655
18900036  0.04701919108629227
9100022  0.04701758921146393
18700035  0.047016605734825134
18700084  0.047014426440000534
18000063  0.047012098133563995
16600024  0.047009579837322235
9100019  0.047006119042634964
21600202  0.04700491949915886
23500574  0.04700098931789398
18200048  0.04698044806718826
21600126  0.04695858806371689
18900040  0.04691735655069351
11800026  0.046915266662836075
11900021  0.046906035393476486
4700031  0.04690041020512581
18700089  0.046898894011974335
13700048  0.046897511929273605
16600035  0.04689396917819977
16900068  0.046889305114746094
11800023  0.046871066093444824
18300038  0.046869195997714996
4700041  0.04686181992292404
1300012  0.046856410801410675
20000051  0.04684940725564957
22900255  0.046847257763147354
16100078  0.04684491455554962
18300081  0.046840421855449677
18000094  0.046836357563734055
5900036  0.04683137312531471
18300056  0.046819306910037994
16900064  0.046818751841783524
20000047  0.04681292548775673
21600079  0.04680958390235901
14600072  0.04679911956191063
13600020  0.04679612070322037
23600943  0.04679446294903755
23200377  0.046794455498456955
17500157  0.046790845692157745
16100058  0.04678548499941826
18000130  0.04678380489349365
16900085  0.0467691570520401
13300053  0.046741146594285965
16100067  0.04673679172992706
21000079  0.04673251882195473
12900049  0.046724364161491394
4200020  0.04672408849000931
18700083  0.04671359807252884
17700044  0.046708013862371445
18000061  0.04669690877199173
5900060  0.04669056087732315
15900047  0.046685490757226944
21600075  0.0466843880712986
16100077  0.04667133837938309
17000062  0.04666338115930557
21600183  0.04666132479906082
16900076  0.04665271192789078
20600053  0.04665112495422363
23200344  0.04663850739598274
16100125  0.04663469269871712
18000062  0.04662968963384628
17700069  0.04662837088108063
19200053  0.0466153621673584
18700057  0.04661249741911888
17700031  0.04661184176802635
17500159  0.04660237208008766
18000099  0.04660232737660408
16900055  0.046601373702287674
18200098  0.04657045006752014
5900063  0.0465555302798748
15600026  0.04655258730053902
15600022  0.04652837663888931
18200033  0.04652455076575279
16900089  0.04651600494980812
19900042  0.046500444412231445
12900024  0.04649224132299423
18000052  0.046478141099214554
13600021  0.046470388770103455
14600020  0.04646521434187889
4200018  0.0464639849960804
17700050  0.04645524173974991
20000045  0.04645359516143799
17500156  0.046451862901449203
18000137  0.04645150527358055
21900087  0.04644966498017311
18700064  0.04644598811864853
14300026  0.04644252732396126
18000036  0.0464402474462986
18200035  0.046437714248895645
16100040  0.04643332213163376
18300049  0.046432141214609146
20000044  0.046432118862867355
1900011  0.046423569321632385
19200041  0.04642181843519211
21600177  0.04640746861696243
5900040  0.046388983726501465
23601216  0.04638814181089401
9100050  0.046380866318941116
22900256  0.04638024792075157
17500061  0.04637360945343971
16900041  0.04636918380856514
18700093  0.046361230313777924
15600041  0.04634946957230568
7600018  0.04633979871869087
14300020  0.04633564502000809
16600025  0.046334296464920044
12900065  0.0463281013071537
13800022  0.04632808268070221
3700012  0.046325597912073135
18000031  0.04631097987294197
13300066  0.04628872126340866
14300032  0.046284932643175125
11000020  0.04627491533756256
18700067  0.04626443609595299
11800038  0.046242307871580124
17000081  0.04621877893805504
18700059  0.0462101586163044
18000136  0.046209514141082764
17500079  0.046199340373277664
16900047  0.04617802053689957
5900021  0.04615972563624382
12900045  0.04615471139550209
19300058  0.046148139983415604
13300031  0.04613911733031273
11000025  0.04613456130027771
18000128  0.046126462519168854
16100082  0.04612468183040619
19200050  0.04612027481198311
14600118  0.046096011996269226
19900045  0.04609294608235359
13700028  0.046090852469205856
14300031  0.046070124953985214
7600019  0.04606806859374046
12900029  0.04606761038303375
1400008  0.0460667684674263
12900021  0.046055056154727936
4700023  0.04605308547616005
4800013  0.04602739214897156
17500141  0.04602571576833725
17500164  0.04602125659584999
20400051  0.0460098460316658
23200372  0.045984841883182526
16900054  0.0459761843085289
21600225  0.0459689237177372
18000098  0.04595983028411865
4100013  0.04595151171088219
15600040  0.04594346135854721
1900015  0.04593702405691147
16100085  0.045931048691272736
17500076  0.0459289625287056
4200017  0.045921165496110916
9100073  0.04588514193892479
18000070  0.045872367918491364
17500154  0.045870326459407806
4700021  0.0458478108048439
16900039  0.04584547132253647
18700036  0.045841239392757416
19300045  0.04583335667848587
17500168  0.04582341015338898
16100027  0.04581158980727196
16900031  0.04579818993806839
14400020  0.04579704627394676
12900026  0.045790791511535645
13800025  0.04576858878135681
19200040  0.045749370008707047
17500158  0.04572250321507454
17700027  0.045721691101789474
20300047  0.04571445286273956
14600069  0.04570987820625305
15900031  0.04569082707166672
21000123  0.045685816556215286
16900025  0.04567662999033928
23100322  0.04565948620438576
14600091  0.04565555602312088
18200110  0.04565005004405975
16900038  0.04564550518989563
23601243  0.045630380511283875
19200044  0.04562373831868172
16100034  0.0456177182495594
12900028  0.045605842024087906
11000019  0.045580364763736725
17700049  0.04557809978723526
4700026  0.0455741211771965
13300032  0.04556126147508621
19200039  0.04555315524339676
18000081  0.04553773254156113
5900031  0.04551885649561882
4700024  0.045518483966588974
15600117  0.04550653323531151
19200051  0.04550199583172798
21000107  0.04548925906419754
18000029  0.04548226296901703
18200031  0.0454779788851738
18000095  0.04547659307718277
20000048  0.04546283185482025
13700040  0.04546036571264267
21000134  0.04545099660754204
16900037  0.04544699937105179
14600077  0.04544089734554291
13700032  0.04541680961847305
22100107  0.04539794102311134
11000032  0.04538867995142937
16900093  0.045366477221250534
16900059  0.04535803198814392
17500165  0.045342858880758286
21000099  0.045330144464969635
13300055  0.0453229658305645
15900040  0.04531943425536156
16900042  0.045316897332668304
21600226  0.04531615599989891
19200037  0.04531230032444
21600096  0.04531029984354973
13300030  0.04529963433742523
15900032  0.045291800051927567
13400019  0.045289427042007446
9100049  0.04528147354722023
13700045  0.045276232063770294
15900048  0.045275554060935974
13300028  0.045272648334503174
23601075  0.04525488615036011
13300024  0.04525408148765564
1800012  0.04525340348482132
17700045  0.04524660483002663
19300049  0.04524025693535805
20000046  0.04523451253771782
18700041  0.04523373395204544
16900072  0.04519165679812431
9100016  0.045164693146944046
15900029  0.045162100344896317
14600095  0.045138586312532425
16100060  0.045120421797037125
11800018  0.045089468359947205
14600114  0.04508694261312485
11000018  0.04508020728826523
18200121  0.04506461322307587
23400501  0.04506292939186096
20000058  0.0450439527630806
22900257  0.0450405478477478
18700043  0.04499218985438347
23200357  0.04497864842414856
2600015  0.04497856646776199
14600084  0.044954054057598114
4100015  0.04492630437016487
23200371  0.044877469539642334
16900063  0.044873688369989395
17500147  0.044869888573884964
12900050  0.044853970408439636
3700015  0.044836342334747314
18200030  0.04477966949343681
17000052  0.044774409383535385
17700032  0.04473145678639412
23600975  0.044690556824207306
16900050  0.04468056559562683
14600090  0.04466097056865692
18000103  0.04464444890618324
17700065  0.04464117810130119
20400048  0.04463154077529907
19200049  0.04459141939878464
11900023  0.04459042847156525
19300096  0.044579699635505676
9100029  0.04456152394413948
2600041  0.04455844312906265
15900022  0.04452759772539139
12900033  0.044518690556287766
19200052  0.04448963329195976
17000076  0.04448448494076729
13800020  0.04447416961193085
9100023  0.04446740075945854
18200060  0.04446724057197571
15600112  0.04446685314178467
18700090  0.044432222843170166
14600022  0.044408924877643585
21000060  0.044393911957740784
13200019  0.04436264932155609
21000132  0.04435986280441284
1800009  0.044343508780002594
18300032  0.04433668032288551
14600110  0.04426521435379982
13700022  0.044234659522771835
9100041  0.044217851012945175
14600082  0.04421470686793327
16100063  0.04419095441699028
18000102  0.04418044537305832
18700042  0.04416164010763168
16900034  0.044148415327072144
23601109  0.044130370020866394
21000072  0.04406643286347389
18000076  0.0440608486533165
21000129  0.04402332380414009
21000094  0.044021621346473694
4200016  0.0440215989947319
7500022  0.043978214263916016
9900017  0.0439443476498127
16600026  0.04391288384795189
17000078  0.04390381649136543
10400017  0.04387222230434418
13800024  0.04372270777821541
21000076  0.04371246322989464
15900038  0.04368743300437927
16100037  0.043612949550151825
11600025  0.043529413640499115
21000122  0.04349488019943237
21000058  0.0434826985001564
9100074  0.043437324464321136
17000071  0.043363623321056366
9100025  0.04335468262434006
21000059  0.04329242557287216
20100044  0.04327854514122009
23600932  0.043140213936567307
21000152  0.04302835464477539
15900039  0.042869966477155685
21000114  0.04263697937130928
13700019  0.04260293394327164
15900037  0.042583875358104706
17500057  0.042525433003902435
18000085  0.042510971426963806
15900034  0.04241957142949104
21000111  0.04236241430044174
18000075  0.04205207899212837
21000135  0.04186632111668587
12900019  0.041569385677576065
3100017  0.039600301533937454
3100014  0.03582583740353584
