2300618  inf
2300619  inf
2300621  inf
2300622  inf
2300623  inf
2300624  inf
2300625  inf
2300626  inf
2300627  inf
2300628  inf
2300629  inf
2300630  inf
2300634  inf
2300635  inf
2300636  inf
2300640  inf
3000104  inf
3000105  inf
3000106  inf
3000107  inf
3000110  inf
3000112  inf
3000114  inf
3000118  inf
3000119  inf
3000120  inf
3000121  inf
3000122  inf
3000124  inf
3000127  inf
2100088  121.0
2300126  121.0
2300127  121.0
2300148  121.0
2300149  121.0
2300150  121.0
2300153  121.0
2300154  121.0
2300156  121.0
2300161  121.0
2300164  121.0
2300165  121.0
2300166  121.0
2300167  121.0
2300168  121.0
2300173  121.0
2300179  121.0
2300206  121.0
2300207  121.0
2300208  121.0
2300209  121.0
2300212  121.0
2300213  121.0
2300214  121.0
2300222  121.0
2300223  121.0
2300224  121.0
2300225  121.0
2300226  121.0
2300227  121.0
2300228  121.0
2300229  121.0
2300230  121.0
2300233  121.0
2300234  121.0
2300237  121.0
2300238  121.0
2300244  121.0
2301317  121.0
2301323  121.0
2301626  121.0
2301635  121.0
2400055  121.0
2400056  121.0
2400061  121.0
2400066  121.0
2400067  121.0
2400639  121.0
3000074  121.0
3000097  121.0
3000099  121.0
3000076  100.0
3000132  100.0
3000134  100.0
3000138  100.0
3000139  100.0
3000141  100.0
3000142  100.0
3000143  100.0
3000144  100.0
3000145  100.0
3000151  100.0
2300064  7.2
2300098  7.2
2300099  7.2
2300100  7.2
2300103  7.2
2300104  7.2
2300107  7.2
2300109  7.2
2300262  7.2
2300263  7.2
2300265  7.2
2300266  7.2
2300267  7.2
2300268  7.2
2300269  7.2
2300270  7.2
2300271  7.2
2300272  7.2
2300273  7.2
2300274  7.2
2300278  7.2
2301281  7.2
2301282  7.2
2301283  7.2
2301286  7.2
2301287  7.2
2301288  7.2
2301291  7.2
2301292  7.2
2301293  7.2
2301294  7.2
2301295  7.2
2301296  7.2
2301297  7.2
2301298  7.2
2301299  7.2
2301300  7.2
2301305  7.2
2301310  7.2
3000155  7.2
3000156  7.2
3000158  7.2
3000164  7.2
3000165  7.2
3000169  7.2
2301214  1.125
2301215  1.125
2301216  1.125
2301218  1.125
2100627  0.4444444444444444
2100633  0.4444444444444444
2300492  0.4444444444444444
2300555  0.4444444444444444
2300557  0.4444444444444444
2300560  0.4444444444444444
2300561  0.4444444444444444
2300563  0.4444444444444444
2300564  0.4444444444444444
2300566  0.4444444444444444
2300567  0.4444444444444444
2300568  0.4444444444444444
2300569  0.4444444444444444
2300570  0.4444444444444444
2300573  0.4444444444444444
2300576  0.4444444444444444
2300577  0.4444444444444444
2300578  0.4444444444444444
2300579  0.4444444444444444
2300580  0.4444444444444444
2300581  0.4444444444444444
2300582  0.4444444444444444
2300583  0.4444444444444444
2300584  0.4444444444444444
2300585  0.4444444444444444
2300586  0.4444444444444444
2300587  0.4444444444444444
2300588  0.4444444444444444
2300592  0.4444444444444444
2300593  0.4444444444444444
2300595  0.4444444444444444
2300596  0.4444444444444444
2300597  0.4444444444444444
2300599  0.4444444444444444
2300605  0.4444444444444444
2300610  0.4444444444444444
2400991  0.1
2400992  0.1
2400993  0.1
2400994  0.1
2400995  0.1
2400996  0.1
2400998  0.1
2400999  0.1
2401000  0.1
2401002  0.1
2401003  0.1
2401004  0.1
2401005  0.1
2401007  0.1
2401009  0.1
2401012  0.1
2401013  0.1
