3000124  0.5037375092506409
2300622  0.5015812516212463
3000141  0.4968659579753876
2300634  0.4933266341686249
3000106  0.4925706386566162
3000122  0.491651326417923
3000121  0.4914342761039734
2300624  0.49056416749954224
3000145  0.4903799295425415
2300627  0.48962682485580444
2300619  0.4894021451473236
3000118  0.4887900948524475
3000120  0.48867177963256836
3000104  0.4884354770183563
2300267  0.48827752470970154
2300636  0.4878903329372406
2300635  0.4873969256877899
3000110  0.4872293472290039
2300621  0.48638206720352173
3000134  0.4863528311252594
3000105  0.4862712025642395
3000119  0.48573440313339233
2300626  0.4841187298297882
2300271  0.48360297083854675
3000107  0.48355841636657715
2300640  0.48232021927833557
2300628  0.4820059537887573
2300103  0.48163560032844543
2301283  0.48160913586616516
3000143  0.4807339310646057
3000139  0.4804607331752777
3000132  0.47970646619796753
2300270  0.4788338541984558
2300630  0.4781932830810547
2300623  0.4779435992240906
2300555  0.4778061807155609
3000114  0.4775099456310272
3000076  0.4772300720214844
2300629  0.4771285951137543
2300104  0.4761776924133301
2301218  0.4761148691177368
2301286  0.4757295548915863
3000112  0.4748130738735199
3000142  0.47450894117355347
2300625  0.4743369519710541
2301323  0.4742931127548218
3000127  0.47398364543914795
2301281  0.47372540831565857
3000144  0.47366002202033997
2300596  0.4731074273586273
2301300  0.4731011688709259
2300100  0.47304654121398926
3000151  0.47228702902793884
2300274  0.47177666425704956
2300561  0.47151902318000793
2301216  0.4712206721305847
2301293  0.4711209833621979
2300234  0.47099730372428894
2300595  0.470830500125885
2301295  0.4707745909690857
2300262  0.4706299602985382
2401000  0.47048598527908325
2301287  0.4704066812992096
2300272  0.469900906085968
2300149  0.46949851512908936
2301215  0.46942123770713806
2301288  0.4692918062210083
2401007  0.4690036177635193
2300599  0.4688301980495453
3000164  0.46873199939727783
2300265  0.46872127056121826
2300618  0.46800413727760315
2300583  0.46795520186424255
2300278  0.46773701906204224
3000099  0.467477023601532
2100627  0.46746203303337097
2300597  0.46731510758399963
2300581  0.46726101636886597
2300273  0.46710386872291565
2301305  0.46698278188705444
2300263  0.46674057841300964
2300269  0.46657857298851013
2400994  0.4665166139602661
3000138  0.4663950800895691
2300064  0.4662642776966095
3000155  0.46615228056907654
3000158  0.46604806184768677
2400991  0.46525338292121887
2301282  0.4652380049228668
2300578  0.46505483984947205
2300569  0.46501508355140686
2300099  0.46487805247306824
2401005  0.46479320526123047
2401012  0.46470826864242554
2300568  0.46469396352767944
2100633  0.46458572149276733
2400639  0.4645136892795563
2300585  0.46448054909706116
2401013  0.4643669128417969
2300109  0.4642174541950226
2300584  0.4642072916030884
2400056  0.4634702205657959
2300588  0.4632608890533447
2300573  0.46317946910858154
2301297  0.4631032645702362
2400995  0.4630676805973053
2300610  0.4628586769104004
2300566  0.4627041518688202
2300223  0.4624056816101074
2300579  0.4621536433696747
2100088  0.4621483385562897
2400996  0.4617157578468323
2301294  0.4616946578025818
2400055  0.46157872676849365
2300209  0.4614907503128052
2300268  0.4612281322479248
2300576  0.460776686668396
2300229  0.46068906784057617
2300587  0.4606439769268036
2300107  0.4604839086532593
2300266  0.4604277014732361
2300580  0.460276335477829
2400992  0.4600514769554138
2400993  0.45992282032966614
2300148  0.4598541557788849
2301635  0.4597650468349457
2300567  0.45971256494522095
2301296  0.45966747403144836
2300570  0.45966213941574097
2300222  0.45947593450546265
2300564  0.45931440591812134
2301291  0.45906370878219604
3000165  0.4590207636356354
2300577  0.4588865637779236
2300586  0.4585488438606262
2301214  0.4582878351211548
2400999  0.45807594060897827
2301299  0.4578920602798462
2300164  0.45780763030052185
2300173  0.45779889822006226
2401002  0.45739635825157166
2401003  0.4573249816894531
2300560  0.4572978615760803
2300592  0.45722728967666626
2400061  0.4570654332637787
2301310  0.457043319940567
2300238  0.4569683372974396
3000156  0.456890732049942
2300154  0.45688480138778687
2400066  0.4566686153411865
2300233  0.45652711391448975
2300168  0.4563557505607605
2300206  0.4563369154930115
2300593  0.4562571048736572
2301292  0.4560948610305786
2300605  0.4558330476284027
3000097  0.45542222261428833
2300156  0.4551664888858795
2300244  0.45433056354522705
3000074  0.4538689851760864
2300557  0.45373547077178955
2300208  0.4536016583442688
2300167  0.45358723402023315
2300226  0.4533912241458893
2300166  0.45333364605903625
3000169  0.4531204104423523
2300150  0.452772855758667
2300214  0.4526975154876709
2300227  0.4524478614330292
2300213  0.452227383852005
2300098  0.4520288109779358
2401004  0.4518774747848511
2300212  0.45174720883369446
2300224  0.4511960446834564
2300179  0.45094776153564453
2401009  0.45088765025138855
2300165  0.4507084786891937
2301626  0.450275719165802
2300492  0.45006459951400757
2300207  0.4488610625267029
2300228  0.4486003816127777
2300237  0.44829466938972473
2301298  0.44689303636550903
2300225  0.44607385993003845
2400067  0.44594457745552063
2300153  0.4445059597492218
2300127  0.4444390833377838
2300126  0.4435705840587616
2300563  0.44258078932762146
2400998  0.44110506772994995
2300161  0.4402933418750763
2301317  0.4401949346065521
2300230  0.4395565390586853
2300582  0.43935883045196533
