2300618  1.0
2300619  1.0
2300621  1.0
2300622  1.0
2300623  1.0
2300624  1.0
2300625  1.0
2300626  1.0
2300627  1.0
2300628  1.0
2300629  1.0
2300630  1.0
2300634  1.0
2300635  1.0
2300636  1.0
2300640  1.0
3000104  1.0
3000105  1.0
3000106  1.0
3000107  1.0
3000110  1.0
3000112  1.0
3000114  1.0
3000118  1.0
3000119  1.0
3000120  1.0
3000121  1.0
3000122  1.0
3000124  1.0
3000127  1.0
2100088  0.9574271077563381
2300126  0.9574271077563381
2300127  0.9574271077563381
2300148  0.9574271077563381
2300149  0.9574271077563381
2300150  0.9574271077563381
2300153  0.9574271077563381
2300154  0.9574271077563381
2300156  0.9574271077563381
2300161  0.9574271077563381
2300164  0.9574271077563381
2300165  0.9574271077563381
2300166  0.9574271077563381
2300167  0.9574271077563381
2300168  0.9574271077563381
2300173  0.9574271077563381
2300179  0.9574271077563381
2300206  0.9574271077563381
2300207  0.9574271077563381
2300208  0.9574271077563381
2300209  0.9574271077563381
2300212  0.9574271077563381
2300213  0.9574271077563381
2300214  0.9574271077563381
2300222  0.9574271077563381
2300223  0.9574271077563381
2300224  0.9574271077563381
2300225  0.9574271077563381
2300226  0.9574271077563381
2300227  0.9574271077563381
2300228  0.9574271077563381
2300229  0.9574271077563381
2300230  0.9574271077563381
2300233  0.9574271077563381
2300234  0.9574271077563381
2300237  0.9574271077563381
2300238  0.9574271077563381
2300244  0.9574271077563381
2301317  0.9574271077563381
2301323  0.9574271077563381
2301626  0.9574271077563381
2301635  0.9574271077563381
2400055  0.9574271077563381
2400056  0.9574271077563381
2400061  0.9574271077563381
2400066  0.9574271077563381
2400067  0.9574271077563381
2400639  0.9574271077563381
3000074  0.9574271077563381
3000097  0.9574271077563381
3000099  0.9574271077563381
3000076  0.9534625892455924
3000132  0.9534625892455924
3000134  0.9534625892455924
3000138  0.9534625892455924
3000139  0.9534625892455924
3000141  0.9534625892455924
3000142  0.9534625892455924
3000143  0.9534625892455924
3000144  0.9534625892455924
3000145  0.9534625892455924
3000151  0.9534625892455924
2300064  0.7385489458759964
2300098  0.7385489458759964
2300099  0.7385489458759964
2300100  0.7385489458759964
2300103  0.7385489458759964
2300104  0.7385489458759964
2300107  0.7385489458759964
2300109  0.7385489458759964
2300262  0.7385489458759964
2300263  0.7385489458759964
2300265  0.7385489458759964
2300266  0.7385489458759964
2300267  0.7385489458759964
2300268  0.7385489458759964
2300269  0.7385489458759964
2300270  0.7385489458759964
2300271  0.7385489458759964
2300272  0.7385489458759964
2300273  0.7385489458759964
2300274  0.7385489458759964
2300278  0.7385489458759964
2301281  0.7385489458759964
2301282  0.7385489458759964
2301283  0.7385489458759964
2301286  0.7385489458759964
2301287  0.7385489458759964
2301288  0.7385489458759964
2301291  0.7385489458759964
2301292  0.7385489458759964
2301293  0.7385489458759964
2301294  0.7385489458759964
2301295  0.7385489458759964
2301296  0.7385489458759964
2301297  0.7385489458759964
2301298  0.7385489458759964
2301299  0.7385489458759964
2301300  0.7385489458759964
2301305  0.7385489458759964
2301310  0.7385489458759964
3000155  0.7385489458759964
3000156  0.7385489458759964
3000158  0.7385489458759964
3000164  0.7385489458759964
3000165  0.7385489458759964
3000169  0.7385489458759964
2301214  0.5222329678670935
2301215  0.5222329678670935
2301216  0.5222329678670935
2301218  0.5222329678670935
2100627  0.42640143271122083
2100633  0.42640143271122083
2300492  0.42640143271122083
2300555  0.42640143271122083
2300557  0.42640143271122083
2300560  0.42640143271122083
2300561  0.42640143271122083
2300563  0.42640143271122083
2300564  0.42640143271122083
2300566  0.42640143271122083
2300567  0.42640143271122083
2300568  0.42640143271122083
2300569  0.42640143271122083
2300570  0.42640143271122083
2300573  0.42640143271122083
2300576  0.42640143271122083
2300577  0.42640143271122083
2300578  0.42640143271122083
2300579  0.42640143271122083
2300580  0.42640143271122083
2300581  0.42640143271122083
2300582  0.42640143271122083
2300583  0.42640143271122083
2300584  0.42640143271122083
2300585  0.42640143271122083
2300586  0.42640143271122083
2300587  0.42640143271122083
2300588  0.42640143271122083
2300592  0.42640143271122083
2300593  0.42640143271122083
2300595  0.42640143271122083
2300596  0.42640143271122083
2300597  0.42640143271122083
2300599  0.42640143271122083
2300605  0.42640143271122083
2300610  0.42640143271122083
2400991  0.30151134457776363
2400992  0.30151134457776363
2400993  0.30151134457776363
2400994  0.30151134457776363
2400995  0.30151134457776363
2400996  0.30151134457776363
2400998  0.30151134457776363
2400999  0.30151134457776363
2401000  0.30151134457776363
2401002  0.30151134457776363
2401003  0.30151134457776363
2401004  0.30151134457776363
2401005  0.30151134457776363
2401007  0.30151134457776363
2401009  0.30151134457776363
2401012  0.30151134457776363
2401013  0.30151134457776363
