1000903  1.0
1000904  1.0
1000905  1.0
1000906  1.0
1000908  1.0
1000909  1.0
1000910  1.0
1000912  1.0
1100055  0.15617376188860607
1100059  0.15617376188860607
1100063  0.15617376188860607
1100067  0.15617376188860607
1100071  0.15617376188860607
1100075  0.15617376188860607
1100079  0.15617376188860607
1100083  0.15617376188860607
1100087  0.15617376188860607
1100091  0.15617376188860607
1100095  0.15617376188860607
1100099  0.15617376188860607
1100103  0.15617376188860607
1100107  0.15617376188860607
1100111  0.15617376188860607
1100115  0.15617376188860607
1100119  0.15617376188860607
1100123  0.15617376188860607
1100127  0.15617376188860607
1000058  0.10976425998969035
1000068  0.10976425998969035
1000073  0.10976425998969035
1000075  0.10976425998969035
1000076  0.10976425998969035
1000077  0.10976425998969035
1000078  0.10976425998969035
1000079  0.10976425998969035
1000080  0.10976425998969035
1000081  0.10976425998969035
1000082  0.10976425998969035
1000083  0.10976425998969035
1000089  0.10976425998969035
1000091  0.10976425998969035
1000092  0.10976425998969035
1000093  0.10976425998969035
1000094  0.10976425998969035
1000096  0.10976425998969035
1000102  0.10976425998969035
1000107  0.10976425998969035
1000116  0.10976425998969035
1000117  0.10976425998969035
1000118  0.10976425998969035
1000124  0.10976425998969035
1000125  0.10976425998969035
1000126  0.10976425998969035
1000127  0.10976425998969035
1000128  0.10976425998969035
1000129  0.10976425998969035
1000130  0.10976425998969035
1000131  0.10976425998969035
1000132  0.10976425998969035
