3200235  inf
3200294  289.0
3200297  289.0
3200260  144.5
3200269  144.5
3200290  144.5
3200299  144.5
3200319  144.5
3200320  144.5
3200323  144.5
3200325  144.5
3200326  144.5
3200327  144.5
3200328  144.5
3200329  144.5
3200214  128.0
3200332  128.0
3200333  128.0
3200334  128.0
3200335  128.0
3200336  128.0
3200339  128.0
3200172  51.2
3200173  51.2
3200195  36.125
3200198  36.125
3200199  36.125
3200200  36.125
3200201  36.125
3200202  36.125
3200203  36.125
3200204  36.125
3200205  36.125
3200211  36.125
3200213  36.125
3200233  36.125
3200236  36.125
3200241  36.125
3200246  36.125
3200247  36.125
3200252  36.125
3200254  36.125
3200273  36.125
3200283  36.125
3200284  36.125
3200365  36.125
3200366  36.125
3200367  36.125
3200368  36.125
3200373  36.125
3200374  36.125
3200375  36.125
3200378  36.125
3200265  33.8
3200146  28.9
3200147  28.9
3200148  28.9
3200149  28.9
3200150  28.9
3200154  28.9
3200155  28.9
3200161  28.9
3200162  28.9
3200169  28.9
3200186  18.77777777777778
3200187  18.77777777777778
3200184  16.9
3200178  15.363636363636363
3200179  15.363636363636363
3200302  10.125
3200305  10.125
3200309  10.125
3200128  0.6
3200124  0.5625
3200222  0.26666666666666666
3200224  0.26666666666666666
3200393  0.26666666666666666
3200394  0.26666666666666666
