1101510  1.0
1101511  1.0
1101514  1.0
1101515  1.0
1101518  1.0
1101519  1.0
1101520  1.0
1101521  1.0
1101524  1.0
1101525  1.0
1101526  1.0
1101527  1.0
1101530  1.0
1101531  1.0
1101532  1.0
1101533  1.0
1101536  1.0
1101538  1.0
1101539  1.0
1101540  1.0
1101541  1.0
1101542  1.0
1101603  1.0
1101612  1.0
1101615  1.0
1101616  1.0
1101617  1.0
1101620  1.0
1101621  1.0
1101622  1.0
1101625  1.0
1101626  1.0
1101627  1.0
1101628  1.0
1101629  1.0
1101630  1.0
1101635  1.0
1101636  1.0
1101637  1.0
1101638  1.0
1101639  1.0
1101640  1.0
1101643  1.0
1101644  1.0
1101645  1.0
1101646  1.0
1101647  1.0
1101650  1.0
1101651  1.0
1101652  1.0
1101653  1.0
1101654  1.0
1101657  1.0
1101658  1.0
1101661  1.0
1101662  1.0
1101663  1.0
1101666  1.0
1100952  0.6571428571428571
1100953  0.6470588235294117
1102278  0.4
1102279  0.4
1102280  0.4
1102281  0.4
1102282  0.4
1000177  0.33333333333333337
1000178  0.33333333333333337
1000191  0.33333333333333337
1000193  0.33333333333333337
1000194  0.33333333333333337
1000195  0.33333333333333337
1000196  0.33333333333333337
1000197  0.33333333333333337
1000198  0.33333333333333337
1000200  0.33333333333333337
1000202  0.33333333333333337
1000208  0.33333333333333337
1000211  0.33333333333333337
1000212  0.33333333333333337
1000213  0.33333333333333337
1000214  0.33333333333333337
1000215  0.33333333333333337
1000216  0.33333333333333337
1000217  0.33333333333333337
1000218  0.33333333333333337
1000219  0.33333333333333337
1000220  0.33333333333333337
1000221  0.33333333333333337
1000222  0.33333333333333337
1000223  0.33333333333333337
1000224  0.33333333333333337
1000226  0.33333333333333337
1000229  0.33333333333333337
1000230  0.33333333333333337
1000231  0.33333333333333337
1000232  0.33333333333333337
1000233  0.33333333333333337
1000234  0.33333333333333337
1000235  0.33333333333333337
1000236  0.33333333333333337
1000237  0.33333333333333337
1000238  0.33333333333333337
1000239  0.33333333333333337
1000240  0.33333333333333337
1000241  0.33333333333333337
1000242  0.33333333333333337
1000245  0.33333333333333337
1000251  0.33333333333333337
1000269  0.33333333333333337
1000331  0.33333333333333337
1000332  0.33333333333333337
1000403  0.33333333333333337
1000530  0.33333333333333337
1000531  0.33333333333333337
1000532  0.33333333333333337
1000533  0.33333333333333337
1000535  0.33333333333333337
1000537  0.33333333333333337
1000538  0.33333333333333337
1000540  0.33333333333333337
1000541  0.33333333333333337
1000544  0.33333333333333337
1000545  0.33333333333333337
1000546  0.33333333333333337
1000549  0.33333333333333337
1000550  0.33333333333333337
1000551  0.33333333333333337
1000554  0.33333333333333337
1000555  0.33333333333333337
1000559  0.33333333333333337
1000561  0.33333333333333337
1000562  0.33333333333333337
1000563  0.33333333333333337
1000564  0.33333333333333337
1000568  0.33333333333333337
1000570  0.33333333333333337
1000578  0.33333333333333337
1000581  0.33333333333333337
1000582  0.33333333333333337
1000583  0.33333333333333337
1000584  0.33333333333333337
1000586  0.33333333333333337
1000587  0.33333333333333337
1000588  0.33333333333333337
1000590  0.33333333333333337
1000591  0.33333333333333337
1000592  0.33333333333333337
1000594  0.33333333333333337
1000595  0.33333333333333337
1000596  0.33333333333333337
1000597  0.33333333333333337
1000598  0.33333333333333337
1000601  0.33333333333333337
1000611  0.33333333333333337
1000612  0.33333333333333337
1000613  0.33333333333333337
1000614  0.33333333333333337
1000615  0.33333333333333337
1000623  0.33333333333333337
1000624  0.33333333333333337
1000626  0.33333333333333337
1000627  0.33333333333333337
1000628  0.33333333333333337
1000629  0.33333333333333337
1000631  0.33333333333333337
1000633  0.33333333333333337
1000634  0.33333333333333337
1000635  0.33333333333333337
1000637  0.33333333333333337
1000638  0.33333333333333337
1000642  0.33333333333333337
1000653  0.33333333333333337
1000654  0.33333333333333337
1000655  0.33333333333333337
1000656  0.33333333333333337
1000657  0.33333333333333337
1000659  0.33333333333333337
1000660  0.33333333333333337
1000661  0.33333333333333337
1000662  0.33333333333333337
1000663  0.33333333333333337
1000664  0.33333333333333337
1000665  0.33333333333333337
1000667  0.33333333333333337
1000670  0.33333333333333337
1000736  0.33333333333333337
1000737  0.33333333333333337
1000739  0.33333333333333337
1000740  0.33333333333333337
1000741  0.33333333333333337
1000742  0.33333333333333337
1000743  0.33333333333333337
1000744  0.33333333333333337
1000745  0.33333333333333337
1000746  0.33333333333333337
1000747  0.33333333333333337
1000748  0.33333333333333337
1000749  0.33333333333333337
1000751  0.33333333333333337
1000754  0.33333333333333337
1100202  0.33333333333333337
1100203  0.33333333333333337
1100209  0.33333333333333337
1100212  0.33333333333333337
1100213  0.33333333333333337
1100214  0.33333333333333337
1100216  0.33333333333333337
1100217  0.33333333333333337
1100225  0.33333333333333337
1100226  0.33333333333333337
1100227  0.33333333333333337
1100229  0.33333333333333337
1100232  0.33333333333333337
1100233  0.33333333333333337
1100234  0.33333333333333337
1100235  0.33333333333333337
1100236  0.33333333333333337
1100237  0.33333333333333337
1100240  0.33333333333333337
1100250  0.33333333333333337
1100322  0.33333333333333337
1100323  0.33333333333333337
1100324  0.33333333333333337
1100325  0.33333333333333337
1100326  0.33333333333333337
1100327  0.33333333333333337
1100328  0.33333333333333337
1100334  0.33333333333333337
1100337  0.33333333333333337
1100338  0.33333333333333337
1100339  0.33333333333333337
1100340  0.33333333333333337
1100341  0.33333333333333337
1100343  0.33333333333333337
1100344  0.33333333333333337
1100345  0.33333333333333337
1100346  0.33333333333333337
1100349  0.33333333333333337
1100355  0.33333333333333337
1100361  0.33333333333333337
1100368  0.33333333333333337
1100369  0.33333333333333337
1100370  0.33333333333333337
1100374  0.33333333333333337
1100375  0.33333333333333337
1100398  0.33333333333333337
1100402  0.33333333333333337
1100407  0.33333333333333337
1100410  0.33333333333333337
1100412  0.33333333333333337
1100413  0.33333333333333337
1100416  0.33333333333333337
1100417  0.33333333333333337
1100420  0.33333333333333337
1100421  0.33333333333333337
1100424  0.33333333333333337
1100426  0.33333333333333337
1100432  0.33333333333333337
1100433  0.33333333333333337
1100434  0.33333333333333337
1100435  0.33333333333333337
1100436  0.33333333333333337
1100437  0.33333333333333337
1100439  0.33333333333333337
1100440  0.33333333333333337
1100444  0.33333333333333337
1100445  0.33333333333333337
1100448  0.33333333333333337
1100449  0.33333333333333337
1100450  0.33333333333333337
1100451  0.33333333333333337
1100452  0.33333333333333337
1100455  0.33333333333333337
1100460  0.33333333333333337
1100461  0.33333333333333337
1100462  0.33333333333333337
1100463  0.33333333333333337
1100468  0.33333333333333337
1100470  0.33333333333333337
1100471  0.33333333333333337
1100474  0.33333333333333337
1100475  0.33333333333333337
1100483  0.33333333333333337
1100488  0.33333333333333337
1100493  0.33333333333333337
1100494  0.33333333333333337
1100496  0.33333333333333337
1100497  0.33333333333333337
1100498  0.33333333333333337
1100504  0.33333333333333337
1100505  0.33333333333333337
1100506  0.33333333333333337
1100509  0.33333333333333337
1100510  0.33333333333333337
1100511  0.33333333333333337
1100517  0.33333333333333337
1100518  0.33333333333333337
1100522  0.33333333333333337
1100526  0.33333333333333337
1100528  0.33333333333333337
1100530  0.33333333333333337
1100533  0.33333333333333337
1100597  0.33333333333333337
1100604  0.33333333333333337
1100635  0.33333333333333337
1100642  0.33333333333333337
1100649  0.33333333333333337
1100669  0.33333333333333337
1100670  0.33333333333333337
1100672  0.33333333333333337
1100673  0.33333333333333337
1100674  0.33333333333333337
1100681  0.33333333333333337
1100682  0.33333333333333337
1100684  0.33333333333333337
1100685  0.33333333333333337
1100686  0.33333333333333337
1100697  0.33333333333333337
1100698  0.33333333333333337
1100700  0.33333333333333337
1100702  0.33333333333333337
1100703  0.33333333333333337
1100704  0.33333333333333337
1100707  0.33333333333333337
1100708  0.33333333333333337
1100711  0.33333333333333337
1100713  0.33333333333333337
1100714  0.33333333333333337
1100716  0.33333333333333337
1100717  0.33333333333333337
1100719  0.33333333333333337
1100722  0.33333333333333337
1100723  0.33333333333333337
1100728  0.33333333333333337
1100729  0.33333333333333337
1100732  0.33333333333333337
1100734  0.33333333333333337
1100740  0.33333333333333337
1100741  0.33333333333333337
1100742  0.33333333333333337
1100745  0.33333333333333337
1100756  0.33333333333333337
1100765  0.33333333333333337
1100771  0.33333333333333337
1100781  0.33333333333333337
1100790  0.33333333333333337
1100796  0.33333333333333337
1100879  0.33333333333333337
1100904  0.33333333333333337
1100905  0.33333333333333337
1100906  0.33333333333333337
1100910  0.33333333333333337
1100931  0.33333333333333337
1100935  0.33333333333333337
1100946  0.33333333333333337
1100948  0.33333333333333337
1100951  0.33333333333333337
1100960  0.33333333333333337
1100964  0.33333333333333337
1100968  0.33333333333333337
1100973  0.33333333333333337
1100974  0.33333333333333337
1100975  0.33333333333333337
1100978  0.33333333333333337
1100979  0.33333333333333337
1100984  0.33333333333333337
1100985  0.33333333333333337
1100986  0.33333333333333337
1100989  0.33333333333333337
1100990  0.33333333333333337
1100994  0.33333333333333337
1101231  0.33333333333333337
1101232  0.33333333333333337
1101233  0.33333333333333337
1101236  0.33333333333333337
1101237  0.33333333333333337
1101238  0.33333333333333337
1101239  0.33333333333333337
1101240  0.33333333333333337
1101241  0.33333333333333337
1101244  0.33333333333333337
1101254  0.33333333333333337
1101262  0.33333333333333337
1101293  0.33333333333333337
1101294  0.33333333333333337
1101297  0.33333333333333337
1101300  0.33333333333333337
1101301  0.33333333333333337
1101303  0.33333333333333337
1101304  0.33333333333333337
1101307  0.33333333333333337
1101308  0.33333333333333337
1101309  0.33333333333333337
1101315  0.33333333333333337
1101316  0.33333333333333337
1101319  0.33333333333333337
1101324  0.33333333333333337
1101325  0.33333333333333337
1101326  0.33333333333333337
1101327  0.33333333333333337
1101329  0.33333333333333337
1101333  0.33333333333333337
1101334  0.33333333333333337
1101335  0.33333333333333337
1101337  0.33333333333333337
1101342  0.33333333333333337
1101343  0.33333333333333337
1101344  0.33333333333333337
1101345  0.33333333333333337
1101346  0.33333333333333337
1101348  0.33333333333333337
1101349  0.33333333333333337
1101354  0.33333333333333337
1101355  0.33333333333333337
1101356  0.33333333333333337
1101357  0.33333333333333337
1101358  0.33333333333333337
1101359  0.33333333333333337
1101360  0.33333333333333337
1101365  0.33333333333333337
1101366  0.33333333333333337
1101367  0.33333333333333337
1101369  0.33333333333333337
1101370  0.33333333333333337
1101371  0.33333333333333337
1101372  0.33333333333333337
1101373  0.33333333333333337
1101378  0.33333333333333337
1101379  0.33333333333333337
1101381  0.33333333333333337
1101383  0.33333333333333337
1101388  0.33333333333333337
1101389  0.33333333333333337
1101390  0.33333333333333337
1101393  0.33333333333333337
1101400  0.33333333333333337
1101401  0.33333333333333337
1101402  0.33333333333333337
1101410  0.33333333333333337
1101418  0.33333333333333337
1101419  0.33333333333333337
1101437  0.33333333333333337
1101438  0.33333333333333337
1101454  0.33333333333333337
1101456  0.33333333333333337
1101457  0.33333333333333337
1101458  0.33333333333333337
1101459  0.33333333333333337
1101460  0.33333333333333337
1101463  0.33333333333333337
1101470  0.33333333333333337
1101476  0.33333333333333337
1101482  0.33333333333333337
1101484  0.33333333333333337
1101485  0.33333333333333337
1101488  0.33333333333333337
1101499  0.33333333333333337
1101506  0.33333333333333337
1101509  0.33333333333333337
1101546  0.33333333333333337
1101548  0.33333333333333337
1101549  0.33333333333333337
1101550  0.33333333333333337
1101551  0.33333333333333337
1101552  0.33333333333333337
1101554  0.33333333333333337
1101555  0.33333333333333337
1101557  0.33333333333333337
1101561  0.33333333333333337
1101562  0.33333333333333337
1101563  0.33333333333333337
1101564  0.33333333333333337
1101565  0.33333333333333337
1101570  0.33333333333333337
1101571  0.33333333333333337
1101575  0.33333333333333337
1101576  0.33333333333333337
1101578  0.33333333333333337
1101580  0.33333333333333337
1101584  0.33333333333333337
1101585  0.33333333333333337
1101590  0.33333333333333337
1101591  0.33333333333333337
1101594  0.33333333333333337
1101679  0.33333333333333337
1101682  0.33333333333333337
1101686  0.33333333333333337
1101693  0.33333333333333337
1101696  0.33333333333333337
1101727  0.33333333333333337
1101736  0.33333333333333337
1101737  0.33333333333333337
1101738  0.33333333333333337
1101742  0.33333333333333337
1101743  0.33333333333333337
1101744  0.33333333333333337
1101745  0.33333333333333337
1101750  0.33333333333333337
1101751  0.33333333333333337
1101752  0.33333333333333337
1101753  0.33333333333333337
1101757  0.33333333333333337
1101758  0.33333333333333337
1101762  0.33333333333333337
1101763  0.33333333333333337
1101764  0.33333333333333337
1101766  0.33333333333333337
1101767  0.33333333333333337
1101769  0.33333333333333337
1101772  0.33333333333333337
1101773  0.33333333333333337
1101774  0.33333333333333337
1101775  0.33333333333333337
1101776  0.33333333333333337
1101777  0.33333333333333337
1101781  0.33333333333333337
1101782  0.33333333333333337
1101783  0.33333333333333337
1101784  0.33333333333333337
1101785  0.33333333333333337
1101789  0.33333333333333337
1101791  0.33333333333333337
1101792  0.33333333333333337
1101796  0.33333333333333337
1101797  0.33333333333333337
1101799  0.33333333333333337
1101800  0.33333333333333337
1101801  0.33333333333333337
1101806  0.33333333333333337
1101807  0.33333333333333337
1101808  0.33333333333333337
1101809  0.33333333333333337
1101811  0.33333333333333337
1101812  0.33333333333333337
1101816  0.33333333333333337
1101817  0.33333333333333337
1101820  0.33333333333333337
1101821  0.33333333333333337
1101823  0.33333333333333337
1101826  0.33333333333333337
1101827  0.33333333333333337
1101828  0.33333333333333337
1101831  0.33333333333333337
1101836  0.33333333333333337
1101838  0.33333333333333337
1101842  0.33333333333333337
1101843  0.33333333333333337
1101844  0.33333333333333337
1101849  0.33333333333333337
1101850  0.33333333333333337
1101851  0.33333333333333337
1101852  0.33333333333333337
1101853  0.33333333333333337
1101858  0.33333333333333337
1101859  0.33333333333333337
1101863  0.33333333333333337
1101864  0.33333333333333337
1101866  0.33333333333333337
1101867  0.33333333333333337
1101870  0.33333333333333337
1101871  0.33333333333333337
1101876  0.33333333333333337
1101877  0.33333333333333337
1101880  0.33333333333333337
1101891  0.33333333333333337
1101902  0.33333333333333337
1101912  0.33333333333333337
1101920  0.33333333333333337
1101922  0.33333333333333337
1101923  0.33333333333333337
1101924  0.33333333333333337
1101925  0.33333333333333337
1101926  0.33333333333333337
1101927  0.33333333333333337
1101930  0.33333333333333337
1101932  0.33333333333333337
1101933  0.33333333333333337
1101934  0.33333333333333337
1101935  0.33333333333333337
1101936  0.33333333333333337
1101939  0.33333333333333337
1101940  0.33333333333333337
1101941  0.33333333333333337
1101944  0.33333333333333337
1101959  0.33333333333333337
1101964  0.33333333333333337
1101984  0.33333333333333337
1101995  0.33333333333333337
1101998  0.33333333333333337
1102003  0.33333333333333337
1102005  0.33333333333333337
1102006  0.33333333333333337
1102014  0.33333333333333337
1102017  0.33333333333333337
1102022  0.33333333333333337
1102023  0.33333333333333337
1102024  0.33333333333333337
1102025  0.33333333333333337
1102026  0.33333333333333337
1102027  0.33333333333333337
1102028  0.33333333333333337
1102029  0.33333333333333337
1102030  0.33333333333333337
1102031  0.33333333333333337
1102033  0.33333333333333337
1102040  0.33333333333333337
1102041  0.33333333333333337
1102045  0.33333333333333337
1102054  0.33333333333333337
1102063  0.33333333333333337
1102067  0.33333333333333337
1102156  0.33333333333333337
1102157  0.33333333333333337
1102159  0.33333333333333337
1102160  0.33333333333333337
1102162  0.33333333333333337
1102164  0.33333333333333337
1102165  0.33333333333333337
1102166  0.33333333333333337
1102167  0.33333333333333337
1102170  0.33333333333333337
1102178  0.33333333333333337
1102179  0.33333333333333337
1102180  0.33333333333333337
1102181  0.33333333333333337
1102182  0.33333333333333337
1102183  0.33333333333333337
1102184  0.33333333333333337
1102185  0.33333333333333337
1102189  0.33333333333333337
1102197  0.33333333333333337
1102203  0.33333333333333337
1102204  0.33333333333333337
1102205  0.33333333333333337
1102207  0.33333333333333337
1102208  0.33333333333333337
1102212  0.33333333333333337
1102213  0.33333333333333337
1102217  0.33333333333333337
1102221  0.33333333333333337
1102233  0.33333333333333337
1102235  0.33333333333333337
1102268  0.33333333333333337
1102272  0.33333333333333337
1102274  0.33333333333333337
1102275  0.33333333333333337
1102284  0.33333333333333337
1102287  0.33333333333333337
1102303  0.33333333333333337
1200030  0.33333333333333337
1200033  0.33333333333333337
1200036  0.33333333333333337
1200039  0.33333333333333337
1200042  0.33333333333333337
1200047  0.33333333333333337
1200050  0.33333333333333337
1200053  0.33333333333333337
1200056  0.33333333333333337
1301087  0.33333333333333337
1100500  0.3076923076923077
1101472  0.2857142857142857
1101473  0.2857142857142857
1100403  0.2702702702702703
1100427  0.2702702702702703
1100489  0.2702702702702703
1100385  0.25
1100386  0.25
1100394  0.25
1101478  0.25
1101479  0.25
1102218  0.23076923076923073
1100907  0.2222222222222222
1100932  0.2222222222222222
1102056  0.2222222222222222
1102059  0.2222222222222222
1100377  0.19999999999999996
1100378  0.19999999999999996
1100379  0.19999999999999996
1100381  0.19999999999999996
1100383  0.19999999999999996
1100388  0.19999999999999996
1100389  0.19999999999999996
1100393  0.19999999999999996
1100396  0.19999999999999996
1100961  0.19999999999999996
1100969  0.19999999999999996
1102237  0.19999999999999996
1102238  0.19999999999999996
1102239  0.19999999999999996
1102240  0.19999999999999996
1000284  0.19047619047619047
1000386  0.13793103448275867
1000396  0.1333333333333333
1100541  0.1333333333333333
1100542  0.1333333333333333
1100543  0.1333333333333333
1100544  0.1333333333333333
1100545  0.1333333333333333
1100546  0.1333333333333333
1100547  0.1333333333333333
1000298  0.12903225806451613
1000299  0.12903225806451613
1101728  0.12903225806451613
1101729  0.12903225806451613
1101730  0.12903225806451613
1101731  0.12903225806451613
1101732  0.12903225806451613
1101733  0.12903225806451613
1102243  0.12903225806451613
1102245  0.12903225806451613
1102246  0.12903225806451613
1102247  0.12903225806451613
1102250  0.12903225806451613
1102256  0.12903225806451613
1102261  0.12903225806451613
1102252  0.1071428571428571
1102253  0.1071428571428571
