1101603  1.0
1101612  1.0
1101615  1.0
1101635  1.0
1101643  1.0
1101644  1.0
1101645  1.0
1101646  1.0
1101647  1.0
1101650  1.0
1101651  1.0
1101657  1.0
1101661  1.0
1101662  1.0
1101666  1.0
1101652  0.90267093384844
1101653  0.90267093384844
1101654  0.90267093384844
1100952  0.7481900559272088
1100953  0.7261081981828945
1000177  0.5773502691896257
1000178  0.5773502691896257
1000191  0.5773502691896257
1000193  0.5773502691896257
1000194  0.5773502691896257
1000195  0.5773502691896257
1000196  0.5773502691896257
1000197  0.5773502691896257
1000198  0.5773502691896257
1000200  0.5773502691896257
1000202  0.5773502691896257
1000208  0.5773502691896257
1000211  0.5773502691896257
1000212  0.5773502691896257
1000213  0.5773502691896257
1000214  0.5773502691896257
1000215  0.5773502691896257
1000216  0.5773502691896257
1000217  0.5773502691896257
1000218  0.5773502691896257
1000219  0.5773502691896257
1000220  0.5773502691896257
1000221  0.5773502691896257
1000222  0.5773502691896257
1000223  0.5773502691896257
1000224  0.5773502691896257
1000226  0.5773502691896257
1000229  0.5773502691896257
1000230  0.5773502691896257
1000231  0.5773502691896257
1000232  0.5773502691896257
1000233  0.5773502691896257
1000234  0.5773502691896257
1000235  0.5773502691896257
1000236  0.5773502691896257
1000237  0.5773502691896257
1000238  0.5773502691896257
1000239  0.5773502691896257
1000240  0.5773502691896257
1000241  0.5773502691896257
1000242  0.5773502691896257
1000245  0.5773502691896257
1000251  0.5773502691896257
1000269  0.5773502691896257
1000331  0.5773502691896257
1000332  0.5773502691896257
1000403  0.5773502691896257
1000530  0.5773502691896257
1000531  0.5773502691896257
1000532  0.5773502691896257
1000533  0.5773502691896257
1000535  0.5773502691896257
1000537  0.5773502691896257
1000538  0.5773502691896257
1000540  0.5773502691896257
1000541  0.5773502691896257
1000544  0.5773502691896257
1000545  0.5773502691896257
1000546  0.5773502691896257
1000549  0.5773502691896257
1000550  0.5773502691896257
1000551  0.5773502691896257
1000554  0.5773502691896257
1000555  0.5773502691896257
1000559  0.5773502691896257
1000561  0.5773502691896257
1000562  0.5773502691896257
1000563  0.5773502691896257
1000564  0.5773502691896257
1000568  0.5773502691896257
1000570  0.5773502691896257
1000578  0.5773502691896257
1000581  0.5773502691896257
1000582  0.5773502691896257
1000583  0.5773502691896257
1000584  0.5773502691896257
1000586  0.5773502691896257
1000587  0.5773502691896257
1000588  0.5773502691896257
1000590  0.5773502691896257
1000591  0.5773502691896257
1000592  0.5773502691896257
1000594  0.5773502691896257
1000595  0.5773502691896257
1000596  0.5773502691896257
1000597  0.5773502691896257
1000598  0.5773502691896257
1000601  0.5773502691896257
1000611  0.5773502691896257
1000612  0.5773502691896257
1000613  0.5773502691896257
1000614  0.5773502691896257
1000615  0.5773502691896257
1000623  0.5773502691896257
1000624  0.5773502691896257
1000626  0.5773502691896257
1000627  0.5773502691896257
1000628  0.5773502691896257
1000629  0.5773502691896257
1000631  0.5773502691896257
1000633  0.5773502691896257
1000634  0.5773502691896257
1000635  0.5773502691896257
1000637  0.5773502691896257
1000638  0.5773502691896257
1000642  0.5773502691896257
1000653  0.5773502691896257
1000654  0.5773502691896257
1000655  0.5773502691896257
1000656  0.5773502691896257
1000657  0.5773502691896257
1000659  0.5773502691896257
1000660  0.5773502691896257
1000661  0.5773502691896257
1000662  0.5773502691896257
1000663  0.5773502691896257
1000664  0.5773502691896257
1000665  0.5773502691896257
1000667  0.5773502691896257
1000670  0.5773502691896257
1000736  0.5773502691896257
1000737  0.5773502691896257
1000739  0.5773502691896257
1000740  0.5773502691896257
1000741  0.5773502691896257
1000742  0.5773502691896257
1000743  0.5773502691896257
1000744  0.5773502691896257
1000745  0.5773502691896257
1000746  0.5773502691896257
1000747  0.5773502691896257
1000748  0.5773502691896257
1000749  0.5773502691896257
1000751  0.5773502691896257
1000754  0.5773502691896257
1100202  0.5773502691896257
1100203  0.5773502691896257
1100209  0.5773502691896257
1100212  0.5773502691896257
1100213  0.5773502691896257
1100214  0.5773502691896257
1100216  0.5773502691896257
1100217  0.5773502691896257
1100225  0.5773502691896257
1100226  0.5773502691896257
1100227  0.5773502691896257
1100229  0.5773502691896257
1100232  0.5773502691896257
1100233  0.5773502691896257
1100234  0.5773502691896257
1100235  0.5773502691896257
1100236  0.5773502691896257
1100237  0.5773502691896257
1100240  0.5773502691896257
1100250  0.5773502691896257
1100322  0.5773502691896257
1100323  0.5773502691896257
1100324  0.5773502691896257
1100325  0.5773502691896257
1100326  0.5773502691896257
1100327  0.5773502691896257
1100328  0.5773502691896257
1100334  0.5773502691896257
1100337  0.5773502691896257
1100338  0.5773502691896257
1100339  0.5773502691896257
1100340  0.5773502691896257
1100341  0.5773502691896257
1100343  0.5773502691896257
1100344  0.5773502691896257
1100345  0.5773502691896257
1100346  0.5773502691896257
1100349  0.5773502691896257
1100355  0.5773502691896257
1100361  0.5773502691896257
1100368  0.5773502691896257
1100369  0.5773502691896257
1100370  0.5773502691896257
1100374  0.5773502691896257
1100375  0.5773502691896257
1100398  0.5773502691896257
1100402  0.5773502691896257
1100407  0.5773502691896257
1100410  0.5773502691896257
1100412  0.5773502691896257
1100413  0.5773502691896257
1100416  0.5773502691896257
1100417  0.5773502691896257
1100420  0.5773502691896257
1100421  0.5773502691896257
1100424  0.5773502691896257
1100426  0.5773502691896257
1100432  0.5773502691896257
1100433  0.5773502691896257
1100434  0.5773502691896257
1100435  0.5773502691896257
1100436  0.5773502691896257
1100437  0.5773502691896257
1100439  0.5773502691896257
1100440  0.5773502691896257
1100444  0.5773502691896257
1100445  0.5773502691896257
1100448  0.5773502691896257
1100449  0.5773502691896257
1100450  0.5773502691896257
1100451  0.5773502691896257
1100452  0.5773502691896257
1100455  0.5773502691896257
1100460  0.5773502691896257
1100461  0.5773502691896257
1100462  0.5773502691896257
1100463  0.5773502691896257
1100468  0.5773502691896257
1100470  0.5773502691896257
1100471  0.5773502691896257
1100474  0.5773502691896257
1100475  0.5773502691896257
1100483  0.5773502691896257
1100488  0.5773502691896257
1100493  0.5773502691896257
1100494  0.5773502691896257
1100496  0.5773502691896257
1100497  0.5773502691896257
1100498  0.5773502691896257
1100504  0.5773502691896257
1100505  0.5773502691896257
1100506  0.5773502691896257
1100509  0.5773502691896257
1100510  0.5773502691896257
1100511  0.5773502691896257
1100517  0.5773502691896257
1100518  0.5773502691896257
1100522  0.5773502691896257
1100526  0.5773502691896257
1100528  0.5773502691896257
1100530  0.5773502691896257
1100533  0.5773502691896257
1100597  0.5773502691896257
1100604  0.5773502691896257
1100635  0.5773502691896257
1100642  0.5773502691896257
1100649  0.5773502691896257
1100669  0.5773502691896257
1100670  0.5773502691896257
1100672  0.5773502691896257
1100673  0.5773502691896257
1100674  0.5773502691896257
1100681  0.5773502691896257
1100682  0.5773502691896257
1100684  0.5773502691896257
1100685  0.5773502691896257
1100686  0.5773502691896257
1100697  0.5773502691896257
1100698  0.5773502691896257
1100700  0.5773502691896257
1100702  0.5773502691896257
1100703  0.5773502691896257
1100704  0.5773502691896257
1100707  0.5773502691896257
1100708  0.5773502691896257
1100711  0.5773502691896257
1100713  0.5773502691896257
1100714  0.5773502691896257
1100716  0.5773502691896257
1100717  0.5773502691896257
1100719  0.5773502691896257
1100722  0.5773502691896257
1100723  0.5773502691896257
1100728  0.5773502691896257
1100729  0.5773502691896257
1100732  0.5773502691896257
1100734  0.5773502691896257
1100740  0.5773502691896257
1100741  0.5773502691896257
1100742  0.5773502691896257
1100745  0.5773502691896257
1100756  0.5773502691896257
1100765  0.5773502691896257
1100771  0.5773502691896257
1100781  0.5773502691896257
1100790  0.5773502691896257
1100796  0.5773502691896257
1100879  0.5773502691896257
1100904  0.5773502691896257
1100905  0.5773502691896257
1100906  0.5773502691896257
1100910  0.5773502691896257
1100931  0.5773502691896257
1100935  0.5773502691896257
1100946  0.5773502691896257
1100948  0.5773502691896257
1100951  0.5773502691896257
1100960  0.5773502691896257
1100964  0.5773502691896257
1100968  0.5773502691896257
1100973  0.5773502691896257
1100974  0.5773502691896257
1100975  0.5773502691896257
1100978  0.5773502691896257
1100979  0.5773502691896257
1100984  0.5773502691896257
1100985  0.5773502691896257
1100986  0.5773502691896257
1100989  0.5773502691896257
1100990  0.5773502691896257
1100994  0.5773502691896257
1101231  0.5773502691896257
1101232  0.5773502691896257
1101233  0.5773502691896257
1101236  0.5773502691896257
1101237  0.5773502691896257
1101238  0.5773502691896257
1101239  0.5773502691896257
1101240  0.5773502691896257
1101241  0.5773502691896257
1101244  0.5773502691896257
1101254  0.5773502691896257
1101262  0.5773502691896257
1101293  0.5773502691896257
1101294  0.5773502691896257
1101297  0.5773502691896257
1101300  0.5773502691896257
1101301  0.5773502691896257
1101303  0.5773502691896257
1101304  0.5773502691896257
1101307  0.5773502691896257
1101308  0.5773502691896257
1101309  0.5773502691896257
1101315  0.5773502691896257
1101316  0.5773502691896257
1101319  0.5773502691896257
1101324  0.5773502691896257
1101325  0.5773502691896257
1101326  0.5773502691896257
1101327  0.5773502691896257
1101329  0.5773502691896257
1101333  0.5773502691896257
1101334  0.5773502691896257
1101335  0.5773502691896257
1101337  0.5773502691896257
1101342  0.5773502691896257
1101343  0.5773502691896257
1101344  0.5773502691896257
1101345  0.5773502691896257
1101346  0.5773502691896257
1101348  0.5773502691896257
1101349  0.5773502691896257
1101354  0.5773502691896257
1101355  0.5773502691896257
1101356  0.5773502691896257
1101357  0.5773502691896257
1101358  0.5773502691896257
1101359  0.5773502691896257
1101360  0.5773502691896257
1101365  0.5773502691896257
1101366  0.5773502691896257
1101367  0.5773502691896257
1101369  0.5773502691896257
1101370  0.5773502691896257
1101371  0.5773502691896257
1101372  0.5773502691896257
1101373  0.5773502691896257
1101378  0.5773502691896257
1101379  0.5773502691896257
1101381  0.5773502691896257
1101383  0.5773502691896257
1101388  0.5773502691896257
1101389  0.5773502691896257
1101390  0.5773502691896257
1101393  0.5773502691896257
1101400  0.5773502691896257
1101401  0.5773502691896257
1101402  0.5773502691896257
1101410  0.5773502691896257
1101418  0.5773502691896257
1101419  0.5773502691896257
1101437  0.5773502691896257
1101438  0.5773502691896257
1101454  0.5773502691896257
1101456  0.5773502691896257
1101457  0.5773502691896257
1101458  0.5773502691896257
1101459  0.5773502691896257
1101460  0.5773502691896257
1101463  0.5773502691896257
1101470  0.5773502691896257
1101476  0.5773502691896257
1101482  0.5773502691896257
1101484  0.5773502691896257
1101485  0.5773502691896257
1101488  0.5773502691896257
1101499  0.5773502691896257
1101506  0.5773502691896257
1101509  0.5773502691896257
1101546  0.5773502691896257
1101548  0.5773502691896257
1101549  0.5773502691896257
1101550  0.5773502691896257
1101551  0.5773502691896257
1101552  0.5773502691896257
1101554  0.5773502691896257
1101555  0.5773502691896257
1101557  0.5773502691896257
1101561  0.5773502691896257
1101562  0.5773502691896257
1101563  0.5773502691896257
1101564  0.5773502691896257
1101565  0.5773502691896257
1101570  0.5773502691896257
1101571  0.5773502691896257
1101575  0.5773502691896257
1101576  0.5773502691896257
1101578  0.5773502691896257
1101580  0.5773502691896257
1101584  0.5773502691896257
1101585  0.5773502691896257
1101590  0.5773502691896257
1101591  0.5773502691896257
1101594  0.5773502691896257
1101679  0.5773502691896257
1101682  0.5773502691896257
1101686  0.5773502691896257
1101693  0.5773502691896257
1101696  0.5773502691896257
1101727  0.5773502691896257
1101736  0.5773502691896257
1101737  0.5773502691896257
1101738  0.5773502691896257
1101742  0.5773502691896257
1101743  0.5773502691896257
1101744  0.5773502691896257
1101745  0.5773502691896257
1101750  0.5773502691896257
1101751  0.5773502691896257
1101752  0.5773502691896257
1101753  0.5773502691896257
1101757  0.5773502691896257
1101758  0.5773502691896257
1101762  0.5773502691896257
1101763  0.5773502691896257
1101764  0.5773502691896257
1101766  0.5773502691896257
1101767  0.5773502691896257
1101769  0.5773502691896257
1101772  0.5773502691896257
1101773  0.5773502691896257
1101774  0.5773502691896257
1101775  0.5773502691896257
1101776  0.5773502691896257
1101777  0.5773502691896257
1101781  0.5773502691896257
1101782  0.5773502691896257
1101783  0.5773502691896257
1101784  0.5773502691896257
1101785  0.5773502691896257
1101789  0.5773502691896257
1101791  0.5773502691896257
1101792  0.5773502691896257
1101796  0.5773502691896257
1101797  0.5773502691896257
1101799  0.5773502691896257
1101800  0.5773502691896257
1101801  0.5773502691896257
1101806  0.5773502691896257
1101807  0.5773502691896257
1101808  0.5773502691896257
1101809  0.5773502691896257
1101811  0.5773502691896257
1101812  0.5773502691896257
1101816  0.5773502691896257
1101817  0.5773502691896257
1101820  0.5773502691896257
1101821  0.5773502691896257
1101823  0.5773502691896257
1101826  0.5773502691896257
1101827  0.5773502691896257
1101828  0.5773502691896257
1101831  0.5773502691896257
1101836  0.5773502691896257
1101838  0.5773502691896257
1101842  0.5773502691896257
1101843  0.5773502691896257
1101844  0.5773502691896257
1101849  0.5773502691896257
1101850  0.5773502691896257
1101851  0.5773502691896257
1101852  0.5773502691896257
1101853  0.5773502691896257
1101858  0.5773502691896257
1101859  0.5773502691896257
1101863  0.5773502691896257
1101864  0.5773502691896257
1101866  0.5773502691896257
1101867  0.5773502691896257
1101870  0.5773502691896257
1101871  0.5773502691896257
1101876  0.5773502691896257
1101877  0.5773502691896257
1101880  0.5773502691896257
1101891  0.5773502691896257
1101902  0.5773502691896257
1101912  0.5773502691896257
1101920  0.5773502691896257
1101922  0.5773502691896257
1101923  0.5773502691896257
1101924  0.5773502691896257
1101925  0.5773502691896257
1101926  0.5773502691896257
1101927  0.5773502691896257
1101930  0.5773502691896257
1101932  0.5773502691896257
1101933  0.5773502691896257
1101934  0.5773502691896257
1101935  0.5773502691896257
1101936  0.5773502691896257
1101939  0.5773502691896257
1101940  0.5773502691896257
1101941  0.5773502691896257
1101944  0.5773502691896257
1101959  0.5773502691896257
1101964  0.5773502691896257
1101984  0.5773502691896257
1101995  0.5773502691896257
1101998  0.5773502691896257
1102003  0.5773502691896257
1102005  0.5773502691896257
1102006  0.5773502691896257
1102014  0.5773502691896257
1102017  0.5773502691896257
1102022  0.5773502691896257
1102023  0.5773502691896257
1102024  0.5773502691896257
1102025  0.5773502691896257
1102026  0.5773502691896257
1102027  0.5773502691896257
1102028  0.5773502691896257
1102029  0.5773502691896257
1102030  0.5773502691896257
1102031  0.5773502691896257
1102033  0.5773502691896257
1102040  0.5773502691896257
1102041  0.5773502691896257
1102045  0.5773502691896257
1102054  0.5773502691896257
1102063  0.5773502691896257
1102067  0.5773502691896257
1102156  0.5773502691896257
1102157  0.5773502691896257
1102159  0.5773502691896257
1102160  0.5773502691896257
1102162  0.5773502691896257
1102164  0.5773502691896257
1102165  0.5773502691896257
1102166  0.5773502691896257
1102167  0.5773502691896257
1102170  0.5773502691896257
1102178  0.5773502691896257
1102179  0.5773502691896257
1102180  0.5773502691896257
1102181  0.5773502691896257
1102182  0.5773502691896257
1102183  0.5773502691896257
1102184  0.5773502691896257
1102185  0.5773502691896257
1102189  0.5773502691896257
1102197  0.5773502691896257
1102203  0.5773502691896257
1102204  0.5773502691896257
1102205  0.5773502691896257
1102207  0.5773502691896257
1102208  0.5773502691896257
1102212  0.5773502691896257
1102213  0.5773502691896257
1102217  0.5773502691896257
1102221  0.5773502691896257
1102233  0.5773502691896257
1102235  0.5773502691896257
1102284  0.5773502691896257
1102287  0.5773502691896257
1102303  0.5773502691896257
1200030  0.5773502691896257
1200033  0.5773502691896257
1200036  0.5773502691896257
1200039  0.5773502691896257
1200042  0.5773502691896257
1200047  0.5773502691896257
1200050  0.5773502691896257
1200053  0.5773502691896257
1200056  0.5773502691896257
1301087  0.5773502691896257
1101663  0.43033148291193524
1100403  0.31638599858416633
1100427  0.31638599858416633
1100489  0.31638599858416633
1101510  0.2721655269759087
1101511  0.2721655269759087
1101514  0.2721655269759087
1101515  0.2721655269759087
1101518  0.2721655269759087
1101519  0.2721655269759087
1101520  0.2721655269759087
1101521  0.2721655269759087
1100500  0.21350420507344953
1101524  0.19245008972987526
1101525  0.19245008972987526
1101526  0.19245008972987526
1101527  0.19245008972987526
1101530  0.19245008972987526
1101531  0.19245008972987526
1101532  0.19245008972987526
1101533  0.19245008972987526
1101536  0.19245008972987526
1101538  0.19245008972987526
1101539  0.19245008972987526
1101540  0.19245008972987526
1101541  0.19245008972987526
1101542  0.19245008972987526
1101616  0.19245008972987526
1101617  0.19245008972987526
1101620  0.19245008972987526
1101621  0.19245008972987526
1101622  0.19245008972987526
1101625  0.19245008972987526
1101626  0.19245008972987526
1101627  0.19245008972987526
1101628  0.19245008972987526
1101629  0.19245008972987526
1101630  0.19245008972987526
1101636  0.19245008972987526
1101637  0.19245008972987526
1101638  0.19245008972987526
1101639  0.19245008972987526
1101640  0.19245008972987526
1101658  0.19245008972987526
1102278  0.17213259316477408
1102279  0.17213259316477408
1102280  0.17213259316477408
1102281  0.17213259316477408
1102282  0.17213259316477408
1000284  0.1679842102263232
1102218  0.16012815380508716
1102268  0.15713484026367722
1102272  0.15713484026367722
1102274  0.15713484026367722
1102275  0.15713484026367722
1101472  0.14547859349066158
1101473  0.14547859349066158
1000386  0.14294833797837264
1000396  0.1405456737852613
1100541  0.1405456737852613
1100542  0.1405456737852613
1100543  0.1405456737852613
1100544  0.1405456737852613
1100545  0.1405456737852613
1100546  0.1405456737852613
1100547  0.1405456737852613
1000298  0.1382602259640567
1000299  0.1382602259640567
1101728  0.1382602259640567
1101729  0.1382602259640567
1101730  0.1382602259640567
1101731  0.1382602259640567
1101732  0.1382602259640567
1101733  0.1382602259640567
1102243  0.1382602259640567
1102245  0.1382602259640567
1102246  0.1382602259640567
1102247  0.1382602259640567
1102250  0.1382602259640567
1102256  0.1382602259640567
1102261  0.1382602259640567
1100385  0.13608276348795434
1100386  0.13608276348795434
1100394  0.13608276348795434
1100907  0.12830005981991682
1100932  0.12830005981991682
1102056  0.12830005981991682
1102059  0.12830005981991682
1100377  0.12171612389003691
1100378  0.12171612389003691
1100379  0.12171612389003691
1100381  0.12171612389003691
1100383  0.12171612389003691
1100388  0.12171612389003691
1100389  0.12171612389003691
1100393  0.12171612389003691
1100396  0.12171612389003691
1100961  0.12171612389003691
1100969  0.12171612389003691
1102237  0.12171612389003691
1102238  0.12171612389003691
1102239  0.12171612389003691
1102240  0.12171612389003691
1102252  0.10910894511799618
1102253  0.10910894511799618
1101478  0.09622504486493763
1101479  0.09622504486493763
