3500107  0.15636196732521057
2500575  0.15546508133411407
1300153  0.15453442931175232
2500524  0.15447036921977997
3200449  0.1540488302707672
3200808  0.1538849174976349
2502232  0.15370017290115356
2502285  0.15334568917751312
2500573  0.1529781073331833
1300490  0.15272794663906097
2500596  0.15251559019088745
3200454  0.15231673419475555
3500080  0.15226846933364868
2500582  0.1521851271390915
1900078  0.15216144919395447
2500555  0.152144193649292
3201089  0.15174253284931183
2500419  0.15170034766197205
4400119  0.1515806019306183
3200511  0.151204451918602
2500595  0.1511806845664978
1500198  0.15092821419239044
4400151  0.15081791579723358
2400062  0.15079015493392944
3200867  0.15061631798744202
4400122  0.15059126913547516
2500534  0.15057547390460968
3202106  0.15052998065948486
2500583  0.15050747990608215
3202251  0.1504898965358734
3200326  0.15043988823890686
3200499  0.15032808482646942
1300196  0.15024083852767944
3201866  0.1502150446176529
1300155  0.1500367522239685
1300560  0.15003326535224915
2800086  0.150008425116539
3200470  0.1499178558588028
1500292  0.14989863336086273
3202396  0.14989393949508667
1300534  0.14981524646282196
2900078  0.1497817486524582
2501161  0.14973939955234528
3200523  0.14964616298675537
3200507  0.1496202051639557
3201085  0.1495232880115509
3201276  0.1494622677564621
3200520  0.1493988037109375
2300095  0.14939862489700317
3202158  0.1493663638830185
3200503  0.14934982359409332
3600056  0.1493224799633026
2502521  0.1492539495229721
3500092  0.14906731247901917
1300195  0.14901292324066162
2500549  0.14893589913845062
2500523  0.148838073015213
3201145  0.1487942337989807
3900317  0.14872732758522034
3900517  0.14854633808135986
3202378  0.1485442966222763
2100074  0.148520827293396
3202200  0.14851361513137817
3202415  0.14847363531589508
4400116  0.1484394669532776
2500570  0.1484360247850418
2300085  0.1484021544456482
3202259  0.14835187792778015
2500592  0.1482781171798706
2500295  0.1482061892747879
3200506  0.148067444562912
3000072  0.14799454808235168
2500540  0.14797066152095795
3200431  0.14796854555606842
2500860  0.14796490967273712
3300097  0.14796239137649536
3201241  0.1478489190340042
3900199  0.1477498561143875
3202261  0.14766602218151093
1500287  0.1476525366306305
2501373  0.14758795499801636
1300185  0.14758023619651794
2900079  0.14756298065185547
2500574  0.14750999212265015
2500474  0.14749671518802643
2500481  0.1474829465150833
2502265  0.14742957055568695
2502517  0.1473151594400406
3200898  0.14731359481811523
2501273  0.14729569852352142
2502465  0.14728350937366486
2504043  0.14719128608703613
3900308  0.14717793464660645
3202436  0.14714890718460083
2504033  0.14713260531425476
2000067  0.1471092402935028
2501277  0.14710436761379242
3201274  0.14703476428985596
3200768  0.14699715375900269
3201052  0.14691849052906036
2500586  0.14691691100597382
2500289  0.14684176445007324
3200474  0.14680828154087067
2200056  0.14677824079990387
2500548  0.1467444747686386
1900057  0.1466505229473114
2500284  0.14651590585708618
3201862  0.1465064138174057
3500091  0.14649714529514313
3300096  0.14646513760089874
3202159  0.146417036652565
1500903  0.1463388055562973
2502286  0.14627332985401154
3500110  0.1462276577949524
3201277  0.14620833098888397
2500533  0.14620321989059448
3200455  0.1461637318134308
3200274  0.14615629613399506
2500522  0.14611458778381348
2100076  0.14607401192188263
1700111  0.1460239738225937
3200518  0.14599239826202393
1300494  0.14599035680294037
2500437  0.1459883153438568
1500286  0.14598143100738525
2100059  0.14594316482543945
3200463  0.14587534964084625
3200525  0.1458478718996048
3300068  0.14584484696388245
2500571  0.1457962840795517
3200481  0.14576873183250427
2501162  0.14575894176959991
3200479  0.1457311362028122
2200069  0.14572681486606598
1300187  0.14572082459926605
2500587  0.14568130671977997
3202139  0.1456117480993271
3200498  0.14559945464134216
2500866  0.14559730887413025
1500894  0.14557307958602905
2500579  0.1455664187669754
3200473  0.14555923640727997
3500108  0.14552202820777893
2500541  0.14551684260368347
2504039  0.1455121487379074
2500535  0.14550626277923584
3202441  0.14548151195049286
2500568  0.14546330273151398
1500294  0.14540931582450867
2500520  0.14536502957344055
2502522  0.14531809091567993
2800084  0.14527936279773712
3500081  0.14526472985744476
2501275  0.14525313675403595
3201855  0.14522844552993774
3200488  0.14519207179546356
1200067  0.1451820731163025
3201086  0.14512887597084045
2500599  0.14505299925804138
1900061  0.14504781365394592
3900324  0.144984170794487
3900328  0.14495311677455902
3900532  0.1449347287416458
1300495  0.14492565393447876
3900294  0.14489537477493286
2504035  0.14488257467746735
3900197  0.14488114416599274
1500297  0.14487846195697784
1500289  0.1448661983013153
3200508  0.1448541283607483
3900200  0.1448538601398468
2501374  0.14481221139431
1700131  0.14476215839385986
3200521  0.14472542703151703
1300193  0.14472195506095886
1300173  0.1446954756975174
3900150  0.14462167024612427
2504034  0.14461810886859894
1500888  0.14459097385406494
2500345  0.14459069073200226
2200071  0.1445782333612442
3200868  0.1445430964231491
3200895  0.14449448883533478
2500560  0.14441870152950287
2500564  0.1443760097026825
3500072  0.14434336125850677
3200256  0.1442902684211731
2500348  0.14428362250328064
2500302  0.1442730724811554
3202253  0.14426210522651672
2400081  0.14425092935562134
4400089  0.1442302018404007
3202239  0.14422500133514404
3200333  0.1442236453294754
1300145  0.14419741928577423
2500537  0.14414991438388824
3200805  0.14412832260131836
3202258  0.14408445358276367
3202166  0.14405566453933716
2200059  0.1440330296754837
3200497  0.14402589201927185
2501166  0.14399805665016174
2000071  0.143976628780365
3900302  0.14397184550762177
3200869  0.14392854273319244
2500543  0.14391690492630005
4400077  0.14389298856258392
3200285  0.14386196434497833
3200502  0.14385701715946198
1300493  0.14384299516677856
1500902  0.14378033578395844
1300178  0.14377033710479736
1500302  0.14375527203083038
1400064  0.14367449283599854
1500298  0.14361295104026794
3201081  0.1435859501361847
3900203  0.14356562495231628
3200504  0.14356295764446259
4400092  0.1435467153787613
4400101  0.14349117875099182
1000093  0.1434456706047058
2000075  0.14333660900592804
1500223  0.14331291615962982
1300115  0.14330770075321198
1200066  0.14326216280460358
3900297  0.1432582437992096
3900304  0.14322097599506378
3600064  0.14321142435073853
4400128  0.14319182932376862
2500544  0.14312028884887695
1700132  0.14309683442115784
3900316  0.143095001578331
3900333  0.14307448267936707
3200458  0.14305749535560608
2500577  0.14303803443908691
2500563  0.1430017352104187
1300175  0.1429985612630844
3300070  0.1429864913225174
3200900  0.142984539270401
2800061  0.14293156564235687
3201868  0.14292041957378387
3900105  0.14282645285129547
2500589  0.14282234013080597
2501370  0.14278405904769897
2500861  0.1427813619375229
4400110  0.14276441931724548
3201151  0.1426742523908615
2500501  0.14267048239707947
3201243  0.1426393985748291
3201175  0.14262701570987701
3202248  0.14258623123168945
3200468  0.14258582890033722
3200804  0.1425826996564865
3900312  0.14257553219795227
4400113  0.1425745040178299
2504040  0.1425616294145584
3200453  0.14256031811237335
3900332  0.14256031811237335
4400074  0.1424487978219986
1900077  0.14244715869426727
3200873  0.14244285225868225
3202201  0.14242325723171234
2500532  0.14240849018096924
3201176  0.1423928290605545
2500299  0.1423727422952652
3201178  0.14237140119075775
2000087  0.14236263930797577
3200767  0.14236173033714294
3201867  0.14235739409923553
3202249  0.14231735467910767
1500293  0.14230972528457642
3201244  0.14229679107666016
4400062  0.14225172996520996
4400098  0.1422490030527115
1000131  0.14223232865333557
1300198  0.142228901386261
1500288  0.1422288715839386
1500210  0.14221563935279846
1900076  0.14217881858348846
2501354  0.1421525627374649
3201174  0.14213727414608002
3600060  0.14210233092308044
4400086  0.14209334552288055
4400080  0.14207959175109863
3201147  0.14207611978054047
1400066  0.14205117523670197
3200259  0.14202485978603363
2100075  0.14200444519519806
2900080  0.14199979603290558
3200452  0.141997292637825
3200514  0.14195898175239563
2500528  0.1419406682252884
3200457  0.14193862676620483
3900204  0.1419077068567276
1300186  0.14190375804901123
2800073  0.1418890655040741
3000073  0.1418592780828476
2500554  0.14185458421707153
3200387  0.14185428619384766
2501357  0.14184953272342682
2400080  0.1418231874704361
1500267  0.14181354641914368
1300144  0.14180098474025726
3900307  0.14171350002288818
4400125  0.14167940616607666
1700109  0.1416688710451126
3900315  0.1416328102350235
3200894  0.14162617921829224
2502248  0.14155080914497375
3600075  0.14154891669750214
2500862  0.1415313482284546
3200800  0.1415313482284546
1300189  0.14151901006698608
1500201  0.14151392877101898
2501274  0.14144092798233032
2900067  0.14143405854701996
3202257  0.141431987285614
2500581  0.14143027365207672
2502529  0.14137403666973114
3202122  0.14133386313915253
3300095  0.14129167795181274
4400065  0.14127913117408752
2500594  0.1412581354379654
2500502  0.14125238358974457
1500304  0.1412513703107834
3200282  0.1412426382303238
2500529  0.14122042059898376
1500194  0.14118841290473938
3200896  0.1411837637424469
3300069  0.14117170870304108
3900320  0.1411643922328949
3600077  0.14116404950618744
1500291  0.1411016881465912
3500109  0.1410953253507614
3600076  0.1410871297121048
2500527  0.1410783976316452
2900060  0.14099670946598053
3200899  0.1408633589744568
2500556  0.14084728062152863
3900100  0.14083632826805115
2500591  0.14080390334129333
3202252  0.1407882422208786
3201858  0.14077627658843994
3201146  0.1407695859670639
1300535  0.1407150775194168
1500264  0.14069871604442596
3201856  0.1406729519367218
2500601  0.1406361162662506
3900299  0.14060883224010468
3200509  0.14060208201408386
1500889  0.14057256281375885
3200494  0.1405440717935562
3900335  0.14053502678871155
2504041  0.1405269354581833
1500300  0.1405189335346222
1200065  0.14048579335212708
3201051  0.14047978818416595
3202448  0.14047871530056
3200480  0.14047843217849731
2500562  0.1404012143611908
3200905  0.14036720991134644
2500578  0.14036357402801514
3200516  0.14033573865890503
3900083  0.14024394750595093
3202218  0.14024360477924347
1500191  0.14020295441150665
3900323  0.1401938647031784
3200487  0.140182763338089
2000091  0.1401795595884323
1900065  0.14016391336917877
1300181  0.14013922214508057
2800085  0.14009495079517365
1700123  0.14007875323295593
1500219  0.14007481932640076
1300566  0.14005127549171448
3900325  0.14002670347690582
3900293  0.1400156170129776
3900202  0.14000660181045532
3202255  0.13998503983020782
4400104  0.1399017721414566
1700110  0.1397847831249237
3900309  0.13978222012519836
2400069  0.13970190286636353
1700113  0.13965995609760284
2000079  0.13958941400051117
2500590  0.13958889245986938
2502293  0.13948477804660797
3900091  0.13946443796157837
3202440  0.13943752646446228
1500433  0.1393616795539856
2000106  0.13934408128261566
3000071  0.13932089507579803
3201857  0.13930337131023407
3900205  0.13924992084503174
3200500  0.1392478048801422
3201871  0.13909366726875305
3200430  0.13908617198467255
1500296  0.13899464905261993
3900331  0.13892409205436707
2000108  0.13888224959373474
1300188  0.13883744180202484
1500284  0.13875462114810944
3200339  0.13873280584812164
2500597  0.1386743038892746
3200495  0.1386188119649887
2000107  0.1386134773492813
4400083  0.13853415846824646
3900291  0.13851776719093323
2500538  0.1384977102279663
2501160  0.13840006291866302
3202217  0.13838925957679749
3900087  0.13819241523742676
1500290  0.13814404606819153
3200251  0.13806982338428497
1700126  0.13794147968292236
3900156  0.1378588080406189
2000095  0.13783036172389984
3200462  0.13774049282073975
3200447  0.13758638501167297
2000083  0.13756400346755981
2300096  0.13741835951805115
4400059  0.13740305602550507
3200489  0.1373995840549469
1300559  0.13735440373420715
4400068  0.13727416098117828
3900303  0.13707251846790314
1600070  0.1369188278913498
2501358  0.13688808679580688
2502498  0.13685713708400726
3200471  0.13683605194091797
2502481  0.13677965104579926
3200460  0.13658566772937775
2800065  0.1361849457025528
3200464  0.13615266978740692
3200485  0.13598528504371643
1300192  0.13595867156982422
4400107  0.13592848181724548
1300194  0.13590067625045776
1600071  0.13574805855751038
1700133  0.1355580985546112
4400095  0.13552851974964142
3200519  0.13551200926303864
2100063  0.13543133437633514
1800125  0.13521085679531097
1300199  0.13510090112686157
3900201  0.13482530415058136
2400082  0.1345377415418625
1400065  0.13441866636276245
2800069  0.1343889832496643
2000063  0.1343330591917038
1100055  0.13428762555122375
1700096  0.1342305690050125
1600059  0.13413329422473907
2500530  0.1336430162191391
1100063  0.13361519575119019
1700097  0.13361215591430664
2500585  0.13349905610084534
1800116  0.13346156477928162
1300191  0.13312137126922607
1800121  0.13308008015155792
1700086  0.1329747438430786
3900292  0.13295486569404602
1700068  0.13289548456668854
3900095  0.13269862532615662
3700058  0.13267511129379272
2200070  0.1323254555463791
1800123  0.13198018074035645
1800102  0.1318489909172058
1600056  0.13178151845932007
1700149  0.13152918219566345
2300058  0.13127121329307556
1600069  0.1312609314918518
3900289  0.13122491538524628
1000070  0.13107839226722717
3700089  0.13090458512306213
1000132  0.13059324026107788
3100072  0.13044705986976624
1000095  0.1304287314414978
1700095  0.12990139424800873
4400071  0.12974028289318085
2300059  0.12939873337745667
1100074  0.12932652235031128
3700086  0.12924356758594513
1000094  0.12884598970413208
1700077  0.1288335919380188
3700066  0.12865155935287476
1100059  0.12863613665103912
1000069  0.12805600464344025
1700078  0.12804245948791504
1700071  0.12774786353111267
3700082  0.1276317536830902
1800065  0.127171128988266
1800122  0.12701544165611267
3700062  0.12699809670448303
3100073  0.12691916525363922
1800103  0.1267431080341339
1100076  0.12659545242786407
1000096  0.12649305164813995
1800117  0.12629805505275726
1800120  0.12625643610954285
3700101  0.12624336779117584
3700097  0.12620553374290466
3700125  0.1255405992269516
1700098  0.12512534856796265
3700109  0.12478360533714294
3700124  0.12377548217773438
3700078  0.12360207736492157
1800124  0.12353778630495071
3700093  0.1232798621058464
1700087  0.12296319007873535
3100057  0.12276501208543777
3100061  0.12239093333482742
1100075  0.1223149225115776
3100074  0.12216516584157944
3700105  0.12215262651443481
3700070  0.12112502753734589
3700074  0.12105255573987961
3700126  0.12056542932987213
3700113  0.12039712071418762
