2502232  0.5
2502248  0.5
2502265  0.5
2502285  0.5
2502286  0.5
2502293  0.5
2502465  0.5
2502481  0.5
2502498  0.5
2502517  0.5
2502521  0.5
2502522  0.5
2502529  0.5
3202106  0.5
3202122  0.5
3202139  0.5
3202158  0.5
3202159  0.5
3202166  0.5
3202378  0.5
3202396  0.5
3202415  0.5
3202436  0.5
3202440  0.5
3202441  0.5
3202448  0.5
3200430  0.30151134457776363
3200431  0.30151134457776363
3500072  0.2886751345948129
3500080  0.2886751345948129
3500081  0.2886751345948129
3500091  0.2886751345948129
3500092  0.2886751345948129
3500107  0.2886751345948129
3500108  0.2886751345948129
3500109  0.2886751345948129
3500110  0.2886751345948129
1300144  0.28867513459481287
1300145  0.28867513459481287
1300153  0.28867513459481287
1300155  0.28867513459481287
3300068  0.28867513459481287
3300069  0.28867513459481287
3300070  0.28867513459481287
3200899  0.23570226039551587
3200900  0.23570226039551587
2500501  0.22360679774997896
2500502  0.22360679774997896
1300490  0.20412414523193154
1300493  0.20412414523193154
1300494  0.20412414523193154
1300495  0.20412414523193154
1300115  0.1781741612749496
1300173  0.1781741612749496
1300175  0.1781741612749496
1300178  0.1781741612749496
1300181  0.1781741612749496
1300185  0.1781741612749496
1300186  0.1781741612749496
1300187  0.1781741612749496
1300188  0.1781741612749496
1300189  0.1781741612749496
1300191  0.1781741612749496
1300192  0.1781741612749496
1300193  0.1781741612749496
1300194  0.1781741612749496
1300195  0.1781741612749496
1300196  0.1781741612749496
1300198  0.1781741612749496
1300199  0.1781741612749496
1900057  0.1781741612749496
1900061  0.1781741612749496
1900065  0.1781741612749496
1900076  0.1781741612749496
1900077  0.1781741612749496
1900078  0.1781741612749496
2200056  0.17025130615174972
2200059  0.17025130615174972
2200069  0.17025130615174972
2200070  0.17025130615174972
2200071  0.17025130615174972
2400062  0.1421338109037403
2400069  0.1421338109037403
2400080  0.1421338109037403
2400081  0.1421338109037403
2400082  0.1421338109037403
2800061  0.1421338109037403
2800065  0.1421338109037403
2800069  0.1421338109037403
2800073  0.1421338109037403
2800084  0.1421338109037403
2800085  0.1421338109037403
2800086  0.1421338109037403
2000063  0.14177624100166716
2000067  0.14177624100166716
2000071  0.14177624100166716
2000075  0.14177624100166716
2000079  0.14177624100166716
2000083  0.14177624100166716
2000087  0.14177624100166716
2000091  0.14177624100166716
2000095  0.14177624100166716
2000106  0.14177624100166716
2000107  0.14177624100166716
2000108  0.14177624100166716
1000131  0.14106912317171966
1000132  0.14106912317171966
1500433  0.14106912317171966
2300085  0.14071950894605836
2300095  0.1403724812687193
2300096  0.1403724812687193
3100057  0.1403724812687193
3100061  0.1403724812687193
3100072  0.1403724812687193
3100073  0.1403724812687193
3100074  0.1403724812687193
1700109  0.13703774196550633
1700110  0.13703774196550633
1700111  0.13703774196550633
1700113  0.13703774196550633
1700123  0.13671718540493266
1700126  0.13671718540493266
1700131  0.13671718540493266
1700132  0.13671718540493266
1700133  0.13671718540493266
1400064  0.13392990603648502
1400065  0.13392990603648502
1400066  0.13392990603648502
1500888  0.13392990603648502
1500889  0.13392990603648502
1500894  0.13392990603648502
1500191  0.13245323570650439
1500194  0.13245323570650439
1500198  0.13245323570650439
1500201  0.13245323570650439
1500210  0.13245323570650439
1500219  0.13245323570650439
1500223  0.13245323570650439
1500264  0.13245323570650439
1500267  0.13245323570650439
1500284  0.13245323570650439
1500286  0.13245323570650439
1500287  0.13245323570650439
1500288  0.13245323570650439
1500289  0.13245323570650439
1500290  0.13245323570650439
1500291  0.13245323570650439
1500292  0.13245323570650439
1500293  0.13245323570650439
1500294  0.13245323570650439
1500296  0.13245323570650439
1500297  0.13245323570650439
1500298  0.13245323570650439
1500300  0.13245323570650439
1500302  0.13245323570650439
1500304  0.13245323570650439
3900083  0.13245323570650439
3900087  0.13245323570650439
3900091  0.13245323570650439
3900095  0.13245323570650439
3900100  0.13245323570650439
3900105  0.13245323570650439
3900150  0.13245323570650439
3900156  0.13245323570650439
3900197  0.13245323570650439
3900199  0.13245323570650439
3900200  0.13245323570650439
3900201  0.13245323570650439
3900202  0.13245323570650439
3900203  0.13245323570650439
3900204  0.13245323570650439
3900205  0.13245323570650439
3900289  0.13245323570650439
3900291  0.13245323570650439
3900292  0.13245323570650439
3900293  0.13245323570650439
3900294  0.13245323570650439
3900297  0.13245323570650439
3900299  0.13245323570650439
3900302  0.13245323570650439
3900303  0.13245323570650439
3900304  0.13245323570650439
3900307  0.13245323570650439
3900308  0.13245323570650439
3900309  0.13245323570650439
3900312  0.13245323570650439
3900315  0.13245323570650439
3900316  0.13245323570650439
3900317  0.13245323570650439
3900320  0.13245323570650439
3900323  0.13245323570650439
3900324  0.13245323570650439
3900325  0.13245323570650439
3900328  0.13245323570650439
3900331  0.13245323570650439
3900332  0.13245323570650439
3900333  0.13245323570650439
3900335  0.13245323570650439
3900517  0.13245323570650439
3900532  0.13245323570650439
4400059  0.13245323570650439
4400062  0.13245323570650439
4400065  0.13245323570650439
4400068  0.13245323570650439
4400071  0.13245323570650439
4400074  0.13245323570650439
4400077  0.13245323570650439
4400080  0.13245323570650439
4400083  0.13245323570650439
4400086  0.13245323570650439
4400089  0.13245323570650439
4400092  0.13245323570650439
4400095  0.13245323570650439
4400098  0.13245323570650439
4400101  0.13245323570650439
4400104  0.13245323570650439
4400107  0.13245323570650439
4400110  0.13245323570650439
4400113  0.13245323570650439
4400116  0.13245323570650439
4400119  0.13245323570650439
4400122  0.13245323570650439
4400125  0.13245323570650439
4400128  0.13245323570650439
4400151  0.13245323570650439
3000071  0.13130643285972254
3000072  0.13130643285972254
3000073  0.13130643285972254
1800065  0.12549116102763172
1800102  0.12549116102763172
1800103  0.12549116102763172
1800116  0.12549116102763172
1800117  0.12549116102763172
1800120  0.12549116102763172
1800121  0.12549116102763172
1800122  0.12549116102763172
1800123  0.12549116102763172
1800124  0.12549116102763172
1800125  0.12549116102763172
1600056  0.12403473458920847
1600059  0.12403473458920847
1600069  0.12403473458920847
1600070  0.12403473458920847
1600071  0.12403473458920847
1200065  0.11180339887498948
1200066  0.11180339887498948
1200067  0.11180339887498948
1300559  0.11180339887498948
1300560  0.11180339887498948
1300566  0.11180339887498948
2500284  0.10482848367219183
2500289  0.10482848367219183
2500295  0.10482848367219183
2500299  0.10482848367219183
2500302  0.10482848367219183
2500345  0.10482848367219183
2500348  0.10482848367219183
2500419  0.10482848367219183
2500437  0.10482848367219183
2500474  0.10482848367219183
2500481  0.10482848367219183
2500520  0.10482848367219183
2500522  0.10482848367219183
2500523  0.10482848367219183
2500524  0.10482848367219183
2500527  0.10482848367219183
2500528  0.10482848367219183
2500529  0.10482848367219183
2500530  0.10482848367219183
2500532  0.10482848367219183
2500533  0.10482848367219183
2500534  0.10482848367219183
2500535  0.10482848367219183
2500537  0.10482848367219183
2500538  0.10482848367219183
2500540  0.10482848367219183
2500541  0.10482848367219183
2500543  0.10482848367219183
2500544  0.10482848367219183
2500548  0.10482848367219183
2500549  0.10482848367219183
2500554  0.10482848367219183
2500555  0.10482848367219183
2500556  0.10482848367219183
2500560  0.10482848367219183
2500562  0.10482848367219183
2500563  0.10482848367219183
2500564  0.10482848367219183
2500568  0.10482848367219183
2500570  0.10482848367219183
2500571  0.10482848367219183
2500573  0.10482848367219183
2500574  0.10482848367219183
2500575  0.10482848367219183
2500577  0.10482848367219183
2500578  0.10482848367219183
2500579  0.10482848367219183
2500581  0.10482848367219183
2500582  0.10482848367219183
2500583  0.10482848367219183
2500585  0.10482848367219183
2500586  0.10482848367219183
2500587  0.10482848367219183
2500589  0.10482848367219183
2500590  0.10482848367219183
2500591  0.10482848367219183
2500592  0.10482848367219183
2500594  0.10482848367219183
2500595  0.10482848367219183
2500596  0.10482848367219183
2500597  0.10482848367219183
2500599  0.10482848367219183
2500601  0.10482848367219183
2500860  0.10482848367219183
2500861  0.10482848367219183
2500862  0.10482848367219183
2500866  0.10482848367219183
2501160  0.10482848367219183
2501161  0.10482848367219183
2501162  0.10482848367219183
2501166  0.10482848367219183
2501273  0.10482848367219183
2501274  0.10482848367219183
2501275  0.10482848367219183
2501277  0.10482848367219183
2501354  0.10482848367219183
2501357  0.10482848367219183
2501358  0.10482848367219183
2501370  0.10482848367219183
2501373  0.10482848367219183
2501374  0.10482848367219183
2504033  0.10482848367219183
2504034  0.10482848367219183
2504035  0.10482848367219183
2504039  0.10482848367219183
2504040  0.10482848367219183
2504041  0.10482848367219183
2504043  0.10482848367219183
2900060  0.10482848367219183
2900067  0.10482848367219183
2900078  0.10482848367219183
2900079  0.10482848367219183
2900080  0.10482848367219183
1000069  0.10206207261596577
1000070  0.10206207261596577
1000093  0.10206207261596577
1000094  0.10206207261596577
1000095  0.10206207261596577
1000096  0.10206207261596577
1100055  0.10206207261596577
1100059  0.10206207261596577
1100063  0.10206207261596577
1100074  0.10206207261596577
1100075  0.10206207261596577
1100076  0.10206207261596577
1700149  0.10063092108532552
2100059  0.09667364890456635
2100063  0.09667364890456635
2100074  0.09667364890456635
2100075  0.09667364890456635
2100076  0.09667364890456635
3200251  0.09667364890456635
3200256  0.09667364890456635
3200259  0.09667364890456635
3200274  0.09667364890456635
3200282  0.09667364890456635
3200285  0.09667364890456635
3200326  0.09667364890456635
3200333  0.09667364890456635
3200339  0.09667364890456635
3200387  0.09667364890456635
3200447  0.09667364890456635
3200449  0.09667364890456635
3200452  0.09667364890456635
3200453  0.09667364890456635
3200454  0.09667364890456635
3200455  0.09667364890456635
3200457  0.09667364890456635
3200458  0.09667364890456635
3200460  0.09667364890456635
3200462  0.09667364890456635
3200463  0.09667364890456635
3200464  0.09667364890456635
3200468  0.09667364890456635
3200470  0.09667364890456635
3200471  0.09667364890456635
3200473  0.09667364890456635
3200474  0.09667364890456635
3200479  0.09667364890456635
3200480  0.09667364890456635
3200481  0.09667364890456635
3200485  0.09667364890456635
3200487  0.09667364890456635
3200488  0.09667364890456635
3200489  0.09667364890456635
3200494  0.09667364890456635
3200495  0.09667364890456635
3200497  0.09667364890456635
3200498  0.09667364890456635
3200499  0.09667364890456635
3200500  0.09667364890456635
3200502  0.09667364890456635
3200503  0.09667364890456635
3200504  0.09667364890456635
3200506  0.09667364890456635
3200507  0.09667364890456635
3200508  0.09667364890456635
3200509  0.09667364890456635
3200511  0.09667364890456635
3200514  0.09667364890456635
3200516  0.09667364890456635
3200518  0.09667364890456635
3200519  0.09667364890456635
3200520  0.09667364890456635
3200521  0.09667364890456635
3200523  0.09667364890456635
3200525  0.09667364890456635
3200767  0.09667364890456635
3200768  0.09667364890456635
3200800  0.09667364890456635
3200804  0.09667364890456635
3200805  0.09667364890456635
3200808  0.09667364890456635
3200867  0.09667364890456635
3200868  0.09667364890456635
3200869  0.09667364890456635
3200873  0.09667364890456635
3200894  0.09667364890456635
3200895  0.09667364890456635
3200896  0.09667364890456635
3200898  0.09667364890456635
3200905  0.09667364890456635
3201051  0.09667364890456635
3201052  0.09667364890456635
3201081  0.09667364890456635
3201085  0.09667364890456635
3201086  0.09667364890456635
3201089  0.09667364890456635
3201145  0.09667364890456635
3201146  0.09667364890456635
3201147  0.09667364890456635
3201151  0.09667364890456635
3201174  0.09667364890456635
3201175  0.09667364890456635
3201176  0.09667364890456635
3201178  0.09667364890456635
3201241  0.09667364890456635
3201243  0.09667364890456635
3201244  0.09667364890456635
3201274  0.09667364890456635
3201276  0.09667364890456635
3201277  0.09667364890456635
3201855  0.09667364890456635
3201856  0.09667364890456635
3201857  0.09667364890456635
3201858  0.09667364890456635
3201862  0.09667364890456635
3201866  0.09667364890456635
3201867  0.09667364890456635
3201868  0.09667364890456635
3201871  0.09667364890456635
3202200  0.09667364890456635
3202201  0.09667364890456635
3202217  0.09667364890456635
3202218  0.09667364890456635
3202239  0.09667364890456635
3202248  0.09667364890456635
3202249  0.09667364890456635
3202251  0.09667364890456635
3202252  0.09667364890456635
3202253  0.09667364890456635
3202255  0.09667364890456635
3202257  0.09667364890456635
3202258  0.09667364890456635
3202259  0.09667364890456635
3202261  0.09667364890456635
3300095  0.09667364890456635
3300096  0.09667364890456635
3300097  0.09667364890456635
3700058  0.09578262852211514
3700062  0.09578262852211514
3700066  0.09578262852211514
3700070  0.09578262852211514
3700074  0.09578262852211514
3700078  0.09578262852211514
3700082  0.09578262852211514
3700086  0.09578262852211514
3700089  0.09578262852211514
3700093  0.09578262852211514
3700097  0.09578262852211514
3700101  0.09578262852211514
3700105  0.09578262852211514
3700109  0.09578262852211514
3700113  0.09578262852211514
3700124  0.09578262852211514
3700125  0.09578262852211514
3700126  0.09578262852211514
1700068  0.09459675396808043
1700071  0.09459675396808043
1700077  0.09459675396808043
1700078  0.09459675396808043
1700086  0.09459675396808043
1700087  0.09459675396808043
1700095  0.09459675396808043
1700096  0.09459675396808043
1700097  0.09459675396808043
1700098  0.09459675396808043
2300058  0.09459675396808043
2300059  0.09459675396808043
3600056  0.09325048082403138
3600060  0.09325048082403138
3600064  0.09325048082403138
3600075  0.09325048082403138
3600076  0.09325048082403138
3600077  0.09325048082403138
1300534  0.08980265101338746
1300535  0.08980265101338746
1500902  0.07235746052924216
1500903  0.07235746052924216
