2900031  313600.0
2900032  313600.0
2900033  313600.0
2900034  313600.0
2900037  313600.0
2900038  313600.0
2900039  313600.0
2900040  313600.0
2900041  313600.0
2900042  313600.0
2900043  313600.0
2900044  313600.0
2900048  313600.0
2900049  313600.0
2900050  313600.0
2900051  313600.0
2900052  313600.0
2900053  313600.0
2900054  313600.0
2900055  313600.0
2900059  313600.0
2900060  313600.0
2900061  313600.0
2900062  313600.0
2900063  313600.0
2900064  313600.0
2900065  313600.0
2900066  313600.0
2900067  313600.0
20300084  5100.0
2900021  4869.132075471698
20300079  4869.132075471698
20300080  4869.132075471698
4300035  4710.563636363637
20300072  4710.563636363637
2300037  4341.730158730159
4300018  4341.730158730159
4300022  4341.730158730159
2300011  4098.753424657534
2300015  4098.753424657534
2300016  4098.753424657534
2300017  4098.753424657534
2300018  4098.753424657534
20300064  4048.140625
4300031  3857.4675324675327
17100040  3857.4675324675327
4300027  3578.614457831325
17100038  3578.614457831325
19300058  3336.2747252747254
11000022  3077.818181818182
19300043  3077.818181818182
19300044  3077.818181818182
19300045  3077.818181818182
19300046  3077.818181818182
19300047  3077.818181818182
19300048  3077.818181818182
19300049  3077.818181818182
19300050  3077.818181818182
19300051  3077.818181818182
13100019  2706.2743362831857
13100020  2706.2743362831857
13100022  2706.2743362831857
13100023  2706.2743362831857
13100024  2706.2743362831857
13100025  2706.2743362831857
4900014  1820.2916666666667
11000023  1804.6433566433566
1700015  1526.9452736318408
3400012  1526.9452736318408
3400015  1526.9452736318408
3900013  1526.9452736318408
3900016  1526.9452736318408
3900017  1526.9452736318408
3900018  1526.9452736318408
3900020  1526.9452736318408
4100013  1526.9452736318408
7900073  1526.9452736318408
7900074  1526.9452736318408
10400018  1526.9452736318408
10400019  1526.9452736318408
10400025  1526.9452736318408
10900018  1526.9452736318408
12000024  1526.9452736318408
12000026  1526.9452736318408
12000028  1526.9452736318408
12000029  1526.9452736318408
12000033  1526.9452736318408
12600024  1526.9452736318408
12600028  1526.9452736318408
12600030  1526.9452736318408
12600031  1526.9452736318408
12600032  1526.9452736318408
12600040  1526.9452736318408
12600044  1526.9452736318408
12600049  1526.9452736318408
12600053  1526.9452736318408
12600055  1526.9452736318408
12600059  1526.9452736318408
12600063  1526.9452736318408
12600064  1526.9452736318408
12600066  1526.9452736318408
13000022  1526.9452736318408
13000023  1526.9452736318408
13000028  1526.9452736318408
13000032  1526.9452736318408
13500020  1526.9452736318408
13500023  1526.9452736318408
13700020  1526.9452736318408
13700024  1526.9452736318408
13700026  1526.9452736318408
13700027  1526.9452736318408
13700031  1526.9452736318408
13700032  1526.9452736318408
13700033  1526.9452736318408
16000024  1526.9452736318408
16000025  1526.9452736318408
16000026  1526.9452736318408
16200034  1526.9452736318408
16200035  1526.9452736318408
16200036  1526.9452736318408
16200037  1526.9452736318408
16200038  1526.9452736318408
16200039  1526.9452736318408
16200040  1526.9452736318408
16200041  1526.9452736318408
16200042  1526.9452736318408
16200043  1526.9452736318408
16200046  1526.9452736318408
16200050  1526.9452736318408
16200051  1526.9452736318408
16200055  1526.9452736318408
16200059  1526.9452736318408
16200060  1526.9452736318408
16200064  1526.9452736318408
16200068  1526.9452736318408
16200080  1526.9452736318408
16200081  1526.9452736318408
16200089  1526.9452736318408
16500082  1526.9452736318408
16500127  1526.9452736318408
16500135  1526.9452736318408
16500140  1526.9452736318408
16500141  1526.9452736318408
16500142  1526.9452736318408
16500143  1526.9452736318408
16500144  1526.9452736318408
16500148  1526.9452736318408
16500149  1526.9452736318408
16500152  1526.9452736318408
16500155  1526.9452736318408
17100027  1526.9452736318408
17100028  1526.9452736318408
17100031  1526.9452736318408
17100032  1526.9452736318408
17100033  1526.9452736318408
17100034  1526.9452736318408
17500056  1526.9452736318408
17500061  1526.9452736318408
17500062  1526.9452736318408
17500063  1526.9452736318408
17500070  1526.9452736318408
17500075  1526.9452736318408
17500078  1526.9452736318408
17500081  1526.9452736318408
17500085  1526.9452736318408
17500092  1526.9452736318408
17500093  1526.9452736318408
17500094  1526.9452736318408
17500101  1526.9452736318408
17500102  1526.9452736318408
17500103  1526.9452736318408
17500106  1526.9452736318408
17500110  1526.9452736318408
17500128  1526.9452736318408
17500129  1526.9452736318408
17500130  1526.9452736318408
17800031  1526.9452736318408
17800032  1526.9452736318408
17800033  1526.9452736318408
17800034  1526.9452736318408
18200034  1526.9452736318408
18200035  1526.9452736318408
18200039  1526.9452736318408
18200040  1526.9452736318408
18200041  1526.9452736318408
18200042  1526.9452736318408
18200043  1526.9452736318408
18200044  1526.9452736318408
18700050  1526.9452736318408
18700051  1526.9452736318408
18700052  1526.9452736318408
18700053  1526.9452736318408
19500047  1526.9452736318408
19700050  1526.9452736318408
21400090  1526.9452736318408
22202162  1526.9452736318408
5400014  1519.3861386138615
5400017  1519.3861386138615
5400021  1519.3861386138615
5400024  1519.3861386138615
5400027  1519.3861386138615
5400031  1519.3861386138615
5400036  1519.3861386138615
5400039  1519.3861386138615
13800114  1519.3861386138615
13800117  1519.3861386138615
13800118  1519.3861386138615
16500055  1519.3861386138615
16500059  1519.3861386138615
16500131  1519.3861386138615
16500133  1519.3861386138615
16500134  1519.3861386138615
18700044  1519.3861386138615
18700049  1519.3861386138615
1700009  1511.9014778325122
1700011  1511.9014778325122
15300063  1511.9014778325122
16200024  1511.9014778325122
16200030  1511.9014778325122
16200032  1511.9014778325122
16500025  1511.9014778325122
16500073  1511.9014778325122
16500074  1511.9014778325122
17500029  1511.9014778325122
17500031  1511.9014778325122
17500036  1511.9014778325122
17500038  1511.9014778325122
17500045  1511.9014778325122
17500052  1511.9014778325122
7900049  1508.4356435643565
7900050  1508.4356435643565
13800069  1508.4356435643565
13800072  1508.4356435643565
13800077  1508.4356435643565
22201243  1503.5628140703518
4300013  1486.2307692307693
20300055  1486.2307692307693
20300058  1486.2307692307693
5400040  1483.1641791044776
12400019  1482.6859903381642
16600025  1482.6859903381642
16600034  1482.6859903381642
16600043  1482.6859903381642
16600052  1482.6859903381642
16600062  1482.6859903381642
16600071  1482.6859903381642
16600076  1482.6859903381642
16600077  1482.6859903381642
16600078  1482.6859903381642
16600081  1482.6859903381642
16700026  1482.6859903381642
16700030  1482.6859903381642
18000032  1482.6859903381642
18400036  1482.6859903381642
18400040  1482.6859903381642
18400055  1482.6859903381642
21500107  1482.6859903381642
22200932  1482.6859903381642
22200943  1482.6859903381642
22200975  1482.6859903381642
22200988  1482.6859903381642
22201075  1482.6859903381642
22201109  1482.6859903381642
6300015  1461.5047619047618
6300018  1461.5047619047618
6300019  1461.5047619047618
18700037  1461.5047619047618
18700039  1461.5047619047618
18700040  1461.5047619047618
18700041  1461.5047619047618
19600048  1461.5047619047618
19600051  1461.5047619047618
7900016  1451.3427230046948
7900019  1451.3427230046948
7900022  1451.3427230046948
7900023  1451.3427230046948
7900025  1451.3427230046948
12000019  1451.3427230046948
12000021  1451.3427230046948
13800020  1451.3427230046948
13800022  1451.3427230046948
13800023  1451.3427230046948
13800027  1451.3427230046948
13800082  1451.3427230046948
13800084  1451.3427230046948
13800090  1451.3427230046948
13800091  1451.3427230046948
13800110  1451.3427230046948
15000022  1451.3427230046948
15000026  1451.3427230046948
15000112  1451.3427230046948
15000117  1451.3427230046948
15300047  1451.3427230046948
15300048  1451.3427230046948
20500058  1451.3427230046948
20800094  1451.3427230046948
13000019  1411.579908675799
13400020  1411.579908675799
15300022  1411.579908675799
15300029  1411.579908675799
15300031  1411.579908675799
15300032  1411.579908675799
15300034  1411.579908675799
15300037  1411.579908675799
15300038  1411.579908675799
15300039  1411.579908675799
15300040  1411.579908675799
20800060  1411.579908675799
20800061  1411.579908675799
20800072  1411.579908675799
20800076  1411.579908675799
20800079  1411.579908675799
20800102  1411.579908675799
20800105  1411.579908675799
20800113  1411.579908675799
20800114  1411.579908675799
20800120  1411.579908675799
20800123  1411.579908675799
20800125  1411.579908675799
20800126  1411.579908675799
20800143  1411.579908675799
2600014  1357.5747663551401
2600017  1357.5747663551401
2600021  1357.5747663551401
2600022  1357.5747663551401
2600025  1357.5747663551401
4800020  1357.5747663551401
5000014  1357.5747663551401
5000041  1357.5747663551401
5000042  1357.5747663551401
5000044  1357.5747663551401
5000046  1357.5747663551401
8200016  1357.5747663551401
8400016  1357.5747663551401
8400018  1357.5747663551401
8400019  1357.5747663551401
8400020  1357.5747663551401
8700016  1357.5747663551401
8700017  1357.5747663551401
8700018  1357.5747663551401
8800016  1357.5747663551401
9400017  1357.5747663551401
9400020  1357.5747663551401
9400026  1357.5747663551401
10200017  1357.5747663551401
13400039  1357.5747663551401
14000020  1357.5747663551401
14600022  1357.5747663551401
14600032  1357.5747663551401
14600033  1357.5747663551401
14600034  1357.5747663551401
14600035  1357.5747663551401
14600047  1357.5747663551401
14600048  1357.5747663551401
14600056  1357.5747663551401
14600057  1357.5747663551401
14600066  1357.5747663551401
14800022  1357.5747663551401
15300055  1357.5747663551401
15900023  1357.5747663551401
15900024  1357.5747663551401
15900025  1357.5747663551401
15900055  1357.5747663551401
15900056  1357.5747663551401
15900057  1357.5747663551401
15900060  1357.5747663551401
15900061  1357.5747663551401
15900062  1357.5747663551401
15900063  1357.5747663551401
15900065  1357.5747663551401
15900068  1357.5747663551401
15900069  1357.5747663551401
15900071  1357.5747663551401
15900073  1357.5747663551401
15900075  1357.5747663551401
15900077  1357.5747663551401
15900090  1357.5747663551401
15900091  1357.5747663551401
15900092  1357.5747663551401
15900094  1357.5747663551401
15900095  1357.5747663551401
15900096  1357.5747663551401
15900097  1357.5747663551401
15900100  1357.5747663551401
15900101  1357.5747663551401
16300048  1357.5747663551401
17400028  1357.5747663551401
17600029  1357.5747663551401
17600030  1357.5747663551401
17600031  1357.5747663551401
17600040  1357.5747663551401
17600041  1357.5747663551401
17600049  1357.5747663551401
17600050  1357.5747663551401
17600051  1357.5747663551401
17600058  1357.5747663551401
17700030  1357.5747663551401
17700032  1357.5747663551401
17700033  1357.5747663551401
17700034  1357.5747663551401
17700035  1357.5747663551401
17700036  1357.5747663551401
17700058  1357.5747663551401
17700059  1357.5747663551401
17700062  1357.5747663551401
17700063  1357.5747663551401
17700079  1357.5747663551401
18100032  1357.5747663551401
18100034  1357.5747663551401
18100124  1357.5747663551401
18100132  1357.5747663551401
18100133  1357.5747663551401
18100134  1357.5747663551401
18100138  1357.5747663551401
18100146  1357.5747663551401
18100150  1357.5747663551401
18100151  1357.5747663551401
18100152  1357.5747663551401
18100156  1357.5747663551401
18600037  1357.5747663551401
18600038  1357.5747663551401
18600041  1357.5747663551401
18800039  1357.5747663551401
18800047  1357.5747663551401
18800048  1357.5747663551401
18800075  1357.5747663551401
19200042  1357.5747663551401
19800051  1357.5747663551401
19800053  1357.5747663551401
20000054  1357.5747663551401
20200055  1357.5747663551401
20200056  1357.5747663551401
20200058  1357.5747663551401
20200059  1357.5747663551401
20200065  1357.5747663551401
20200066  1357.5747663551401
20200067  1357.5747663551401
20200068  1357.5747663551401
20200071  1357.5747663551401
20200072  1357.5747663551401
20200076  1357.5747663551401
20200077  1357.5747663551401
20200081  1357.5747663551401
20200082  1357.5747663551401
20200086  1357.5747663551401
20200087  1357.5747663551401
20200091  1357.5747663551401
20200095  1357.5747663551401
21000090  1357.5747663551401
21000094  1357.5747663551401
21000095  1357.5747663551401
21000098  1357.5747663551401
21000101  1357.5747663551401
21000102  1357.5747663551401
21000103  1357.5747663551401
21000108  1357.5747663551401
21000109  1357.5747663551401
21000112  1357.5747663551401
21000114  1357.5747663551401
21000117  1357.5747663551401
21200069  1357.5747663551401
15300026  1144.213043478261
14600059  1103.603448275862
14600061  1103.603448275862
14600062  1103.603448275862
14600070  1103.603448275862
14600080  1103.603448275862
17600052  1103.603448275862
17700064  1103.603448275862
17700065  1103.603448275862
18800049  1103.603448275862
21000115  1103.603448275862
21000121  1103.603448275862
21000122  1103.603448275862
21000135  1103.603448275862
1900009  1079.0123966942149
1900011  1079.0123966942149
1900029  1079.0123966942149
1900030  1079.0123966942149
1900031  1079.0123966942149
6600015  1049.1795918367347
6600017  1049.1795918367347
6600018  1049.1795918367347
6600019  1049.1795918367347
6600020  1049.1795918367347
6600021  1049.1795918367347
6600029  1049.1795918367347
17500095  1013.3787234042553
17500096  1013.3787234042553
17500134  1013.3787234042553
17500135  1013.3787234042553
17500136  1013.3787234042553
17500137  1013.3787234042553
12000057  826.9299610894942
12000065  654.8210526315789
13000040  654.8210526315789
10400020  413.98338870431894
10400021  413.98338870431894
10400032  413.98338870431894
10400033  413.98338870431894
10400038  413.98338870431894
14600072  344.04761904761904
14600086  344.04761904761904
10300017  310.80357142857144
12000061  299.66473988439304
14600076  299.66473988439304
22201120  270.09365558912384
2900029  212.5
14600063  206.22037914691944
17900031  206.22037914691944
17900032  206.22037914691944
17900033  206.22037914691944
17900036  206.22037914691944
17900051  206.22037914691944
17900055  206.22037914691944
18100067  206.22037914691944
18100135  206.22037914691944
18100136  206.22037914691944
18100137  206.22037914691944
18600045  206.22037914691944
1900017  185.37062937062936
1900019  185.37062937062936
1900022  185.37062937062936
1900023  185.37062937062936
4600014  170.66273584905662
4600015  170.66273584905662
4600016  170.66273584905662
4600017  170.66273584905662
4600020  170.66273584905662
4600021  170.66273584905662
4600023  170.66273584905662
4600029  170.66273584905662
4600030  170.66273584905662
4600031  170.66273584905662
10400023  170.66273584905662
16500063  170.66273584905662
16500064  170.66273584905662
17700043  170.1990521327014
17700047  170.1990521327014
17700066  170.1990521327014
17700067  170.1990521327014
21000123  170.1990521327014
21000124  170.1990521327014
21000125  170.1990521327014
21000126  170.1990521327014
21000128  170.1990521327014
21000132  170.1990521327014
21000138  170.1990521327014
21000141  170.1990521327014
8200018  168.53191489361703
8200019  168.53191489361703
8200022  168.53191489361703
8200023  168.53191489361703
8200029  168.53191489361703
8200030  168.53191489361703
14600071  168.53191489361703
15900035  168.53191489361703
17700048  168.53191489361703
17700068  168.53191489361703
17700069  168.53191489361703
17700071  168.53191489361703
17700075  168.53191489361703
17700082  168.53191489361703
17700085  168.53191489361703
10300040  122.56090651558074
10300043  116.57142857142857
20300085  94.75603217158177
17500076  25.633136094674555
17500098  25.633136094674555
17500099  25.633136094674555
13000041  22.324723247232473
3300012  3.5018939393939394
3300018  3.5018939393939394
3300019  3.5018939393939394
3300022  3.5018939393939394
3300023  3.5018939393939394
3300026  3.5018939393939394
3300032  3.5018939393939394
3300033  3.5018939393939394
3300036  3.5018939393939394
3300039  3.5018939393939394
8900017  3.5018939393939394
8900018  3.5018939393939394
8900019  3.5018939393939394
8900022  3.5018939393939394
8900023  3.5018939393939394
8900027  3.5018939393939394
8900028  3.5018939393939394
9700017  3.5018939393939394
9700018  3.5018939393939394
9700019  3.5018939393939394
9700023  3.5018939393939394
9700025  3.5018939393939394
9700028  3.5018939393939394
9700029  3.5018939393939394
14500022  3.5018939393939394
14500031  3.5018939393939394
14500035  3.5018939393939394
14500037  3.5018939393939394
14500038  3.5018939393939394
14500041  3.5018939393939394
14500045  3.5018939393939394
14500046  3.5018939393939394
15500023  3.5018939393939394
15500027  3.5018939393939394
15500028  3.5018939393939394
18700152  3.5018939393939394
18700153  3.5018939393939394
20400056  3.5018939393939394
20400057  3.5018939393939394
20400058  3.5018939393939394
20400062  3.5018939393939394
20400063  3.5018939393939394
20400067  3.5018939393939394
20400072  3.5018939393939394
20400073  3.5018939393939394
22202128  3.5018939393939394
22202129  3.5018939393939394
16100024  2.4578096947935366
16100025  2.4578096947935366
16100026  2.4578096947935366
16100027  2.4578096947935366
16100028  2.4578096947935366
16100029  2.4578096947935366
16100030  2.4578096947935366
16100031  2.4578096947935366
16100050  2.4578096947935366
16100055  1.507168458781362
17700050  1.1797556719022688
19900052  1.1797556719022688
1600009  0.9313380281690141
2700011  0.9313380281690141
2700013  0.9313380281690141
2700024  0.9313380281690141
2700025  0.9313380281690141
2700026  0.9313380281690141
2700028  0.9313380281690141
2700031  0.9313380281690141
2700033  0.9313380281690141
2700049  0.9313380281690141
19600057  0.8166666666666667
19600058  0.8166666666666667
2700016  0.7750439367311072
2700017  0.7750439367311072
5400045  0.7092198581560284
12000030  0.7092198581560284
16500153  0.7092198581560284
5400042  0.7079646017699115
16500068  0.7079646017699115
16500069  0.7079646017699115
2700035  0.5034843205574913
2700036  0.5034843205574913
2700039  0.5034843205574913
2700041  0.5034843205574913
2700042  0.5034843205574913
2700046  0.5034843205574913
2700047  0.5034843205574913
1600012  0.44521739130434784
1600013  0.44521739130434784
1600014  0.44521739130434784
18400043  0.41208791208791207
18400044  0.41208791208791207
8100016  0.34385964912280703
8100017  0.34385964912280703
8100018  0.34385964912280703
8100019  0.34385964912280703
8100020  0.34385964912280703
19400085  0.2517482517482518
19400118  0.2517482517482518
19400119  0.2517482517482518
19400081  0.2508710801393728
19400082  0.2508710801393728
19400089  0.2508710801393728
19400070  0.2491349480968858
19400071  0.2491349480968858
19400072  0.2491349480968858
19400073  0.2491349480968858
6600024  0.24742268041237114
19400063  0.24742268041237114
19400064  0.24742268041237114
22000215  0.2119089316987741
22100225  0.2119089316987741
22100226  0.2119089316987741
22100227  0.2119089316987741
22100228  0.2119089316987741
22100229  0.2119089316987741
19400123  0.1757469244288225
19400068  0.17513134851138354
19400115  0.17513134851138354
19400067  0.17482517482517482
19400109  0.17482517482517482
19400112  0.17482517482517482
19400066  0.17452006980802792
19400103  0.17452006980802792
19400106  0.17452006980802792
19400065  0.17421602787456447
19400097  0.17421602787456447
19400100  0.17421602787456447
19400094  0.17391304347826086
22100235  0.14594594594594595
22100236  0.14594594594594595
22100238  0.14594594594594595
22100262  0.14594594594594595
22100269  0.14594594594594595
22100270  0.14594594594594595
22100232  0.1426056338028169
22100233  0.1426056338028169
22100252  0.1426056338028169
22100253  0.1426056338028169
22100259  0.1426056338028169
22100265  0.1426056338028169
22100266  0.1426056338028169
22100268  0.1426056338028169
22100239  0.08797127468581688
22100240  0.08797127468581688
22100242  0.08797127468581688
19400060  0.08551483420593368
19400061  0.08551483420593368
6300022  0.06486486486486487
6300023  0.06486486486486487
5000068  0.0627177700348432
5000069  0.0627177700348432
19200051  0.0627177700348432
19200052  0.0627177700348432
19200054  0.0627177700348432
21300072  0.0627177700348432
21300073  0.0627177700348432
21300074  0.0627177700348432
8100046  0.06228373702422145
19600059  0.044964028776978415
17100041  0.044169611307420496
17100059  0.044169611307420496
2600023  0.043478260869565216
2600024  0.043478260869565216
5000071  0.043478260869565216
5000089  0.043478260869565216
14000022  0.043478260869565216
17400032  0.043478260869565216
17400035  0.043478260869565216
17400055  0.043478260869565216
17600053  0.043478260869565216
17600054  0.043478260869565216
17600062  0.043478260869565216
17600063  0.043478260869565216
17600067  0.043478260869565216
20200092  0.043478260869565216
20200093  0.043478260869565216
20200094  0.043478260869565216
6300024  0.02872531418312388
18400045  0.02872531418312388
21300077  0.02857142857142857
21300078  0.02857142857142857
21300079  0.02857142857142857
21300081  0.02857142857142857
21300085  0.02857142857142857
21300086  0.02857142857142857
21300087  0.016042780748663103
17400037  0.015706806282722512
17400038  0.015706806282722512
17400043  0.015706806282722512
17400052  0.015706806282722512
