3200361  0.8660254037844387
3200362  0.8660254037844387
3200363  0.8660254037844387
3200364  0.8660254037844387
3200365  0.8660254037844387
3200374  0.8660254037844387
3200360  0.75
3200343  0.7071067811865475
3200349  0.7071067811865475
3200350  0.7071067811865475
3200351  0.7071067811865475
3200352  0.7071067811865475
3200354  0.7071067811865475
1100351  0.5773502691896258
1100352  0.5773502691896258
1100353  0.5773502691896258
1100354  0.5773502691896258
1100391  0.5773502691896258
1100392  0.5773502691896258
1100393  0.5773502691896258
1100394  0.5773502691896258
1100395  0.5773502691896258
1100396  0.5773502691896258
1100397  0.5773502691896258
3200342  0.5773502691896258
3200592  0.5773502691896258
1100210  0.5547001962252291
2600180  0.5345224838248488
1100281  0.5303300858899106
1100282  0.5303300858899106
1100283  0.5303300858899106
1100285  0.5303300858899106
1100292  0.5303300858899106
3200179  0.48507125007266594
3200180  0.48507125007266594
3200181  0.48507125007266594
3200182  0.48507125007266594
3200183  0.48507125007266594
3200591  0.48507125007266594
1100277  0.4743416490252569
1100278  0.4743416490252569
1100279  0.4743416490252569
1100291  0.4743416490252569
1100207  0.47140452079103173
1100208  0.47140452079103173
1100209  0.47140452079103173
3200208  0.47140452079103173
1100130  0.4588314677411235
1100131  0.4588314677411235
1100132  0.4588314677411235
1100133  0.4588314677411235
1100134  0.4588314677411235
1100135  0.4588314677411235
1100136  0.4588314677411235
1100137  0.4588314677411235
1100138  0.4588314677411235
1100139  0.4588314677411235
1100140  0.4588314677411235
1100141  0.4588314677411235
1100142  0.4588314677411235
1100247  0.43301270189221935
1100323  0.43301270189221935
1300526  0.41702882811414954
1300529  0.41702882811414954
1300532  0.41702882811414954
1100274  0.4082482904638631
1100332  0.4082482904638631
1100411  0.4082482904638631
1100412  0.4082482904638631
1100413  0.4082482904638631
2600176  0.4082482904638631
2600177  0.4082482904638631
1100421  0.4008918628686366
1100434  0.4008918628686366
1100435  0.4008918628686366
1100436  0.4008918628686366
1100437  0.4008918628686366
1100439  0.4008918628686366
1100440  0.4008918628686366
1100441  0.4008918628686366
1100442  0.4008918628686366
1100443  0.4008918628686366
1100444  0.4008918628686366
1100445  0.4008918628686366
1100446  0.4008918628686366
1100447  0.4008918628686366
1100448  0.4008918628686366
1100449  0.4008918628686366
1100450  0.4008918628686366
1100454  0.4008918628686366
1100455  0.4008918628686366
1100456  0.4008918628686366
1100457  0.4008918628686366
1100459  0.4008918628686366
1100273  0.3922322702763681
1100037  0.3713906763541037
1100238  0.3713906763541037
1300481  0.3713906763541037
1300495  0.3713906763541037
1300498  0.3713906763541037
1300501  0.3713906763541037
1300503  0.3713906763541037
1300506  0.3713906763541037
1300508  0.3713906763541037
1300515  0.3713906763541037
1300543  0.3713906763541037
1300546  0.3713906763541037
1300549  0.3713906763541037
1300560  0.3713906763541037
1300565  0.3713906763541037
1300569  0.3713906763541037
1300572  0.3713906763541037
1300573  0.3713906763541037
1300574  0.3713906763541037
1300577  0.3713906763541037
1300579  0.3713906763541037
1100183  0.3651483716701107
1100184  0.3651483716701107
3200034  0.3592106040535498
3200589  0.3380617018914066
3200590  0.3380617018914066
3200594  0.3380617018914066
3200588  0.3287979746107146
3200449  0.3244428422615251
1100177  0.31622776601683794
1100178  0.31622776601683794
1100179  0.31622776601683794
1100382  0.31622776601683794
3200448  0.3086066999241838
2600194  0.29488391230979427
2600189  0.2672612419124244
1100256  0.25607375986579195
1100269  0.25607375986579195
1100270  0.25607375986579195
1100271  0.25607375986579195
1100272  0.25607375986579195
1100407  0.25607375986579195
1100408  0.25607375986579195
1100409  0.25607375986579195
1100410  0.25607375986579195
1100415  0.25607375986579195
1100416  0.25607375986579195
1100417  0.25607375986579195
1100418  0.25607375986579195
1100419  0.25607375986579195
1100420  0.25607375986579195
1100423  0.25607375986579195
1100425  0.25607375986579195
1100466  0.25607375986579195
1100475  0.25607375986579195
1100476  0.25607375986579195
3200401  0.23249527748763857
1100100  0.22941573387056174
1100101  0.22941573387056174
1100117  0.22941573387056174
1100118  0.22941573387056174
1100119  0.22941573387056174
1100120  0.22941573387056174
1100121  0.22941573387056174
1100122  0.22941573387056174
1100123  0.22941573387056174
1100124  0.22941573387056174
1100150  0.22941573387056174
1100153  0.22941573387056174
1100154  0.22941573387056174
1100155  0.22941573387056174
1100156  0.22941573387056174
1200113  0.22941573387056174
1200126  0.22941573387056174
1200139  0.22941573387056174
1200158  0.22941573387056174
1200177  0.22941573387056174
1200196  0.22941573387056174
1200216  0.22941573387056174
1200235  0.22941573387056174
1200254  0.22941573387056174
1200275  0.22941573387056174
1200283  0.22941573387056174
1200286  0.22941573387056174
1203020  0.22941573387056174
1203334  0.22941573387056174
1203338  0.22941573387056174
1203342  0.22941573387056174
1203343  0.22941573387056174
1203347  0.22941573387056174
1203351  0.22941573387056174
1203361  0.22941573387056174
1203365  0.22941573387056174
1203366  0.22941573387056174
1203367  0.22941573387056174
2600059  0.22941573387056174
2601049  0.22941573387056174
3200220  0.22941573387056174
3300025  0.22941573387056174
3200140  0.20604084592303354
3200123  0.18190171877724973
3200124  0.18190171877724973
3200133  0.18190171877724973
3200134  0.18190171877724973
3200135  0.18190171877724973
3200136  0.18190171877724973
3200137  0.18190171877724973
3200138  0.18190171877724973
3200139  0.18190171877724973
3200143  0.18190171877724973
1100180  0.08219949365267865
