18000120  inf
18000121  inf
18000127  inf
18000128  1156.0
18000129  1156.0
18000133  240.25
18000130  75.11111111111111
11800026  47.11538461538461
11800028  47.11538461538461
11800034  47.11538461538461
11800035  47.11538461538461
11800036  47.11538461538461
11800037  47.11538461538461
11800038  47.11538461538461
2400008  43.75
2400011  43.75
11800032  36.57142857142857
12300067  33.03225806451613
12300068  23.058823529411764
8200041  20.346153846153847
8200042  20.346153846153847
8200044  20.346153846153847
18000122  16.055555555555557
18000123  16.055555555555557
8200048  9.481481481481481
8200049  9.481481481481481
8200051  9.481481481481481
8200055  8.521739130434783
15400069  8.521739130434783
8200023  8.5
8200054  7.0
8200060  7.0
8200064  6.035714285714286
15400062  4.959183673469388
15400065  4.959183673469388
8200069  4.172413793103448
18000033  3.783464566929134
15400022  3.7577319587628866
15400023  3.7577319587628866
15400024  3.7577319587628866
15400025  3.7577319587628866
22100809  3.4722222222222223
12200032  3.289473684210526
12200033  3.289473684210526
12200034  3.289473684210526
15800044  3.289473684210526
15800045  3.289473684210526
15800046  3.289473684210526
15800032  3.2051282051282053
15800033  3.2051282051282053
18000105  2.9835616438356163
5000013  2.9315960912052117
18000119  2.8356481481481484
8200035  2.7268041237113403
5000024  2.723404255319149
21300060  2.5102459016393444
11800047  2.4527027027027026
17300036  2.43609022556391
11800044  2.4308035714285716
20400078  2.4209486166007905
20400079  2.4209486166007905
14500032  2.406679764243615
13500024  2.4019607843137254
16100067  2.4019607843137254
13900019  2.398678414096916
13900020  2.398678414096916
13900021  2.398678414096916
5400039  2.392578125
20400071  2.392578125
18000124  2.3703703703703702
5000037  2.349514563106796
20400083  2.3244781783681217
20400063  2.320075757575758
16500045  2.2816901408450705
15100043  2.219178082191781
18000108  2.208924949290061
18000141  2.2041284403669725
15100025  2.204081632653061
15100026  2.204081632653061
17300038  2.204081632653061
18000104  2.1867469879518073
18000101  2.1736526946107784
18000102  2.1736526946107784
18000103  2.1736526946107784
3700042  2.171985815602837
4400038  2.171985815602837
5400018  2.171985815602837
5400022  2.171985815602837
8200017  2.1693227091633465
8200018  2.1693227091633465
18000058  2.1479289940828403
8200015  2.1394891944990175
8200022  2.1394891944990175
18000096  2.1228070175438596
18000097  2.1228070175438596
18000099  2.1228070175438596
15100040  2.1176470588235294
17500090  2.108433734939759
15100022  2.103896103896104
15100028  2.103896103896104
15100029  2.103896103896104
15100030  2.103896103896104
15100031  2.103896103896104
15100034  2.103896103896104
15100036  2.103896103896104
15100037  2.103896103896104
3700013  2.094017094017094
3700014  2.094017094017094
3700058  2.094017094017094
3700059  2.094017094017094
3700060  2.094017094017094
3700061  2.094017094017094
3700062  2.094017094017094
3700063  2.094017094017094
3700064  2.094017094017094
3700065  2.094017094017094
3700069  2.094017094017094
3700070  2.094017094017094
3700071  2.094017094017094
3700072  2.094017094017094
3700073  2.094017094017094
3700074  2.094017094017094
3700075  2.094017094017094
3700076  2.094017094017094
3700078  2.094017094017094
3700079  2.094017094017094
3700080  2.094017094017094
3700081  2.094017094017094
3700082  2.094017094017094
3700083  2.094017094017094
3700084  2.094017094017094
3700085  2.094017094017094
3700086  2.094017094017094
16200045  2.0692567567567566
16200046  2.0692567567567566
19300098  2.0692567567567566
19300105  2.0692567567567566
19300106  2.0692567567567566
3500101  2.0657672849915683
19300097  2.0657672849915683
3500093  2.0588235294117645
3500094  2.0588235294117645
16200085  2.038269550748752
16200087  2.038269550748752
17200081  2.038269550748752
18000050  1.98
4400026  1.9568690095846646
19300091  1.9537480063795853
19300093  1.9537480063795853
4400042  1.9475357710651828
16700029  1.9352290679304898
16700030  1.9352290679304898
16700031  1.9352290679304898
18400037  1.9352290679304898
18400038  1.9352290679304898
18400039  1.9352290679304898
18400048  1.9352290679304898
18400055  1.9352290679304898
6200014  1.9291338582677164
8300028  1.9291338582677164
8300029  1.9291338582677164
13600030  1.9291338582677164
13600031  1.9291338582677164
13700019  1.9291338582677164
13700020  1.9291338582677164
13700021  1.9291338582677164
19300086  1.9291338582677164
19300087  1.9291338582677164
19300088  1.9291338582677164
13600054  1.9140625
16200077  1.9140625
16200078  1.9140625
16200040  1.8904320987654322
16200041  1.8904320987654322
16200042  1.8904320987654322
15800041  1.881720430107527
19300068  1.8788343558282208
19300071  1.8788343558282208
20400109  1.8772321428571428
20400111  1.8772321428571428
20400113  1.8772321428571428
20400115  1.8772321428571428
20400119  1.8772321428571428
19300063  1.8730886850152906
20400103  1.8730512249443207
20400105  1.8730512249443207
20400107  1.8730512249443207
8300040  1.8673780487804879
19300061  1.8673780487804879
20400089  1.8647450110864745
20400091  1.8647450110864745
20400093  1.8647450110864745
20400095  1.8647450110864745
20400097  1.8647450110864745
20400099  1.8647450110864745
20400101  1.8647450110864745
13600053  1.8645357686453576
20400087  1.8606194690265487
4400016  1.856060606060606
4400017  1.856060606060606
4400018  1.856060606060606
4400019  1.856060606060606
4400012  1.853252647503782
12200024  1.847662141779789
12200026  1.847662141779789
12200027  1.847662141779789
12200038  1.847662141779789
1900012  1.8448795180722892
12200023  1.8448795180722892
12200031  1.8448795180722892
15800040  1.8448795180722892
1900009  1.8421052631578947
3500011  1.8421052631578947
3500013  1.8421052631578947
14800021  1.8421052631578947
14800022  1.8421052631578947
14800023  1.8421052631578947
19300052  1.8421052631578947
16200099  1.8365817091454273
18000046  1.8338323353293413
15400032  1.8305084745762712
8300068  1.828358208955224
12000024  1.792248062015504
12000025  1.792248062015504
12000026  1.792248062015504
12000027  1.792248062015504
17300035  1.7704918032786885
11800042  1.720505617977528
11800043  1.720505617977528
11800050  1.720505617977528
18000031  1.720505617977528
18000028  1.69432918395574
18000029  1.69432918395574
18000030  1.69432918395574
18000035  1.69432918395574
8200026  1.6891891891891893
16500023  1.6787564766839378
16500024  1.6787564766839378
16500032  1.6701030927835052
16500034  1.6701030927835052
17300034  1.653061224489796
16500026  1.6363636363636365
16500027  1.6363636363636365
16500028  1.6363636363636365
16500029  1.6363636363636365
15500063  1.6235521235521235
18600031  1.6235521235521235
18600032  1.6235521235521235
18600033  1.6235521235521235
18600036  1.6235521235521235
18600051  1.6235521235521235
18600055  1.6235521235521235
18700067  1.6235521235521235
18700135  1.6235521235521235
18700136  1.6235521235521235
18700137  1.6235521235521235
19200045  1.6235521235521235
11800022  1.6225165562913908
12700018  1.582687338501292
12700019  1.582687338501292
12700021  1.582687338501292
12700022  1.582687338501292
12700023  1.582687338501292
12700024  1.582687338501292
5000040  1.5792349726775956
7400015  1.4577553593947037
7400017  1.4577553593947037
7400018  1.4577553593947037
7400019  1.4577553593947037
7400020  1.4577553593947037
7400021  1.4577553593947037
7400029  1.4577553593947037
10800017  1.4514218009478672
1400023  1.4497041420118344
2000008  1.4497041420118344
2500012  1.4497041420118344
2600017  1.4497041420118344
10800021  1.4497041420118344
8200045  1.4411764705882353
2700011  1.43424317617866
2700029  1.43424317617866
2700030  1.43424317617866
2700031  1.43424317617866
2700009  1.432465923172243
24001378  1.4129181084198386
8900039  1.4064293915040185
11300020  1.4025974025974026
8300032  1.3992248062015504
13600034  1.3992248062015504
13600035  1.3992248062015504
13600036  1.3992248062015504
15500059  1.396153846153846
15500061  1.396153846153846
15500062  1.396153846153846
15500070  1.396153846153846
15500080  1.396153846153846
18300052  1.396153846153846
18500064  1.396153846153846
18500065  1.396153846153846
19400050  1.396153846153846
21600115  1.396153846153846
21600121  1.396153846153846
21600122  1.396153846153846
21600135  1.396153846153846
8300048  1.3857466063348416
8300049  1.3857466063348416
13600068  1.3857466063348416
13600071  1.3857466063348416
13600076  1.3857466063348416
1100013  1.384180790960452
1200014  1.384180790960452
8300072  1.3733183856502242
8300073  1.3733183856502242
15300033  1.3733183856502242
15300035  1.3733183856502242
15300036  1.3733183856502242
15300040  1.3733183856502242
17200077  1.3733183856502242
19500059  1.3733183856502242
19500060  1.3733183856502242
19500061  1.3733183856502242
12000018  1.3717805151175813
12000021  1.3717805151175813
13600113  1.3717805151175813
13600116  1.3717805151175813
13600117  1.3717805151175813
20500053  1.3717805151175813
1100005  1.3702460850111857
1100010  1.3702460850111857
4800013  1.3702460850111857
4800016  1.3702460850111857
4800017  1.3702460850111857
4800018  1.3702460850111857
4800020  1.3702460850111857
8900072  1.3702460850111857
11500018  1.3702460850111857
11500019  1.3702460850111857
11500025  1.3702460850111857
12200018  1.3702460850111857
13000024  1.3702460850111857
13000028  1.3702460850111857
13000030  1.3702460850111857
13000031  1.3702460850111857
13000032  1.3702460850111857
13000040  1.3702460850111857
13000044  1.3702460850111857
13000049  1.3702460850111857
13000053  1.3702460850111857
13000055  1.3702460850111857
13000059  1.3702460850111857
13000063  1.3702460850111857
13000064  1.3702460850111857
13000066  1.3702460850111857
15300031  1.3702460850111857
16200027  1.3702460850111857
16200029  1.3702460850111857
16200034  1.3702460850111857
16200035  1.3702460850111857
16200036  1.3702460850111857
16200037  1.3702460850111857
16200137  1.3702460850111857
16700024  1.3702460850111857
16700025  1.3702460850111857
16700026  1.3702460850111857
17200040  1.3702460850111857
17200041  1.3702460850111857
17200042  1.3702460850111857
17200043  1.3702460850111857
17200044  1.3702460850111857
17200045  1.3702460850111857
17200046  1.3702460850111857
17200047  1.3702460850111857
17200048  1.3702460850111857
17200049  1.3702460850111857
17200050  1.3702460850111857
17200051  1.3702460850111857
17200052  1.3702460850111857
17200055  1.3702460850111857
17200059  1.3702460850111857
17200060  1.3702460850111857
17200064  1.3702460850111857
17200068  1.3702460850111857
17200069  1.3702460850111857
17200073  1.3702460850111857
17200089  1.3702460850111857
17200090  1.3702460850111857
17200102  1.3702460850111857
17200106  1.3702460850111857
17200114  1.3702460850111857
17700112  1.3702460850111857
17700161  1.3702460850111857
17700175  1.3702460850111857
17700178  1.3702460850111857
17700179  1.3702460850111857
17700180  1.3702460850111857
17700181  1.3702460850111857
17700182  1.3702460850111857
17700186  1.3702460850111857
17700187  1.3702460850111857
17700190  1.3702460850111857
18400030  1.3702460850111857
18400031  1.3702460850111857
18400032  1.3702460850111857
18400033  1.3702460850111857
19300039  1.3702460850111857
19300040  1.3702460850111857
19300044  1.3702460850111857
19300045  1.3702460850111857
19300046  1.3702460850111857
19300047  1.3702460850111857
19300048  1.3702460850111857
19300049  1.3702460850111857
19500058  1.3702460850111857
1100007  1.3687150837988826
1200006  1.3687150837988826
1200011  1.3687150837988826
8900066  1.3687150837988826
8900069  1.3687150837988826
16100063  1.3687150837988826
16200023  1.3687150837988826
17200098  1.3687150837988826
17700108  1.3687150837988826
17700174  1.3687150837988826
8900059  1.3671875
17200094  1.3671875
17700169  1.3671875
8900015  1.3656633221850614
8900017  1.3656633221850614
8900020  1.3656633221850614
8900023  1.3656633221850614
8900026  1.3656633221850614
8900030  1.3656633221850614
8900035  1.3656633221850614
8900038  1.3656633221850614
15300027  1.3656633221850614
17700063  1.3656633221850614
17700067  1.3656633221850614
17700165  1.3656633221850614
17700167  1.3656633221850614
17700168  1.3656633221850614
19500052  1.3656633221850614
19500057  1.3656633221850614
17200026  1.364142538975501
17200031  1.364142538975501
17200032  1.364142538975501
17200037  1.364142538975501
17700027  1.364142538975501
17700081  1.364142538975501
17700082  1.364142538975501
17700085  1.364142538975501
24002380  1.364142538975501
3800021  1.3632075471698113
3800022  1.3632075471698113
3800025  1.3632075471698113
5600020  1.3632075471698113
6300014  1.3632075471698113
6300041  1.3632075471698113
6300042  1.3632075471698113
6300044  1.3632075471698113
6300046  1.3632075471698113
9100016  1.3632075471698113
9300016  1.3632075471698113
9300018  1.3632075471698113
9300019  1.3632075471698113
9300020  1.3632075471698113
9400016  1.3632075471698113
9400017  1.3632075471698113
9400018  1.3632075471698113
9500016  1.3632075471698113
10300017  1.3632075471698113
10300020  1.3632075471698113
10300026  1.3632075471698113
10600017  1.3632075471698113
14300020  1.3632075471698113
14500039  1.3632075471698113
15500022  1.3632075471698113
15500032  1.3632075471698113
15500033  1.3632075471698113
15500034  1.3632075471698113
15500035  1.3632075471698113
15500047  1.3632075471698113
15500048  1.3632075471698113
15500056  1.3632075471698113
15500057  1.3632075471698113
15500066  1.3632075471698113
15600022  1.3632075471698113
16100055  1.3632075471698113
16600023  1.3632075471698113
16600024  1.3632075471698113
16600025  1.3632075471698113
16600055  1.3632075471698113
16600056  1.3632075471698113
16600057  1.3632075471698113
16600060  1.3632075471698113
16600061  1.3632075471698113
16600062  1.3632075471698113
16600063  1.3632075471698113
16600065  1.3632075471698113
16600068  1.3632075471698113
16600069  1.3632075471698113
16600071  1.3632075471698113
16600073  1.3632075471698113
16600075  1.3632075471698113
16600077  1.3632075471698113
16600090  1.3632075471698113
16600091  1.3632075471698113
16600092  1.3632075471698113
16600094  1.3632075471698113
16600095  1.3632075471698113
16600096  1.3632075471698113
16600097  1.3632075471698113
16600100  1.3632075471698113
16600101  1.3632075471698113
17000048  1.3632075471698113
17900028  1.3632075471698113
18300029  1.3632075471698113
18300030  1.3632075471698113
18300031  1.3632075471698113
18300040  1.3632075471698113
18300041  1.3632075471698113
18300049  1.3632075471698113
18300050  1.3632075471698113
18300051  1.3632075471698113
18300058  1.3632075471698113
18500030  1.3632075471698113
18500032  1.3632075471698113
18500033  1.3632075471698113
18500034  1.3632075471698113
18500035  1.3632075471698113
18500036  1.3632075471698113
18500058  1.3632075471698113
18500059  1.3632075471698113
18500062  1.3632075471698113
18500063  1.3632075471698113
18500079  1.3632075471698113
18700034  1.3632075471698113
18700124  1.3632075471698113
18700132  1.3632075471698113
18700133  1.3632075471698113
18700134  1.3632075471698113
18700138  1.3632075471698113
18700146  1.3632075471698113
18700150  1.3632075471698113
18700151  1.3632075471698113
18700152  1.3632075471698113
18700156  1.3632075471698113
19200037  1.3632075471698113
19200038  1.3632075471698113
19200041  1.3632075471698113
19400040  1.3632075471698113
19400048  1.3632075471698113
19400049  1.3632075471698113
19400074  1.3632075471698113
19800042  1.3632075471698113
20800055  1.3632075471698113
20800056  1.3632075471698113
20800058  1.3632075471698113
20800059  1.3632075471698113
20800065  1.3632075471698113
20800066  1.3632075471698113
20800067  1.3632075471698113
20800068  1.3632075471698113
20800071  1.3632075471698113
20800072  1.3632075471698113
20800076  1.3632075471698113
20800077  1.3632075471698113
20800081  1.3632075471698113
20800082  1.3632075471698113
20800086  1.3632075471698113
20800087  1.3632075471698113
20800091  1.3632075471698113
20800095  1.3632075471698113
21400060  1.3632075471698113
21400062  1.3632075471698113
21500064  1.3632075471698113
21600090  1.3632075471698113
21600094  1.3632075471698113
21600095  1.3632075471698113
21600098  1.3632075471698113
21600101  1.3632075471698113
21600102  1.3632075471698113
21600103  1.3632075471698113
21600108  1.3632075471698113
21600109  1.3632075471698113
21600112  1.3632075471698113
21600114  1.3632075471698113
21600117  1.3632075471698113
2300008  1.3626251390433815
2300009  1.3626251390433815
2300014  1.3626251390433815
2300019  1.3626251390433815
2300024  1.3626251390433815
18700032  1.3616018845700824
22100100  1.3535911602209945
24001069  1.3535911602209945
24001080  1.3535911602209945
24001112  1.3535911602209945
24001125  1.3535911602209945
24001212  1.3535911602209945
24001246  1.3535911602209945
6100014  1.3520971302428255
6100017  1.3520971302428255
6100018  1.3520971302428255
13500019  1.3520971302428255
17500026  1.3520971302428255
17500034  1.3520971302428255
17500043  1.3520971302428255
17500052  1.3520971302428255
17500062  1.3520971302428255
17500071  1.3520971302428255
17500076  1.3520971302428255
17500077  1.3520971302428255
17500078  1.3520971302428255
18800033  1.3520971302428255
19000036  1.3520971302428255
19000040  1.3520971302428255
19000055  1.3520971302428255
19500041  1.3520971302428255
19500043  1.3520971302428255
19500044  1.3520971302428255
19500045  1.3520971302428255
20000043  1.3520971302428255
20000163  1.3520971302428255
20200048  1.3520971302428255
20200051  1.3520971302428255
5400013  1.3476347634763477
20400053  1.3476347634763477
20400056  1.3476347634763477
20400057  1.3476347634763477
8200030  1.3469827586206897
3800014  1.3426248548199768
3800017  1.3426248548199768
17300039  1.3424657534246576
17300040  1.3424657534246576
8300021  1.3402625820568927
8300022  1.3402625820568927
8300024  1.3402625820568927
13600019  1.3402625820568927
13600021  1.3402625820568927
13600022  1.3402625820568927
13600026  1.3402625820568927
13600081  1.3402625820568927
13600083  1.3402625820568927
13600089  1.3402625820568927
13600090  1.3402625820568927
13600109  1.3402625820568927
15800022  1.3402625820568927
15800026  1.3402625820568927
15800112  1.3402625820568927
15800117  1.3402625820568927
16100047  1.3402625820568927
16100048  1.3402625820568927
1400033  1.3373362445414847
2600027  1.3373362445414847
8300015  1.3373362445414847
8300018  1.3373362445414847
15300022  1.3373362445414847
15300024  1.3373362445414847
20600054  1.3373362445414847
16100040  1.3315217391304348
21000068  1.3315217391304348
21000072  1.3315217391304348
21000075  1.3315217391304348
14500020  1.3300760043431052
16100022  1.3300760043431052
16100029  1.3300760043431052
16100031  1.3300760043431052
16100032  1.3300760043431052
16100034  1.3300760043431052
16100037  1.3300760043431052
16100038  1.3300760043431052
16100039  1.3300760043431052
21000056  1.3300760043431052
1000005  1.3286334056399132
1400007  1.3286334056399132
1400009  1.3286334056399132
1400012  1.3286334056399132
1400015  1.3286334056399132
2500009  1.3286334056399132
2600011  1.3286334056399132
3000016  1.3286334056399132
3000017  1.3286334056399132
3000020  1.3286334056399132
6500014  1.3286334056399132
6500015  1.3286334056399132
6500016  1.3286334056399132
6500019  1.3286334056399132
6500039  1.3286334056399132
9700016  1.3286334056399132
9700017  1.3286334056399132
9700018  1.3286334056399132
9700024  1.3286334056399132
9700025  1.3286334056399132
9700033  1.3286334056399132
9700046  1.3286334056399132
9700047  1.3286334056399132
9700052  1.3286334056399132
9700055  1.3286334056399132
9700058  1.3286334056399132
9700059  1.3286334056399132
9700064  1.3286334056399132
5500014  1.2857142857142858
5500015  1.2857142857142858
5500016  1.2857142857142858
5500017  1.2857142857142858
5500020  1.2857142857142858
5500021  1.2857142857142858
5500023  1.2857142857142858
5500029  1.2857142857142858
5500030  1.2857142857142858
5500031  1.2857142857142858
15100048  1.2810457516339868
15100049  1.2810457516339868
4700015  1.2607003891050583
4700021  1.250965250965251
8200025  1.2475049900199602
16700033  1.2096774193548387
24001647  1.2024539877300613
9100018  1.1914414414414414
9100019  1.1914414414414414
9100022  1.1914414414414414
9100023  1.1914414414414414
9100027  1.1914414414414414
9100032  1.1914414414414414
9100033  1.1914414414414414
18500048  1.1914414414414414
18500068  1.1914414414414414
18500069  1.1914414414414414
18500071  1.1914414414414414
18500075  1.1914414414414414
18500082  1.1914414414414414
18500085  1.1914414414414414
21600125  1.1887640449438202
21600126  1.1887640449438202
21600128  1.1887640449438202
21600132  1.1887640449438202
21600138  1.1887640449438202
21600141  1.1887640449438202
24002111  1.1868131868131868
14900028  1.1824817518248176
15500071  1.1651982378854626
16600035  1.1651982378854626
18500043  1.1626373626373627
18500047  1.1626373626373627
18500066  1.1626373626373627
18500067  1.1626373626373627
21600123  1.1626373626373627
21600124  1.1626373626373627
2700017  1.1612903225806452
2700019  1.1612903225806452
2700022  1.1612903225806452
2700023  1.1612903225806452
11500023  1.1475054229934925
17700071  1.1475054229934925
17700072  1.1475054229934925
14800038  1.1363636363636365
20500055  1.1363636363636365
16100026  1.1111111111111112
8300060  1.1083743842364533
8300061  1.1083743842364533
13600103  1.1083743842364533
13600104  1.1083743842364533
13600105  1.1083743842364533
13600106  1.1083743842364533
15800123  1.1083743842364533
15800124  1.1083743842364533
8300064  1.0975609756097562
8300065  1.0975609756097562
13600049  1.0869565217391304
13600050  1.0869565217391304
4700012  1.0836120401337792
7200025  1.0808383233532934
19300074  1.0808383233532934
19300128  1.0808383233532934
8000021  1.0744047619047619
13600057  1.0744047619047619
13600058  1.0744047619047619
13600059  1.0744047619047619
24001256  1.0677966101694916
3900017  1.0638297872340425
12000040  1.0554089709762533
12000041  1.0554089709762533
12000042  1.0554089709762533
12000044  1.0554089709762533
16200121  1.0554089709762533
19500089  1.0524781341107872
19500090  1.0524781341107872
8300036  1.0494186046511629
8300037  1.0494186046511629
8000015  1.0433526011560694
8000016  1.0433526011560694
8000017  1.0433526011560694
8000018  1.0433526011560694
13600040  1.0433526011560694
13600041  1.0433526011560694
13600042  1.0433526011560694
13600043  1.0433526011560694
3900016  1.0362694300518134
3900019  1.0362694300518134
7200015  1.0314285714285714
7200016  1.0314285714285714
7200017  1.0314285714285714
7200018  1.0314285714285714
19500086  1.0140449438202248
19500084  1.011204481792717
22400145  1.0062111801242235
15300066  1.0
15300074  0.9961880559085133
2900025  0.9908256880733946
17300026  0.9908256880733946
17300027  0.9908256880733946
17300030  0.9908256880733946
17300031  0.9908256880733946
14900032  0.972972972972973
14900043  0.9700598802395209
19300075  0.9700598802395209
19300132  0.9700598802395209
3900014  0.9685230024213075
3900015  0.9685230024213075
3900020  0.9685230024213075
14900039  0.9642857142857143
14900040  0.9642857142857143
22400140  0.9557522123893806
22400141  0.9557522123893806
22400142  0.9557522123893806
3200013  0.9481481481481482
13900024  0.9481481481481482
18000042  0.9446064139941691
3700053  0.9171974522292994
14900024  0.9152542372881356
14900025  0.9152542372881356
14900021  0.9101123595505618
14900022  0.9101123595505618
14900023  0.9101123595505618
14900036  0.9101123595505618
16700035  0.8784029038112523
13400024  0.8709677419354839
9200016  0.8596491228070176
9200019  0.8596491228070176
11500020  0.8212290502793296
11500021  0.8212290502793296
11500032  0.8212290502793296
11500033  0.8212290502793296
11500038  0.8212290502793296
11300017  0.8181818181818182
11300149  0.8181818181818182
13400019  0.801980198019802
13400020  0.801980198019802
13400021  0.801980198019802
4700016  0.7871485943775101
4700017  0.7871485943775101
4700018  0.7509578544061303
7200021  0.7509578544061303
7200022  0.7509578544061303
19300076  0.7509578544061303
19300077  0.7509578544061303
9200025  0.75
15400063  0.75
4700022  0.7452471482889734
4700023  0.7452471482889734
9200049  0.7346938775510204
9200050  0.7346938775510204
3200014  0.7222222222222222
21700105  0.72
21700106  0.72
10500022  0.6923076923076923
21700090  0.6428571428571429
21700091  0.6428571428571429
21700092  0.6428571428571429
21700171  0.6428571428571429
22100709  0.6428571428571429
21700065  0.631578947368421
21700067  0.631578947368421
5000038  0.5833333333333334
22100200  0.5208333333333334
12300070  0.5
12300071  0.5
12300072  0.5
12300074  0.5
15300070  0.4731977818853974
15500076  0.4731977818853974
15500072  0.44521739130434784
15500086  0.44521739130434784
10500017  0.43373493975903615
10500019  0.43373493975903615
15300057  0.3580508474576271
15300058  0.3580508474576271
15300056  0.35429769392033544
15300052  0.35355648535564854
11500027  0.34615384615384615
11500028  0.34615384615384615
11500029  0.34615384615384615
15300082  0.34615384615384615
15300084  0.34615384615384615
15300085  0.34615384615384615
15300087  0.34615384615384615
15500073  0.34615384615384615
15500074  0.34615384615384615
18400040  0.3446808510638298
18400041  0.3446808510638298
18400042  0.3446808510638298
18400058  0.3446808510638298
18400065  0.3446808510638298
16700042  0.34277620396600567
18400068  0.34277620396600567
19300115  0.34277620396600567
5000032  0.3333333333333333
15300078  0.3021148036253776
17200085  0.3021148036253776
11500042  0.2903225806451613
20400084  0.2535211267605634
22100259  0.25
9200045  0.24324324324324326
22100270  0.23529411764705882
24001673  0.22522522522522523
3700032  0.21818181818181817
3700029  0.21686746987951808
3700030  0.21686746987951808
14800039  0.21686746987951808
22100484  0.18
22100523  0.17307692307692307
5000056  0.15789473684210525
5000016  0.10975609756097561
21700155  0.10810810810810811
21700119  0.08163265306122448
9200040  0.08
9200036  0.0784313725490196
13700043  0.07547169811320754
19500168  0.07547169811320754
19500169  0.07547169811320754
19500170  0.07547169811320754
18000038  0.0380952380952381
18000039  0.0380952380952381
19900062  0.03669724770642202
19900043  0.028368794326241134
19900044  0.028368794326241134
19900045  0.028368794326241134
19900046  0.028368794326241134
19900047  0.028368794326241134
19900048  0.028368794326241134
19900049  0.028368794326241134
19900050  0.028368794326241134
19900051  0.028368794326241134
17100026  0.022727272727272728
17100027  0.022727272727272728
17100028  0.022727272727272728
17100029  0.022727272727272728
17100030  0.022727272727272728
17100031  0.022727272727272728
17100032  0.022727272727272728
17100033  0.022727272727272728
17100034  0.022727272727272728
17100053  0.022727272727272728
11800023  0.020887728459530026
