1000476  0.4423796534538269
1000475  0.4422835111618042
1000478  0.44217610359191895
1000052  0.4421565532684326
1000056  0.4421565532684326
1000060  0.4421565532684326
1000064  0.4421565532684326
1000068  0.4421565532684326
1000072  0.4421565532684326
1000231  0.4421565532684326
1000234  0.4421565532684326
1000235  0.4421565532684326
1000236  0.4421565532684326
1000237  0.4421565532684326
1000373  0.4421565532684326
1000382  0.4421565532684326
1000584  0.4421565532684326
1000585  0.4421565532684326
1000591  0.4421565532684326
1000592  0.4421565532684326
1000594  0.4421565532684326
1000595  0.4421565532684326
1000596  0.4421565532684326
1000598  0.4421565532684326
1000603  0.4421565532684326
1000609  0.4421565532684326
1000610  0.4421565532684326
1000613  0.4421565532684326
1000614  0.4421565532684326
1000616  0.4421565532684326
1000619  0.4421565532684326
1000622  0.4421565532684326
1000623  0.4421565532684326
1000844  0.4421565532684326
1000847  0.4421565532684326
1000850  0.4421565532684326
1000851  0.4421565532684326
1000482  0.44203776121139526
1000479  0.4417371451854706
1000480  0.4417349100112915
1000076  0.41716551780700684
1000151  0.36797910928726196
1000155  0.36472806334495544
1000230  0.36429154872894287
1000084  0.3486172556877136
1000219  0.34096759557724
1000080  0.3385176956653595
1000156  0.3356703221797943
1000218  0.3356102705001831
1000216  0.33496618270874023
1000111  0.3343943655490875
1000129  0.3248407542705536
1000150  0.3244733512401581
1000222  0.3179924190044403
1000115  0.30487263202667236
1000088  0.297687292098999
1000215  0.297522634267807
1000132  0.2945769727230072
1000158  0.28949645161628723
1000147  0.28537634015083313
1000223  0.2805784046649933
1000228  0.27369722723960876
1000119  0.2635691463947296
1000131  0.25120264291763306
1000092  0.2440369725227356
1000096  0.2404043823480606
1000130  0.2319348305463791
1000226  0.23093727231025696
1000225  0.2101679891347885
