1000457  1.0
1000464  1.0
1000480  1.0
1000492  1.0
1000521  1.0
1000532  1.0
1000543  1.0
1000548  1.0
1000553  1.0
1000586  1.0
1000594  1.0
1000598  1.0
1000621  1.0
1001320  1.0
1001321  1.0
1001323  1.0
1001324  1.0
1001325  1.0
1001326  1.0
1001327  1.0
1001328  1.0
1001330  1.0
1001331  1.0
1001332  1.0
1001333  1.0
1001334  1.0
1001338  1.0
1001339  1.0
1001342  1.0
1001345  1.0
1001348  1.0
1001350  1.0
1001353  1.0
1001354  1.0
1001355  1.0
1001356  1.0
1001358  1.0
1001359  1.0
1001361  1.0
1001363  1.0
1001364  1.0
1001366  1.0
1001370  1.0
1001373  1.0
1001374  1.0
1001375  1.0
1001376  1.0
1001377  1.0
1001379  1.0
1001380  1.0
1001382  1.0
1001384  1.0
1001386  1.0
1001387  1.0
1001389  1.0
1001391  1.0
1001393  1.0
1001395  1.0
1001396  1.0
1001401  1.0
1001403  1.0
1001408  1.0
1001410  1.0
1001413  1.0
1001416  1.0
1000454  0.5
1000467  0.5
1000478  0.5
1000479  0.5
1000482  0.5
1000484  0.5
1000486  0.5
1000489  0.5
1000500  0.5
1000525  0.5
1000526  0.5
1000529  0.5
1000539  0.5
1000540  0.5
1000541  0.5
1000547  0.5
1000559  0.5
1000560  0.5
1000562  0.5
1000564  0.5
1000567  0.5
1000568  0.5
1000572  0.5
1000573  0.5
1000576  0.5
1000580  0.5
1000582  0.5
1000583  0.5
1000584  0.5
1000590  0.5
1100240  0.5
1000453  0.33333333333333337
1000456  0.33333333333333337
1000459  0.33333333333333337
1000466  0.33333333333333337
1000469  0.33333333333333337
1000473  0.33333333333333337
1000474  0.33333333333333337
1000476  0.33333333333333337
1000488  0.33333333333333337
1000494  0.33333333333333337
1000496  0.33333333333333337
1000498  0.33333333333333337
1000499  0.33333333333333337
1000502  0.33333333333333337
1000505  0.33333333333333337
1000506  0.33333333333333337
1000507  0.33333333333333337
1000510  0.33333333333333337
1000514  0.33333333333333337
1000613  0.33333333333333337
1000616  0.33333333333333337
1000617  0.33333333333333337
1000618  0.33333333333333337
1000635  0.33333333333333337
1000638  0.33333333333333337
1000651  0.33333333333333337
1000654  0.33333333333333337
1000668  0.33333333333333337
1000672  0.33333333333333337
1000701  0.33333333333333337
1000704  0.33333333333333337
1000717  0.33333333333333337
1000721  0.33333333333333337
1000724  0.33333333333333337
1000685  0.25
1000688  0.25
1001295  0.25
1001298  0.25
1001299  0.25
1001303  0.25
1100199  0.25
1100239  0.25
1100242  0.25
1100243  0.25
1100244  0.25
1100163  0.19999999999999996
1000041  0.01754385964912286
1000043  0.01754385964912286
1000045  0.01754385964912286
1000047  0.01754385964912286
1000049  0.01754385964912286
1000051  0.01754385964912286
1000053  0.01754385964912286
1000055  0.01754385964912286
1000057  0.01754385964912286
1000059  0.01754385964912286
1000061  0.01754385964912286
1000063  0.01754385964912286
1000065  0.01754385964912286
1000067  0.01754385964912286
1000069  0.01754385964912286
1000071  0.01754385964912286
1000073  0.01754385964912286
1000075  0.01754385964912286
