1000457  1.0
1000464  1.0
1000480  1.0
1000492  1.0
1000521  1.0
1000532  1.0
1000543  1.0
1000548  1.0
1000553  1.0
1000586  1.0
1000594  1.0
1000598  1.0
1000621  1.0
1001320  1.0
1001321  1.0
1001323  1.0
1001324  1.0
1001325  1.0
1001326  1.0
1001327  1.0
1001328  1.0
1001330  1.0
1001331  1.0
1001332  1.0
1001333  1.0
1001334  1.0
1001338  1.0
1001339  1.0
1001342  1.0
1001345  1.0
1001348  1.0
1001350  1.0
1001353  1.0
1001354  1.0
1001355  1.0
1001356  1.0
1001358  1.0
1001359  1.0
1001361  1.0
1001363  1.0
1001364  1.0
1001366  1.0
1001370  1.0
1001373  1.0
1001374  1.0
1001375  1.0
1001376  1.0
1001377  1.0
1001379  1.0
1001380  1.0
1001382  1.0
1001384  1.0
1001386  1.0
1001387  1.0
1001389  1.0
1001391  1.0
1001393  1.0
1001395  1.0
1001396  1.0
1001401  1.0
1001403  1.0
1001408  1.0
1001410  1.0
1001413  1.0
1001416  1.0
1000454  0.7071067811865475
1000467  0.7071067811865475
1000478  0.7071067811865475
1000479  0.7071067811865475
1000482  0.7071067811865475
1000484  0.7071067811865475
1000486  0.7071067811865475
1000489  0.7071067811865475
1000500  0.7071067811865475
1000525  0.7071067811865475
1000526  0.7071067811865475
1000529  0.7071067811865475
1000539  0.7071067811865475
1000540  0.7071067811865475
1000541  0.7071067811865475
1000547  0.7071067811865475
1000559  0.7071067811865475
1000560  0.7071067811865475
1000562  0.7071067811865475
1000564  0.7071067811865475
1000567  0.7071067811865475
1000568  0.7071067811865475
1000572  0.7071067811865475
1000573  0.7071067811865475
1000576  0.7071067811865475
1000580  0.7071067811865475
1000582  0.7071067811865475
1000583  0.7071067811865475
1000584  0.7071067811865475
1000590  0.7071067811865475
1100240  0.7071067811865475
1000453  0.5773502691896258
1000456  0.5773502691896258
1000459  0.5773502691896258
1000466  0.5773502691896258
1000469  0.5773502691896258
1000473  0.5773502691896258
1000474  0.5773502691896258
1000476  0.5773502691896258
1000488  0.5773502691896258
1000494  0.5773502691896258
1000496  0.5773502691896258
1000498  0.5773502691896258
1000499  0.5773502691896258
1000502  0.5773502691896258
1000505  0.5773502691896258
1000506  0.5773502691896258
1000507  0.5773502691896258
1000510  0.5773502691896258
1000514  0.5773502691896258
1000613  0.5773502691896258
1000616  0.5773502691896258
1000617  0.5773502691896258
1000618  0.5773502691896258
1000635  0.5773502691896258
1000638  0.5773502691896258
1000651  0.5773502691896258
1000654  0.5773502691896258
1000668  0.5773502691896258
1000672  0.5773502691896258
1000701  0.5773502691896258
1000704  0.5773502691896258
1000717  0.5773502691896258
1000721  0.5773502691896258
1000724  0.5773502691896258
1000685  0.5
1000688  0.5
1001295  0.5
1001298  0.5
1001299  0.5
1001303  0.5
1100199  0.5
1100239  0.5
1100242  0.5
1100243  0.5
1100244  0.5
1100163  0.4472135954999579
1000041  0.13245323570650439
1000043  0.13245323570650439
1000045  0.13245323570650439
1000047  0.13245323570650439
1000049  0.13245323570650439
1000051  0.13245323570650439
1000053  0.13245323570650439
1000055  0.13245323570650439
1000057  0.13245323570650439
1000059  0.13245323570650439
1000061  0.13245323570650439
1000063  0.13245323570650439
1000065  0.13245323570650439
1000067  0.13245323570650439
1000069  0.13245323570650439
1000071  0.13245323570650439
1000073  0.13245323570650439
1000075  0.13245323570650439
