7501102  0.12955015897750854
4500121  0.12924320995807648
2200450  0.128927543759346
3400397  0.12884703278541565
5900492  0.12851136922836304
7100106  0.12841203808784485
3300141  0.12798568606376648
4500066  0.12772797048091888
2500218  0.1276484876871109
1100171  0.12748956680297852
3500954  0.12738773226737976
5200063  0.12703320384025574
3200345  0.1268412321805954
4600525  0.1268373429775238
4500076  0.1267656683921814
7100236  0.12672534584999084
7200202  0.1267009973526001
5100191  0.12670017778873444
5300062  0.12664738297462463
7500582  0.12662939727306366
3300072  0.12655074894428253
1600043  0.12650148570537567
2200284  0.12649957835674286
2200288  0.12645186483860016
2300386  0.12642444670200348
5000099  0.12629900872707367
3300161  0.12628811597824097
6500145  0.1262151598930359
4600470  0.1261771023273468
3501175  0.12609648704528809
5100127  0.1260557323694229
7800259  0.12603551149368286
7800071  0.12602300941944122
1700127  0.1260215938091278
6401529  0.12594325840473175
7800265  0.12593244016170502
3600041  0.12583968043327332
4600464  0.1258372962474823
3500882  0.12573030591011047
2200682  0.12571287155151367
8200150  0.1256835013628006
2300363  0.12565378844738007
3300201  0.12558746337890625
3300206  0.12558017671108246
7500333  0.125552698969841
5400142  0.12553785741329193
4600452  0.12552380561828613
7100255  0.12544727325439453
4000047  0.12535113096237183
6500163  0.12532629072666168
2200400  0.12529784440994263
3300139  0.12526054680347443
2300348  0.12514299154281616
5600087  0.1250486820936203
2200174  0.12502017617225647
2900057  0.12498867511749268
5100100  0.12498840689659119
2200468  0.12498103082180023
4500120  0.1249578595161438
2200605  0.124953493475914
5100045  0.12489845603704453
2600751  0.1248767226934433
2300272  0.12487592548131943
7600223  0.12484525144100189
3500706  0.12482019513845444
4600507  0.12480521947145462
3300177  0.12470956891775131
5100221  0.1246686726808548
3300169  0.12465213239192963
3600042  0.12462234497070312
3300142  0.12461148947477341
3300147  0.12457802891731262
3300160  0.12457384169101715
3501169  0.12457136809825897
5100237  0.12455134838819504
6200119  0.12454654276371002
3300203  0.1245150938630104
2200173  0.12451332062482834
5100118  0.12450313568115234
6601177  0.12445352971553802
6500156  0.12437467277050018
2400054  0.12434840202331543
6401536  0.12431401014328003
2500236  0.12428762018680573
3200285  0.12426717579364777
3200318  0.12425979971885681
2200249  0.12423603981733322
4200046  0.1242239847779274
7800266  0.12422282248735428
3500548  0.12420498579740524
1600047  0.12416640669107437
3300179  0.1241190955042839
3500925  0.12410531938076019
7700052  0.12410484999418259
4500069  0.1240985170006752
3500693  0.12408968806266785
6500159  0.12408404052257538
2500200  0.12406524270772934
5100115  0.12406469881534576
5000107  0.12405724823474884
7600225  0.12405284494161606
5200072  0.12402516603469849
2300099  0.12402425706386566
1100255  0.12402317672967911
2600750  0.12401276081800461
3300082  0.12400653958320618
5000101  0.12400099635124207
5400104  0.12399937212467194
7800424  0.12397125363349915
3500930  0.12396308779716492
7200197  0.12396197766065598
1100146  0.12395568937063217
3400395  0.12393759191036224
3300180  0.12392663955688477
4400038  0.12392189353704453
2200281  0.12392039597034454
4600436  0.12391810119152069
1100167  0.12386029958724976
3500212  0.12386012077331543
7000512  0.12383569031953812
4500140  0.12382028251886368
2200448  0.12381665408611298
2200076  0.1237885132431984
3100055  0.12378014624118805
2500291  0.12377498298883438
3200289  0.12376941740512848
4500067  0.12375925481319427
5100217  0.12374050170183182
4600530  0.1237109825015068
7501101  0.12370532006025314
4000127  0.12369492650032043
5300059  0.12367907911539078
2200295  0.12365051358938217
4600540  0.12364044040441513
2900137  0.12363559752702713
6500158  0.12363291531801224
2200257  0.12361495941877365
6401572  0.12360712140798569
3500887  0.12360487133264542
1000393  0.12357215583324432
5100122  0.12356927245855331
4100070  0.12355564534664154
7500685  0.12349982559680939
5000123  0.12348054349422455
2200131  0.12347391247749329
8400232  0.12346366047859192
4600509  0.12344323843717575
2300180  0.12342285364866257
2300100  0.12341748923063278
3300195  0.12340183556079865
2300352  0.12339646369218826
3200288  0.12338688224554062
5600183  0.12338382750749588
3500910  0.12336380034685135
4600448  0.12334153801202774
4600518  0.1233292669057846
5300148  0.12331020832061768
8000278  0.12329772114753723
2200114  0.12328431755304337
7100110  0.12324458360671997
3500885  0.12322581559419632
6401571  0.12321785092353821
3300168  0.12321782112121582
3501167  0.12321334332227707
4600494  0.1232038214802742
2800111  0.12320267409086227
3900773  0.12319120019674301
6500103  0.12318050116300583
5300139  0.1231771856546402
4600542  0.12317077815532684
2200099  0.12314694374799728
2200251  0.12313895672559738
2300361  0.12308218330144882
3501237  0.12305496633052826
7100124  0.123049795627594
3300158  0.12303122878074646
7500686  0.12303074449300766
4600552  0.12302166223526001
2200259  0.1230119913816452
2200279  0.12300943583250046
6300042  0.12296829372644424
2200743  0.12296019494533539
5900524  0.12294317781925201
3200320  0.12294300645589828
2200139  0.12291966378688812
4600543  0.1228812113404274
2700069  0.12287817895412445
2200435  0.12286795675754547
2300256  0.12282560765743256
3900771  0.12282512336969376
2500363  0.12280111759901047
6401570  0.12278531491756439
4500053  0.12276975810527802
5800043  0.12276909500360489
2200258  0.12276551872491837
7500331  0.12276380509138107
3500927  0.12275420874357224
3500955  0.12274960428476334
3300119  0.1227259561419487
3300183  0.12271253019571304
4700208  0.12270720303058624
7500220  0.12269508838653564
4600469  0.12268412113189697
2200297  0.1226738840341568
3400398  0.12265363335609436
3300166  0.12264592200517654
4200047  0.12260691076517105
3400399  0.12260301411151886
7600126  0.12260084599256516
7200177  0.12259785085916519
5100212  0.122591033577919
2700070  0.12258787453174591
1100168  0.12254751473665237
2800095  0.12254684418439865
5300088  0.12254352122545242
5000096  0.12252579629421234
2300172  0.12251820415258408
5000104  0.12251170724630356
7100284  0.12248896807432175
7600284  0.12247823923826218
3300056  0.1224646046757698
3200291  0.1224636361002922
7100152  0.12245196104049683
2200241  0.12244725972414017
6500153  0.12244389951229095
2300356  0.12244018167257309
4600551  0.1224285289645195
6401534  0.12242580205202103
2300331  0.12242479622364044
4600454  0.12240070849657059
4000131  0.12239407747983932
6200205  0.12238327413797379
5100068  0.12238243222236633
5100241  0.122376948595047
3800328  0.12237504869699478
5200076  0.12235800176858902
2200278  0.12234703451395035
7100136  0.12234257906675339
2300362  0.12233127653598785
1500169  0.12232118844985962
4600498  0.12228570878505707
4600461  0.1222575232386589
2300268  0.12224522233009338
5800042  0.12224200367927551
7200183  0.12223853915929794
5000169  0.12223570048809052
3200298  0.12222923338413239
2300344  0.12220393866300583
4600506  0.12219880521297455
3300140  0.12219715863466263
1100164  0.12219516187906265
2500191  0.1221703588962555
5600174  0.12216973304748535
3300197  0.12216190993785858
5100211  0.12214189767837524
3000151  0.12213581055402756
5200070  0.12211932241916656
5600081  0.1221039667725563
4600548  0.12209471315145493
6500143  0.1220940575003624
7500665  0.12208355218172073
5100111  0.12207590788602829
8200149  0.12204761803150177
5900496  0.12204565852880478
4600457  0.12203139811754227
2200407  0.12201964855194092
6401531  0.12201837450265884
8500080  0.12198957055807114
3200290  0.12198741734027863
5200073  0.12197978049516678
1100035  0.12197664380073547
5000068  0.12195780128240585
4600472  0.12193949520587921
7200180  0.1219368726015091
7600304  0.12193311005830765
4600528  0.12191996723413467
6401353  0.12191570550203323
6401343  0.12191454321146011
2300176  0.1219138503074646
5100203  0.1219128966331482
7200182  0.12191049009561539
4500045  0.12190915644168854
5400144  0.12190878391265869
2200404  0.1219068318605423
2200386  0.12190141528844833
5900522  0.12188562005758286
2200282  0.12187325209379196
2200470  0.12186863273382187
4600531  0.12186229974031448
2200254  0.12186023592948914
4100071  0.12185657024383545
6401504  0.12185408920049667
2300308  0.1218281090259552
2200411  0.12181967496871948
3500448  0.12181783467531204
2300321  0.12180054187774658
4000046  0.12180044502019882
5000065  0.12179205566644669
5400143  0.12176724523305893
4800043  0.12176402658224106
2300156  0.12175747752189636
3300212  0.12175522744655609
4700044  0.12174560129642487
6500141  0.12173015624284744
6300089  0.12171393632888794
2300101  0.1217120960354805
3300157  0.12170706689357758
1600051  0.12169520556926727
2300319  0.12167645245790482
3500460  0.12164683640003204
3400393  0.12164590507745743
2200096  0.12163747847080231
2700079  0.1216343492269516
7600254  0.12162698060274124
5100126  0.12162654101848602
7200198  0.1216123104095459
2200252  0.12160991132259369
5100213  0.12159278243780136
2200146  0.12158946692943573
3500207  0.12158575654029846
5200062  0.12152706831693649
4600476  0.12152019143104553
5500101  0.12151849269866943
2300236  0.12150995433330536
2300204  0.12149199098348618
7800062  0.12146738916635513
6200193  0.12146677076816559
3500423  0.12145731598138809
5400043  0.1214563325047493
7000482  0.12144755572080612
2200256  0.12142645567655563
2300354  0.12141627818346024
2300369  0.12140674889087677
7100252  0.1214044839143753
5000173  0.12137369811534882
6401506  0.12137102335691452
5000175  0.12135245651006699
1700154  0.12135034799575806
7100200  0.12134087085723877
2500318  0.12132737785577774
1800726  0.12132102251052856
7700051  0.12130200117826462
4600451  0.12129540741443634
2300260  0.12128917872905731
2300329  0.1212816908955574
2300168  0.12127969413995743
5100072  0.12127695977687836
2300292  0.12127672135829926
2200273  0.12127484381198883
2200275  0.12127405405044556
4500056  0.12124160677194595
2200739  0.12124085426330566
2300320  0.12124012410640717
3300173  0.12122565507888794
7100289  0.12121438980102539
5000100  0.12120982259511948
3800054  0.12120391428470612
2700080  0.12119640409946442
3200350  0.12118231505155563
2300347  0.12115921080112457
6500164  0.1211576983332634
2200085  0.12115205824375153
3501174  0.12113933265209198
2500097  0.12112631648778915
7600252  0.12109449505805969
5900516  0.12109135091304779
4500075  0.12108849734067917
2300284  0.12108743190765381
7500221  0.12107837200164795
3500473  0.12107331305742264
6500144  0.12105803191661835
4000048  0.12104340642690659
6500166  0.12102650105953217
2200245  0.12101230770349503
6401505  0.12101054936647415
5600091  0.12100112438201904
3400390  0.12099537998437881
2300365  0.12098273634910583
2300350  0.12097020447254181
3300175  0.12096093595027924
1900033  0.12095203250646591
5000112  0.12094617635011673
1500151  0.12093964964151382
3300196  0.12092949450016022
6200204  0.12092896550893784
5700045  0.12092466652393341
6200188  0.12092132121324539
3300163  0.12091521173715591
4600500  0.12091246247291565
4500058  0.12090977281332016
2300244  0.12090412527322769
6500084  0.12089969962835312
7800061  0.12089885771274567
6401501  0.12088878452777863
1100149  0.12088443338871002
5100071  0.12088033556938171
2200143  0.12087922543287277
7100145  0.12085986882448196
5600046  0.12085840851068497
3700062  0.12085110694169998
4600504  0.12084341794252396
2200242  0.12084006518125534
5400045  0.12083975970745087
5700046  0.12083341926336288
6401574  0.12081962078809738
6200201  0.12081088125705719
1700054  0.12080417573451996
4100051  0.12080098688602448
3500953  0.12078189849853516
5500046  0.12075229734182358
2200175  0.12074011564254761
5100081  0.12074008584022522
3200347  0.1207282766699791
6401500  0.12071464955806732
6300088  0.1207004263997078
5100116  0.12069244682788849
6500142  0.12065870314836502
6100039  0.12064162641763687
6500039  0.12063562870025635
4100049  0.12063369899988174
3500900  0.1206333264708519
3500116  0.12062988430261612
4600473  0.1206231564283371
4600524  0.12061847746372223
2200469  0.12061693519353867
7100107  0.12060879170894623
2500309  0.1206083670258522
2300188  0.12060418725013733
4600495  0.12060055881738663
8200051  0.12059056758880615
2500164  0.12058953940868378
7100123  0.12057951837778091
5900444  0.12057945132255554
4100056  0.12055284529924393
1500132  0.12053560465574265
3500884  0.12052193284034729
4700220  0.1205097958445549
2300164  0.12050869315862656
5900498  0.12049664556980133
2200090  0.12049643695354462
2200111  0.1204933300614357
2200079  0.12049039453268051
2800054  0.12048935890197754
6401371  0.12048840522766113
7000504  0.12047971040010452
6500148  0.12047327309846878
4800056  0.12047293782234192
7100147  0.12046997994184494
2300370  0.12046953290700912
6300041  0.12046583741903305
6500068  0.12046195566654205
5400054  0.12045834213495255
3200319  0.1204562783241272
2500088  0.12045235186815262
2300345  0.12044772505760193
6500155  0.12043775618076324
3300200  0.12043353170156479
2300200  0.12043295055627823
6500062  0.12041989713907242
6601178  0.12039916962385178
5200080  0.12037480622529984
2400055  0.12036598473787308
7100201  0.12036397308111191
2500300  0.12033689767122269
3300189  0.12033551186323166
3800055  0.12031157314777374
5600059  0.12030158191919327
4100053  0.12029865384101868
7100155  0.12028829008340836
4500042  0.1202830895781517
4600460  0.12027358263731003
4600534  0.12027055770158768
6500140  0.12026496231555939
2300359  0.1202501729130745
4500064  0.12024720013141632
3900770  0.12022334337234497
6300102  0.12022332102060318
3500430  0.1202092170715332
2700059  0.12020358443260193
6200192  0.12020264565944672
5100119  0.12019268423318863
2200406  0.12017431855201721
2500140  0.12017431855201721
4600492  0.12017002701759338
3300066  0.12015030533075333
5300076  0.12014572322368622
6401342  0.12014421075582504
5200079  0.1201375350356102
6401351  0.12013135105371475
3400396  0.12012142688035965
2200120  0.12012013792991638
4600485  0.12010876834392548
4600522  0.12010764330625534
2300184  0.12010590732097626
2200247  0.120101697742939
3800053  0.12010098248720169
4600458  0.12009257078170776
1600041  0.12009106576442719
3400389  0.12007075548171997
2900058  0.12006902694702148
3600097  0.12006025016307831
2900056  0.12006010115146637
5100233  0.12006000429391861
6500152  0.12005731463432312
5100137  0.12001832574605942
6200202  0.12000946700572968
7100121  0.12000573426485062
1700126  0.11998992413282394
2200117  0.1199854239821434
1800055  0.11997563391923904
4600562  0.1199677512049675
2500327  0.11996714770793915
3300186  0.11996349692344666
6100040  0.11994554847478867
1600042  0.11993855237960815
3300224  0.11993414908647537
6200184  0.1199289932847023
3200344  0.1199248880147934
7100262  0.11991852521896362
4100072  0.11990566551685333
7200178  0.11989283561706543
2200167  0.11988286674022675
2300216  0.11987531930208206
7100114  0.11986769735813141
2200172  0.11986158788204193
2500282  0.11985784769058228
6500160  0.11984700709581375
7100117  0.11984303593635559
7200200  0.11983943730592728
4600516  0.11983802169561386
4100218  0.11983092874288559
7100287  0.11982955038547516
5900445  0.1198234111070633
5500049  0.11982067674398422
7600124  0.1198115423321724
2300280  0.1198105439543724
3300060  0.1198027953505516
2200428  0.119801826775074
6500088  0.1198013573884964
4100050  0.11978866904973984
1800069  0.11978364735841751
6401354  0.11977344006299973
7600125  0.11976523697376251
6401530  0.11974890530109406
2300102  0.11971157044172287
6500089  0.11969128996133804
5300077  0.11968643963336945
7000509  0.11968206614255905
4600488  0.11966089904308319
4500057  0.11965712904930115
2300220  0.11964663118124008
6601176  0.11964055150747299
2500134  0.11963359266519547
5900482  0.11962684988975525
2800045  0.11961708217859268
4100092  0.11961541324853897
2300357  0.11961383372545242
3300083  0.11960973590612411
5300052  0.11960728466510773
4500088  0.11960259079933167
3500529  0.11959448456764221
7400740  0.11959091573953629
7600270  0.1195768415927887
5200075  0.11957651376724243
3500443  0.11957347393035889
3500431  0.1195555031299591
6500087  0.11954245716333389
1700055  0.11951014399528503
3000160  0.11950848251581192
2300131  0.11949823796749115
2500254  0.11948026716709137
4600545  0.11947552859783173
4700045  0.11947375535964966
3800072  0.11946491152048111
6401573  0.11946025490760803
2300107  0.1194542944431305
2200093  0.11944946646690369
3300208  0.1194363459944725
7600127  0.1194269210100174
2300103  0.11942382156848907
5100138  0.1194181889295578
5000178  0.11941301822662354
2300328  0.11939828097820282
4600503  0.1193859800696373
5100192  0.11936507374048233
2300315  0.1193380281329155
4600536  0.11933119595050812
7100082  0.11932533234357834
2300337  0.11932452768087387
4600497  0.1193096786737442
3900772  0.11928999423980713
4600467  0.11927645653486252
2700063  0.11925847828388214
6401355  0.11925389617681503
2300364  0.1192505732178688
4600539  0.11924878507852554
6200200  0.11924834549427032
3500210  0.11924475431442261
5400105  0.11923294514417648
1100037  0.11923221498727798
2200401  0.11922715604305267
4600513  0.11922387778759003
6200095  0.11922209709882736
6200203  0.11921697109937668
5200058  0.11921656876802444
7100199  0.11921337246894836
2200298  0.11920401453971863
2200255  0.11920041590929031
5100202  0.1191900372505188
7100141  0.11918274313211441
4600546  0.11917946487665176
6500061  0.11917010694742203
5600073  0.11914753913879395
2300332  0.11914638429880142
2300160  0.11914447695016861
2200606  0.11914228647947311
2300240  0.11913922429084778
4600475  0.11913502961397171
7600295  0.11913485080003738
7400751  0.11911429464817047
6500162  0.1190989762544632
7100227  0.11909589171409607
6500042  0.11909421533346176
7200181  0.11909114569425583
5300058  0.11906889081001282
3300181  0.11906491219997406
3700061  0.1190524622797966
3300218  0.11904658377170563
5200182  0.11904643476009369
3300192  0.11904080957174301
2300192  0.11902978271245956
2900055  0.11902894824743271
3300193  0.11902417987585068
2200603  0.1190229207277298
3500532  0.11901500821113586
3501168  0.11900641769170761
6601179  0.11900275200605392
2700065  0.11898298561573029
2200283  0.11897335946559906
5900446  0.11896689236164093
2200138  0.11896651983261108
2200133  0.11895835399627686
4600437  0.11895765364170074
7100154  0.11894070357084274
6200183  0.11893878877162933
2800046  0.11893849074840546
3300086  0.11893723160028458
3500446  0.11892985552549362
5800058  0.11892003566026688
3500951  0.11890488117933273
2700057  0.1189027652144432
2500173  0.11889389157295227
5100229  0.1188858151435852
3300059  0.11886906623840332
2300351  0.11886630207300186
2300349  0.11886569857597351
2300228  0.11886361986398697
7100228  0.11885975301265717
3500416  0.11885396391153336
3500419  0.11884327977895737
3300194  0.11883807927370071
6401503  0.11882602423429489
3300162  0.11881998181343079
2200399  0.11881393939256668
5300090  0.11881159245967865
7000510  0.11880192905664444
2200409  0.11879770457744598
6401359  0.11876460164785385
3700055  0.11876226216554642
5300054  0.11876130849123001
2500100  0.11874835193157196
7100282  0.11873969435691833
7600256  0.11872697621583939
4500059  0.11872680485248566
3500415  0.11872508376836777
2300355  0.11871505528688431
2200604  0.11870089918375015
4500139  0.11869166046380997
6401533  0.11868836730718613
3500924  0.11868280917406082
7100237  0.11868099123239517
5600079  0.11865995824337006
5300066  0.11865437775850296
5400063  0.11864478886127472
2300108  0.11863914877176285
4600455  0.11863470822572708
5600082  0.11863470822572708
2200050  0.11863363534212112
3500545  0.11858558654785156
5800044  0.11857357621192932
5600086  0.11856210976839066
5600058  0.11855354905128479
4800042  0.11853180825710297
5900480  0.11853133887052536
5200056  0.11852588504552841
8200148  0.118525430560112
2300212  0.11851377785205841
3300174  0.11851052194833755
3500462  0.1185009703040123
3500117  0.11849170923233032
2300327  0.11848820000886917
4600558  0.11848270893096924
5000133  0.11847667396068573
8300060  0.11847644299268723
5400145  0.11846327036619186
3300207  0.11845710128545761
2300288  0.11845605820417404
8400082  0.11845503002405167
2300208  0.11844012141227722
5100148  0.11843962967395782
8400084  0.11841672658920288
3500544  0.11840976029634476
3500426  0.11840884387493134
2200360  0.1183997094631195
2200449  0.11839738488197327
6500045  0.11838885396718979
2500209  0.11838686466217041
3300165  0.11838575452566147
2200121  0.11837158352136612
7501098  0.118370920419693
2200740  0.11836683005094528
5100135  0.1183619424700737
3300182  0.1183599904179573
4600445  0.11835190653800964
2300336  0.11834964901208878
3500204  0.11834350228309631
3300188  0.1183396428823471
3300063  0.11832702904939651
3600040  0.11831352859735489
2700064  0.1183125227689743
2300334  0.11828164756298065
5000111  0.11828137934207916
8500049  0.11827883869409561
4600510  0.1182602196931839
7100275  0.11822842061519623
3300190  0.11820781230926514
2300196  0.11820752173662186
5200066  0.11820100247859955
6500048  0.11818379163742065
2200286  0.11817806214094162
5900457  0.11817529052495956
2500264  0.11817140132188797
4600527  0.11816410720348358
6401370  0.11815325915813446
3500469  0.11814485490322113
2500354  0.11814284324645996
6100099  0.11813045293092728
5500045  0.11812081933021545
4600486  0.11811306327581406
1700150  0.1181054636836052
2300360  0.11807131767272949
2300343  0.11804191023111343
6401347  0.11804074794054031
2400660  0.118038110435009
6300039  0.11802976578474045
7100240  0.11802545189857483
2300252  0.11802207678556442
6500123  0.11801345646381378
1500205  0.11800892651081085
7800262  0.11800222098827362
7000515  0.11800193041563034
2500122  0.11798612773418427
5100129  0.11798307299613953
2200102  0.1179773136973381
1400063  0.11797671765089035
5100197  0.11793971061706543
4500061  0.11791463941335678
4600501  0.11790528148412704
8200109  0.11790402233600616
7000514  0.11789806932210922
1500196  0.11788995563983917
5300089  0.11788491159677505
5000180  0.11788107454776764
2200250  0.11787722259759903
5000171  0.11786801367998123
7400750  0.11786361038684845
4600512  0.11786331236362457
3300153  0.11784747987985611
6401535  0.11784631758928299
2200083  0.11784350872039795
4600446  0.11783116310834885
2300330  0.11780430376529694
4500062  0.11779659241437912
4600478  0.11778911203145981
1700059  0.11778394132852554
3500518  0.1177821010351181
3700090  0.11776277422904968
4600466  0.11775676906108856
2500345  0.11774970591068268
6401349  0.11774472147226334
2800119  0.11773598939180374
3500952  0.1177264153957367
4500054  0.11770962923765182
3500115  0.11769763380289078
8200151  0.11769742518663406
6401364  0.11769580841064453
1700060  0.11769376695156097
5100117  0.11769226938486099
6200098  0.1176886111497879
3300204  0.11767734587192535
5000122  0.11766970157623291
2200253  0.11766525357961655
4400037  0.11766406148672104
7400749  0.11764983087778091
2200077  0.11763029545545578
1500070  0.11761865019798279
2200087  0.11761277914047241
3300176  0.11758581548929214
3500211  0.11758146435022354
1700050  0.11756177246570587
2200738  0.11753706634044647
8400237  0.11753275245428085
4600489  0.11748504638671875
4200091  0.11748029291629791
2200081  0.11745300143957138
3600093  0.11741878092288971
7100229  0.11741267889738083
1800058  0.11740576475858688
4800041  0.11740487068891525
7100140  0.1173875704407692
3700054  0.11737789958715439
8300053  0.11737595498561859
8200147  0.11736825853586197
5300067  0.1173584833741188
6200187  0.11735379695892334
3300215  0.11733894050121307
2200246  0.11733139306306839
2200270  0.11732203513383865
2500155  0.11731599271297455
8300059  0.11730539053678513
7200196  0.11724816262722015
4200087  0.11724574118852615
4600521  0.11723890900611877
1700141  0.11723582446575165
4600463  0.11722830682992935
6401502  0.11721585690975189
3500690  0.11718033999204636
5000110  0.11716970056295395
7100196  0.11715230345726013
2700122  0.11715104430913925
3500689  0.11713694781064987
6300040  0.11713430285453796
4600515  0.1171153113245964
3300159  0.11710835248231888
2300358  0.11705927550792694
7600257  0.11705034971237183
7100224  0.11703897267580032
5100149  0.11702726781368256
2500336  0.11702664941549301
7100253  0.11696035414934158
6200196  0.11695653200149536
5100194  0.11695260554552078
3000153  0.11693929880857468
2200268  0.11693892627954483
2300264  0.11693199723958969
3500515  0.11690551787614822
1100252  0.11687777936458588
3300178  0.11686308681964874
2200177  0.11685175448656082
3000152  0.11677837371826172
4600519  0.11675769835710526
2500245  0.11674869060516357
6200194  0.11674312502145767
4700046  0.11673898994922638
5700094  0.11673446744680405
2300133  0.11672968417406082
2300335  0.11670804023742676
7100260  0.11668930947780609
2200265  0.11666417866945267
6601166  0.11666388064622879
7500666  0.11665639281272888
3800051  0.11665454506874084
8200047  0.11665039509534836
3300223  0.11663708090782166
2300385  0.11663521081209183
7100281  0.11663521081209183
2200294  0.11662421375513077
3300191  0.11659836769104004
2500073  0.11655876040458679
5300158  0.11655190587043762
6500146  0.11652108281850815
2500103  0.1165027767419815
3500466  0.11650145798921585
2300333  0.11649736762046814
5000106  0.11647222191095352
6200110  0.11647210270166397
7600253  0.11645679175853729
5000066  0.11644226312637329
1800051  0.11643297225236893
5900452  0.11642787605524063
4500093  0.11637765169143677
7400748  0.11637024581432343
3700086  0.11633890122175217
5000067  0.11631254851818085
5200078  0.116310253739357
2800047  0.11628520488739014
7100150  0.11626893281936646
3300167  0.1162606030702591
4100057  0.11623962223529816
2200105  0.1162337213754654
1500187  0.11622923612594604
7100263  0.1162259504199028
5700047  0.1162232831120491
7100226  0.11621087044477463
2200385  0.1161230057477951
4100055  0.11611960083246231
3700070  0.1161075159907341
4600537  0.11610342562198639
6401528  0.11609229445457458
5000105  0.11608204990625381
4100059  0.11607889831066132
5900520  0.11605651676654816
4600549  0.11605533957481384
1500141  0.11604861170053482
6401356  0.11600138992071152
3800052  0.11598863452672958
6601180  0.1159869134426117
6401348  0.1159820631146431
3300187  0.11597047001123428
2500116  0.11593575030565262
3100066  0.11590546369552612
2200126  0.11588244885206223
2300372  0.11586760729551315
2500082  0.11583202332258224
1500105  0.11581788957118988
5100225  0.11579196155071259
2200108  0.11574764549732208
2500273  0.11574090272188187
3500429  0.11573757976293564
6401350  0.11572661995887756
5100128  0.11572296917438507
2500182  0.11571613699197769
4600555  0.11570911109447479
7100258  0.11569413542747498
7000505  0.11569257825613022
6200209  0.11565718054771423
3700058  0.11562953144311905
2200244  0.11560291051864624
7400747  0.11559789627790451
6500071  0.11559684574604034
6401341  0.11557763069868088
3300184  0.11557707190513611
3500694  0.11555139720439911
5600047  0.11551949381828308
1500123  0.11551079154014587
2200691  0.11550208926200867
2500125  0.11548427492380142
5000108  0.11541304737329483
7100277  0.1154012605547905
4200040  0.11537672579288483
5600075  0.11536429822444916
3500458  0.11536096036434174
2500119  0.11532792448997498
3500418  0.11530406773090363
2500131  0.11523015797138214
8300069  0.11521483957767487
2200741  0.11519544571638107
3100051  0.11516664922237396
8500071  0.11515212804079056
4600449  0.1151478961110115
6401360  0.11511529237031937
1700048  0.11505492031574249
7100083  0.11504311114549637
2500110  0.11503714323043823
3500514  0.11486376076936722
2500154  0.11483680456876755
2500137  0.11482670158147812
2300232  0.11482252180576324
2300276  0.11481484770774841
6401367  0.1147947609424591
6300038  0.11479329317808151
2200387  0.11478253453969955
2200296  0.11477551609277725
2200280  0.11476674675941467
8400088  0.11476235836744308
2500113  0.1147359237074852
3800309  0.11472147703170776
8500155  0.11470574140548706
3500517  0.11470537632703781
8300056  0.11466757208108902
5000063  0.11465270072221756
5900447  0.11464452743530273
1500160  0.11459824442863464
2500227  0.11458104103803635
1800050  0.11456876993179321
2300338  0.11452007293701172
6200195  0.11450910568237305
3200284  0.11448851227760315
2300224  0.1144438236951828
7100214  0.11434635519981384
2500094  0.11431601643562317
2300323  0.11430592089891434
7000511  0.11427726596593857
2200264  0.11426566541194916
7100276  0.11421804130077362
4600491  0.11418509483337402
7100274  0.11417682468891144
3500095  0.11415661871433258
2500091  0.11415647715330124
7100174  0.11413902044296265
2300248  0.1141258254647255
6401344  0.11408916860818863
2200243  0.11405898630619049
8200052  0.11405428498983383
7100153  0.11402979493141174
2300346  0.11401364952325821
2500076  0.11399443447589874
5900448  0.11386846750974655
2300353  0.11353742331266403
6401375  0.11351199448108673
2500153  0.11344774812459946
7100205  0.11344708502292633
6100037  0.11338192224502563
7100111  0.11335267871618271
7000513  0.11330963671207428
4600533  0.11322292685508728
8300052  0.11316318809986115
7100115  0.11315837502479553
2500128  0.11314503103494644
1500178  0.11300255358219147
3100048  0.11297594010829926
2500079  0.11293435096740723
5300087  0.11263271421194077
6401372  0.11258170753717422
1800054  0.11253341287374496
7100118  0.11249536275863647
2500106  0.11234975606203079
2500085  0.11176001280546188
1500064  0.1116805449128151
3500542  0.11141534894704819
3500531  0.11141238361597061
8200048  0.11126523464918137
5400044  0.11120450496673584
3400394  0.11103881895542145
8500062  0.11013500392436981
3100052  0.10991186648607254
1500062  0.10943512618541718
1500080  0.1094285249710083
1500066  0.10921762138605118
1500072  0.10885315388441086
8000259  0.10824654996395111
1500078  0.10818607360124588
1500076  0.1080482080578804
3100047  0.10797623544931412
1500082  0.10700056701898575
1500060  0.10684295743703842
1500114  0.10627540946006775
1500094  0.10585252940654755
1500095  0.10580261796712875
1500096  0.10528036206960678
8000261  0.10404204577207565
8000260  0.10344979166984558
1500068  0.10301786661148071
1500074  0.10094638913869858
8500044  0.0840185359120369
8500038  0.07856303453445435
8500045  0.0769704207777977
2100030  0.07256658375263214
