1200068  1.0
1200304  1.0
1200305  1.0
1200306  1.0
1200307  1.0
1200342  1.0
1200551  1.0
3700612  1.0
3700613  1.0
3700614  1.0
3700633  1.0
3700634  1.0
3700621  0.9954022744967957
3700622  0.9954022744967957
3700625  0.9954022744967957
1100727  0.9909500401039307
1100731  0.9909500401039307
1100733  0.9909500401039307
1200104  0.9909500401039307
1200105  0.9909500401039307
1200106  0.9909500401039307
1200107  0.9909500401039307
1200108  0.9909500401039307
1200109  0.9909500401039307
1200116  0.9909500401039307
1200118  0.9909500401039307
1200120  0.9909500401039307
1200121  0.9909500401039307
1200123  0.9909500401039307
1200124  0.9909500401039307
1200128  0.9909500401039307
1200129  0.9909500401039307
1200131  0.9909500401039307
1200132  0.9909500401039307
1200133  0.9909500401039307
1200134  0.9909500401039307
1200136  0.9909500401039307
1200137  0.9909500401039307
1200138  0.9909500401039307
1200139  0.9909500401039307
1200141  0.9909500401039307
1200142  0.9909500401039307
1200143  0.9909500401039307
1200144  0.9909500401039307
1200147  0.9909500401039307
1200148  0.9909500401039307
1200149  0.9909500401039307
1200150  0.9909500401039307
1200494  0.9909500401039307
1200544  0.9909500401039307
1200314  0.9907832134966704
1200315  0.9907832134966704
1200340  0.9907832134966704
1000860  0.9821414205253256
1100710  0.9821414205253256
1100711  0.9821414205253256
1100712  0.9821414205253256
1200076  0.9821414205253256
1200079  0.9821414205253256
1200366  0.9821414205253256
1200535  0.9821414205253256
1200754  0.9821414205253256
1200842  0.9821414205253256
1200843  0.9821414205253256
1200844  0.9821414205253256
1200845  0.9821414205253256
1200847  0.9821414205253256
1200853  0.9821414205253256
1200854  0.9821414205253256
1200855  0.9821414205253256
1200856  0.9821414205253256
1200857  0.9821414205253256
1200858  0.9821414205253256
1200859  0.9821414205253256
1200860  0.9821414205253256
1200866  0.9821414205253256
1200872  0.9821414205253256
1200873  0.9821414205253256
1200874  0.9821414205253256
1200875  0.9821414205253256
1800366  0.9821414205253256
2000655  0.9821414205253256
2000656  0.9821414205253256
2000657  0.9821414205253256
2300754  0.9821414205253256
2800847  0.9821414205253256
3400866  0.9821414205253256
1200565  0.9722639010948636
1200145  0.9675360546066601
1400179  0.8779230489516269
1400180  0.8779230489516269
1400181  0.8779230489516269
1400199  0.8779230489516269
1400200  0.8779230489516269
1400201  0.8779230489516269
1400202  0.8779230489516269
1400203  0.8779230489516269
1400206  0.8779230489516269
1400208  0.8779230489516269
1600044  0.8779230489516269
2700273  0.8778622909288577
2700274  0.8778622909288577
2700320  0.8778622909288577
2700322  0.8778622909288577
2700324  0.8778622909288577
2700325  0.8778622909288577
2700327  0.8778622909288577
2700335  0.8778622909288577
2700337  0.8778622909288577
2700338  0.8778622909288577
2700340  0.8778622909288577
1600035  0.8726831171678219
1600041  0.8726831171678219
1600070  0.8726831171678219
1600073  0.8726831171678219
1600076  0.8726831171678219
1600079  0.8726831171678219
1600080  0.8726831171678219
1600081  0.8726831171678219
1600082  0.8726831171678219
1600083  0.8726831171678219
1600084  0.8726831171678219
1600090  0.8726831171678219
1600171  0.8726831171678219
2500088  0.8726831171678219
2500368  0.8726831171678219
2500369  0.8726831171678219
2500370  0.8726831171678219
2500371  0.8726831171678219
2600088  0.8726831171678219
2600091  0.8726831171678219
2700136  0.8726831171678219
2700137  0.8726831171678219
2700138  0.8726831171678219
2700139  0.8726831171678219
2700141  0.8726831171678219
2700142  0.8726831171678219
2700148  0.8726831171678219
2700149  0.8726831171678219
2700151  0.8726831171678219
2700152  0.8726831171678219
2700153  0.8726831171678219
2700156  0.8726831171678219
2700157  0.8726831171678219
2700168  0.8726831171678219
2700169  0.8726831171678219
2700171  0.8726831171678219
2700172  0.8726831171678219
2700173  0.8726831171678219
2700174  0.8726831171678219
2700175  0.8726831171678219
2700176  0.8726831171678219
2700178  0.8726831171678219
2700179  0.8726831171678219
2700181  0.8726831171678219
2700182  0.8726831171678219
2700183  0.8726831171678219
2700184  0.8726831171678219
2700186  0.8726831171678219
2700187  0.8726831171678219
2700192  0.8726831171678219
2700194  0.8726831171678219
2700284  0.8726831171678219
2700287  0.8726831171678219
2700298  0.8726831171678219
2700300  0.8726831171678219
2700301  0.8726831171678219
2700303  0.8726831171678219
2700304  0.8726831171678219
2700307  0.8726831171678219
2700309  0.8726831171678219
2700310  0.8726831171678219
2700311  0.8726831171678219
2700345  0.8726831171678219
2700346  0.8726831171678219
2701067  0.8726831171678219
2700275  0.8726212751865823
3300599  0.8726212751865823
3300600  0.8726212751865823
3300601  0.8726212751865823
3300608  0.8726212751865823
2700206  0.8567711689717412
1200308  0.8459292702556339
1200309  0.8459292702556339
1200310  0.8459292702556339
2700208  0.8128188210811766
2700210  0.8128188210811766
1200379  0.7722242389548245
1200380  0.7722242389548245
1200381  0.7722242389548245
1200382  0.7722242389548245
1200383  0.7722242389548245
1200406  0.7722242389548245
1200407  0.7722242389548245
1200411  0.7722242389548245
1200434  0.7722242389548245
1200435  0.7722242389548245
1200436  0.7722242389548245
1200437  0.7722242389548245
1200446  0.7722242389548245
1200447  0.7722242389548245
1200448  0.7722242389548245
1200449  0.7722242389548245
1200450  0.7722242389548245
1200454  0.7722242389548245
1200465  0.7722242389548245
1200466  0.7722242389548245
1200467  0.7722242389548245
1200468  0.7722242389548245
1200469  0.7722242389548245
1200473  0.7722242389548245
1300357  0.7722242389548245
1300358  0.7722242389548245
1300359  0.7722242389548245
1300360  0.7722242389548245
1800369  0.7722242389548245
2000672  0.7722242389548245
2000673  0.7722242389548245
2000674  0.7722242389548245
2000676  0.7722242389548245
2000677  0.7722242389548245
1200395  0.7231429871170111
1200396  0.7231429871170111
1200555  0.7231429871170111
3800667  0.7038556983051976
3800668  0.7038556983051976
3800669  0.7038556983051976
3800670  0.7038556983051976
3800677  0.7038556983051976
3800678  0.7038556983051976
3800679  0.7038556983051976
3800680  0.7038556983051976
3800681  0.7038556983051976
3800683  0.7038556983051976
3800684  0.7038556983051976
2700235  0.6566526178661429
2700236  0.6566526178661429
2500165  0.6497764847409639
1100741  0.5833906033752271
1100742  0.5833906033752271
1200276  0.5833906033752271
1200277  0.5833906033752271
1200278  0.5833906033752271
1200282  0.5833906033752271
1200283  0.5833906033752271
1200285  0.5833906033752271
1200286  0.5833906033752271
1200287  0.5833906033752271
1200288  0.5833906033752271
1200289  0.5833906033752271
1200290  0.5833906033752271
1200250  0.5754934061746135
1200251  0.5754934061746135
1200260  0.5754934061746135
2800850  0.4988889698143533
2000685  0.44926035033744194
2000686  0.44926035033744194
2000687  0.44926035033744194
2000696  0.44926035033744194
2000697  0.44926035033744194
2500472  0.40693529003421336
1900747  0.35838577953439654
1900754  0.35838577953439654
1900755  0.35838577953439654
1900762  0.35838577953439654
2700213  0.35838577953439654
2700215  0.35838577953439654
1200180  0.09578262852211514
