1500473  0.5307460427284241
1500189  0.4021351933479309
1500057  0.36569342017173767
1500038  0.36291614174842834
1500095  0.362749308347702
1500096  0.3619122803211212
1600159  0.3578779101371765
1500041  0.35389837622642517
1500053  0.3526376485824585
1500047  0.34670430421829224
1500069  0.3354191780090332
1600111  0.3311785161495209
1500181  0.33104532957077026
1500065  0.3307328522205353
1500061  0.3302982449531555
1500094  0.3298890292644501
1500050  0.3235376477241516
1600104  0.31888124346733093
1600103  0.3159452974796295
1500035  0.3076004683971405
1600106  0.3037726879119873
1500097  0.29781898856163025
1600107  0.29743844270706177
1300058  0.2924705147743225
1600081  0.2887479066848755
1300057  0.2862330973148346
1600080  0.2846139967441559
1500044  0.28419291973114014
1600110  0.28262826800346375
1500093  0.28156203031539917
1600105  0.28034815192222595
1500197  0.26573795080184937
1600109  0.25746428966522217
1600108  0.24720729887485504
1600168  0.2360863834619522
1300056  0.2203095257282257
