2500066  0.86723393201828
2500105  0.8663085103034973
2500061  0.8635783791542053
2500068  0.8603464961051941
2500102  0.8599480986595154
2500103  0.8597862720489502
2500100  0.8593970537185669
2500098  0.8586409091949463
2500058  0.8552246689796448
2500099  0.8541541695594788
2500064  0.8526401519775391
2500364  0.8346291184425354
2500355  0.8220025897026062
2501127  0.8073687553405762
2500319  0.801776647567749
1100085  0.7996031641960144
2500388  0.7978588342666626
2500323  0.788077175617218
1302977  0.7879213094711304
1301454  0.7857110500335693
2500158  0.7852259874343872
1301082  0.7847657799720764
1301949  0.7839975953102112
1300302  0.7833807468414307
2500489  0.783263087272644
1301856  0.7830027937889099
1301460  0.7828806042671204
1301362  0.7826165556907654
2500119  0.7824832797050476
1301456  0.7821725606918335
1301433  0.782116174697876
1301464  0.7820156216621399
1102337  0.7819649577140808
2500116  0.7818762063980103
1301844  0.7817400693893433
2500746  0.7813483476638794
1301315  0.7811135649681091
2500265  0.7808688879013062
2500322  0.780231773853302
1300234  0.7799893021583557
2500273  0.7796311974525452
1301930  0.7794569730758667
1301773  0.779167115688324
1300171  0.7791441679000854
1102334  0.7789862155914307
1301037  0.778802216053009
1301432  0.7786808609962463
1302994  0.7786550521850586
1301269  0.7785410284996033
1301121  0.7785048484802246
1301484  0.7785048484802246
1302980  0.7783544659614563
1301087  0.778339147567749
1302991  0.7779616713523865
1301086  0.7778041362762451
1301884  0.7777568101882935
1301466  0.777748703956604
1301928  0.7777348756790161
1301961  0.7772247195243835
1301479  0.7770932912826538
1301145  0.776979923248291
2500419  0.7767400145530701
1301476  0.7766649723052979
1301221  0.7766415476799011
1301015  0.7765289545059204
1300098  0.7757996320724487
1301890  0.7757983207702637
1301461  0.7756648063659668
1301435  0.7755289077758789
2500275  0.7754018306732178
1301939  0.7753866910934448
1301474  0.7750120759010315
1301959  0.7749512195587158
2500417  0.7745198607444763
1301929  0.7744629383087158
1301770  0.7742394208908081
1301951  0.7741974592208862
2500157  0.7741923332214355
2500122  0.7741595506668091
1301935  0.7741270661354065
1301283  0.7740346193313599
1301881  0.7738153338432312
1300085  0.7737488746643066
1301743  0.7737453579902649
1301891  0.7737364172935486
1300259  0.773618221282959
1301956  0.7736001014709473
1301201  0.7735242247581482
1301761  0.7735180258750916
1301156  0.7733410000801086
2500324  0.7733277082443237
1301746  0.7731642723083496
1301965  0.7731286287307739
1300101  0.7731158137321472
1301200  0.7729546427726746
1302978  0.772795557975769
1301902  0.7727671265602112
1301196  0.7726927399635315
1301228  0.7725147604942322
1301120  0.7724425792694092
1301455  0.7723063826560974
1300203  0.7720124125480652
2500162  0.7719414830207825
1301292  0.7719201445579529
1301864  0.7714702486991882
1300192  0.7713892459869385
1301817  0.7712878584861755
1301471  0.7711589336395264
1301376  0.7709712386131287
1301155  0.7709506750106812
1301757  0.770923912525177
1300256  0.7707757949829102
1301915  0.7706376314163208
1301266  0.770626425743103
1301914  0.7706244587898254
1301238  0.7705089449882507
1300238  0.7704769372940063
1301429  0.7704458236694336
1301779  0.7704102993011475
1301932  0.7703293561935425
1301745  0.7703062891960144
1301925  0.7702484130859375
1301798  0.7702450156211853
1301067  0.7700393199920654
1301197  0.7700168490409851
1301800  0.769945502281189
1301256  0.7698617577552795
1301294  0.7697694301605225
1301211  0.7697135806083679
1301839  0.7697131633758545
1300165  0.7696753144264221
1301470  0.7696645855903625
1301899  0.7696011662483215
1301946  0.7695763111114502
1301174  0.7695370316505432
2500750  0.769494891166687
1301816  0.7694664001464844
1301813  0.7693511247634888
1301774  0.769335150718689
1301793  0.76929771900177
1301191  0.7692141532897949
1301186  0.7692102789878845
1301941  0.7691656947135925
1300143  0.769148051738739
1301131  0.769132137298584
1302990  0.7690690159797668
2500269  0.7690467238426208
1301923  0.7690395712852478
1301192  0.769027054309845
2500129  0.7688031792640686
1301172  0.7686870694160461
1301314  0.768623948097229
1300156  0.7685515284538269
1301188  0.7684535384178162
1300243  0.7684524655342102
1301877  0.7682704329490662
1301894  0.7682321667671204
1301882  0.7681277990341187
1300251  0.7680937647819519
1301916  0.768070638179779
1301754  0.7679994106292725
1301375  0.7679678201675415
1301029  0.7679542303085327
1301467  0.7679242491722107
1301240  0.7678521275520325
1301239  0.7677577137947083
1301132  0.7677409648895264
1300130  0.7677314281463623
1301165  0.7676275968551636
1301272  0.7675464749336243
1301098  0.7675272822380066
1300239  0.7674776315689087
1300200  0.7674738168716431
1301937  0.7674524188041687
2500251  0.7674161195755005
1301768  0.7673867344856262
1301027  0.7673160433769226
1301922  0.7672651410102844
1301752  0.7672291398048401
1300247  0.7672247290611267
1301893  0.7672086954116821
2500260  0.767194390296936
1301962  0.7671842575073242
1301055  0.766961932182312
1301901  0.7669373154640198
1301780  0.7668035626411438
2500327  0.7667679786682129
1301195  0.766728937625885
1301852  0.7666709423065186
1301880  0.7666706442832947
1301128  0.7665380239486694
1301809  0.7665132880210876
1301136  0.7664421200752258
1301802  0.7663350701332092
1301477  0.7663266062736511
1300242  0.766259491443634
2500421  0.766110360622406
1301072  0.7661003470420837
1300250  0.7660757899284363
1301070  0.7660154700279236
1302982  0.7660120725631714
1302979  0.7658432126045227
1301865  0.7657875418663025
1301180  0.7657872438430786
1301175  0.7657780051231384
1301096  0.7657349705696106
1301140  0.7656991481781006
1301068  0.7656403183937073
2500252  0.7655895948410034
2500274  0.7654521465301514
1301065  0.765217661857605
1301837  0.7651277184486389
1301748  0.7651070952415466
1300270  0.7650547623634338
1301812  0.7650322914123535
1301952  0.7648770213127136
1301226  0.7648534178733826
2500428  0.7647809386253357
1301874  0.7647767066955566
1301373  0.7646511197090149
1301227  0.7643928527832031
1301457  0.7643646001815796
1301224  0.7643442153930664
1301820  0.7643431425094604
1301855  0.7641518115997314
1301836  0.7641052007675171
1301753  0.7640246152877808
1301808  0.7638195157051086
2500268  0.76372891664505
1301919  0.7635175585746765
1301838  0.7634905576705933
1301805  0.7633824348449707
1301459  0.7633634209632874
1301434  0.7632872462272644
1301184  0.7632081508636475
1301918  0.7631425857543945
1300168  0.7630190253257751
1301897  0.7628588676452637
1301920  0.7628382444381714
1301034  0.7628320455551147
1302973  0.762746274471283
2500267  0.762702465057373
1301014  0.762657880783081
1301181  0.7625961303710938
1301860  0.7625576257705688
1301781  0.7625560760498047
1301825  0.762483537197113
1301797  0.7624526023864746
2500493  0.7623239159584045
1301751  0.7623215913772583
1301169  0.7622191905975342
1301022  0.7621646523475647
1301164  0.7620843648910522
1301222  0.7619597315788269
1301016  0.7618619799613953
1301242  0.7618058919906616
1301921  0.7617641687393188
2500418  0.7617602944374084
1301758  0.7617592811584473
1301462  0.7615126371383667
1301912  0.7614947557449341
1301019  0.761476457118988
1301138  0.7613909244537354
1301063  0.7613522410392761
1301071  0.7613387703895569
1301099  0.7613235116004944
2500133  0.7613215446472168
1301841  0.7612690329551697
1301936  0.761233925819397
1301845  0.7612335681915283
1301173  0.7612094879150391
1301767  0.7610952258110046
1301854  0.7609689235687256
2500488  0.7609634399414062
1301025  0.7609244585037231
1301129  0.760894238948822
2500747  0.7608934044837952
1301795  0.760800838470459
1301863  0.7607810497283936
1301048  0.7606291174888611
1300263  0.7605185508728027
1300233  0.760491669178009
1301755  0.760429859161377
1300269  0.7604297399520874
1301185  0.7603998780250549
1300159  0.7602396011352539
1301931  0.760165274143219
1301229  0.7600622773170471
1301168  0.7600373029708862
1300265  0.7599097490310669
1301911  0.7598676681518555
1301804  0.7597435116767883
1301028  0.7596924304962158
2500270  0.7596727609634399
1301378  0.759613573551178
1302997  0.7595537900924683
1301878  0.7594310641288757
1301452  0.759306788444519
1301796  0.7591149806976318
1300235  0.7590388059616089
1301066  0.7590128183364868
1300162  0.758850634098053
1301886  0.7588496208190918
1301047  0.7588128447532654
1301198  0.7587476968765259
1301160  0.758557915687561
1301851  0.7583954930305481
1301859  0.7582736015319824
1301083  0.7580454349517822
1301193  0.7580035924911499
1301957  0.7579591870307922
1300249  0.7579113245010376
1301472  0.7578888535499573
1301843  0.7578829526901245
1301848  0.757779061794281
1301032  0.7577630281448364
1301913  0.7574864625930786
1301232  0.7574814558029175
1301756  0.7574689984321594
2500264  0.7574151754379272
1301046  0.757377564907074
1301940  0.7572869062423706
1301187  0.7572723031044006
1301161  0.7572680711746216
1301907  0.7571430206298828
1300153  0.7569959759712219
1301013  0.7568890452384949
1301235  0.7568740844726562
1303410  0.7568473219871521
1301199  0.7568256855010986
1300244  0.7567970752716064
1301811  0.7567073702812195
1301465  0.756598949432373
1300264  0.7565940618515015
1300258  0.7564993500709534
1301179  0.7563117742538452
1300110  0.7561824321746826
1301210  0.756144642829895
1301775  0.7560631036758423
1301910  0.7558815479278564
1301948  0.7558448314666748
1301776  0.7556955218315125
1301892  0.7554724216461182
1301143  0.7554489374160767
1301049  0.7554059028625488
1301900  0.7553204894065857
1301453  0.7552899718284607
1301895  0.755287230014801
1301885  0.7552449107170105
1300080  0.7552270889282227
1301123  0.7551260590553284
1301147  0.7550983428955078
1300090  0.7549034953117371
1301050  0.7548338770866394
1301033  0.754711389541626
1301017  0.7543959021568298
1300095  0.7543870210647583
1301794  0.7542927265167236
1301095  0.7540102601051331
1300257  0.7539363503456116
1301744  0.7536803483963013
2500583  0.753472626209259
1301905  0.7530208230018616
1301431  0.7529430985450745
1301020  0.7529099583625793
1301157  0.7527821063995361
1301475  0.7527359127998352
1301233  0.7526962161064148
1301212  0.7526271343231201
2500579  0.7521442770957947
1301069  0.7520480155944824
1300245  0.7520435452461243
2500256  0.751492977142334
1301062  0.7514282464981079
1301469  0.7513205409049988
1301245  0.7511663436889648
2500132  0.7508996725082397
1301183  0.7507008910179138
1301430  0.7505993843078613
1301772  0.7505292296409607
1301074  0.7503011226654053
1301783  0.7496632933616638
1301162  0.7495257258415222
1301024  0.7494917511940002
1301012  0.7494552731513977
1301938  0.7494441866874695
1301840  0.7491538524627686
2500257  0.7491463422775269
1301801  0.7484861016273499
2501179  0.7482317090034485
1301021  0.748227596282959
1301954  0.7481725215911865
1301847  0.7477319836616516
1301947  0.7472897171974182
1301821  0.7468258738517761
1301868  0.7468245625495911
1301924  0.7466346621513367
1301176  0.746576726436615
1301906  0.7447859644889832
1301771  0.7447593808174133
1301822  0.7437451481819153
1301171  0.7406234741210938
