1003653  0.014754731208086014
1003676  0.013593129813671112
1003623  0.012711925432085991
1003635  0.012461936101317406
1003725  0.01226898655295372
1003706  0.012046058662235737
1003669  0.011705557815730572
1003701  0.011579283513128757
1003645  0.010779720731079578
1003657  0.010720978491008282
1003554  0.010616764426231384
1003714  0.01026624720543623
1003695  0.010128293186426163
1003615  0.010125936940312386
1003665  0.009917457588016987
1003727  0.009755059145390987
1003666  0.009747005999088287
1003650  0.009607247076928616
1003730  0.009583085775375366
1003709  0.009564854204654694
1003686  0.009459776803851128
1003726  0.009363990277051926
1003700  0.009306947700679302
1003638  0.009293083101511002
1003688  0.009246627800166607
1003675  0.009170714765787125
1003722  0.009111746214330196
1003712  0.009072283282876015
1003658  0.008983340114355087
1003612  0.008964965119957924
1003656  0.008932060562074184
1003721  0.008869900368154049
1003713  0.008846226148307323
1003644  0.007736251689493656
1003502  0.006930412258952856
1003693  0.006748657673597336
