1200255  0.9793694615364075
1200221  0.979033887386322
1200260  0.9790194630622864
1200216  0.9779044389724731
1200259  0.9776468873023987
1200256  0.9773788452148438
1200258  0.9770988821983337
1200261  0.9758971333503723
1200257  0.9758470058441162
1200215  0.9738191962242126
1200284  0.9736421704292297
1200262  0.9728485941886902
1200285  0.9720014929771423
1300080  0.9718322157859802
1200292  0.9712801575660706
1200286  0.9709417819976807
1200283  0.9705705046653748
1200287  0.9704861044883728
1300125  0.9700753092765808
1200288  0.9694641828536987
1200191  0.9692373871803284
1200208  0.968689501285553
1200265  0.9683399796485901
1300128  0.9671684503555298
1200192  0.9667475819587708
1200193  0.9661799073219299
1200194  0.9650765061378479
1200206  0.9649677276611328
1200207  0.9645185470581055
1200211  0.964047908782959
1200269  0.9637860655784607
1200282  0.9636428356170654
1200190  0.9624038338661194
1200212  0.9616104960441589
1200214  0.9602079391479492
1300129  0.9599085450172424
1200186  0.9585314393043518
1200213  0.9529404640197754
1200133  0.942912220954895
1200132  0.9424715042114258
1200110  0.9422465562820435
1200113  0.941097617149353
1200111  0.940403938293457
1200131  0.9396471381187439
1200126  0.9368370175361633
1200123  0.9366143941879272
1200149  0.933368444442749
1200109  0.9306612014770508
1200178  0.9208206534385681
1200182  0.9172404408454895
1200098  0.8177096843719482
1200095  0.29514339566230774
1200087  0.2937574088573456
1100165  0.29338905215263367
1100169  0.2907254695892334
1200068  0.29067814350128174
1200078  0.28434088826179504
1200077  0.2820795178413391
1100164  0.2749549150466919
1200086  0.2736268937587738
1200071  0.26808154582977295
1100163  0.25036200881004333
1000092  0.2475249320268631
1000263  0.2475249320268631
1000266  0.2475249320268631
1000267  0.2475249320268631
1000268  0.2475249320268631
1000269  0.2475249320268631
1000270  0.2475249320268631
1000271  0.2475249320268631
1000272  0.2475249320268631
1000273  0.2475249320268631
1000274  0.2475249320268631
1000275  0.2475249320268631
1000276  0.2475249320268631
1000277  0.2475249320268631
1000278  0.2475249320268631
1000279  0.2475249320268631
1000280  0.2475249320268631
1000281  0.2475249320268631
1000282  0.2475249320268631
1000283  0.2475249320268631
1000340  0.2475249320268631
1000355  0.2475249320268631
1000358  0.2475249320268631
1000359  0.2475249320268631
1000360  0.2475249320268631
1000361  0.2475249320268631
1000362  0.2475249320268631
1000363  0.2475249320268631
1000364  0.2475249320268631
1000365  0.2475249320268631
1000366  0.2475249320268631
1000367  0.2475249320268631
1000368  0.2475249320268631
1000369  0.2475249320268631
1000370  0.2475249320268631
1000371  0.2475249320268631
1000372  0.2475249320268631
1000373  0.2475249320268631
1000374  0.2475249320268631
1000375  0.2475249320268631
1000421  0.2475249320268631
1100059  0.2475249320268631
1100060  0.2475249320268631
1100070  0.2475249320268631
1100081  0.2475249320268631
1100082  0.2475249320268631
1100105  0.2475249320268631
1100108  0.2475249320268631
1100111  0.2475249320268631
1100121  0.2475249320268631
1100133  0.2475249320268631
1100134  0.2475249320268631
1100135  0.2475249320268631
1100136  0.2475249320268631
1100137  0.2475249320268631
1100138  0.2475249320268631
1100139  0.2475249320268631
1100140  0.2475249320268631
1100143  0.2475249320268631
1100147  0.2475249320268631
1100160  0.2475249320268631
1100161  0.2475249320268631
1100162  0.2475249320268631
1200096  0.2475249320268631
1200097  0.2475249320268631
