1100111  0.2574600279331207
1100108  0.2553898096084595
1100105  0.2499968707561493
1200182  0.11544334888458252
1200192  0.11058305203914642
1200190  0.10909204930067062
1100060  0.10381066799163818
1200194  0.09408240020275116
1100059  0.09252173453569412
1200186  0.09170418232679367
1100136  0.08933714777231216
1000363  0.08856465667486191
1200191  0.08829489350318909
1100169  0.08796631544828415
1200178  0.0862446054816246
1100134  0.08520086109638214
1100147  0.08502482622861862
1100160  0.08402618765830994
1200212  0.08266251534223557
1200214  0.08245494961738586
1000282  0.08216504752635956
1200208  0.08202198147773743
1200216  0.08197074383497238
1100070  0.08194473385810852
1000275  0.08118922263383865
1200211  0.0805601105093956
1200193  0.08052965253591537
1200213  0.08026496320962906
1100163  0.07976748794317245
1000361  0.07971286028623581
1000274  0.07954536378383636
1200286  0.0794740691781044
1000372  0.07923794537782669
1100133  0.07921742647886276
1100162  0.07892806828022003
1200258  0.07886728644371033
1200259  0.07881654053926468
1200292  0.0787428617477417
1100135  0.07871894538402557
1100164  0.0786726176738739
1200261  0.07848949730396271
1000280  0.07840422540903091
1000364  0.07822124660015106
1200206  0.07786811888217926
1200255  0.07785968482494354
1100165  0.07646504044532776
1000273  0.07601621001958847
1100161  0.07596086710691452
1200207  0.07589282095432281
1100081  0.07576772570610046
1000371  0.07568443566560745
1200221  0.07558135688304901
1000276  0.07538363337516785
1200149  0.07524273544549942
1000281  0.07511065900325775
1200260  0.07454393804073334
1000365  0.07416202872991562
1200265  0.07406582683324814
1000267  0.07401471585035324
1000368  0.0739058181643486
1200282  0.07379981875419617
1000283  0.07369522750377655
1000359  0.07368676364421844
1100082  0.07364929467439651
1000268  0.07344812899827957
1000367  0.07311294972896576
1000272  0.07287108153104782
1000362  0.07273592799901962
1200287  0.07245849817991257
1000277  0.07215605676174164
1100137  0.07115436345338821
1200288  0.0711299479007721
1200132  0.07084134221076965
1000270  0.07063330709934235
1100143  0.07056081295013428
1200284  0.07053151726722717
1200283  0.07048574090003967
1000271  0.07025247812271118
1000355  0.06978671997785568
1000421  0.06971151381731033
1000366  0.06951314955949783
1200110  0.06941390037536621
1200113  0.0691775307059288
1000269  0.06871618330478668
1000373  0.06855259090662003
1200215  0.06774026900529861
1000360  0.06757501512765884
1200285  0.06734319776296616
1000370  0.0671624168753624
1200111  0.06715619564056396
1000340  0.06601516902446747
1200262  0.06588783115148544
1000369  0.06585681438446045
1100139  0.06556430459022522
1000375  0.06512864679098129
1000092  0.06495672464370728
1100140  0.06488687545061111
1000279  0.06469998508691788
1200109  0.06443040072917938
1200133  0.06425284594297409
1300129  0.06406165659427643
1000266  0.06403922289609909
1000263  0.0630548745393753
1300128  0.0627354085445404
1200256  0.06266431510448456
1200269  0.062049515545368195
1100138  0.061222705990076065
1000374  0.06090611591935158
1000278  0.060356978327035904
1200257  0.06010385975241661
1100121  0.05971743166446686
1200071  0.059154968708753586
1200126  0.05883237347006798
1200077  0.05834639072418213
1200123  0.05804192274808884
1200098  0.05548334866762161
1200068  0.05429864302277565
1200131  0.05119483917951584
1200095  0.05112377926707268
1200086  0.05060721933841705
1300125  0.05045272782444954
1200078  0.04968205466866493
1200096  0.0471598319709301
1000358  0.047009021043777466
1200087  0.046485625207424164
1200097  0.044757239520549774
1300080  0.04094817116856575
