1100105  1.0
1100108  1.0
1100111  1.0
1200178  0.9804115954800434
1200182  0.9804115954800434
1200186  0.9804115954800434
1200190  0.9804115954800434
1200191  0.9804115954800434
1200192  0.9804115954800434
1300128  0.9463521169825051
1300129  0.9463521169825051
1300125  0.9333240326917549
1300080  0.8467832075821337
1200149  0.7504207573963511
1100059  0.7193061880113147
1100060  0.7193061880113147
1200068  0.6940039399618027
1200071  0.6940039399618027
1200077  0.6940039399618027
1200078  0.6940039399618027
1200086  0.6940039399618027
1200087  0.6940039399618027
1200095  0.6940039399618027
1200096  0.6940039399618027
1200097  0.6940039399618027
1200098  0.6940039399618027
1100133  0.5192974023537156
1100134  0.5192974023537156
1100135  0.5192974023537156
1100136  0.5192974023537156
1100147  0.5192974023537156
1100160  0.5192974023537156
1100161  0.5192974023537156
1100162  0.5192974023537156
1100169  0.5192974023537156
1200255  0.5116036821779557
1200256  0.5116036821779557
1200257  0.5116036821779557
1200258  0.5116036821779557
1200269  0.5116036821779557
1200282  0.5116036821779557
1200283  0.5116036821779557
1200284  0.5116036821779557
1200285  0.5116036821779557
1200292  0.5116036821779557
1000278  0.5078828787448235
1000279  0.5078828787448235
1000280  0.5078828787448235
1000281  0.5078828787448235
1000282  0.5078828787448235
1000283  0.5078828787448235
1000369  0.5078828787448235
1000370  0.5078828787448235
1000371  0.5078828787448235
1000372  0.5078828787448235
1000373  0.5078828787448235
1000374  0.5078828787448235
1000375  0.5078828787448235
1000263  0.5006785012983389
1000266  0.5006785012983389
1000267  0.5006785012983389
1000268  0.5006785012983389
1000269  0.5006785012983389
1000270  0.5006785012983389
1000277  0.5006785012983389
1000340  0.5006785012983389
1000355  0.5006785012983389
1000358  0.5006785012983389
1000359  0.5006785012983389
1000360  0.5006785012983389
1000368  0.5006785012983389
1000421  0.5006785012983389
1000092  0.4971894100008973
1200206  0.43443152134054014
1200207  0.43443152134054014
1200208  0.43443152134054014
1200211  0.43443152134054014
1200221  0.43443152134054014
1200193  0.4271729346634722
1200194  0.31409347099260015
1200259  0.26832444349254775
1200260  0.26832444349254775
1200286  0.26832444349254775
1200287  0.26832444349254775
1000271  0.26785981207297005
1000272  0.26785981207297005
1000273  0.26785981207297005
1000274  0.26785981207297005
1000275  0.26785981207297005
1000276  0.26785981207297005
1000361  0.26785981207297005
1000362  0.26785981207297005
1000363  0.26785981207297005
1000364  0.26785981207297005
1000365  0.26785981207297005
1000366  0.26785981207297005
1000367  0.26785981207297005
1200261  0.2598621877729299
1200262  0.2598621877729299
1200288  0.2598621877729299
1200109  0.21870662072552324
1200110  0.21870662072552324
1200111  0.21870662072552324
1200113  0.21870662072552324
1200123  0.21820210651095379
1200126  0.21820210651095379
1200131  0.21820210651095379
1200132  0.21820210651095379
1200133  0.21820210651095379
1200265  0.1771726122433938
1100121  0.06696495301824251
1100137  0.06696495301824251
1100138  0.06696495301824251
1100139  0.06696495301824251
1100140  0.06696495301824251
1100143  0.06696495301824251
1100163  0.06696495301824251
1100164  0.06696495301824251
1100165  0.06696495301824251
1200212  0.06696495301824251
1200213  0.06696495301824251
1200214  0.06696495301824251
1200215  0.06696495301824251
1200216  0.06696495301824251
1100081  0.06443705608558827
1100082  0.06443705608558827
1100070  0.014276975954209098
