1002240	inf
5200373	1.0
11300306	0.09090909090909094
2900701	0.07999999999999996
8800419	0.0714285714285714
5200358	0.0714285714285714
3000351	0.05128205128205132
12300218	0.04761904761904767
9300150	0.046511627906976716
5200518	0.040000000000000036
5200421	0.03508771929824561
7000053	0.032786885245901676
4201611	0.030303030303030276
7000050	0.027027027027026973
6200971	0.02631578947368418
7000108	0.02564102564102566
6200935	0.024390243902439046
4900976	0.023809523809523836
6200897	0.02352941176470591
6201442	0.022727272727272707
7000041	0.022222222222222254
4900549	0.019607843137254943
2900190	0.01834862385321101
8800584	0.017857142857142905
5801822	0.016528925619834656
5801754	0.015151515151515138
1800378	0.011173184357541888
7100486	0.00952380952380949
7100490	0.009345794392523366
7100479	0.008474576271186418
7100551	0.0078125
7100613	0.0077821011673151474
7100549	0.007751937984496138
7100586	0.0073260073260073
7100683	0.007092198581560294
7100170	0.007067137809187329
6900503	0.006993006993006978
6900499	0.00692041522491349
6301259	0.0068728522336769515
5200520	0.0068259385665528916
5200517	0.006779661016949157
5200354	0.006711409395973145
7100583	0.006688963210702337
7100563	0.006688963210702337
7100400	0.00666666666666671
7100147	0.0066006600660065695
1200225	0.006514657980456029
1200223	0.006472491909385147
6301244	0.006349206349206327
5301383	0.006309148264984188
6301240	0.0062893081761006275
5301359	0.006211180124223614
5200345	0.006191950464396245
5200247	0.006153846153846176
5102734	0.0060240963855421326
5301356	0.006006006006005982
5301330	0.005988023952095856
2900932	0.005494505494505475
2900928	0.005464480874316946
5401405	0.005291005291005346
4900444	0.0052631578947368585
5401401	0.005221932114882533
9300155	0.0051679586563307955
9300146	0.005063291139240533
6200866	0.004914004914004955
6201358	0.004854368932038833
7300294	0.004807692307692291
7300298	0.004566210045662156
6201653	0.0041407867494823725
2900129	0.003968253968253954
6201703	0.0037105751391465214
5602139	0.0036496350364964014
5602137	0.0035087719298245723
4901091	0.0033670033670033517
5602121	0.0033444816053511683
7300282	0.0032948929159802853
6201681	0.00327332242225864
6201671	0.0032573289902280145
10200144	0.003252032520325243
6201662	0.0032467532467532756
10200138	0.0032206119162641045
10200118	0.003215434083601254
4900685	0.0031250000000000444
10700140	0.0031152647975077885
10700121	0.0030911901081916993
2400928	0.00295857988165682
2400938	0.002936857562408246
2400910	0.0028860028860029363
6201604	0.0028694404591105283
6201594	0.002849002849002802
4900705	0.0028368794326241176
10100547	0.002777777777777768
10100514	0.002777777777777768
4900725	0.002777777777777768
6201585	0.00277392510402219
12100498	0.0027510316368638543
2900943	0.0027063599458727605
1400260	0.0026954177897574594
7800204	0.0026917900403768957
7800404	0.0026845637583892135
10100496	0.0026560424966799445
7800279	0.0026525198938992522
4900817	0.0026525198938992522
7800305	0.002621231979030192
7800291	0.002614379084967311
7800194	0.0026041666666666297
10100471	0.0026041666666666297
3100144	0.002600780234070177
4900775	0.002577319587628857
12100496	0.0025706940874036244
10100464	0.0025673940949936247
12100492	0.0025510204081632404
10100462	0.002525252525252486
2400985	0.0025188916876573986
2401002	0.002515723270440251
4900829	0.0025062656641604564
5102763	0.002460024600245969
2200133	0.0024539877300613355
4900486	0.002447980416156681
10700184	0.0024330900243308973
4900217	0.002409638554216831
2900174	0.0024009603841537164
2900156	0.002358490566037763
4900383	0.002336448598130869
1400259	0.002309468822170868
4901179	0.0022962112514350874
4901169	0.0022962112514350874
7500131	0.0022831050228310223
4901142	0.0022831050228310223
8400082	0.0022805017103763037
11900100	0.0022805017103763037
7800173	0.0022805017103763037
9700803	0.002277904328018221
11800079	0.002277904328018221
7800192	0.002272727272727315
11400228	0.002259887005649719
9700722	0.002259887005649719
2200136	0.002259887005649719
7800587	0.002259887005649719
9700655	0.0022573363431150906
8200172	0.0022573363431150906
7800074	0.0022573363431150906
8200228	0.0022497187851518996
11800078	0.0022497187851518996
9700718	0.0022471910112359383
9700652	0.002244668911335568
8800411	0.0022222222222222365
10700182	0.002188183807439792
9700796	0.0021645021645021467
9700776	0.002143622722400873
11800224	0.002139037433155133
10300131	0.002136752136752129
7800509	0.002136752136752129
7800269	0.002134471718249764
11400072	0.002132196162046962
2400983	0.0021299254526091493
11800211	0.0021276595744680327
6700886	0.002125398512221044
11400181	0.002125398512221044
11900080	0.002123142250530785
11400237	0.0021208907741251393
8800549	0.002116402116402072
4900446	0.0021141649048626032
8800546	0.002111932418162654
8800153	0.0021074815595363283
4900434	0.0021074815595363283
8200096	0.002105263157894721
8800185	0.002105263157894721
8800505	0.002103049421661396
11800050	0.002103049421661396
1900302	0.0021008403361344463
11400128	0.0020986358866736943
1900299	0.0020986358866736943
6600095	0.0020920502092049986
11400234	0.002085505735140769
8800336	0.002083333333333326
4201541	0.0020790020790020236
6500082	0.002072538860103612
6600163	0.0020703933747412417
4201577	0.0020661157024793875
6301236	0.0020618556701030855
11400060	0.002059732234809486
6301212	0.002059732234809486
8800563	0.002057613168724326
5301326	0.0020554984583761593
11000103	0.0020554984583761593
8800502	0.002049180327868827
6700792	0.0020470829068577334
5102641	0.002044989775051076
5102626	0.002042900919305368
8800423	0.0020408163265306367
5102761	0.0020387359836900876
6101468	0.0020387359836900876
8800353	0.0020366598778004397
6101463	0.0020366598778004397
4900397	0.0020366598778004397
5301319	0.0020345879959308144
8800517	0.0020283975659228792
4901177	0.0020263424518743856
4901167	0.0020263424518743856
11800162	0.002024291497975672
4901155	0.002022244691607722
8800525	0.002014098690835797
2400979	0.002012072434607659
8800348	0.0020100502512563345
9200101	0.0019920318725099584
10100403	0.001980198019801982
4900112	0.001966568338249708
4900108	0.0019646365422396617
2900110	0.0019607843137254832
4901165	0.0019493177387914784
4901175	0.0019493177387914784
4900374	0.0019474196689386325
4901138	0.0019436345966957758
4900084	0.0019361084220715918
3100118	0.0019249278152069227
3100256	0.0018993352326686086
4201605	0.0018691588785046953
12100480	0.0018587360594795044
4201535	0.0018450184501844769
4201574	0.0018433179723502668
1200304	0.0018348623853210455
8000051	0.0017873100983020196
1100527	0.0017857142857142794
4201587	0.0017667844522968323
1100518	0.0017482517482517723
1100516	0.0017436791630339732
2400929	0.0017271157167529916
8200088	0.0017108639863130382
8200192	0.0017094017094017033
8200080	0.001699235344095107
2400952	0.0016515276630884035
11900054	0.0016273393002440573
8200196	0.0016273393002440573
8200212	0.001626016260162566
11400224	0.0016220600162205612
8200052	0.0016142050040355294
6600092	0.0016012810248198228
10300115	0.0015810276679841806
1200295	0.0015408320493066618
4400162	0.0014970059880239361
8300165	0.001477104874446078
10600213	0.001436781609195359
8800444	0.0013976240391334604
11300072	0.0013956734124215275
8800167	0.001361470388019037
2200131	0.0013280212483399723
11000056	0.001299545159194282
8800543	0.0012911555842478606
2200107	0.001279590531030106
10700134	0.001273885350318471
8800467	0.0012698412698413097
6500111	0.0012618296529968154
10300082	0.0012578616352201255
11100055	0.0012437810945273853
8800561	0.001242236024844745
4400160	0.001235330450895633
6600078	0.0012322858903265343
3300196	0.0012292562999385304
4201533	0.0012292562999385304
4201528	0.0012285012285012664
3300180	0.001225490196078427
10700175	0.0012224938875305957
8800494	0.0012210012210012167
1200256	0.001217285453438799
6500131	0.0012143290831815312
1200252	0.0012113870381587066
8800560	0.001210653753026647
8800614	0.0011778563015312216
8800612	0.0011764705882353343
12300222	0.0011757789535566943
12300235	0.0011757789535566943
12300217	0.001175088131609825
10700123	0.0011500862564692849
2100077	0.0011448196908986352
6500079	0.0011286681715575453
10700120	0.001121704991587258
8800457	0.0011179429849077493
10300054	0.00111358574610243
10700142	0.0011111111111110628
10600221	0.0011111111111110628
8800477	0.0011068068622025473
10700180	0.0011061946902655162
10700088	0.001097694840834218
10600233	0.0010911074740862503
8800408	0.0010899182561308063
10700139	0.0010840108401084514
10600202	0.0010741138560687036
10600197	0.0010666666666666602
1200284	0.0010582010582010914
8800394	0.0010554089709762238
1200270	0.0010303967027305294
1300051	0.0010256410256410664
8800369	0.0010136847440446184
2100107	0.000988630746416197
1400061	0.0009775171065493637
2100096	0.0009633911368015502
1900112	0.0009037505648441524
1900098	0.0009025270758122872
2100133	0.0008932559178204125
1900285	0.0008861320336730483
4400123	0.0008639308855291628
4201540	0.0008635578583765513
9900127	0.0008539709649871829
2400175	0.000849256900212314
2401276	0.0008478168715557732
7700218	0.0008478168715557732
6700726	0.0008474576271186862
11000094	0.0008453085376162184
2200315	0.000843170320404707
9300055	0.0008428150021070335
9400056	0.0008417508417508657
11400208	0.0008417508417508657
4201576	0.0008403361344537785
1900282	0.0008396305625524292
11100051	0.000838926174496657
10300095	0.0008375209380234727
10500160	0.0008333333333333526
6500122	0.0008322929671243928
2100122	0.0008312551953449931
8800146	0.0008302200083022404
8800143	0.0008298755186721962
6600141	0.0008285004142501995
10600045	0.0008133387555917526
2200321	0.0008123476848090894
10600148	0.0008110300081103361
8800700	0.0008103727714748876
2200156	0.0008084074373484462
1800164	0.0008080808080808133
7700053	0.0008080808080808133
1800200	0.0008077544426494665
1800227	0.0008077544426494665
1600033	0.0008077544426494665
3600102	0.0008077544426494665
1800153	0.0008071025020177647
2800196	0.0008067769261799196
1500063	0.000803858520900369
7300278	0.0007971303308090816
2400148	0.0007968127490040056
2400134	0.0007964954201513663
2800160	0.0007883326763894472
2800187	0.0007874015748031704
2800114	0.0007858546168958425
2800123	0.0007858546168958425
2800132	0.0007858546168958425
2800105	0.0007855459544383603
2800178	0.000783085356303892
2800151	0.0007788161993769194
2800094	0.0007724990343762617
1900039	0.0007665772326561626
2400205	0.0007410151908113782
2400717	0.0007407407407407085
2900850	0.0
2900809	0.0
2900853	0.0
2900818	0.0
2900585	0.0
2900791	0.0
2900720	0.0
2900716	0.0
2900659	0.0
2900620	0.0
2900498	0.0
2900461	0.0
2900439	0.0
2900323	0.0
2900322	0.0
2900261	0.0
2900259	0.0
2900258	0.0
2900223	0.0
2900945	0.0
2900948	0.0
