5200373	inf
2900701	0.17391304347826086
5200358	0.15384615384615385
3000351	0.10810810810810811
12300218	0.1
9300150	0.0975609756097561
11300306	0.09090909090909091
5200518	0.08333333333333333
5200421	0.07272727272727272
8800419	0.07142857142857142
7000053	0.06779661016949153
7000050	0.05555555555555555
6200971	0.05405405405405406
7000108	0.05263157894736842
6200935	0.05
4900976	0.04878048780487805
6200897	0.04819277108433735
6201442	0.046511627906976744
7000041	0.045454545454545456
4900549	0.04
2900190	0.037383177570093455
8800584	0.03636363636363636
5801822	0.03361344537815126
5801754	0.03076923076923077
4201611	0.030303030303030304
1800378	0.022598870056497175
7100486	0.019230769230769232
7100490	0.018867924528301886
7100479	0.017094017094017096
7100551	0.015748031496062992
7100613	0.01568627450980392
7100549	0.015625
7100586	0.014760147601476014
7100683	0.014285714285714285
7100170	0.014234875444839857
6900503	0.014084507042253521
6900499	0.013937282229965157
6301259	0.01384083044982699
5200520	0.013745704467353952
5200517	0.013651877133105802
5200354	0.013513513513513514
7100563	0.013468013468013467
7100583	0.013468013468013467
7100400	0.013422818791946308
7100147	0.013289036544850499
1200225	0.013114754098360656
1200223	0.013029315960912053
6301244	0.012779552715654952
5301383	0.012698412698412698
6301240	0.012658227848101266
5301359	0.0125
5200345	0.012461059190031152
5200247	0.01238390092879257
5102734	0.012121212121212121
5301356	0.012084592145015106
5301330	0.012048192771084338
2900932	0.011049723756906077
2900928	0.01098901098901099
5401405	0.010638297872340425
4900444	0.010582010582010581
5401401	0.010498687664041995
9300155	0.01038961038961039
9300146	0.010178117048346057
6200866	0.009876543209876543
6201358	0.00975609756097561
7300294	0.00966183574879227
7300298	0.009174311926605505
6201653	0.008316008316008316
2900129	0.00796812749003984
6201703	0.0074487895716946
5602139	0.007326007326007326
5602137	0.007042253521126761
4901091	0.006756756756756757
5602121	0.006711409395973154
7300282	0.006611570247933884
6201681	0.006568144499178982
6201671	0.006535947712418301
10200144	0.0065252854812398045
6201662	0.006514657980456026
10200138	0.006462035541195477
10200118	0.0064516129032258064
4900685	0.006269592476489028
10700140	0.00625
10700121	0.006201550387596899
2400928	0.005934718100890208
2400938	0.005891016200294551
2400910	0.005788712011577424
6201604	0.0057553956834532375
6201594	0.005714285714285714
4900705	0.005689900426742532
10100547	0.005571030640668524
10100514	0.005571030640668524
4900725	0.005571030640668524
6201585	0.005563282336578581
12100498	0.005517241379310344
2900943	0.005427408412483039
1400260	0.005405405405405406
7800204	0.005398110661268556
7800404	0.005383580080753701
10100496	0.005326231691078562
4900817	0.005319148936170213
7800279	0.005319148936170213
7800305	0.005256241787122208
7800291	0.005242463958060288
7800194	0.005221932114882507
10100471	0.005221932114882507
3100144	0.005215123859191656
4900775	0.00516795865633075
12100496	0.005154639175257732
10100464	0.005148005148005148
12100492	0.005115089514066497
10100462	0.005063291139240506
2400985	0.005050505050505051
2401002	0.005044136191677175
4900829	0.005025125628140704
5102763	0.004932182490752158
2200133	0.004920049200492005
4900486	0.0049079754601227
4900217	0.004830917874396135
2900174	0.0048134777376654635
2900156	0.004728132387706856
4900383	0.00468384074941452
1400259	0.004629629629629629
4901169	0.004602991944764097
4901179	0.004602991944764097
4901142	0.004576659038901602
7500131	0.004576659038901602
8400082	0.004571428571428572
11900100	0.004571428571428572
7800173	0.004571428571428572
11800079	0.0045662100456621
9700803	0.0045662100456621
7800192	0.004555808656036446
11400228	0.004530011325028313
9700722	0.004530011325028313
7800587	0.004530011325028313
2200136	0.004530011325028313
9700655	0.004524886877828055
7800074	0.004524886877828055
8200172	0.004524886877828055
8200228	0.004509582863585118
11800078	0.004509582863585118
9700718	0.0045045045045045045
9700652	0.0044994375703037125
8800411	0.004454342984409799
9700796	0.004338394793926247
9700776	0.004296455424274973
11800224	0.004287245444801715
7800509	0.004282655246252677
10300131	0.004282655246252677
7800269	0.0042780748663101605
11400072	0.004273504273504274
2400983	0.004268943436499467
11800211	0.0042643923240938165
6700886	0.004259850905218318
11400181	0.004259850905218318
11900080	0.00425531914893617
11400237	0.004250797024442083
8800549	0.0042417815482502655
4900446	0.00423728813559322
8800546	0.004232804232804233
8800153	0.004223864836325237
4900434	0.004223864836325237
8200096	0.004219409282700422
8800185	0.004219409282700422
8800505	0.004214963119072708
11800050	0.004214963119072708
1900302	0.004210526315789474
11400128	0.004206098843322818
1900299	0.004206098843322818
6600095	0.0041928721174004195
11400234	0.0041797283176593526
8800336	0.0041753653444676405
6500082	0.004153686396677051
6600163	0.004149377593360996
6301236	0.004132231404958678
6301212	0.0041279669762641896
11400060	0.0041279669762641896
8800563	0.004123711340206186
5301326	0.004119464469618949
11000103	0.004119464469618949
8800502	0.004106776180698152
6700792	0.0041025641025641026
5102641	0.004098360655737705
5102626	0.0040941658137154556
8800423	0.00408997955010225
6101468	0.0040858018386108275
5102761	0.0040858018386108275
4900397	0.004081632653061225
6101463	0.004081632653061225
8800353	0.004081632653061225
5301319	0.004077471967380225
8800517	0.0040650406504065045
4901167	0.0040609137055837565
4901177	0.0040609137055837565
11800162	0.004056795131845842
4901155	0.004052684903748734
8800525	0.004036326942482341
2400979	0.004032258064516129
8800348	0.004028197381671702
9200101	0.003992015968063872
10100403	0.003968253968253968
4900112	0.003940886699507389
4900108	0.003937007874015748
2900110	0.003929273084479371
4901165	0.00390625
4901175	0.00390625
4900374	0.003902439024390244
4901138	0.0038948393378773127
4900084	0.0038797284190106693
3100118	0.003857280617164899
3100256	0.003805899143672693
12100480	0.0037243947858473
4201535	0.0036968576709796672
4201574	0.003693444136657433
1200304	0.003676470588235294
8000051	0.0035810205908683975
1100527	0.0035778175313059034
1100518	0.0035026269702276708
1100516	0.0034934497816593887
8200088	0.003427592116538132
8200192	0.003424657534246575
8200080	0.003404255319148936
2400952	0.0033085194375516956
11900054	0.0032599837000814994
8200196	0.0032599837000814994
8200212	0.003257328990228013
11400224	0.003249390739236393
8200052	0.0032336297493936943
6600092	0.0032076984763432237
10300115	0.003167062549485352
1200295	0.0030864197530864196
8300165	0.0029585798816568047
10600213	0.0028776978417266188
8800444	0.0027991602519244225
11300072	0.002795248078266946
8800167	0.0027266530334014998
2200131	0.0026595744680851063
11000056	0.002602472348731295
8800543	0.002585649644473174
2200107	0.0025624599615631004
10700134	0.002551020408163265
8800467	0.0025429116338207248
6500111	0.002526847757422615
10300082	0.0025188916876574307
11100055	0.0024906600249066002
8800561	0.0024875621890547263
4400160	0.0024737167594310453
6600078	0.0024676125848241827
4201533	0.0024615384615384616
3300196	0.0024615384615384616
4201528	0.0024600246002460025
3300180	0.00245398773006135
10700175	0.0024479804161566705
8800494	0.0024449877750611247
1200256	0.002437538086532602
10700184	0.0024330900243309003
6500131	0.0024316109422492403
1200252	0.002425712553062462
8800560	0.0024242424242424242
8800614	0.0023584905660377358
8800612	0.002355712603062426
12300235	0.002354326074161271
12300222	0.002354326074161271
12300217	0.002352941176470588
10700123	0.002302820955670697
2100077	0.002292263610315186
6500079	0.0022598870056497176
10700120	0.0022459292532285235
8800457	0.002238388360380526
10300054	0.002229654403567447
10700142	0.002224694104560623
10600221	0.002224694104560623
8800477	0.00221606648199446
10700088	0.002197802197802198
10700182	0.002188183807439825
10600233	0.002184598580010923
8800408	0.002182214948172395
10700139	0.002170374389582203
10600202	0.002150537634408602
10600197	0.002135611318739989
1200284	0.00211864406779661
8800394	0.0021130480718436345
4201541	0.002079002079002079
4201577	0.002066115702479339
1200270	0.0020629190304280558
1300051	0.002053388090349076
8800369	0.0020294266869609334
2100107	0.0019792182088075212
1400061	0.0019569471624266144
2100096	0.0019286403085824494
4201605	0.001869158878504673
1900112	0.0018091361374943465
1900098	0.0018066847335140017
2100133	0.001788109074653554
1900285	0.0017738359201773836
4201587	0.0017667844522968198
4400123	0.0017293558149589277
2400929	0.0017271157167530224
9900127	0.0017094017094017094
2400175	0.0016999575010624734
7700218	0.0016970725498515061
2401276	0.0016970725498515061
6700726	0.0016963528413910093
11000094	0.001692047377326565
2200315	0.0016877637130801688
9300055	0.001687051876845213
9400056	0.0016849199663016006
11400208	0.0016849199663016006
1900282	0.0016806722689075631
11100051	0.0016792611251049538
10300095	0.0016764459346186086
10500160	0.0016680567139282735
6500122	0.001665972511453561
2100122	0.0016638935108153079
8800146	0.0016618196925633569
8800143	0.0016611295681063123
6600141	0.001658374792703151
10600045	0.001628001628001628
2200321	0.0016260162601626016
10600148	0.0016233766233766235
8800700	0.0016220600162206002
2200156	0.0016181229773462784
1800164	0.0016174686615446825
7700053	0.0016174686615446825
3600102	0.0016168148746968471
1600033	0.0016168148746968471
1800200	0.0016168148746968471
1800227	0.0016168148746968471
1800153	0.0016155088852988692
2800196	0.0016148566814695195
1500063	0.0016090104585679806
7300278	0.0015955325089748703
2400148	0.001594896331738437
2400134	0.0015942606616181746
2800160	0.0015779092702169625
2800187	0.0015760441292356187
2800132	0.0015729453401494297
2800123	0.0015729453401494297
2800114	0.0015729453401494297
2800105	0.0015723270440251573
2800178	0.001567398119122257
2800151	0.001558846453624318
2800094	0.0015461925009663702
1900039	0.0015343306482546988
4400162	0.0014970059880239522
2400205	0.0014831294030404152
2400717	0.0014825796886582653
10700180	0.0011061946902654867
4201540	0.0008635578583765112
4201576	0.0008403361344537816
2900948	0.0
2900945	0.0
2900620	0.0
2900853	0.0
2900850	0.0
2900818	0.0
2900809	0.0
2900791	0.0
2900720	0.0
2900716	0.0
2900659	0.0
2900585	0.0
2900223	0.0
2900498	0.0
2900461	0.0
2900439	0.0
2900323	0.0
2900322	0.0
2900261	0.0
2900259	0.0
2900258	0.0
1002240	0.0
