1000457  inf
1000464  inf
1000480  inf
1000492  inf
1000521  inf
1000532  inf
1000543  inf
1000548  inf
1000553  inf
1000586  inf
1000594  inf
1000598  inf
1000621  inf
1001320  inf
1001321  inf
1001323  inf
1001324  inf
1001325  inf
1001326  inf
1001327  inf
1001328  inf
1001330  inf
1001331  inf
1001332  inf
1001333  inf
1001334  inf
1001338  inf
1001339  inf
1001342  inf
1001345  inf
1001348  inf
1001350  inf
1001353  inf
1001354  inf
1001355  inf
1001356  inf
1001358  inf
1001359  inf
1001361  inf
1001363  inf
1001364  inf
1001366  inf
1001370  inf
1001373  inf
1001374  inf
1001375  inf
1001376  inf
1001377  inf
1001379  inf
1001380  inf
1001382  inf
1001384  inf
1001386  inf
1001387  inf
1001389  inf
1001391  inf
1001393  inf
1001395  inf
1001396  inf
1001401  inf
1001403  inf
1001408  inf
1001410  inf
1001413  inf
1001416  inf
1000454  1.0
1000467  1.0
1000478  1.0
1000479  1.0
1000482  1.0
1000484  1.0
1000486  1.0
1000489  1.0
1000500  1.0
1000525  1.0
1000526  1.0
1000529  1.0
1000539  1.0
1000540  1.0
1000541  1.0
1000547  1.0
1000559  1.0
1000560  1.0
1000562  1.0
1000564  1.0
1000567  1.0
1000568  1.0
1000572  1.0
1000573  1.0
1000576  1.0
1000580  1.0
1000582  1.0
1000583  1.0
1000584  1.0
1000590  1.0
1100240  1.0
1000453  0.5
1000456  0.5
1000459  0.5
1000466  0.5
1000469  0.5
1000473  0.5
1000474  0.5
1000476  0.5
1000488  0.5
1000494  0.5
1000496  0.5
1000498  0.5
1000499  0.5
1000502  0.5
1000505  0.5
1000506  0.5
1000507  0.5
1000510  0.5
1000514  0.5
1000613  0.5
1000616  0.5
1000617  0.5
1000618  0.5
1000635  0.5
1000638  0.5
1000651  0.5
1000654  0.5
1000668  0.5
1000672  0.5
1000701  0.5
1000704  0.5
1000717  0.5
1000721  0.5
1000724  0.5
1000685  0.3333333333333333
1000688  0.3333333333333333
1001295  0.3333333333333333
1001298  0.3333333333333333
1001299  0.3333333333333333
1001303  0.3333333333333333
1100199  0.3333333333333333
1100239  0.3333333333333333
1100242  0.3333333333333333
1100243  0.3333333333333333
1100244  0.3333333333333333
1100163  0.25
1000041  0.017857142857142856
1000043  0.017857142857142856
1000045  0.017857142857142856
1000047  0.017857142857142856
1000049  0.017857142857142856
1000051  0.017857142857142856
1000053  0.017857142857142856
1000055  0.017857142857142856
1000057  0.017857142857142856
1000059  0.017857142857142856
1000061  0.017857142857142856
1000063  0.017857142857142856
1000065  0.017857142857142856
1000067  0.017857142857142856
1000069  0.017857142857142856
1000071  0.017857142857142856
1000073  0.017857142857142856
1000075  0.017857142857142856
