1000494  1.0
1000570  1.0
1000571  1.0
1000573  1.0
1000575  1.0
1000591  1.0
1000593  1.0
1000594  1.0
1000595  1.0
1000492  0.8
1000496  0.8
1000497  0.8
1000509  0.7142857142857143
1000621  0.7142857142857143
1000624  0.7142857142857143
1000625  0.7142857142857143
1000626  0.7142857142857143
1000643  0.7142857142857143
1000646  0.7142857142857143
1000488  0.6666666666666667
1000489  0.6666666666666667
1000451  0.5555555555555556
1000454  0.5555555555555556
1000458  0.5555555555555556
1000459  0.5555555555555556
1000460  0.5555555555555556
1000461  0.5555555555555556
1000466  0.5555555555555556
1000476  0.5555555555555556
1000480  0.5555555555555556
1000481  0.5555555555555556
1000485  0.5555555555555556
1000486  0.5555555555555556
1100257  0.5
1100260  0.5
1100261  0.5
1100262  0.5
1100181  0.4545454545454546
1000034  0.05747126436781613
1000036  0.05747126436781613
1000038  0.05747126436781613
1000040  0.05747126436781613
1000042  0.05747126436781613
1000044  0.05747126436781613
1000046  0.05747126436781613
1000048  0.05747126436781613
1000050  0.05747126436781613
1000052  0.05747126436781613
1000054  0.05747126436781613
1000056  0.05747126436781613
1000058  0.05747126436781613
1000060  0.05747126436781613
1000062  0.05747126436781613
1000064  0.05747126436781613
1000066  0.05747126436781613
1000068  0.05747126436781613
