1000495  1.0
1000502  1.0
1000571  1.0
2700936  1.0
2700937  1.0
2700938  1.0
2700944  1.0
1000107  0.9895285072531598
1000114  0.9895285072531598
1000432  0.9895285072531598
1000433  0.9895285072531598
1000434  0.9895285072531598
1000435  0.9895285072531598
1000437  0.9895285072531598
1000438  0.9895285072531598
1000444  0.9895285072531598
1000445  0.9895285072531598
1000447  0.9895285072531598
1000448  0.9895285072531598
1000449  0.9895285072531598
1000452  0.9895285072531598
1000453  0.9895285072531598
1000464  0.9895285072531598
1000465  0.9895285072531598
1000467  0.9895285072531598
1000468  0.9895285072531598
1000469  0.9895285072531598
1000470  0.9895285072531598
1000471  0.9895285072531598
1000472  0.9895285072531598
1000474  0.9895285072531598
1000475  0.9895285072531598
1000477  0.9895285072531598
1000478  0.9895285072531598
1000479  0.9895285072531598
1000480  0.9895285072531598
1000482  0.9895285072531598
1000483  0.9895285072531598
1000488  0.9895285072531598
1000490  0.9895285072531598
1000569  0.9895285072531598
1000570  0.9895285072531598
1000580  0.9895285072531598
1000583  0.9895285072531598
1000594  0.9895285072531598
1000596  0.9895285072531598
1000597  0.9895285072531598
1000599  0.9895285072531598
1000600  0.9895285072531598
1000603  0.9895285072531598
1000605  0.9895285072531598
1000606  0.9895285072531598
1000607  0.9895285072531598
1000608  0.9895285072531598
1000609  0.9895285072531598
1000613  0.9895285072531598
1000616  0.9895285072531598
1000618  0.9895285072531598
1000620  0.9895285072531598
1000621  0.9895285072531598
1000623  0.9895285072531598
1000631  0.9895285072531598
1000633  0.9895285072531598
1000634  0.9895285072531598
1000636  0.9895285072531598
1000641  0.9895285072531598
1000642  0.9895285072531598
1000653  0.9895285072531598
1100035  0.9895285072531598
1100041  0.9895285072531598
1100044  0.9895285072531598
1100070  0.9895285072531598
1100073  0.9895285072531598
1100076  0.9895285072531598
1100079  0.9895285072531598
1100080  0.9895285072531598
1100081  0.9895285072531598
1100082  0.9895285072531598
1100083  0.9895285072531598
1100084  0.9895285072531598
1100090  0.9895285072531598
1100158  0.9895285072531598
1200107  0.9895285072531598
1200110  0.9895285072531598
1900166  0.9895285072531598
1900167  0.9895285072531598
1900168  0.9895285072531598
1900189  0.9895285072531598
1900190  0.9895285072531598
1900191  0.9895285072531598
1900192  0.9895285072531598
1900193  0.9895285072531598
1900196  0.9895285072531598
1900198  0.9895285072531598
1000496  0.9893045053244826
1000659  0.9893045053244826
1401125  0.9893045053244826
1401126  0.9893045053244826
1401130  0.9893045053244826
1401131  0.9893045053244826
1401132  0.9893045053244826
1401138  0.9893045053244826
1000657  0.9787234042553191
1100074  0.9787234042553191
1601185  0.9787234042553191
1601186  0.9787234042553191
1601187  0.9787234042553191
1601193  0.9787234042553191
1000504  0.9784921095801633
1000506  0.9784921095801633
1000507  0.9675588936937934
2301256  0.9675588936937934
2301262  0.9675588936937934
2301263  0.9675588936937934
2301269  0.9675588936937934
1000513  0.9453131868733218
1000514  0.9453131868733218
1100077  0.9453131868733218
1000159  0.9339916624531049
1000769  0.8875694881473982
1000770  0.8875694881473982
1000772  0.8875694881473982
1000522  0.8872621047656614
1000523  0.8872621047656614
1301000  0.8755097699185569
1301001  0.8755097699185569
1301002  0.8755097699185569
1301003  0.8755097699185569
1301009  0.8755097699185569
1301010  0.8755097699185569
1301011  0.8755097699185569
1301012  0.8755097699185569
1301013  0.8755097699185569
1301015  0.8755097699185569
1301016  0.8755097699185569
1000519  0.8751899489873672
1000520  0.8751899489873672
1000525  0.8751899489873672
1000526  0.8751899489873672
1401145  0.8751899489873672
1401146  0.8751899489873672
1401152  0.8751899489873672
1401160  0.8751899489873672
1401166  0.8751899489873672
1401169  0.8751899489873672
1401171  0.8751899489873672
2700951  0.8751899489873672
2700952  0.8751899489873672
1000531  0.863282047880103
1000532  0.863282047880103
1000624  0.863282047880103
1000629  0.863282047880103
1601200  0.863282047880103
1601201  0.863282047880103
1601207  0.863282047880103
1601208  0.863282047880103
1601209  0.863282047880103
1601213  0.863282047880103
1000718  0.8629489272626915
1000757  0.8629489272626915
1401163  0.8629489272626915
1401164  0.8629489272626915
2800106  0.8629489272626915
2800109  0.8629489272626915
1000505  0.8505317485662419
1000562  0.8505317485662419
1000563  0.8505317485662419
1000565  0.8505317485662419
1000567  0.8505317485662419
2601418  0.8505317485662419
2601419  0.8505317485662419
2601428  0.8505317485662419
2601429  0.8505317485662419
2601430  0.8505317485662419
2601436  0.8505317485662419
2301276  0.8379305815963922
2301277  0.8379305815963922
2301283  0.8379305815963922
2301284  0.8379305815963922
2301285  0.8379305815963922
1000706  0.8125387457904409
1000707  0.8125387457904409
1000708  0.8125387457904409
2601443  0.41256849850351734
2601445  0.41256849850351734
2601446  0.41256849850351734
2601447  0.41256849850351734
2601452  0.41256849850351734
2601453  0.41256849850351734
2601454  0.41256849850351734
2601456  0.41256849850351734
2601460  0.41256849850351734
2601461  0.41256849850351734
2601462  0.41256849850351734
2601463  0.41256849850351734
1000655  0.3859224924939799
1801038  0.3859224924939799
1801039  0.3859224924939799
1801040  0.3859224924939799
1801046  0.3859224924939799
2601457  0.3859224924939799
1000534  0.3572948005052482
1000535  0.3572948005052482
1000509  0.3261640365267211
1000511  0.3261640365267211
2401075  0.3261640365267211
2401082  0.3261640365267211
2401083  0.3261640365267211
2401089  0.3261640365267211
1401153  0.2917299829957891
1401154  0.2917299829957891
1401156  0.2917299829957891
1401157  0.2917299829957891
1801053  0.2917299829957891
1801054  0.2917299829957891
1801060  0.2917299829957891
1801068  0.2917299829957891
2401096  0.2917299829957891
2401097  0.2917299829957891
2401103  0.2917299829957891
2401104  0.2917299829957891
2401109  0.2917299829957891
1000498  0.2526455763199557
1000500  0.2526455763199557
1000503  0.2526455763199557
1000546  0.2526455763199557
1000547  0.2526455763199557
1801062  0.2526455763199557
1801063  0.2526455763199557
1801064  0.2526455763199557
2001220  0.2526455763199557
2001226  0.2526455763199557
2001227  0.2526455763199557
2001233  0.2526455763199557
1000409  0.20628424925175867
1000410  0.20628424925175867
1000411  0.20628424925175867
1000413  0.20628424925175867
1000414  0.20628424925175867
1000415  0.20628424925175867
1000419  0.20628424925175867
1000555  0.20628424925175867
1000558  0.20628424925175867
1000560  0.20628424925175867
2001240  0.20628424925175867
2001241  0.20628424925175867
2001247  0.20628424925175867
2001248  0.20628424925175867
2001249  0.20628424925175867
2201484  0.20628424925175867
2201485  0.20628424925175867
2201486  0.20628424925175867
2201487  0.20628424925175867
2201489  0.20628424925175867
2201490  0.20628424925175867
2201491  0.20628424925175867
2201498  0.20628424925175867
2501387  0.20628424925175867
2501388  0.20628424925175867
2501390  0.20628424925175867
2501391  0.20628424925175867
2501392  0.20628424925175867
2501398  0.20628424925175867
1301023  0.1684303842133038
1301024  0.1684303842133038
1000492  0.14586499149789456
1000493  0.14586499149789456
1000556  0.14586499149789456
1000696  0.14586499149789456
2201506  0.14586499149789456
2201509  0.14586499149789456
2201510  0.14586499149789456
2201511  0.14586499149789456
2501405  0.14586499149789456
2501408  0.14586499149789456
2501410  0.14586499149789456
