1600316  inf
1600317  inf
1600318  inf
1600321  inf
1600333  inf
1600334  inf
1600337  inf
1600338  inf
1600335  9.0
1500455  2.0
1500456  2.0
1500457  2.0
1500458  2.0
1500459  2.0
1500460  2.0
1500461  2.0
1400350  0.3333333333333333
1400351  0.3333333333333333
1400352  0.3333333333333333
1600319  0.3333333333333333
1600234  0.25
1600299  0.25
1600300  0.25
1600301  0.25
1600302  0.25
1600304  0.25
1600209  0.2222222222222222
1600210  0.2222222222222222
1600197  0.14285714285714285
1600198  0.14285714285714285
1600157  0.11764705882352941
1600229  0.09142857142857143
1600232  0.09142857142857143
1600233  0.09142857142857143
1600238  0.09142857142857143
1600239  0.09142857142857143
1600240  0.09142857142857143
1600242  0.09142857142857143
1600150  0.09090909090909091
1600153  0.09090909090909091
1600154  0.09090909090909091
1600155  0.09090909090909091
1600098  0.08648648648648649
1600099  0.08648648648648649
1600100  0.08648648648648649
1600101  0.08648648648648649
1600102  0.08648648648648649
1500323  0.044444444444444446
1500189  0.031496062992125984
1500303  0.031496062992125984
1500304  0.031496062992125984
1500333  0.031496062992125984
1500334  0.031496062992125984
1500182  0.029197080291970802
1500185  0.029197080291970802
1500320  0.029197080291970802
1500322  0.029197080291970802
1500326  0.029197080291970802
1500327  0.029197080291970802
1500337  0.029197080291970802
1500339  0.029197080291970802
1500340  0.029197080291970802
1500341  0.029197080291970802
1500343  0.029197080291970802
1500095  0.028368794326241134
1500096  0.028368794326241134
1500103  0.026490066225165563
1500104  0.026490066225165563
1500105  0.026490066225165563
1500106  0.026490066225165563
1500107  0.026490066225165563
1500108  0.026490066225165563
1400233  0.015384615384615385
1400234  0.015384615384615385
1400218  0.009523809523809525
1400219  0.009523809523809525
1400220  0.009523809523809525
1400073  0.007874015748031496
1400074  0.007874015748031496
1400075  0.007874015748031496
1100170  0.005494505494505495
1100171  0.005494505494505495
1100184  0.005494505494505495
1100185  0.005494505494505495
1100192  0.005494505494505495
1000071  0.0051813471502590676
1000072  0.0051813471502590676
1000073  0.0051813471502590676
1100094  0.005050505050505051
1100095  0.005050505050505051
1100096  0.005050505050505051
1100097  0.005050505050505051
1200063  0.005050505050505051
1200064  0.005050505050505051
1200065  0.005050505050505051
