3200184  0.10927736759185791
3200112  0.10921026021242142
3200078  0.1051178053021431
3200174  0.10451579093933105
3200109  0.10238905996084213
4100591  0.10082630068063736
4100589  0.09858180582523346
1700106  0.09786976128816605
1700163  0.09752392023801804
3000070  0.09741349518299103
3900170  0.09687533229589462
1900128  0.09674814343452454
1501204  0.0963008925318718
1500911  0.09586217999458313
1501235  0.0957070142030716
4100256  0.09567362070083618
3200103  0.09566592425107956
1700114  0.09534046053886414
1501112  0.09528578817844391
1501096  0.0951753780245781
1303680  0.09501971304416656
1700159  0.09494534134864807
1700073  0.09492971003055573
1501246  0.09484481066465378
3900201  0.09472395479679108
3200105  0.09457691758871078
2900133  0.09452787041664124
4100583  0.09450384974479675
1103719  0.09449047595262527
1501230  0.09429923444986343
4100594  0.0942506417632103
2800058  0.0942268967628479
2900132  0.09415166825056076
1501342  0.09410873800516129
1501310  0.09406287223100662
1700112  0.09398164600133896
1700072  0.09377919882535934
3200095  0.0937204584479332
1501360  0.09369336813688278
1303712  0.09357906877994537
1700120  0.09348598122596741
1501361  0.09343323856592178
1501241  0.09342011064291
1700111  0.09333307296037674
4100255  0.09328321367502213
1501132  0.0932542011141777
2700108  0.09324447065591812
4100592  0.09321945160627365
1501107  0.0930810496211052
1501299  0.09305796772241592
4100599  0.0930195152759552
1700122  0.09300815314054489
2800057  0.09296673536300659
1404074  0.09295923262834549
4100602  0.0929485410451889
1501278  0.09284447133541107
4100624  0.09283390641212463
1501249  0.09280723333358765
1501239  0.09280712157487869
1700101  0.09274977445602417
4100258  0.09270107746124268
1800166  0.09268610179424286
1700116  0.09251562505960464
1500890  0.09248096495866776
1501222  0.09241251647472382
1400029  0.09230242669582367
2700109  0.09229014813899994
1501268  0.09218700230121613
1303715  0.0921703577041626
1700168  0.09206338226795197
1500899  0.09199001640081406
1800165  0.09186447411775589
1501316  0.09186258167028427
1700154  0.09181343019008636
1503319  0.09175751358270645
1501123  0.09172038733959198
2900114  0.09170493483543396
1501364  0.09167960286140442
1406150  0.09167701750993729
1700179  0.09167207777500153
1500919  0.09165659546852112
3900205  0.09158721566200256
1700107  0.09157922863960266
4100531  0.09156938642263412
1700115  0.09154488146305084
1501225  0.09149488061666489
4100595  0.09148707240819931
1800036  0.09148069471120834
4100251  0.091445691883564
1500900  0.09138812124729156
1501301  0.09138064086437225
1500866  0.09135816991329193
1503323  0.09127072989940643
1500903  0.09125977754592896
4100588  0.0911652073264122
4100090  0.09111203253269196
3200077  0.09100043773651123
1900129  0.09097073972225189
1700162  0.09084445983171463
1501305  0.0907779261469841
3200064  0.0907680094242096
4100578  0.09075237065553665
1501311  0.09074033051729202
1501236  0.09073971956968307
3900195  0.09073456376791
1700161  0.09073365479707718
1501277  0.09073255211114883
4100250  0.09072872251272202
1501250  0.09072299301624298
1500807  0.09070120751857758
1501353  0.09067676961421967
1700170  0.09059547632932663
4100598  0.09058324247598648
2900120  0.09057962149381638
4100575  0.09041331708431244
1501309  0.0904017835855484
1501359  0.09035973995923996
2900129  0.09034910798072815
1501313  0.09033647924661636
4100596  0.09031379967927933
1501314  0.09013412892818451
2900275  0.09001336246728897
3200065  0.08998395502567291
1700108  0.0899418368935585
1501304  0.08990120887756348
2900136  0.08987743407487869
1501296  0.0897970199584961
1406166  0.0897955372929573
1501279  0.0897916778922081
1501270  0.08976300060749054
4100608  0.08971968293190002
1500884  0.08969748765230179
1700156  0.0896778479218483
2900119  0.08966822922229767
1500875  0.08956199884414673
1900118  0.08956081420183182
2900121  0.08954004943370819
4100540  0.08952996134757996
1501154  0.08950743824243546
1501352  0.08948002755641937
1501328  0.08947474509477615
1501338  0.0894317626953125
1103745  0.08941450715065002
1700109  0.08940470963716507
1500826  0.08937802165746689
1501324  0.08930572122335434
4100253  0.0892169177532196
1501245  0.089214026927948
1501260  0.08921260386705399
1501318  0.08920843154191971
1700113  0.08916905522346497
1500922  0.08915041387081146
1406142  0.08914370834827423
4100071  0.08909153193235397
1500882  0.08902383595705032
1501273  0.08899310231208801
2700110  0.08893848955631256
1501106  0.08893640339374542
1406174  0.08890113234519958
1501349  0.08881054818630219
3200102  0.0887889415025711
4100573  0.08878084272146225
4100539  0.08877366781234741
4100574  0.08871584385633469
4100601  0.08870718628168106
1501320  0.0886993482708931
1700099  0.08868259936571121
4100572  0.0886208787560463
1900115  0.08858897536993027
1501232  0.08857400715351105
1500874  0.08856389671564102
1501254  0.08828769624233246
2900134  0.08809457719326019
4100580  0.08808396756649017
4100631  0.08808228373527527
1501218  0.08806952834129333
1501242  0.0880378857254982
1501244  0.08800426870584488
1501223  0.08798756450414658
1500931  0.08797866851091385
1501134  0.08797749131917953
4100582  0.08793317526578903
1501253  0.08792852610349655
1700169  0.0878884419798851
2900049  0.08786650002002716
1603766  0.08786637336015701
1700100  0.08785367757081985
4100246  0.08782174438238144
1800037  0.08776906132698059
1500925  0.08767405897378922
1501215  0.08763501793146133
3200104  0.0876183956861496
1501300  0.0875849649310112
2900130  0.08757791668176651
2900108  0.08752662688493729
1501274  0.0874282568693161
4100534  0.08735953271389008
4100593  0.08732805401086807
1501319  0.08731769770383835
1501321  0.08729862421751022
4100597  0.08723197132349014
4100586  0.08718839287757874
1501346  0.08715416491031647
4100576  0.08707106858491898
1603768  0.0870433896780014
1501220  0.08697663992643356
3200096  0.08697526156902313
1700102  0.08692176640033722
2900110  0.08690785616636276
2900131  0.08689030259847641
1501348  0.08687642216682434
4100604  0.08687380701303482
1501224  0.08686931431293488
3000055  0.08685639500617981
1501237  0.08680221438407898
1700094  0.08677294850349426
1501308  0.08668754249811172
2900088  0.08660832047462463
1501325  0.0866052657365799
1501269  0.0865764319896698
1500901  0.08655548840761185
1501297  0.08651699870824814
1501259  0.08649913966655731
3000050  0.08645594120025635
1501315  0.08643469214439392
4100627  0.08641641587018967
1503310  0.08639296889305115
4100584  0.08629704266786575
4100248  0.08617830276489258
1501255  0.08617556840181351
1401535  0.08616819977760315
4100590  0.08606740087270737
4100577  0.08592335134744644
1700180  0.08592168241739273
1501109  0.08586801588535309
4100252  0.08585409075021744
1500883  0.0858498066663742
1603752  0.08580998331308365
1403043  0.08579550683498383
1700110  0.08567830920219421
1700155  0.08553668856620789
1500902  0.08544982224702835
2900067  0.0854305624961853
4100254  0.08539596199989319
2900086  0.08520788699388504
1501217  0.08518383651971817
1501303  0.08514787256717682
1103748  0.08509511500597
1501365  0.0850878357887268
1501226  0.0850597396492958
1503315  0.08496246486902237
4100587  0.08496104180812836
2900051  0.0849071517586708
1503314  0.08484075218439102
1500910  0.08451110869646072
1500917  0.08443692326545715
2900065  0.08417246490716934
3000072  0.08407082408666611
1501276  0.08399836719036102
1501229  0.08387569338083267
1501275  0.08377381414175034
1303713  0.08375635743141174
1501298  0.08371809124946594
1405103  0.08370965719223022
1501251  0.0836932361125946
1700164  0.08361214399337769
3000071  0.08337462693452835
1501323  0.08333538472652435
1500864  0.08328957110643387
4100581  0.08311202377080917
1501155  0.08289860934019089
1503306  0.0827811062335968
1501306  0.08270236849784851
1501231  0.08219462633132935
2900118  0.08213502168655396
1501351  0.08194412291049957
1406158  0.08166157454252243
1103746  0.08072240650653839
2900258  0.08068221062421799
1800035  0.08055014908313751
1500216  0.07903379946947098
1500196  0.07654905319213867
1500113  0.07564901560544968
1500126  0.07434239983558655
1500254  0.07420594245195389
1500275  0.07322334498167038
1500177  0.0720779150724411
1500235  0.07181085646152496
1500286  0.07152272760868073
1500283  0.07091153413057327
1500139  0.07023093849420547
1500158  0.06895586848258972
