2800245  1.0
2800246  1.0
2800247  1.0
2800248  1.0
2800249  1.0
2800250  1.0
2800253  1.0
2800254  1.0
2800255  1.0
2800256  1.0
2800257  1.0
2800258  1.0
2800259  1.0
2800260  1.0
2800263  1.0
2800266  1.0
2800267  1.0
2800268  1.0
2800270  1.0
2800273  1.0
2800274  1.0
2800275  1.0
2800786  1.0
2800787  1.0
2800788  1.0
2800789  1.0
2800790  1.0
2800791  1.0
2800793  1.0
2800797  1.0
2800800  1.0
2800801  1.0
2800802  1.0
2800803  1.0
2800804  1.0
2800805  1.0
2800806  1.0
2800808  1.0
2800812  1.0
2800813  1.0
2800814  1.0
2800817  1.0
2800821  1.0
2800822  1.0
2800823  1.0
2800826  1.0
2800827  1.0
2800828  1.0
2800829  1.0
2800832  1.0
2800833  1.0
2800836  1.0
2900173  0.9903379376602871
2900176  0.9903379376602871
2900184  0.9903379376602871
2900185  0.9903379376602871
2900186  0.9903379376602871
2900190  0.9903379376602871
2900191  0.9903379376602871
2900192  0.9903379376602871
2900193  0.9903379376602871
2900194  0.9903379376602871
2900197  0.9903379376602871
2900208  0.9903379376602871
2900212  0.9903379376602871
2900213  0.9903379376602871
2900217  0.9903379376602871
2900218  0.9903379376602871
2900219  0.9903379376602871
2900220  0.9903379376602871
2900221  0.9903379376602871
2900222  0.9903379376602871
2900223  0.9903379376602871
2900225  0.9903379376602871
2900227  0.9903379376602871
2900322  0.9903379376602871
2900328  0.9903379376602871
2900329  0.9903379376602871
2900330  0.9903379376602871
2900333  0.9903379376602871
2900334  0.9903379376602871
2900335  0.9903379376602871
2900336  0.9903379376602871
2900337  0.9903379376602871
2900338  0.9903379376602871
2900341  0.9903379376602871
2900342  0.9903379376602871
2900343  0.9903379376602871
2900345  0.9903379376602871
2900347  0.9903379376602871
3100046  0.9903379376602871
3100047  0.9903379376602871
3100048  0.9903379376602871
3100049  0.9903379376602871
2800278  0.9901475429766743
2800281  0.9901475429766743
2800282  0.9901475429766743
2800283  0.9901475429766743
2800286  0.9901475429766743
2800290  0.9901475429766743
2800291  0.9901475429766743
2800292  0.9901475429766743
2800293  0.9901475429766743
2800296  0.9901475429766743
2800297  0.9901475429766743
2800298  0.9901475429766743
2800300  0.9901475429766743
2800303  0.9901475429766743
2800308  0.9901475429766743
2800309  0.9901475429766743
2800310  0.9901475429766743
2800311  0.9901475429766743
2800312  0.9901475429766743
2800313  0.9901475429766743
2800314  0.9901475429766743
2800315  0.9901475429766743
2800316  0.9901475429766743
2800318  0.9901475429766743
2800322  0.9901475429766743
2800328  0.9901475429766743
2800329  0.9901475429766743
2800333  0.9901475429766743
2800336  0.9901475429766743
2800337  0.9901475429766743
2800338  0.9901475429766743
2800340  0.9901475429766743
2800341  0.9901475429766743
2800342  0.9901475429766743
2800343  0.9901475429766743
2800346  0.9901475429766743
2800349  0.9901475429766743
2800350  0.9901475429766743
2800351  0.9901475429766743
2800352  0.9901475429766743
2800353  0.9901475429766743
2800354  0.9901475429766743
2800355  0.9901475429766743
2800357  0.9901475429766743
2800359  0.9901475429766743
2800360  0.9901475429766743
2800364  0.9901475429766743
2800365  0.9901475429766743
2800368  0.9901475429766743
2800369  0.9901475429766743
2800370  0.9901475429766743
2800371  0.9901475429766743
2800376  0.9901475429766743
2800377  0.9901475429766743
2800378  0.9901475429766743
2800379  0.9901475429766743
2800380  0.9901475429766743
2800381  0.9901475429766743
2800384  0.9901475429766743
2800385  0.9901475429766743
2800386  0.9901475429766743
2800388  0.9901475429766743
2800389  0.9901475429766743
2800390  0.9901475429766743
2800391  0.9901475429766743
2800392  0.9901475429766743
2800395  0.9901475429766743
2800398  0.9901475429766743
2800407  0.9901475429766743
2800408  0.9901475429766743
2800412  0.9901475429766743
2800414  0.9901475429766743
2800415  0.9901475429766743
2800416  0.9901475429766743
2800417  0.9901475429766743
2800418  0.9901475429766743
2800420  0.9901475429766743
2800435  0.9901475429766743
2800449  0.9901475429766743
2800452  0.9901475429766743
2800455  0.9901475429766743
2800460  0.9901475429766743
2800462  0.9901475429766743
2800493  0.9901475429766743
2800494  0.9901475429766743
2800496  0.9901475429766743
2800499  0.9901475429766743
2800500  0.9901475429766743
2800501  0.9901475429766743
2800502  0.9901475429766743
2800505  0.9901475429766743
2800510  0.9901475429766743
2800511  0.9901475429766743
2800512  0.9901475429766743
2800513  0.9901475429766743
2800514  0.9901475429766743
2800515  0.9901475429766743
2800517  0.9901475429766743
2800518  0.9901475429766743
2800519  0.9901475429766743
2800859  0.9901475429766743
2800860  0.9901475429766743
2800861  0.9901475429766743
2800862  0.9901475429766743
2800863  0.9901475429766743
2800865  0.9901475429766743
2800866  0.9901475429766743
2800867  0.9901475429766743
2800870  0.9901475429766743
2800166  0.9809506363438459
2800169  0.9809506363438459
2800172  0.9809506363438459
2800173  0.9809506363438459
2800174  0.9809506363438459
2800175  0.9809506363438459
2800176  0.9809506363438459
2800177  0.9809506363438459
2800179  0.9809506363438459
2800191  0.9809506363438459
2800192  0.9809506363438459
2800201  0.9809506363438459
2800202  0.9809506363438459
2800212  0.9809506363438459
2800213  0.9809506363438459
2800223  0.9809506363438459
2800224  0.9809506363438459
2800236  0.9809506363438459
2800237  0.9809506363438459
2800436  0.9801960588196068
2800520  0.9801960588196068
2800521  0.9801960588196068
2800837  0.9801960588196068
2800838  0.9801960588196068
2800839  0.9801960588196068
2800841  0.9801960588196068
2800842  0.9801960588196068
2800843  0.9801960588196068
2900116  0.97182531580755
2900117  0.97182531580755
2900118  0.97182531580755
2900119  0.97182531580755
2900120  0.97182531580755
2900124  0.97182531580755
2900125  0.97182531580755
2900139  0.97182531580755
2900140  0.97182531580755
2900159  0.97182531580755
2900160  0.97182531580755
3200050  0.97182531580755
3200051  0.97182531580755
3200052  0.97182531580755
3200053  0.97182531580755
2800503  0.9599836599916586
2800849  0.949716159867634
2800851  0.949716159867634
3100081  0.863474513401593
2800440  0.8631906158060838
2900240  0.8043996665398437
2900250  0.8043996665398437
2800399  0.7140055472954167
2800401  0.7140055472954167
2800404  0.7140055472954167
2800405  0.7140055472954167
2800406  0.7140055472954167
2800528  0.7001400420140049
2800529  0.7001400420140049
2800549  0.7001400420140049
2800550  0.7001400420140049
2800551  0.7001400420140049
2800552  0.7001400420140049
2800553  0.7001400420140049
2800554  0.7001400420140049
2800556  0.7001400420140049
2800557  0.7001400420140049
2800559  0.7001400420140049
2800560  0.7001400420140049
2800561  0.7001400420140049
2800568  0.7001400420140049
2800569  0.7001400420140049
2800573  0.7001400420140049
2800576  0.7001400420140049
2800579  0.7001400420140049
2800580  0.7001400420140049
2800581  0.7001400420140049
2800582  0.7001400420140049
2800584  0.7001400420140049
2800586  0.7001400420140049
2800587  0.7001400420140049
2800588  0.7001400420140049
2800589  0.7001400420140049
2800590  0.7001400420140049
2800591  0.7001400420140049
2800593  0.7001400420140049
2800594  0.7001400420140049
2800595  0.7001400420140049
2800599  0.7001400420140049
2800601  0.7001400420140049
2800662  0.7001400420140049
2800663  0.7001400420140049
2800664  0.7001400420140049
2800665  0.7001400420140049
2800667  0.7001400420140049
2800668  0.7001400420140049
2800672  0.7001400420140049
2800676  0.7001400420140049
2800677  0.7001400420140049
2800678  0.7001400420140049
2800679  0.7001400420140049
2800681  0.7001400420140049
2800686  0.7001400420140049
2800687  0.7001400420140049
2800688  0.7001400420140049
2800692  0.7001400420140049
2800696  0.7001400420140049
2800697  0.7001400420140049
2800702  0.7001400420140049
2800703  0.7001400420140049
2800704  0.7001400420140049
2800709  0.7001400420140049
2800710  0.7001400420140049
2800711  0.7001400420140049
2800712  0.7001400420140049
2800715  0.7001400420140049
2800716  0.7001400420140049
2800717  0.7001400420140049
2800718  0.7001400420140049
2800719  0.7001400420140049
2800727  0.7001400420140049
2800728  0.7001400420140049
2800734  0.7001400420140049
2800735  0.7001400420140049
2800736  0.7001400420140049
2800739  0.7001400420140049
2800743  0.7001400420140049
2800744  0.7001400420140049
2800745  0.7001400420140049
2800746  0.7001400420140049
2800747  0.7001400420140049
2800748  0.7001400420140049
2800750  0.7001400420140049
2800755  0.7001400420140049
2800756  0.7001400420140049
2800759  0.7001400420140049
2800426  0.6859943405700354
2800427  0.6859943405700354
2800428  0.6859943405700354
2800429  0.6859943405700354
2800431  0.6859943405700354
2800432  0.6859943405700354
2800433  0.6859943405700354
2800530  0.6715507368448513
2800531  0.6715507368448513
2800532  0.6715507368448513
2800534  0.6715507368448513
2800535  0.6715507368448513
2800536  0.6715507368448513
2800537  0.6715507368448513
2800538  0.6715507368448513
2800539  0.6715507368448513
2800541  0.6715507368448513
2800542  0.6715507368448513
2800543  0.6715507368448513
2800545  0.6715507368448513
2800698  0.6715507368448513
2800699  0.6715507368448513
2800700  0.6715507368448513
2800701  0.6715507368448513
2800605  0.641688947919748
2800606  0.641688947919748
2800607  0.641688947919748
2800609  0.641688947919748
2800610  0.641688947919748
2800611  0.641688947919748
2800612  0.641688947919748
2800613  0.641688947919748
2800614  0.641688947919748
2800617  0.641688947919748
2800618  0.641688947919748
2800619  0.641688947919748
2800620  0.641688947919748
2800622  0.641688947919748
2800625  0.641688947919748
2800632  0.641688947919748
2800626  0.5940885257860046
2800627  0.5940885257860046
2800628  0.5940885257860046
2800402  0.5601120336112039
