20600076  1.0
13100043  0.09090909090909094
19200164  0.09090909090909094
19200165  0.09090909090909094
19200166  0.09090909090909094
17900080  0.021818181818181848
17900103  0.021818181818181848
17900104  0.021818181818181848
11200047  0.013043478260869601
11200044  0.012903225806451646
13300019  0.01273885350318471
13300020  0.01273885350318471
13300021  0.01273885350318471
9000033  0.012345679012345734
14300035  0.012345679012345734
14300036  0.012345679012345734
14300037  0.012345679012345734
24101122  0.011928429423459286
21500060  0.011741682974559686
14100032  0.01151631477927062
12900024  0.011494252873563204
15700067  0.011494252873563204
16400035  0.01147227533460804
4700039  0.011342155009451793
20600072  0.011342155009451793
20600064  0.011049723756906049
2600037  0.010362694300518172
4700018  0.010362694300518172
4700022  0.010362694300518172
15900045  0.010238907849829393
15900046  0.010238907849829393
18700093  0.010238907849829393
18700100  0.010238907849829393
18700101  0.010238907849829393
15900085  0.01016949152542368
15900087  0.01016949152542368
16900077  0.01016949152542368
10900020  0.009933774834437137
10900021  0.009933774834437137
10900032  0.009933774834437137
10900033  0.009933774834437137
10900038  0.009933774834437137
2600025  0.009677419354838679
18700087  0.009661835748792313
18700089  0.009661835748792313
2600041  0.009615384615384581
4000018  0.009615384615384581
4000013  0.009600000000000053
4000014  0.009600000000000053
4000015  0.009600000000000053
5500014  0.009600000000000053
9000029  0.009600000000000053
9000030  0.009600000000000053
13100019  0.009600000000000053
13100020  0.009600000000000053
13100021  0.009600000000000053
14300031  0.009600000000000053
14300032  0.009600000000000053
18600075  0.009600000000000053
18600082  0.009600000000000053
18700082  0.009600000000000053
18700083  0.009600000000000053
18700084  0.009600000000000053
16400029  0.009538950715421324
16400030  0.009538950715421324
16400031  0.009538950715421324
18100038  0.009538950715421324
18100039  0.009538950715421324
18100040  0.009538950715421324
18100049  0.009538950715421324
18100056  0.009538950715421324
18600061  0.009538950715421324
15900077  0.00952380952380949
15900078  0.00952380952380949
14300055  0.009508716323296307
11400024  0.009463722397476393
11400025  0.009463722397476393
11400026  0.009463722397476393
11400027  0.009463722397476393
15900040  0.009404388714733591
15900041  0.009404388714733591
15900042  0.009404388714733591
15400041  0.009360374414976613
18700064  0.009345794392523366
18700067  0.009345794392523366
18700059  0.009316770186335366
18700057  0.009273570324574987
9000041  0.009244992295839749
14300054  0.009230769230769265
11600024  0.009188361408882129
11600026  0.009188361408882129
11600027  0.009188361408882129
11600038  0.009188361408882129
1300009  0.009160305343511421
1300012  0.009160305343511421
4600019  0.009160305343511421
4600020  0.009160305343511421
4600021  0.009160305343511421
4600022  0.009160305343511421
4600023  0.009160305343511421
4600024  0.009160305343511421
4600025  0.009160305343511421
4600026  0.009160305343511421
4600031  0.009160305343511421
4600032  0.009160305343511421
4600037  0.009160305343511421
4600041  0.009160305343511421
4600044  0.009160305343511421
9800017  0.009160305343511421
9800018  0.009160305343511421
9800019  0.009160305343511421
11600023  0.009160305343511421
11600031  0.009160305343511421
11700018  0.009160305343511421
11700019  0.009160305343511421
11700021  0.009160305343511421
11700022  0.009160305343511421
11700023  0.009160305343511421
15400040  0.009160305343511421
18600054  0.009160305343511421
18600055  0.009160305343511421
18600057  0.009160305343511421
18600059  0.009160305343511421
18600060  0.009160305343511421
18600050  0.009146341463414642
18700048  0.009146341463414642
20800062  0.009146341463414642
1200007  0.0091324200913242
18600073  0.0091324200913242
18600079  0.0091324200913242
4700034  0.00911854103343468
15900099  0.00911854103343468
18200049  0.00911854103343468
18600048  0.00911854103343468
2600011  0.009090909090909038
2600015  0.009090909090909038
2600016  0.009090909090909038
2600017  0.009090909090909038
2600018  0.009090909090909038
9000069  0.009049773755656076
4700028  0.008784773060029227
18600046  0.008784773060029227
20500055  0.008595988538681931
18200034  0.008547008547008517
18200031  0.008415147265077194
18200032  0.008415147265077194
18200033  0.008415147265077194
18200038  0.008415147265077194
11200042  0.008379888268156388
11200043  0.008379888268156388
11200050  0.008379888268156388
11200023  0.008287292817679592
19900058  0.008287292817679592
19900062  0.008196721311475419
15900121  0.008000000000000007
11400040  0.007978723404255317
11400041  0.007978723404255317
11400042  0.007978723404255317
11400044  0.007978723404255317
11200022  0.007751937984496138
19900043  0.007751937984496138
19900044  0.007751937984496138
19900045  0.007751937984496138
19900046  0.007751937984496138
19900047  0.007751937984496138
19900048  0.007751937984496138
19900049  0.007751937984496138
19900050  0.007751937984496138
19900051  0.007751937984496138
3200017  0.007672634271099765
3200016  0.0075949367088608
3200019  0.0075949367088608
13500019  0.007499999999999951
13500020  0.007499999999999951
13500022  0.007499999999999951
13500023  0.007499999999999951
13500024  0.007499999999999951
13500025  0.007499999999999951
3200014  0.007109004739336511
3200015  0.007109004739336511
3200020  0.007109004739336511
15700026  0.006756756756756799
1400008  0.006651884700665134
1800012  0.006651884700665134
10300017  0.006651884700665134
10300021  0.006651884700665134
21100102  0.006651884700665134
5600042  0.006269592476489061
5900038  0.006269592476489061
8400016  0.006269592476489061
8800016  0.006269592476489061
9700017  0.006269592476489061
9700020  0.006269592476489061
9700026  0.006269592476489061
10100017  0.006269592476489061
14100039  0.006269592476489061
15100022  0.006269592476489061
15100032  0.006269592476489061
15100033  0.006269592476489061
15100034  0.006269592476489061
15100035  0.006269592476489061
15100047  0.006269592476489061
15100048  0.006269592476489061
15100056  0.006269592476489061
15100057  0.006269592476489061
15100066  0.006269592476489061
15700055  0.006269592476489061
16300023  0.006269592476489061
16300024  0.006269592476489061
16300025  0.006269592476489061
16300055  0.006269592476489061
16300056  0.006269592476489061
16300057  0.006269592476489061
16300060  0.006269592476489061
16300061  0.006269592476489061
16300062  0.006269592476489061
16300063  0.006269592476489061
16300065  0.006269592476489061
16300068  0.006269592476489061
16300069  0.006269592476489061
16300071  0.006269592476489061
16300073  0.006269592476489061
16300075  0.006269592476489061
16300077  0.006269592476489061
16300090  0.006269592476489061
16300091  0.006269592476489061
16300092  0.006269592476489061
16300094  0.006269592476489061
16300095  0.006269592476489061
16300096  0.006269592476489061
16300097  0.006269592476489061
16300100  0.006269592476489061
16300101  0.006269592476489061
16800048  0.006269592476489061
17500028  0.006269592476489061
17800029  0.006269592476489061
17800030  0.006269592476489061
17800031  0.006269592476489061
17800040  0.006269592476489061
17800041  0.006269592476489061
17800049  0.006269592476489061
17800050  0.006269592476489061
17800051  0.006269592476489061
17800058  0.006269592476489061
18000030  0.006269592476489061
18000032  0.006269592476489061
18000033  0.006269592476489061
18000034  0.006269592476489061
18000035  0.006269592476489061
18000036  0.006269592476489061
18000058  0.006269592476489061
18000059  0.006269592476489061
18000062  0.006269592476489061
18000063  0.006269592476489061
18000079  0.006269592476489061
19300039  0.006269592476489061
19300047  0.006269592476489061
19300048  0.006269592476489061
19300075  0.006269592476489061
20900086  0.006269592476489061
20900087  0.006269592476489061
21700090  0.006269592476489061
21700094  0.006269592476489061
21700095  0.006269592476489061
21700098  0.006269592476489061
21700101  0.006269592476489061
21700102  0.006269592476489061
21700103  0.006269592476489061
21700108  0.006269592476489061
21700109  0.006269592476489061
21700112  0.006269592476489061
21700114  0.006269592476489061
21700117  0.006269592476489061
8600016  0.006256517205422307
8600018  0.006256517205422307
8600019  0.006256517205422307
8600020  0.006256517205422307
8700016  0.006256517205422307
8700017  0.006256517205422307
8700018  0.006256517205422307
15200022  0.006256517205422307
19800042  0.006256517205422307
20900076  0.006256517205422307
20900077  0.006256517205422307
20900081  0.006256517205422307
20900082  0.006256517205422307
21400059  0.006256517205422307
21400061  0.006256517205422307
21400062  0.006256517205422307
21600064  0.006256517205422307
22400133  0.006256517205422307
5600041  0.00624349635796051
5600044  0.00624349635796051
5600046  0.00624349635796051
20900071  0.00624349635796051
20900072  0.00624349635796051
20900091  0.00624349635796051
20900095  0.00624349635796051
3100025  0.006237006237006182
20900067  0.006237006237006182
20900068  0.006237006237006182
3100021  0.006230529595015577
3100022  0.006230529595015577
18400124  0.006224066390041472
18400132  0.006224066390041472
18400133  0.006224066390041472
18400134  0.006224066390041472
18400138  0.006224066390041472
20900066  0.006224066390041472
4900020  0.006217616580310836
5600014  0.006217616580310836
13900020  0.006217616580310836
19100037  0.006217616580310836
19100038  0.006217616580310836
19100041  0.006217616580310836
20900055  0.006217616580310836
20900056  0.006217616580310836
20900058  0.006217616580310836
20900059  0.006217616580310836
20900065  0.006217616580310836
9000049  0.006198347107438051
9000050  0.006198347107438051
14300069  0.006191950464396245
14300072  0.006191950464396245
14300077  0.006191950464396245
24101245  0.006191950464396245
18400146  0.006185567010309256
18400150  0.006185567010309256
18400151  0.006185567010309256
18400152  0.006185567010309256
18400156  0.006185567010309256
18400032  0.006160164271047264
18400034  0.006160164271047264
3100017  0.006153846153846176
3100014  0.006147540983606592
11400018  0.006048387096774244
11400021  0.006048387096774244
20500053  0.006048387096774244
1900009  0.0060422960725075026
1900011  0.0060422960725075026
1900015  0.0060422960725075026
4100013  0.0060422960725075026
4100016  0.0060422960725075026
4100017  0.0060422960725075026
4100018  0.0060422960725075026
4100020  0.0060422960725075026
4600013  0.0060422960725075026
5900065  0.0060422960725075026
6700015  0.0060422960725075026
6700018  0.0060422960725075026
9000073  0.0060422960725075026
9000074  0.0060422960725075026
10900018  0.0060422960725075026
10900019  0.0060422960725075026
10900025  0.0060422960725075026
11600018  0.0060422960725075026
13000024  0.0060422960725075026
13000028  0.0060422960725075026
13000030  0.0060422960725075026
13000031  0.0060422960725075026
13000032  0.0060422960725075026
13000040  0.0060422960725075026
13000044  0.0060422960725075026
13000049  0.0060422960725075026
13000053  0.0060422960725075026
13000055  0.0060422960725075026
13000059  0.0060422960725075026
13000063  0.0060422960725075026
13000064  0.0060422960725075026
13000066  0.0060422960725075026
13400022  0.0060422960725075026
13400023  0.0060422960725075026
13400024  0.0060422960725075026
13400029  0.0060422960725075026
13400033  0.0060422960725075026
14700030  0.0060422960725075026
14700032  0.0060422960725075026
14700034  0.0060422960725075026
14700035  0.0060422960725075026
14700039  0.0060422960725075026
15700063  0.0060422960725075026
15900023  0.0060422960725075026
15900027  0.0060422960725075026
15900029  0.0060422960725075026
15900034  0.0060422960725075026
15900035  0.0060422960725075026
15900036  0.0060422960725075026
15900037  0.0060422960725075026
15900137  0.0060422960725075026
16400024  0.0060422960725075026
16400025  0.0060422960725075026
16400026  0.0060422960725075026
16900038  0.0060422960725075026
16900039  0.0060422960725075026
16900040  0.0060422960725075026
16900041  0.0060422960725075026
16900042  0.0060422960725075026
16900043  0.0060422960725075026
16900044  0.0060422960725075026
16900045  0.0060422960725075026
16900046  0.0060422960725075026
16900047  0.0060422960725075026
16900048  0.0060422960725075026
16900051  0.0060422960725075026
16900055  0.0060422960725075026
16900056  0.0060422960725075026
16900060  0.0060422960725075026
16900064  0.0060422960725075026
16900065  0.0060422960725075026
16900069  0.0060422960725075026
16900073  0.0060422960725075026
16900085  0.0060422960725075026
16900086  0.0060422960725075026
16900094  0.0060422960725075026
16900098  0.0060422960725075026
16900102  0.0060422960725075026
17300141  0.0060422960725075026
17300154  0.0060422960725075026
17300156  0.0060422960725075026
17300157  0.0060422960725075026
17300158  0.0060422960725075026
17300159  0.0060422960725075026
17300160  0.0060422960725075026
17300164  0.0060422960725075026
17300165  0.0060422960725075026
17300168  0.0060422960725075026
17900029  0.0060422960725075026
17900031  0.0060422960725075026
17900036  0.0060422960725075026
17900038  0.0060422960725075026
17900045  0.0060422960725075026
17900052  0.0060422960725075026
17900056  0.0060422960725075026
17900057  0.0060422960725075026
17900059  0.0060422960725075026
17900060  0.0060422960725075026
17900061  0.0060422960725075026
17900062  0.0060422960725075026
17900074  0.0060422960725075026
17900079  0.0060422960725075026
17900082  0.0060422960725075026
17900085  0.0060422960725075026
17900089  0.0060422960725075026
17900096  0.0060422960725075026
17900097  0.0060422960725075026
17900098  0.0060422960725075026
17900099  0.0060422960725075026
17900106  0.0060422960725075026
17900107  0.0060422960725075026
17900108  0.0060422960725075026
17900111  0.0060422960725075026
17900114  0.0060422960725075026
17900117  0.0060422960725075026
17900135  0.0060422960725075026
17900136  0.0060422960725075026
17900137  0.0060422960725075026
17900141  0.0060422960725075026
17900142  0.0060422960725075026
17900143  0.0060422960725075026
17900144  0.0060422960725075026
18100031  0.0060422960725075026
18100032  0.0060422960725075026
18100033  0.0060422960725075026
18100034  0.0060422960725075026
18600034  0.0060422960725075026
18600035  0.0060422960725075026
18600037  0.0060422960725075026
18600039  0.0060422960725075026
18600040  0.0060422960725075026
18600041  0.0060422960725075026
18600042  0.0060422960725075026
18700035  0.0060422960725075026
18700036  0.0060422960725075026
18700040  0.0060422960725075026
18700041  0.0060422960725075026
18700042  0.0060422960725075026
18700043  0.0060422960725075026
18700044  0.0060422960725075026
18700045  0.0060422960725075026
19200054  0.0060422960725075026
19200055  0.0060422960725075026
19200056  0.0060422960725075026
19200057  0.0060422960725075026
20100047  0.0060422960725075026
20800055  0.0060422960725075026
20800058  0.0060422960725075026
20800059  0.0060422960725075026
20800161  0.0060422960725075026
20800166  0.0060422960725075026
20800414  0.0060422960725075026
22000094  0.0060422960725075026
5900058  0.006036217303822977
14300114  0.006036217303822977
14300117  0.006036217303822977
14300118  0.006036217303822977
16900090  0.006036217303822977
17300149  0.006036217303822977
5900034  0.0060301507537688925
5900037  0.0060301507537688925
17300065  0.0060301507537688925
17300148  0.0060301507537688925
5900014  0.0060240963855421326
5900016  0.0060240963855421326
5900019  0.0060240963855421326
5900022  0.0060240963855421326
5900025  0.0060240963855421326
5900029  0.0060240963855421326
17300061  0.0060240963855421326
17300145  0.0060240963855421326
17300147  0.0060240963855421326
19200048  0.0060240963855421326
19200053  0.0060240963855421326
14700026  0.006012024048096198
24102209  0.006006006006005982
1600008  0.005994005994006013
1600009  0.005994005994006013
1600014  0.005994005994006013
1600019  0.005994005994006013
1600024  0.005994005994006013
16900026  0.005994005994006013
16900031  0.005994005994006013
16900032  0.005994005994006013
16900035  0.005994005994006013
17300027  0.005994005994006013
17300079  0.005994005994006013
17300080  0.005994005994006013
17300083  0.005994005994006013
12900019  0.005970149253731294
16700025  0.005970149253731294
16700034  0.005970149253731294
16700043  0.005970149253731294
16700052  0.005970149253731294
16700062  0.005970149253731294
16700071  0.005970149253731294
16700076  0.005970149253731294
16700077  0.005970149253731294
16700078  0.005970149253731294
16700081  0.005970149253731294
18500032  0.005970149253731294
18900036  0.005970149253731294
18900040  0.005970149253731294
18900055  0.005970149253731294
19400040  0.005970149253731294
19400044  0.005970149253731294
19400045  0.005970149253731294
22200107  0.005970149253731294
24100934  0.005970149253731294
24100945  0.005970149253731294
24100977  0.005970149253731294
24100990  0.005970149253731294
24101077  0.005970149253731294
24101111  0.005970149253731294
5400014  0.005952380952380931
5400017  0.005952380952380931
5400018  0.005952380952380931
19200037  0.005952380952380931
19200039  0.005952380952380931
19200040  0.005952380952380931
19200041  0.005952380952380931
20200048  0.005940594059405946
20200051  0.005940594059405946
4700013  0.005928853754940677
20600054  0.005928853754940677
20600057  0.005928853754940677
20600058  0.005928853754940677
9000022  0.005825242718446644
9000023  0.005825242718446644
9000025  0.005825242718446644
14300020  0.005825242718446644
14300022  0.005825242718446644
14300023  0.005825242718446644
14300027  0.005825242718446644
14300082  0.005825242718446644
14300084  0.005825242718446644
14300090  0.005825242718446644
14300091  0.005825242718446644
14300110  0.005825242718446644
15400022  0.005825242718446644
15400026  0.005825242718446644
15400112  0.005825242718446644
15400117  0.005825242718446644
15700047  0.005825242718446644
15700048  0.005825242718446644
9000016  0.005797101449275366
9000019  0.005797101449275366
14700021  0.005797101449275366
14700023  0.005797101449275366
20300049  0.005797101449275366
21100097  0.005797101449275366
1800009  0.0057636887608069065
13400019  0.0057636887608069065
14100020  0.0057636887608069065
15700022  0.0057636887608069065
15700029  0.0057636887608069065
15700031  0.0057636887608069065
15700032  0.0057636887608069065
15700034  0.0057636887608069065
15700037  0.0057636887608069065
15700038  0.0057636887608069065
15700039  0.0057636887608069065
15700040  0.0057636887608069065
21100056  0.0057636887608069065
21100063  0.0057636887608069065
21100064  0.0057636887608069065
21100075  0.0057636887608069065
21100079  0.0057636887608069065
21100082  0.0057636887608069065
21100110  0.0057636887608069065
21100114  0.0057636887608069065
21100119  0.0057636887608069065
21100127  0.0057636887608069065
21100140  0.0057636887608069065
21100141  0.0057636887608069065
21100146  0.0057636887608069065
21100149  0.0057636887608069065
21100151  0.0057636887608069065
21100152  0.0057636887608069065
21100169  0.0057636887608069065
13400041  0.00462962962962965
14700073  0.00462962962962965
14700065  0.003708281829419069
14700069  0.003355704697986628
15100076  0.003355704697986628
15100072  0.0031796502384737746
15100086  0.0031796502384737746
13400042  0.0031397174254317317
15100059  0.0022753128555176305
15100061  0.0022753128555176305
15100062  0.0022753128555176305
15100070  0.0022753128555176305
15100080  0.0022753128555176305
17800052  0.002270147559591429
19300049  0.0022650056625141968
21700115  0.0022650056625141968
21700135  0.0022650056625141968
18000064  0.002262443438914019
18000065  0.002262443438914019
21700121  0.002262443438914019
21700122  0.002262443438914019
6800015  0.00222717149220486
6800017  0.00222717149220486
6800018  0.00222717149220486
6800019  0.00222717149220486
6800020  0.00222717149220486
6800021  0.00222717149220486
6800029  0.00222717149220486
2100009  0.002195389681668547
2100011  0.002195389681668547
2100029  0.002195389681668547
2100030  0.002195389681668547
2100031  0.002195389681668547
