20600076  inf
13100043  0.16666666666666666
19200164  0.16666666666666666
19200165  0.16666666666666666
19200166  0.16666666666666666
17900080  0.13382899628252787
17900103  0.13382899628252787
17900104  0.13382899628252787
11200047  0.07929515418502203
11200044  0.0784313725490196
13300019  0.07741935483870968
13300020  0.07741935483870968
13300021  0.07741935483870968
24101122  0.07243460764587525
21500060  0.07128712871287128
14100032  0.06990291262135923
12900024  0.06976744186046512
15700067  0.06976744186046512
16400035  0.06963249516441006
4700039  0.06883365200764818
20600072  0.06883365200764818
20600064  0.0670391061452514
2600037  0.06282722513089005
4700018  0.06282722513089005
4700022  0.06282722513089005
15900045  0.06206896551724138
15900046  0.06206896551724138
18700093  0.06206896551724138
18700100  0.06206896551724138
18700101  0.06206896551724138
15900085  0.06164383561643835
15900087  0.06164383561643835
16900077  0.06164383561643835
10900020  0.06020066889632107
10900021  0.06020066889632107
10900032  0.06020066889632107
10900033  0.06020066889632107
10900038  0.06020066889632107
2600025  0.05863192182410423
18700087  0.05853658536585366
18700089  0.05853658536585366
2600041  0.05825242718446602
4000018  0.05825242718446602
4000013  0.05815831987075929
4000014  0.05815831987075929
4000015  0.05815831987075929
5500014  0.05815831987075929
9000029  0.05815831987075929
9000030  0.05815831987075929
13100019  0.05815831987075929
13100020  0.05815831987075929
13100021  0.05815831987075929
14300031  0.05815831987075929
14300032  0.05815831987075929
18600075  0.05815831987075929
18600082  0.05815831987075929
18700082  0.05815831987075929
18700083  0.05815831987075929
18700084  0.05815831987075929
16400029  0.05778491171749599
16400030  0.05778491171749599
16400031  0.05778491171749599
18100038  0.05778491171749599
18100039  0.05778491171749599
18100040  0.05778491171749599
18100049  0.05778491171749599
18100056  0.05778491171749599
18600061  0.05778491171749599
15900077  0.057692307692307696
15900078  0.057692307692307696
14300055  0.0576
11400024  0.05732484076433121
11400025  0.05732484076433121
11400026  0.05732484076433121
11400027  0.05732484076433121
15900040  0.056962025316455694
15900041  0.056962025316455694
15900042  0.056962025316455694
15400041  0.05669291338582677
18700064  0.05660377358490566
18700067  0.05660377358490566
18700059  0.05642633228840126
18700057  0.056162246489859596
9000041  0.05598755832037325
14300054  0.055900621118012424
11600024  0.05564142194744977
11600026  0.05564142194744977
11600027  0.05564142194744977
11600038  0.05564142194744977
1300009  0.05546995377503852
1300012  0.05546995377503852
4600019  0.05546995377503852
4600020  0.05546995377503852
4600021  0.05546995377503852
4600022  0.05546995377503852
4600023  0.05546995377503852
4600024  0.05546995377503852
4600025  0.05546995377503852
4600026  0.05546995377503852
4600031  0.05546995377503852
4600032  0.05546995377503852
4600037  0.05546995377503852
4600041  0.05546995377503852
4600044  0.05546995377503852
9800017  0.05546995377503852
9800018  0.05546995377503852
9800019  0.05546995377503852
11600023  0.05546995377503852
11600031  0.05546995377503852
11700018  0.05546995377503852
11700019  0.05546995377503852
11700021  0.05546995377503852
11700022  0.05546995377503852
11700023  0.05546995377503852
15400040  0.05546995377503852
18600054  0.05546995377503852
18600055  0.05546995377503852
18600057  0.05546995377503852
18600059  0.05546995377503852
18600060  0.05546995377503852
18600050  0.055384615384615386
18700048  0.055384615384615386
20800062  0.055384615384615386
1200007  0.055299539170506916
18600073  0.055299539170506916
18600079  0.055299539170506916
4700034  0.05521472392638037
15900099  0.05521472392638037
18200049  0.05521472392638037
18600048  0.05521472392638037
2600011  0.05504587155963303
2600015  0.05504587155963303
2600016  0.05504587155963303
2600017  0.05504587155963303
2600018  0.05504587155963303
9000069  0.0547945205479452
4700028  0.053175775480059084
18600046  0.053175775480059084
18200034  0.05172413793103448
18200031  0.05091937765205092
18200032  0.05091937765205092
18200033  0.05091937765205092
18200038  0.05091937765205092
11200042  0.05070422535211268
11200043  0.05070422535211268
11200050  0.05070422535211268
11200023  0.05013927576601671
19900058  0.05013927576601671
19900062  0.049586776859504134
11200022  0.046875
19900043  0.046875
19900044  0.046875
19900045  0.046875
19900046  0.046875
19900047  0.046875
19900048  0.046875
19900049  0.046875
19900050  0.046875
19900051  0.046875
13500019  0.04534005037783375
13500020  0.04534005037783375
13500022  0.04534005037783375
13500023  0.04534005037783375
13500024  0.04534005037783375
13500025  0.04534005037783375
15700026  0.04081632653061224
1400008  0.04017857142857143
1800012  0.04017857142857143
10300017  0.04017857142857143
10300021  0.04017857142857143
21100102  0.04017857142857143
5600042  0.03785488958990536
5900038  0.03785488958990536
8400016  0.03785488958990536
8800016  0.03785488958990536
9700017  0.03785488958990536
9700020  0.03785488958990536
9700026  0.03785488958990536
10100017  0.03785488958990536
14100039  0.03785488958990536
15100022  0.03785488958990536
15100032  0.03785488958990536
15100033  0.03785488958990536
15100034  0.03785488958990536
15100035  0.03785488958990536
15100047  0.03785488958990536
15100048  0.03785488958990536
15100056  0.03785488958990536
15100057  0.03785488958990536
15100066  0.03785488958990536
15700055  0.03785488958990536
16300023  0.03785488958990536
16300024  0.03785488958990536
16300025  0.03785488958990536
16300055  0.03785488958990536
16300056  0.03785488958990536
16300057  0.03785488958990536
16300060  0.03785488958990536
16300061  0.03785488958990536
16300062  0.03785488958990536
16300063  0.03785488958990536
16300065  0.03785488958990536
16300068  0.03785488958990536
16300069  0.03785488958990536
16300071  0.03785488958990536
16300073  0.03785488958990536
16300075  0.03785488958990536
16300077  0.03785488958990536
16300090  0.03785488958990536
16300091  0.03785488958990536
16300092  0.03785488958990536
16300094  0.03785488958990536
16300095  0.03785488958990536
16300096  0.03785488958990536
16300097  0.03785488958990536
16300100  0.03785488958990536
16300101  0.03785488958990536
16800048  0.03785488958990536
17500028  0.03785488958990536
17800029  0.03785488958990536
17800030  0.03785488958990536
17800031  0.03785488958990536
17800040  0.03785488958990536
17800041  0.03785488958990536
17800049  0.03785488958990536
17800050  0.03785488958990536
17800051  0.03785488958990536
17800058  0.03785488958990536
18000030  0.03785488958990536
18000032  0.03785488958990536
18000033  0.03785488958990536
18000034  0.03785488958990536
18000035  0.03785488958990536
18000036  0.03785488958990536
18000058  0.03785488958990536
18000059  0.03785488958990536
18000062  0.03785488958990536
18000063  0.03785488958990536
18000079  0.03785488958990536
19300039  0.03785488958990536
19300047  0.03785488958990536
19300048  0.03785488958990536
19300075  0.03785488958990536
20900086  0.03785488958990536
20900087  0.03785488958990536
21700090  0.03785488958990536
21700094  0.03785488958990536
21700095  0.03785488958990536
21700098  0.03785488958990536
21700101  0.03785488958990536
21700102  0.03785488958990536
21700103  0.03785488958990536
21700108  0.03785488958990536
21700109  0.03785488958990536
21700112  0.03785488958990536
21700114  0.03785488958990536
21700117  0.03785488958990536
8600016  0.03777544596012592
8600018  0.03777544596012592
8600019  0.03777544596012592
8600020  0.03777544596012592
8700016  0.03777544596012592
8700017  0.03777544596012592
8700018  0.03777544596012592
15200022  0.03777544596012592
19800042  0.03777544596012592
20900076  0.03777544596012592
20900077  0.03777544596012592
20900081  0.03777544596012592
20900082  0.03777544596012592
21400059  0.03777544596012592
21400061  0.03777544596012592
21400062  0.03777544596012592
21600064  0.03777544596012592
22400133  0.03777544596012592
5600041  0.03769633507853403
5600044  0.03769633507853403
5600046  0.03769633507853403
20900071  0.03769633507853403
20900072  0.03769633507853403
20900091  0.03769633507853403
20900095  0.03769633507853403
3100025  0.03765690376569038
20900067  0.03765690376569038
20900068  0.03765690376569038
3100021  0.03761755485893417
3100022  0.03761755485893417
18400124  0.037578288100208766
18400132  0.037578288100208766
18400133  0.037578288100208766
18400134  0.037578288100208766
18400138  0.037578288100208766
20900066  0.037578288100208766
4900020  0.03753910323253389
5600014  0.03753910323253389
13900020  0.03753910323253389
19100037  0.03753910323253389
19100038  0.03753910323253389
19100041  0.03753910323253389
20900055  0.03753910323253389
20900056  0.03753910323253389
20900058  0.03753910323253389
20900059  0.03753910323253389
20900065  0.03753910323253389
9000049  0.037422037422037424
9000050  0.037422037422037424
14300069  0.037383177570093455
14300072  0.037383177570093455
14300077  0.037383177570093455
24101245  0.037383177570093455
18400146  0.03734439834024896
18400150  0.03734439834024896
18400151  0.03734439834024896
18400152  0.03734439834024896
18400156  0.03734439834024896
18400032  0.0371900826446281
18400034  0.0371900826446281
3100017  0.03715170278637771
3100014  0.03711340206185567
9000033  0.037037037037037035
14300035  0.037037037037037035
14300036  0.037037037037037035
14300037  0.037037037037037035
11400018  0.036511156186612576
11400021  0.036511156186612576
20500053  0.036511156186612576
1900009  0.0364741641337386
1900011  0.0364741641337386
1900015  0.0364741641337386
4100013  0.0364741641337386
4100016  0.0364741641337386
4100017  0.0364741641337386
4100018  0.0364741641337386
4100020  0.0364741641337386
4600013  0.0364741641337386
5900065  0.0364741641337386
6700015  0.0364741641337386
6700018  0.0364741641337386
9000073  0.0364741641337386
9000074  0.0364741641337386
10900018  0.0364741641337386
10900019  0.0364741641337386
10900025  0.0364741641337386
11600018  0.0364741641337386
13000024  0.0364741641337386
13000028  0.0364741641337386
13000030  0.0364741641337386
13000031  0.0364741641337386
13000032  0.0364741641337386
13000040  0.0364741641337386
13000044  0.0364741641337386
13000049  0.0364741641337386
13000053  0.0364741641337386
13000055  0.0364741641337386
13000059  0.0364741641337386
13000063  0.0364741641337386
13000064  0.0364741641337386
13000066  0.0364741641337386
13400022  0.0364741641337386
13400023  0.0364741641337386
13400024  0.0364741641337386
13400029  0.0364741641337386
13400033  0.0364741641337386
14700030  0.0364741641337386
14700032  0.0364741641337386
14700034  0.0364741641337386
14700035  0.0364741641337386
14700039  0.0364741641337386
15700063  0.0364741641337386
15900023  0.0364741641337386
15900027  0.0364741641337386
15900029  0.0364741641337386
15900034  0.0364741641337386
15900035  0.0364741641337386
15900036  0.0364741641337386
15900037  0.0364741641337386
15900137  0.0364741641337386
16400024  0.0364741641337386
16400025  0.0364741641337386
16400026  0.0364741641337386
16900038  0.0364741641337386
16900039  0.0364741641337386
16900040  0.0364741641337386
16900041  0.0364741641337386
16900042  0.0364741641337386
16900043  0.0364741641337386
16900044  0.0364741641337386
16900045  0.0364741641337386
16900046  0.0364741641337386
16900047  0.0364741641337386
16900048  0.0364741641337386
16900051  0.0364741641337386
16900055  0.0364741641337386
16900056  0.0364741641337386
16900060  0.0364741641337386
16900064  0.0364741641337386
16900065  0.0364741641337386
16900069  0.0364741641337386
16900073  0.0364741641337386
16900085  0.0364741641337386
16900086  0.0364741641337386
16900094  0.0364741641337386
16900098  0.0364741641337386
16900102  0.0364741641337386
17300141  0.0364741641337386
17300154  0.0364741641337386
17300156  0.0364741641337386
17300157  0.0364741641337386
17300158  0.0364741641337386
17300159  0.0364741641337386
17300160  0.0364741641337386
17300164  0.0364741641337386
17300165  0.0364741641337386
17300168  0.0364741641337386
17900029  0.0364741641337386
17900031  0.0364741641337386
17900036  0.0364741641337386
17900038  0.0364741641337386
17900045  0.0364741641337386
17900052  0.0364741641337386
17900056  0.0364741641337386
17900057  0.0364741641337386
17900059  0.0364741641337386
17900060  0.0364741641337386
17900061  0.0364741641337386
17900062  0.0364741641337386
17900074  0.0364741641337386
17900079  0.0364741641337386
17900082  0.0364741641337386
17900085  0.0364741641337386
17900089  0.0364741641337386
17900096  0.0364741641337386
17900097  0.0364741641337386
17900098  0.0364741641337386
17900099  0.0364741641337386
17900106  0.0364741641337386
17900107  0.0364741641337386
17900108  0.0364741641337386
17900111  0.0364741641337386
17900114  0.0364741641337386
17900117  0.0364741641337386
17900135  0.0364741641337386
17900136  0.0364741641337386
17900137  0.0364741641337386
17900141  0.0364741641337386
17900142  0.0364741641337386
17900143  0.0364741641337386
17900144  0.0364741641337386
18100031  0.0364741641337386
18100032  0.0364741641337386
18100033  0.0364741641337386
18100034  0.0364741641337386
18600034  0.0364741641337386
18600035  0.0364741641337386
18600037  0.0364741641337386
18600039  0.0364741641337386
18600040  0.0364741641337386
18600041  0.0364741641337386
18600042  0.0364741641337386
18700035  0.0364741641337386
18700036  0.0364741641337386
18700040  0.0364741641337386
18700041  0.0364741641337386
18700042  0.0364741641337386
18700043  0.0364741641337386
18700044  0.0364741641337386
18700045  0.0364741641337386
19200054  0.0364741641337386
19200055  0.0364741641337386
19200056  0.0364741641337386
19200057  0.0364741641337386
20100047  0.0364741641337386
20800055  0.0364741641337386
20800058  0.0364741641337386
20800059  0.0364741641337386
20800161  0.0364741641337386
20800166  0.0364741641337386
20800414  0.0364741641337386
22000094  0.0364741641337386
5900058  0.03643724696356275
14300114  0.03643724696356275
14300117  0.03643724696356275
14300118  0.03643724696356275
16900090  0.03643724696356275
17300149  0.03643724696356275
5900034  0.03640040444893832
5900037  0.03640040444893832
17300065  0.03640040444893832
17300148  0.03640040444893832
5900014  0.03636363636363636
5900016  0.03636363636363636
5900019  0.03636363636363636
5900022  0.03636363636363636
5900025  0.03636363636363636
5900029  0.03636363636363636
17300061  0.03636363636363636
17300145  0.03636363636363636
17300147  0.03636363636363636
19200048  0.03636363636363636
19200053  0.03636363636363636
14700026  0.036290322580645164
24102209  0.03625377643504532
1600008  0.036180904522613064
1600009  0.036180904522613064
1600014  0.036180904522613064
1600019  0.036180904522613064
1600024  0.036180904522613064
16900026  0.036180904522613064
16900031  0.036180904522613064
16900032  0.036180904522613064
16900035  0.036180904522613064
17300027  0.036180904522613064
17300079  0.036180904522613064
17300080  0.036180904522613064
17300083  0.036180904522613064
12900019  0.036036036036036036
16700025  0.036036036036036036
16700034  0.036036036036036036
16700043  0.036036036036036036
16700052  0.036036036036036036
16700062  0.036036036036036036
16700071  0.036036036036036036
16700076  0.036036036036036036
16700077  0.036036036036036036
16700078  0.036036036036036036
16700081  0.036036036036036036
18500032  0.036036036036036036
18900036  0.036036036036036036
18900040  0.036036036036036036
18900055  0.036036036036036036
19400040  0.036036036036036036
19400044  0.036036036036036036
19400045  0.036036036036036036
22200107  0.036036036036036036
24100934  0.036036036036036036
24100945  0.036036036036036036
24100977  0.036036036036036036
24100990  0.036036036036036036
24101077  0.036036036036036036
24101111  0.036036036036036036
5400014  0.03592814371257485
5400017  0.03592814371257485
5400018  0.03592814371257485
19200037  0.03592814371257485
19200039  0.03592814371257485
19200040  0.03592814371257485
19200041  0.03592814371257485
20200048  0.035856573705179286
20200051  0.035856573705179286
4700013  0.03578528827037773
20600054  0.03578528827037773
20600057  0.03578528827037773
20600058  0.03578528827037773
9000022  0.03515625
9000023  0.03515625
9000025  0.03515625
14300020  0.03515625
14300022  0.03515625
14300023  0.03515625
14300027  0.03515625
14300082  0.03515625
14300084  0.03515625
14300090  0.03515625
14300091  0.03515625
14300110  0.03515625
15400022  0.03515625
15400026  0.03515625
15400112  0.03515625
15400117  0.03515625
15700047  0.03515625
15700048  0.03515625
9000016  0.03498542274052478
9000019  0.03498542274052478
14700021  0.03498542274052478
14700023  0.03498542274052478
20300049  0.03498542274052478
21100097  0.03498542274052478
1800009  0.034782608695652174
13400019  0.034782608695652174
14100020  0.034782608695652174
15700022  0.034782608695652174
15700029  0.034782608695652174
15700031  0.034782608695652174
15700032  0.034782608695652174
15700034  0.034782608695652174
15700037  0.034782608695652174
15700038  0.034782608695652174
15700039  0.034782608695652174
15700040  0.034782608695652174
21100056  0.034782608695652174
21100063  0.034782608695652174
21100064  0.034782608695652174
21100075  0.034782608695652174
21100079  0.034782608695652174
21100082  0.034782608695652174
21100110  0.034782608695652174
21100114  0.034782608695652174
21100119  0.034782608695652174
21100127  0.034782608695652174
21100140  0.034782608695652174
21100141  0.034782608695652174
21100146  0.034782608695652174
21100149  0.034782608695652174
21100151  0.034782608695652174
21100152  0.034782608695652174
21100169  0.034782608695652174
20500055  0.025787965616045846
15900121  0.024
11400040  0.023936170212765957
11400041  0.023936170212765957
11400042  0.023936170212765957
11400044  0.023936170212765957
3200017  0.023017902813299233
3200016  0.02278481012658228
3200019  0.02278481012658228
3200014  0.02132701421800948
3200015  0.02132701421800948
3200020  0.02132701421800948
13400041  0.018561484918793503
14700073  0.018561484918793503
14700065  0.011124845488257108
14700069  0.006688963210702341
15100076  0.006688963210702341
15100072  0.006339144215530904
15100086  0.006339144215530904
13400042  0.006259780907668232
15100059  0.004540295119182747
15100061  0.004540295119182747
15100062  0.004540295119182747
15100070  0.004540295119182747
15100080  0.004540295119182747
17800052  0.004530011325028313
19300049  0.004519774011299435
21700115  0.004519774011299435
21700135  0.004519774011299435
18000064  0.004514672686230248
18000065  0.004514672686230248
21700121  0.004514672686230248
21700122  0.004514672686230248
6800015  0.0044444444444444444
6800017  0.0044444444444444444
6800018  0.0044444444444444444
6800019  0.0044444444444444444
6800020  0.0044444444444444444
6800021  0.0044444444444444444
6800029  0.0044444444444444444
2100009  0.004381161007667032
2100011  0.004381161007667032
2100029  0.004381161007667032
2100030  0.004381161007667032
2100031  0.004381161007667032
