1400718  1.0
1400722  1.0
1400724  1.0
1500104  1.0
1500105  1.0
1500106  1.0
1500107  1.0
1500108  1.0
1500109  1.0
1500116  1.0
1500118  1.0
1500120  1.0
1500121  1.0
1500123  1.0
1500124  1.0
1500128  1.0
1500129  1.0
1500131  1.0
1500132  1.0
1500133  1.0
1500134  1.0
1500136  1.0
1500137  1.0
1500138  1.0
1500141  1.0
1500142  1.0
1500143  1.0
1500144  1.0
1500147  1.0
1500148  1.0
1500149  1.0
1500150  1.0
1500485  1.0
1500535  1.0
1300745  0.9912662082670698
1400701  0.9912662082670698
1400702  0.9912662082670698
1400703  0.9912662082670698
1500076  0.9912662082670698
1500079  0.9912662082670698
1500357  0.9912662082670698
1500526  0.9912662082670698
1500745  0.9912662082670698
1500833  0.9912662082670698
1500834  0.9912662082670698
1500835  0.9912662082670698
1500836  0.9912662082670698
1500838  0.9912662082670698
1500844  0.9912662082670698
1500845  0.9912662082670698
1500846  0.9912662082670698
1500847  0.9912662082670698
1500848  0.9912662082670698
1500849  0.9912662082670698
1500850  0.9912662082670698
1500851  0.9912662082670698
1500857  0.9912662082670698
1500863  0.9912662082670698
1500864  0.9912662082670698
1500865  0.9912662082670698
1500866  0.9912662082670698
1900646  0.9912662082670698
1900647  0.9912662082670698
1900648  0.9912662082670698
2800357  0.9912662082670698
3000857  0.9912662082670698
3500838  0.9912662082670698
3800851  0.9912662082670698
1500068  0.9911109347372534
1500304  0.9911109347372534
1500305  0.9911109347372534
1500306  0.9911109347372534
1500331  0.9911109347372534
1500333  0.9911109347372534
1500542  0.9911109347372534
3200603  0.9911109347372534
3200604  0.9911109347372534
3200605  0.9911109347372534
3200624  0.9911109347372534
3200625  0.9911109347372534
1500145  0.9776258038684231
1500566  0.9547274086244519
1000044  0.8774460122564686
2000179  0.8774460122564686
2000180  0.8774460122564686
2000181  0.8774460122564686
2000199  0.8774460122564686
2000200  0.8774460122564686
2000201  0.8774460122564686
2000202  0.8774460122564686
2000203  0.8774460122564686
2000206  0.8774460122564686
2000208  0.8774460122564686
1000035  0.8723886444140907
1000041  0.8723886444140907
1000070  0.8723886444140907
1000073  0.8723886444140907
1000076  0.8723886444140907
1000079  0.8723886444140907
1000080  0.8723886444140907
1000081  0.8723886444140907
1000082  0.8723886444140907
1000083  0.8723886444140907
1000084  0.8723886444140907
1000090  0.8723886444140907
1000171  0.8723886444140907
2600136  0.8723886444140907
2600137  0.8723886444140907
2600138  0.8723886444140907
2600139  0.8723886444140907
2600141  0.8723886444140907
2600142  0.8723886444140907
2600148  0.8723886444140907
2600149  0.8723886444140907
2600151  0.8723886444140907
2600152  0.8723886444140907
2600153  0.8723886444140907
2600156  0.8723886444140907
2600157  0.8723886444140907
2600168  0.8723886444140907
2600169  0.8723886444140907
2600171  0.8723886444140907
2600172  0.8723886444140907
2600173  0.8723886444140907
2600174  0.8723886444140907
2600175  0.8723886444140907
2600176  0.8723886444140907
2600178  0.8723886444140907
2600179  0.8723886444140907
2600181  0.8723886444140907
2600182  0.8723886444140907
2600183  0.8723886444140907
2600184  0.8723886444140907
2600186  0.8723886444140907
2600187  0.8723886444140907
2600192  0.8723886444140907
2600194  0.8723886444140907
2600284  0.8723886444140907
2600287  0.8723886444140907
2600298  0.8723886444140907
2600300  0.8723886444140907
2600301  0.8723886444140907
2600303  0.8723886444140907
2600304  0.8723886444140907
2600307  0.8723886444140907
2600309  0.8723886444140907
2600310  0.8723886444140907
2600311  0.8723886444140907
2600345  0.8723886444140907
2600346  0.8723886444140907
2601067  0.8723886444140907
3300088  0.8723886444140907
3300091  0.8723886444140907
3400088  0.8723886444140907
3400368  0.8723886444140907
3400369  0.8723886444140907
3400370  0.8723886444140907
3400371  0.8723886444140907
2600273  0.8673017867965747
2600274  0.8673017867965747
2600320  0.8673017867965747
2600322  0.8673017867965747
2600324  0.8673017867965747
2600325  0.8673017867965747
2600327  0.8673017867965747
2600335  0.8673017867965747
2600337  0.8673017867965747
2600338  0.8673017867965747
2600340  0.8673017867965747
2600357  0.8673017867965747
1600599  0.8621849174384849
1600600  0.8621849174384849
1600601  0.8621849174384849
1600608  0.8621849174384849
2600275  0.8621849174384849
2600217  0.8308221751528203
2600218  0.8308221751528203
1500537  0.6912858353783117
1500538  0.6912858353783117
3400165  0.658504607868518
2600328  0.638027935138971
2600333  0.638027935138971
1500276  0.6168719262953433
1500277  0.6168719262953433
1500278  0.6168719262953433
1500250  0.6096568017575164
1500251  0.6096568017575164
1400732  0.6023552593005889
1400733  0.6023552593005889
1400741  0.6023552593005889
1500282  0.6023552593005889
1500283  0.6023552593005889
1500285  0.6023552593005889
1500286  0.6023552593005889
1500287  0.6023552593005889
1500288  0.6023552593005889
1500289  0.6023552593005889
1500290  0.6023552593005889
2600277  0.6023552593005889
2600279  0.6023552593005889
3600632  0.6023552593005889
3600633  0.6023552593005889
3600634  0.6023552593005889
3600641  0.6023552593005889
1500260  0.5949641173087297
3400472  0.43109245871924246
2600359  0.42070316191167123
3100707  0.42070316191167123
3100708  0.42070316191167123
3100709  0.42070316191167123
3100716  0.42070316191167123
1500180  0.09407208683835973
