4000060  0.6587707996368408
8000058  0.6584555506706238
9500062  0.6580479145050049
7600058  0.6579095721244812
7600063  0.6577267646789551
4600059  0.6573452949523926
4000064  0.6571040749549866
6700060  0.6571016907691956
7600059  0.6568734049797058
6700061  0.6566085815429688
9700064  0.6564756035804749
4000061  0.6564561724662781
9200059  0.6563372015953064
9500060  0.6561754941940308
7400058  0.656128466129303
9100058  0.6557515263557434
6700062  0.65565425157547
4600058  0.6553751826286316
6400057  0.6546896696090698
7100062  0.6535990834236145
6700057  0.6535142064094543
4600064  0.6533873677253723
7600062  0.6531716585159302
6400056  0.6525009870529175
9100057  0.6522467732429504
6700063  0.6520634293556213
9200058  0.6515492796897888
8000057  0.6510549187660217
4000065  0.6487911343574524
9200091  0.5896154642105103
9600103  0.5894771218299866
6700090  0.5891778469085693
5700103  0.588692307472229
9600094  0.5885867476463318
9600095  0.5885618329048157
5700104  0.5882651209831238
5700089  0.5880473852157593
9600090  0.5879718661308289
6700094  0.5879004001617432
9900100  0.5875770449638367
6700097  0.5871834754943848
6700095  0.5869401097297668
9200095  0.5868464112281799
9600098  0.5864730477333069
6700096  0.5861163139343262
5700090  0.5858757495880127
6700092  0.5840431451797485
6700100  0.5838857889175415
9600101  0.582814633846283
9600102  0.5822622179985046
6700091  0.5820915699005127
5700083  0.5816264152526855
9200086  0.5812416672706604
9200082  0.581234335899353
6700101  0.5810316205024719
5700105  0.5798542499542236
9200087  0.5790138244628906
9200081  0.5416131615638733
5700106  0.5160524845123291
6700065  0.49066534638404846
6700073  0.47997140884399414
6700068  0.47991836071014404
6700077  0.4795782268047333
9200072  0.4790780544281006
9200068  0.4789714217185974
7100078  0.47870969772338867
6700075  0.4783547520637512
9200071  0.4780953824520111
5700068  0.4779179096221924
6700071  0.4774274230003357
9300072  0.4772428274154663
7100071  0.47718939185142517
9300075  0.4764825105667114
9300068  0.47629010677337646
7600079  0.4760834872722626
8200074  0.4755687117576599
9200065  0.4754767417907715
5700076  0.4749583899974823
9200076  0.47446587681770325
6700069  0.4742514491081238
9200077  0.47367268800735474
9200067  0.4736618995666504
7100076  0.47335466742515564
5700071  0.4728165864944458
7100077  0.47233903408050537
6400066  0.4701389670372009
9200066  0.469836950302124
5700081  0.4681061804294586
9200056  0.4318271577358246
6000025  0.422963410615921
6700023  0.42280328273773193
5200026  0.42257457971572876
6600022  0.42250895500183105
6900025  0.42240896821022034
4600025  0.4224015176296234
6400022  0.4223251938819885
1900025  0.42222896218299866
2100025  0.42219921946525574
5700026  0.4221891164779663
1700027  0.42214494943618774
6200026  0.4220815896987915
6200022  0.422027587890625
4000024  0.42201754450798035
6000024  0.42201173305511475
7000027  0.4220086932182312
4600024  0.42182400822639465
6900026  0.421777606010437
6700024  0.4217449426651001
6300022  0.42166903614997864
6700025  0.4215654134750366
6300024  0.42153969407081604
4000022  0.4215286076068878
7000026  0.4214794635772705
7300028  0.4213559925556183
6600026  0.4212930202484131
2100022  0.4212888777256012
7100026  0.4212828278541565
6600029  0.417539119720459
5700022  0.3991435766220093
6200123  0.38817450404167175
7700134  0.3881683349609375
10600986  0.3881545662879944
9600117  0.38808977603912354
6200124  0.38808485865592957
4000018  0.38806870579719543
7700132  0.3879794180393219
10600975  0.38797831535339355
7700152  0.3879702389240265
5600019  0.38796988129615784
5300017  0.3879695236682892
7700156  0.3879271447658539
6400032  0.3879234194755554
10602163  0.3879183828830719
7700146  0.3879000246524811
5700019  0.3878840208053589
1200033  0.3878716230392456
6200117  0.3878667950630188
2900019  0.38784635066986084
2800018  0.38784414529800415
9600112  0.3878411650657654
4600033  0.3878396153450012
6600032  0.38783395290374756
6400033  0.38783326745033264
2100017  0.3878268599510193
5200020  0.38782280683517456
7100034  0.3878198564052582
4700020  0.38781601190567017
3100020  0.3878159523010254
7700133  0.3878035545349121
2100021  0.3877977728843689
6900032  0.38779518008232117
7600032  0.3877938389778137
9600108  0.3877936005592346
6000020  0.3877886235713959
6600037  0.38778847455978394
10602203  0.38778141140937805
5200017  0.3877813220024109
7700034  0.3877808451652527
7600035  0.38778069615364075
7700151  0.38777822256088257
4700018  0.3877779543399811
6400034  0.38776618242263794
4900018  0.3877636790275574
7700138  0.3877585828304291
6400035  0.38775745034217834
7600033  0.38775601983070374
7700037  0.3877396881580353
6900033  0.387727826833725
4700019  0.38772520422935486
7000031  0.3877183794975281
7400030  0.3877178728580475
1000004  0.38771140575408936
1000007  0.38771140575408936
1000009  0.38771140575408936
1000010  0.38771140575408936
1000011  0.38771140575408936
1100005  0.38771140575408936
1200007  0.38771140575408936
1200009  0.38771140575408936
1200012  0.38771140575408936
1200015  0.38771140575408936
1600009  0.38771140575408936
1700011  0.38771140575408936
1800016  0.38771140575408936
1800017  0.38771140575408936
2000010  0.38771140575408936
2000011  0.38771140575408936
2000012  0.38771140575408936
2100014  0.38771140575408936
2500013  0.38771140575408936
2800014  0.38771140575408936
2900014  0.38771140575408936
2900015  0.38771140575408936
2900016  0.38771140575408936
2900039  0.38771140575408936
3100014  0.38771140575408936
3100041  0.38771140575408936
3100042  0.38771140575408936
3100044  0.38771140575408936
3100046  0.38771140575408936
4000015  0.38771140575408936
4000048  0.38771140575408936
4000049  0.38771140575408936
4500016  0.38771140575408936
4600016  0.38771140575408936
4600046  0.38771140575408936
4600047  0.38771140575408936
4600052  0.38771140575408936
4600055  0.38771140575408936
4700016  0.38771140575408936
4900016  0.38771140575408936
5000016  0.38771140575408936
5700049  0.38771140575408936
5700050  0.38771140575408936
5900039  0.38771140575408936
6400047  0.38771140575408936
6400048  0.38771140575408936
6600038  0.38771140575408936
6600039  0.38771140575408936
6600040  0.38771140575408936
6600047  0.38771140575408936
6600048  0.38771140575408936
6600055  0.38771140575408936
6700055  0.38771140575408936
6700056  0.38771140575408936
6800048  0.38771140575408936
7100043  0.38771140575408936
7100052  0.38771140575408936
7400029  0.38771140575408936
7400040  0.38771140575408936
7400041  0.38771140575408936
7400049  0.38771140575408936
7400050  0.38771140575408936
7400051  0.38771140575408936
7900040  0.38771140575408936
7900055  0.38771140575408936
8000037  0.38771140575408936
8000038  0.38771140575408936
8000052  0.38771140575408936
8000053  0.38771140575408936
8000054  0.38771140575408936
8000055  0.38771140575408936
8000056  0.38771140575408936
8100038  0.38771140575408936
8100041  0.38771140575408936
8200040  0.38771140575408936
8200048  0.38771140575408936
8200049  0.38771140575408936
8300041  0.38771140575408936
8300043  0.38771140575408936
8300044  0.38771140575408936
8300045  0.38771140575408936
8500042  0.38771140575408936
8600043  0.38771140575408936
8800048  0.38771140575408936
8800051  0.38771140575408936
9000054  0.38771140575408936
9100054  0.38771140575408936
9200055  0.38771140575408936
9300056  0.38771140575408936
3000020  0.3877076208591461
4600018  0.3877035081386566
6000021  0.38770022988319397
7700150  0.3876989483833313
10601031  0.3876917064189911
7000030  0.387690931558609
7700124  0.38769060373306274
7900036  0.38767069578170776
10601018  0.38766777515411377
2800017  0.3876675069332123
7700032  0.3876602351665497
4600017  0.3876594007015228
8600163  0.38765835762023926
6100022  0.38765567541122437
7600030  0.3876543343067169
7600036  0.3876529335975647
6600031  0.387634813785553
6200112  0.38763460516929626
4900017  0.38761502504348755
1800020  0.38760748505592346
5700109  0.3875906765460968
9600109  0.38757941126823425
10601152  0.3875788450241089
5800019  0.38757628202438354
7800035  0.38757333159446716
6600034  0.3875722587108612
9600114  0.38757041096687317
5900020  0.3875533640384674
7600034  0.3875512182712555
7400031  0.3875506520271301
5700021  0.38754114508628845
10601118  0.3873501420021057
4000021  0.38728317618370056
