1000007  1.0
1000009  1.0
1000010  1.0
1000011  1.0
8000037  0.8944271909999159
8000038  0.8944271909999159
1000004  0.8660254037844386
8000052  0.8280786712108251
8000053  0.8280786712108251
8000054  0.8280786712108251
8000055  0.8280786712108251
8000056  0.8280786712108251
8000057  0.8280786712108251
8000058  0.8280786712108251
1100005  0.7071067811865475
1200007  0.7071067811865475
1200009  0.7071067811865475
1200012  0.7071067811865475
1200015  0.7071067811865475
1200033  0.7071067811865475
1600009  0.7071067811865475
1700011  0.7071067811865475
1700027  0.7071067811865475
1800016  0.7071067811865475
1800017  0.7071067811865475
1800020  0.7071067811865475
2900014  0.7071067811865475
2900015  0.7071067811865475
2900016  0.7071067811865475
2900019  0.7071067811865475
2900039  0.7071067811865475
4000015  0.7071067811865475
4000018  0.7071067811865475
4600016  0.7071067811865475
4600017  0.7071067811865475
4600018  0.7071067811865475
4600024  0.7071067811865475
4600025  0.7071067811865475
4600033  0.7071067811865475
4600046  0.7071067811865475
4600047  0.7071067811865475
4600052  0.7071067811865475
4600055  0.7071067811865475
4600058  0.7071067811865475
4600059  0.7071067811865475
4600064  0.7071067811865475
5800019  0.7071067811865475
6300022  0.7071067811865475
6300024  0.7071067811865475
9000054  0.7071067811865475
1900025  0.7006490497453707
7000026  0.7006490497453707
7000027  0.7006490497453707
7000030  0.7006490497453707
7000031  0.7006490497453707
2000010  0.6531972647421809
2000011  0.6531972647421809
2000012  0.6531972647421809
4000021  0.6459751934999393
4000022  0.6459751934999393
4000024  0.6459751934999393
5700019  0.6459751934999393
5700021  0.6459751934999393
5700022  0.6459751934999393
5700026  0.6459751934999393
5700081  0.6459751934999393
5700083  0.6459751934999393
5700089  0.6459751934999393
5700090  0.6459751934999393
5700109  0.6459751934999393
6200022  0.6459751934999393
6200026  0.6459751934999393
6200112  0.6459751934999393
6200117  0.6459751934999393
6600040  0.6459751934999393
6600047  0.6459751934999393
6600048  0.6459751934999393
9300068  0.6459751934999393
9300072  0.6459751934999393
9300075  0.6459751934999393
5900020  0.6343350474165466
6600022  0.6343350474165466
6600029  0.6343350474165466
6600031  0.6343350474165466
6600032  0.6343350474165466
6600034  0.6343350474165466
6600037  0.6343350474165466
6600038  0.6343350474165466
6600039  0.6343350474165466
9300056  0.6343350474165466
6900032  0.6324555320336759
6900033  0.6324555320336759
2100014  0.6076436202502
2100017  0.6076436202502
2100021  0.6076436202502
2100022  0.6076436202502
2100025  0.6076436202502
3000020  0.6076436202502
3100014  0.6076436202502
3100020  0.6076436202502
3100041  0.6076436202502
3100042  0.6076436202502
3100044  0.6076436202502
3100046  0.6076436202502
4500016  0.6076436202502
4700016  0.6076436202502
4700018  0.6076436202502
4700019  0.6076436202502
4700020  0.6076436202502
4900016  0.6076436202502
4900017  0.6076436202502
4900018  0.6076436202502
5000016  0.6076436202502
5200017  0.6076436202502
5200020  0.6076436202502
5200026  0.6076436202502
5300017  0.6076436202502
5900039  0.6076436202502
6100022  0.6076436202502
6400022  0.6076436202502
6400032  0.6076436202502
6400033  0.6076436202502
6400034  0.6076436202502
6400035  0.6076436202502
6400047  0.6076436202502
6400048  0.6076436202502
6400056  0.6076436202502
6400057  0.6076436202502
6400066  0.6076436202502
6600055  0.6076436202502
6700023  0.6076436202502
6700024  0.6076436202502
6700025  0.6076436202502
6700055  0.6076436202502
6700056  0.6076436202502
6700057  0.6076436202502
6700060  0.6076436202502
6700061  0.6076436202502
6700062  0.6076436202502
6700063  0.6076436202502
6700065  0.6076436202502
6700068  0.6076436202502
6700069  0.6076436202502
6700071  0.6076436202502
6700073  0.6076436202502
6700075  0.6076436202502
6700077  0.6076436202502
6700090  0.6076436202502
6700091  0.6076436202502
6700092  0.6076436202502
6700094  0.6076436202502
6700095  0.6076436202502
6700096  0.6076436202502
6700097  0.6076436202502
6700100  0.6076436202502
6700101  0.6076436202502
6800048  0.6076436202502
7300028  0.6076436202502
7400029  0.6076436202502
7400030  0.6076436202502
7400031  0.6076436202502
7400040  0.6076436202502
7400041  0.6076436202502
7400049  0.6076436202502
7400050  0.6076436202502
7400051  0.6076436202502
7400058  0.6076436202502
7600030  0.6076436202502
7600032  0.6076436202502
7600033  0.6076436202502
7600034  0.6076436202502
7600035  0.6076436202502
7600036  0.6076436202502
7600058  0.6076436202502
7600059  0.6076436202502
7600062  0.6076436202502
7600063  0.6076436202502
7600079  0.6076436202502
7700034  0.6076436202502
7700037  0.6076436202502
7700124  0.6076436202502
7700132  0.6076436202502
7700133  0.6076436202502
7700134  0.6076436202502
7700138  0.6076436202502
7700146  0.6076436202502
7700150  0.6076436202502
7700151  0.6076436202502
7700152  0.6076436202502
7700156  0.6076436202502
8100038  0.6076436202502
8100041  0.6076436202502
8200040  0.6076436202502
8200048  0.6076436202502
8200049  0.6076436202502
8200074  0.6076436202502
8500042  0.6076436202502
9200055  0.6076436202502
9200056  0.6076436202502
9200058  0.6076436202502
9200059  0.6076436202502
9200065  0.6076436202502
9200066  0.6076436202502
9200067  0.6076436202502
9200068  0.6076436202502
9200071  0.6076436202502
9200072  0.6076436202502
9200076  0.6076436202502
9200077  0.6076436202502
9200081  0.6076436202502
9200082  0.6076436202502
9200086  0.6076436202502
9200087  0.6076436202502
9200091  0.6076436202502
9200095  0.6076436202502
9500060  0.6076436202502
9500062  0.6076436202502
9600090  0.6076436202502
9600094  0.6076436202502
9600095  0.6076436202502
9600098  0.6076436202502
9600101  0.6076436202502
9600102  0.6076436202502
9600103  0.6076436202502
9600108  0.6076436202502
9600109  0.6076436202502
9600112  0.6076436202502
9600114  0.6076436202502
9600117  0.6076436202502
9700064  0.6076436202502
2500013  0.5962847939999439
2800014  0.5962847939999439
2800017  0.5962847939999439
2800018  0.5962847939999439
5600019  0.5962847939999439
7100026  0.5962847939999439
7100034  0.5962847939999439
7100043  0.5962847939999439
7100052  0.5962847939999439
7100062  0.5962847939999439
7100071  0.5962847939999439
7100076  0.5962847939999439
7100077  0.5962847939999439
7100078  0.5962847939999439
7700032  0.5962847939999439
7800035  0.5962847939999439
7900036  0.5962847939999439
7900040  0.5962847939999439
7900055  0.5962847939999439
8300041  0.5962847939999439
8300043  0.5962847939999439
8300044  0.5962847939999439
8300045  0.5962847939999439
8600043  0.5962847939999439
8600163  0.5962847939999439
8800048  0.5962847939999439
8800051  0.5962847939999439
9100054  0.5962847939999439
9100057  0.5962847939999439
9100058  0.5962847939999439
9900100  0.5962847939999439
10600975  0.5962847939999439
10600986  0.5962847939999439
10601018  0.5962847939999439
10601031  0.5962847939999439
10601118  0.5962847939999439
10601152  0.5962847939999439
6900025  0.5773502691896257
6900026  0.5773502691896257
10602163  0.5773502691896257
4000048  0.5680375574437545
4000049  0.5680375574437545
5700049  0.5680375574437545
5700050  0.5680375574437545
5700068  0.5680375574437545
5700071  0.5680375574437545
5700076  0.5680375574437545
4000064  0.5270462766947299
4000065  0.5270462766947299
4000060  0.48454371185234896
4000061  0.48454371185234896
5700103  0.48454371185234896
5700104  0.48454371185234896
5700105  0.48454371185234896
5700106  0.48454371185234896
6200123  0.48454371185234896
6200124  0.48454371185234896
6600026  0.4403855060505443
6000020  0.3651483716701107
6000021  0.3651483716701107
6000024  0.3651483716701107
6000025  0.3651483716701107
10602203  0.3651483716701107
