1000037  0.153010755777359
1000041  0.153010755777359
1000045  0.153010755777359
1000050  0.153010755777359
1000054  0.153010755777359
1000058  0.153010755777359
1000062  0.153010755777359
1000066  0.153010755777359
1000070  0.153010755777359
1000216  0.153010755777359
1300098  0.153010755777359
1300099  0.153010755777359
1300107  0.153010755777359
1300108  0.153010755777359
1300111  0.153010755777359
1300112  0.153010755777359
1300158  0.153010755777359
1300228  0.153010755777359
1300233  0.153010755777359
1301186  0.153010755777359
1301227  0.153010755777359
1301228  0.153010755777359
1301229  0.153010755777359
1301230  0.153010755777359
1900284  0.153010755777359
1900285  0.153010755777359
1900286  0.153010755777359
1900287  0.153010755777359
1301185  0.15277190506458282
1000217  0.15270103514194489
1700414  0.15247823297977448
1301184  0.1524769812822342
1301183  0.1522602140903473
1700413  0.15216848254203796
1800317  0.15174850821495056
1800318  0.15141388773918152
1800319  0.15133006870746613
1600386  0.15112915635108948
1600387  0.15109753608703613
