1300158  0.5714003443717957
1301185  0.5502111911773682
1301227  0.4959595501422882
1301184  0.49284660816192627
1301228  0.4853084981441498
1301229  0.4822102189064026
1301186  0.47753408551216125
1301230  0.4568825364112854
1301183  0.45377352833747864
1300107  0.2868795096874237
1000050  0.21440693736076355
1900284  0.20738592743873596
1800319  0.20066949725151062
1000058  0.19710232317447662
1600386  0.19417527318000793
1700414  0.1884244829416275
1900287  0.18195870518684387
1000045  0.1801164597272873
1900285  0.17972509562969208
1300111  0.17880846560001373
1300108  0.17849920690059662
1700413  0.1673332154750824
1000066  0.15649142861366272
1300112  0.15424539148807526
1000062  0.1513880342245102
1000217  0.15070098638534546
1900286  0.14914575219154358
1000070  0.1477840542793274
1600387  0.1402851790189743
1000216  0.13815250992774963
1000037  0.1347854882478714
1000041  0.13353843986988068
1000054  0.12206868827342987
1800318  0.11931116878986359
1300099  0.1173190027475357
1800317  0.1160738617181778
1300233  0.10646559298038483
1300098  0.09247586876153946
1300228  0.07794992625713348
