2300278  1.0
2300303  1.0
2400066  1.0
2400070  1.0
2400074  1.0
2400075  1.0
2400076  1.0
2400077  1.0
2400078  1.0
2400080  1.0
2400097  1.0
2400098  1.0
2400350  1.0
2400351  1.0
2400355  1.0
2400367  0.5
2400368  0.5
2400372  0.5
1200072  0.375
1200075  0.375
1200078  0.375
1200122  0.375
1200142  0.375
1500082  0.375
2000120  0.375
2000158  0.375
2000160  0.375
2000162  0.375
2000168  0.375
2000169  0.375
2000170  0.375
2000171  0.375
2000173  0.375
2000174  0.375
2000177  0.375
2000179  0.375
2000182  0.375
2000186  0.375
2300102  0.2857142857142857
1900243  0.2727272727272727
1900248  0.2727272727272727
1900252  0.2727272727272727
2000165  0.2727272727272727
2000233  0.2727272727272727
2000235  0.2727272727272727
2000237  0.2727272727272727
2000243  0.2727272727272727
2000256  0.2727272727272727
2000257  0.2727272727272727
2000260  0.2727272727272727
2000040  0.2142857142857143
2000060  0.2142857142857143
2000090  0.2142857142857143
2000093  0.2142857142857143
2000095  0.2142857142857143
2000096  0.2142857142857143
2000097  0.2142857142857143
2000099  0.2142857142857143
2000101  0.2142857142857143
2000102  0.2142857142857143
2000106  0.2142857142857143
1000045  0.19999999999999996
1000046  0.19999999999999996
1100038  0.19999999999999996
1100039  0.19999999999999996
1200047  0.19999999999999996
1200048  0.19999999999999996
1200049  0.19999999999999996
1200050  0.19999999999999996
1200111  0.19999999999999996
1200114  0.19999999999999996
1200115  0.19999999999999996
1200131  0.19999999999999996
1200134  0.19999999999999996
1200135  0.19999999999999996
1500043  0.19999999999999996
1500044  0.19999999999999996
1500053  0.19999999999999996
1500054  0.19999999999999996
1500055  0.19999999999999996
1500056  0.19999999999999996
1500063  0.19999999999999996
1500064  0.19999999999999996
1500180  0.19999999999999996
1500182  0.19999999999999996
1500189  0.19999999999999996
2400039  0.19999999999999996
2400040  0.19999999999999996
2400049  0.19999999999999996
2400050  0.19999999999999996
2400051  0.19999999999999996
2400402  0.19999999999999996
2400403  0.19999999999999996
1600045  0.17391304347826086
1600046  0.17391304347826086
1600047  0.17391304347826086
1600054  0.17391304347826086
1600057  0.17391304347826086
1600058  0.17391304347826086
2200043  0.17391304347826086
2200044  0.17391304347826086
2200053  0.17391304347826086
2200054  0.17391304347826086
2200055  0.17391304347826086
2201067  0.17391304347826086
2201068  0.17391304347826086
2300038  0.17391304347826086
2300041  0.17391304347826086
2300045  0.17391304347826086
1800051  0.13043478260869568
1800052  0.13043478260869568
1800133  0.13043478260869568
1800134  0.13043478260869568
1800135  0.13043478260869568
1800136  0.13043478260869568
1800137  0.13043478260869568
1800138  0.13043478260869568
1800139  0.13043478260869568
1800140  0.13043478260869568
1800141  0.13043478260869568
1800142  0.13043478260869568
1800143  0.13043478260869568
1800144  0.13043478260869568
1800145  0.13043478260869568
1800146  0.13043478260869568
1800161  0.13043478260869568
1800162  0.13043478260869568
1800165  0.13043478260869568
1800166  0.13043478260869568
1800167  0.13043478260869568
1800168  0.13043478260869568
1800169  0.13043478260869568
1800170  0.13043478260869568
1800172  0.13043478260869568
1800178  0.13043478260869568
2500057  0.125
2500058  0.125
2500059  0.125
2600033  0.125
2700034  0.125
2800060  0.125
2800061  0.125
2800062  0.125
2800063  0.125
2900070  0.125
2900077  0.125
2900084  0.125
2900090  0.125
2900091  0.125
2900092  0.125
3000057  0.125
3000058  0.125
3000059  0.125
3100076  0.125
3100077  0.125
3100078  0.125
3100079  0.125
3100080  0.125
3100081  0.125
3200076  0.125
3200077  0.125
3200078  0.125
3200079  0.125
3300036  0.125
3300037  0.125
3400083  0.125
3400085  0.125
3400089  0.125
3400090  0.125
3400098  0.125
3400099  0.125
3400102  0.125
3400105  0.125
3400108  0.125
3400111  0.125
3400114  0.125
3400117  0.125
3400120  0.125
3400123  0.125
3400126  0.125
3400129  0.125
3400132  0.125
3400133  0.125
3400134  0.125
3400135  0.125
3400136  0.125
3400137  0.125
3400138  0.125
3400139  0.125
3500052  0.125
3500053  0.125
3500054  0.125
3500055  0.125
3600052  0.125
3600053  0.125
3600054  0.125
3600055  0.125
3700054  0.125
3700055  0.125
3700056  0.125
3700057  0.125
3800052  0.125
3800053  0.125
3800054  0.125
3800055  0.125
