2400066  1.0
2400070  1.0
2400074  1.0
2400075  1.0
2400076  1.0
2400077  1.0
2400078  1.0
2400080  1.0
2400097  1.0
2400098  1.0
2400350  1.0
2400351  1.0
2400355  1.0
2400367  0.7071067811865476
2400368  0.7071067811865476
2400372  0.7071067811865476
1200072  0.6123724356957946
1200075  0.6123724356957946
1200078  0.6123724356957946
1200122  0.6123724356957946
1200142  0.6123724356957946
1500082  0.6123724356957946
2000120  0.6123724356957946
2000158  0.6123724356957946
2000160  0.6123724356957946
2000162  0.6123724356957946
2000186  0.6123724356957946
2300278  0.5773502691896258
2000040  0.4629100498862757
2000060  0.4629100498862757
2000090  0.4629100498862757
2000093  0.4629100498862757
2000095  0.4629100498862757
2000096  0.4629100498862757
2000097  0.4629100498862757
2000099  0.4629100498862757
2000101  0.4629100498862757
2000102  0.4629100498862757
2000106  0.4629100498862757
1000045  0.4472135954999579
1000046  0.4472135954999579
1100038  0.4472135954999579
1100039  0.4472135954999579
1200047  0.4472135954999579
1200048  0.4472135954999579
1200049  0.4472135954999579
1200050  0.4472135954999579
1200111  0.4472135954999579
1200114  0.4472135954999579
1200115  0.4472135954999579
1200131  0.4472135954999579
1200134  0.4472135954999579
1200135  0.4472135954999579
1500043  0.4472135954999579
1500044  0.4472135954999579
1500053  0.4472135954999579
1500054  0.4472135954999579
1500055  0.4472135954999579
1500056  0.4472135954999579
1500063  0.4472135954999579
1500064  0.4472135954999579
1500180  0.4472135954999579
1500182  0.4472135954999579
1500189  0.4472135954999579
2400039  0.4472135954999579
2400040  0.4472135954999579
2400049  0.4472135954999579
2400050  0.4472135954999579
2400051  0.4472135954999579
2400402  0.4472135954999579
2400403  0.4472135954999579
2000168  0.43301270189221935
2000169  0.43301270189221935
2000170  0.43301270189221935
2000171  0.43301270189221935
2000173  0.43301270189221935
2000174  0.43301270189221935
2000177  0.43301270189221935
2000179  0.43301270189221935
2000182  0.43301270189221935
2300303  0.4082482904638631
1900243  0.3692744729379982
1900248  0.3692744729379982
1900252  0.3692744729379982
2000165  0.3692744729379982
2000233  0.3692744729379982
2000235  0.3692744729379982
2000237  0.3692744729379982
2000243  0.3692744729379982
2000256  0.3692744729379982
2000257  0.3692744729379982
2000260  0.3692744729379982
1600045  0.34050261230349943
1600046  0.34050261230349943
1600047  0.34050261230349943
1600054  0.34050261230349943
1600057  0.34050261230349943
1600058  0.34050261230349943
2200043  0.34050261230349943
2200044  0.34050261230349943
2200053  0.34050261230349943
2200054  0.34050261230349943
2200055  0.34050261230349943
2201067  0.34050261230349943
2201068  0.34050261230349943
2300038  0.34050261230349943
2300041  0.34050261230349943
2300045  0.34050261230349943
2300102  0.3086066999241838
1800051  0.2553769592276246
1800052  0.2553769592276246
1800133  0.2553769592276246
1800134  0.2553769592276246
1800135  0.2553769592276246
1800136  0.2553769592276246
1800137  0.2553769592276246
1800138  0.2553769592276246
1800139  0.2553769592276246
1800140  0.2553769592276246
1800141  0.2553769592276246
1800142  0.2553769592276246
1800143  0.2553769592276246
1800144  0.2553769592276246
1800145  0.2553769592276246
1800146  0.2553769592276246
1800161  0.2553769592276246
1800162  0.2553769592276246
1800165  0.2553769592276246
1800166  0.2553769592276246
1800167  0.2553769592276246
1800168  0.2553769592276246
1800169  0.2553769592276246
1800170  0.2553769592276246
1800172  0.2553769592276246
1800178  0.2553769592276246
2500057  0.20412414523193154
2500058  0.20412414523193154
2500059  0.20412414523193154
2600033  0.20412414523193154
2700034  0.20412414523193154
2800060  0.20412414523193154
2800061  0.20412414523193154
2800062  0.20412414523193154
2800063  0.20412414523193154
2900070  0.20412414523193154
2900077  0.20412414523193154
2900084  0.20412414523193154
2900090  0.20412414523193154
2900091  0.20412414523193154
2900092  0.20412414523193154
3000057  0.20412414523193154
3000058  0.20412414523193154
3000059  0.20412414523193154
3100076  0.20412414523193154
3100077  0.20412414523193154
3100078  0.20412414523193154
3100079  0.20412414523193154
3100080  0.20412414523193154
3100081  0.20412414523193154
3200076  0.20412414523193154
3200077  0.20412414523193154
3200078  0.20412414523193154
3200079  0.20412414523193154
3300036  0.20412414523193154
3300037  0.20412414523193154
3400083  0.20412414523193154
3400085  0.20412414523193154
3400089  0.20412414523193154
3400090  0.20412414523193154
3400098  0.20412414523193154
3400099  0.20412414523193154
3400102  0.20412414523193154
3400105  0.20412414523193154
3400108  0.20412414523193154
3400111  0.20412414523193154
3400114  0.20412414523193154
3400117  0.20412414523193154
3400120  0.20412414523193154
3400123  0.20412414523193154
3400126  0.20412414523193154
3400129  0.20412414523193154
3400132  0.20412414523193154
3400133  0.20412414523193154
3400134  0.20412414523193154
3400135  0.20412414523193154
3400136  0.20412414523193154
3400137  0.20412414523193154
3400138  0.20412414523193154
3400139  0.20412414523193154
3500052  0.20412414523193154
3500053  0.20412414523193154
3500054  0.20412414523193154
3500055  0.20412414523193154
3600052  0.20412414523193154
3600053  0.20412414523193154
3600054  0.20412414523193154
3600055  0.20412414523193154
3700054  0.20412414523193154
3700055  0.20412414523193154
3700056  0.20412414523193154
3700057  0.20412414523193154
3800052  0.20412414523193154
3800053  0.20412414523193154
3800054  0.20412414523193154
3800055  0.20412414523193154
