3501167  1.0
3501168  1.0
3501169  1.0
3501174  1.0
3501175  1.0
7500665  1.0
7500666  1.0
7500685  1.0
7500686  1.0
7500331  0.408248290463863
7500333  0.408248290463863
7501098  0.2519763153394848
7501101  0.2519763153394848
7501102  0.2519763153394848
7800071  0.23570226039551584
7200202  0.16012815380508716
6401531  0.1466471150213533
7500582  0.12216944435630522
3200318  0.11923929502757463
3200319  0.11923929502757463
3200320  0.11923929502757463
3200344  0.10700645625096325
3200345  0.10700645625096325
3200347  0.10700645625096325
3200350  0.10700645625096325
7600225  0.10067340828210365
7600223  0.10033500931359766
7500220  0.07808688094430304
7500221  0.07808688094430304
7800262  0.07014306238318944
7800265  0.07014306238318944
7800266  0.07014306238318944
3300147  0.06741998624632421
3300139  0.06711560552140243
3300140  0.06711560552140243
3300141  0.06711560552140243
3300142  0.06711560552140243
3300119  0.06706527510148438
6500162  0.06477502756312957
6500163  0.06477502756312957
6500164  0.06477502756312957
3500900  0.06450494288062959
3500910  0.0642824346533225
3500882  0.06375767130633382
3500884  0.06375767130633382
3500885  0.06375767130633382
3500887  0.06375767130633382
7600124  0.060820529988352766
7600125  0.060820529988352766
7600126  0.060820529988352766
7600127  0.060820529988352766
7800259  0.058453883464038
2300133  0.05719735678055989
3500955  0.055814557218594754
3500951  0.05433926670016639
3500952  0.05433926670016639
3500953  0.05433926670016639
3500954  0.05433926670016639
5400104  0.05355435401208764
5400105  0.05355435401208764
7600304  0.05103103630798288
8400082  0.050336704141051826
8400084  0.050336704141051826
8400088  0.050336704141051826
3500924  0.04829922287175594
3500925  0.04829922287175594
3500927  0.04829922287175594
3500930  0.04829922287175594
7600295  0.04639051998342825
2300131  0.04262722788591861
4500140  0.04139801998005539
2200167  0.04113450348948636
2200172  0.04113450348948636
2200173  0.04113450348948636
2200174  0.04113450348948636
2200175  0.04113450348948636
2200177  0.04113450348948636
6500160  0.041111322589651896
6401533  0.04101898935104105
6401534  0.04101898935104105
6500103  0.04101898935104105
7200196  0.04101898935104105
7200197  0.04101898935104105
7200198  0.04101898935104105
7200200  0.04101898935104105
6401528  0.041007491386035606
6401529  0.041007491386035606
6401530  0.041007491386035606
6401570  0.04096159602595202
6401571  0.04096159602595202
6401572  0.04096159602595202
6401573  0.04096159602595202
6500140  0.04096159602595202
6500141  0.04096159602595202
6500142  0.04096159602595202
6500143  0.04096159602595202
6500144  0.04096159602595202
6500145  0.04096159602595202
6500146  0.04096159602595202
6500148  0.04096159602595202
6500152  0.04096159602595202
6500153  0.04096159602595202
6500155  0.04096159602595202
6500156  0.04096159602595202
6500158  0.04096159602595202
6500159  0.04096159602595202
6500166  0.04096159602595202
7200177  0.04096159602595202
7200178  0.04096159602595202
7200180  0.04096159602595202
7200181  0.04096159602595202
7200182  0.04096159602595202
7200183  0.04096159602595202
4500121  0.040799337424140304
7600256  0.0391430158454744
7600257  0.0391430158454744
7600252  0.039063294752851016
7600253  0.039063294752851016
7600254  0.039063294752851016
2300107  0.038768621487280774
2300108  0.038768621487280774
2200605  0.038499525175450904
2200606  0.038499525175450904
2200603  0.038480517756284256
2200604  0.038480517756284256
2200682  0.038480517756284256
8400237  0.038480517756284256
8400232  0.03847102459769493
7800424  0.03840476863212843
4500120  0.038376477822666816
4500139  0.03813388156125436
5100221  0.0380601572166848
5100202  0.03795036807291728
5100203  0.03795036807291728
5100211  0.03795036807291728
5100212  0.03795036807291728
5100217  0.03795036807291728
5100197  0.037582301400141446
7600284  0.03673591791853225
2200385  0.036442025853950184
2200386  0.036442025853950184
2200387  0.036442025853950184
7600270  0.03630567356786221
7700051  0.03623410388658584
7700052  0.03623410388658584
2200360  0.035936520298648904
2200738  0.035936520298648904
2200739  0.035936520298648904
2200740  0.035936520298648904
2200741  0.035936520298648904
2200743  0.035936520298648904
3900770  0.035936520298648904
3900771  0.035936520298648904
3900772  0.035936520298648904
3900773  0.035936520298648904
7800061  0.03548122505065543
7800062  0.03548122505065543
6401535  0.03431991115272901
6401536  0.03431991115272901
6401574  0.03430476221747198
5000107  0.034073313781819096
5000108  0.034073313781819096
5000096  0.03331483023263848
5000099  0.03331483023263848
5000100  0.03331483023263848
5000101  0.03331483023263848
5000104  0.03331483023263848
5000105  0.03331483023263848
5000106  0.03331483023263848
5000110  0.03331483023263848
5000111  0.03331483023263848
5000112  0.03331483023263848
1100255  0.03313754113545029
4000127  0.0324158617202798
4000131  0.0324158617202798
6500123  0.03205303823780162
5000133  0.031998293469854534
3501237  0.031814238148788886
3200284  0.03180887273208006
3200285  0.03180887273208006
3200288  0.03180887273208006
3200289  0.03180887273208006
3200290  0.03180887273208006
3200291  0.03180887273208006
3200298  0.03180887273208006
3300056  0.03180887273208006
3300059  0.03180887273208006
3300060  0.03180887273208006
3300063  0.03180887273208006
3300066  0.03180887273208006
3300072  0.03180887273208006
3300082  0.03180887273208006
3300083  0.03180887273208006
3300086  0.03180887273208006
3300153  0.03180887273208006
3300157  0.03180887273208006
3300158  0.03180887273208006
3300159  0.03180887273208006
3300160  0.03180887273208006
3300161  0.03180887273208006
3300162  0.03180887273208006
3300163  0.03180887273208006
3300165  0.03180887273208006
3300166  0.03180887273208006
3300167  0.03180887273208006
3300168  0.03180887273208006
3300169  0.03180887273208006
3300173  0.03180887273208006
3300174  0.03180887273208006
3300175  0.03180887273208006
3300176  0.03180887273208006
3300177  0.03180887273208006
3300178  0.03180887273208006
3300179  0.03180887273208006
3300180  0.03180887273208006
3300181  0.03180887273208006
3300182  0.03180887273208006
3300183  0.03180887273208006
3300184  0.03180887273208006
3300186  0.03180887273208006
3300187  0.03180887273208006
3300188  0.03180887273208006
3300189  0.03180887273208006
3300190  0.03180887273208006
3300191  0.03180887273208006
3300192  0.03180887273208006
3300193  0.03180887273208006
3300194  0.03180887273208006
3300195  0.03180887273208006
3300196  0.03180887273208006
3300197  0.03180887273208006
3300200  0.03180887273208006
3300201  0.03180887273208006
3300203  0.03180887273208006
3300204  0.03180887273208006
3300206  0.03180887273208006
3300207  0.03180887273208006
3300208  0.03180887273208006
3300212  0.03180887273208006
3300215  0.03180887273208006
3300218  0.03180887273208006
3300223  0.03180887273208006
3300224  0.03180887273208006
3400389  0.03180887273208006
3400390  0.03180887273208006
3400393  0.03180887273208006
3400394  0.03180887273208006
3400395  0.03180887273208006
3400396  0.03180887273208006
3400397  0.03180887273208006
3400398  0.03180887273208006
3400399  0.03180887273208006
4100218  0.03180887273208006
8200109  0.0318035100290609
2300315  0.03169682234153085
3000160  0.03157020337064346
1100252  0.03120432397071483
2800111  0.03112361430055128
3800328  0.03112361430055128
4700220  0.03112361430055128
5400142  0.03112361430055128
5400143  0.03112361430055128
5400144  0.03112361430055128
5400145  0.03112361430055128
5500101  0.03112361430055128
8200147  0.03112361430055128
8200148  0.03112361430055128
8200149  0.03112361430055128
8200150  0.03112361430055128
8200151  0.03112361430055128
8500155  0.03112361430055128
8500049  0.031118590716578513
1800726  0.031108550841912757
5700094  0.031093509233728094
3700090  0.03106349135780009
5300139  0.03106349135780009
8300069  0.031053504702226842
4700208  0.031043527672346128
4800056  0.031043527672346128
5800058  0.031043527672346128
3100055  0.031033560252704918
1600051  0.031003715501208017
3800309  0.031003715501208017
2800095  0.030983866769659335
4200040  0.030890103160760775
4200046  0.030890103160760775
4200047  0.030890103160760775
4200087  0.030890103160760775
4200091  0.030890103160760775
5000063  0.030890103160760775
5000065  0.030890103160760775
5000066  0.030890103160760775
5000067  0.030890103160760775
5000068  0.030890103160760775
5000122  0.030890103160760775
5000123  0.030890103160760775
5000169  0.030890103160760775
5000171  0.030890103160760775
5000173  0.030890103160760775
5000175  0.030890103160760775
5000178  0.030890103160760775
5000180  0.030890103160760775
2700122  0.03087537605472192
5100081  0.03086066999241838
2200146  0.030816677568068288
2200143  0.030782591005850707
1700141  0.030748617304203953
5100045  0.030589957130244455
5100068  0.03053286851352797
5100071  0.03053286851352797
5100072  0.03053286851352797
5100100  0.03053286851352797
5100111  0.03053286851352797
5100115  0.03053286851352797
5100116  0.03053286851352797
5100117  0.03053286851352797
5100118  0.03053286851352797
5100119  0.03053286851352797
5100122  0.03053286851352797
5100126  0.03053286851352797
5100127  0.03053286851352797
5100128  0.03053286851352797
5100129  0.03053286851352797
5100135  0.03053286851352797
5100137  0.03053286851352797
5100138  0.03053286851352797
5100148  0.03053286851352797
5100149  0.03053286851352797
5100191  0.03053286851352797
5100192  0.03053286851352797
5100194  0.03053286851352797
5100225  0.03053286851352797
5100229  0.03053286851352797
5100237  0.03053286851352797
2700080  0.030492623583089882
2200691  0.030471381766800257
4500042  0.030471381766800257
4500045  0.030471381766800257
4500053  0.030471381766800257
4500054  0.030471381766800257
4500056  0.030471381766800257
4500057  0.030471381766800257
4500058  0.030471381766800257
4500059  0.030471381766800257
4500061  0.030471381766800257
4500062  0.030471381766800257
4500064  0.030471381766800257
4500066  0.030471381766800257
4500067  0.030471381766800257
4500069  0.030471381766800257
4500075  0.030471381766800257
4500076  0.030471381766800257
2300321  0.030307669113666436
2300372  0.030307669113666436
1700127  0.030261376633440123
2300156  0.03025214356636527
2300160  0.03025214356636527
2300164  0.03025214356636527
2300168  0.03025214356636527
2300172  0.03025214356636527
2300176  0.03025214356636527
2300180  0.03025214356636527
2300184  0.03025214356636527
2300188  0.03025214356636527
2300192  0.03025214356636527
2300196  0.03025214356636527
2300200  0.03025214356636527
2300204  0.03025214356636527
2300208  0.03025214356636527
2300212  0.03025214356636527
2300216  0.03025214356636527
2300220  0.03025214356636527
2300224  0.03025214356636527
2300228  0.03025214356636527
2300232  0.03025214356636527
2300236  0.03025214356636527
2300240  0.03025214356636527
2300244  0.03025214356636527
2300248  0.03025214356636527
2300252  0.03025214356636527
2300256  0.03025214356636527
2300260  0.03025214356636527
2300264  0.03025214356636527
2300272  0.03025214356636527
2300276  0.03025214356636527
2300280  0.03025214356636527
2300284  0.03025214356636527
2300288  0.03025214356636527
2300292  0.03025214356636527
4100092  0.03025214356636527
4600445  0.03025214356636527
4600446  0.03025214356636527
4600448  0.03025214356636527
4600449  0.03025214356636527
4600451  0.03025214356636527
4600452  0.03025214356636527
4600454  0.03025214356636527
4600455  0.03025214356636527
4600457  0.03025214356636527
4600458  0.03025214356636527
4600460  0.03025214356636527
4600461  0.03025214356636527
4600463  0.03025214356636527
4600464  0.03025214356636527
4600466  0.03025214356636527
4600467  0.03025214356636527
4600469  0.03025214356636527
4600470  0.03025214356636527
4600472  0.03025214356636527
4600473  0.03025214356636527
4600475  0.03025214356636527
4600476  0.03025214356636527
4600478  0.03025214356636527
4600485  0.03025214356636527
4600486  0.03025214356636527
4600488  0.03025214356636527
4600489  0.03025214356636527
4600491  0.03025214356636527
4600492  0.03025214356636527
4600494  0.03025214356636527
4600495  0.03025214356636527
4600497  0.03025214356636527
4600498  0.03025214356636527
4600500  0.03025214356636527
4600501  0.03025214356636527
4600503  0.03025214356636527
4600504  0.03025214356636527
4600506  0.03025214356636527
4600507  0.03025214356636527
4600509  0.03025214356636527
4600510  0.03025214356636527
4600512  0.03025214356636527
4600513  0.03025214356636527
4600515  0.03025214356636527
4600516  0.03025214356636527
4600518  0.03025214356636527
4600519  0.03025214356636527
4600521  0.03025214356636527
4600522  0.03025214356636527
4600524  0.03025214356636527
4600525  0.03025214356636527
4600527  0.03025214356636527
4600528  0.03025214356636527
4600530  0.03025214356636527
4600531  0.03025214356636527
4600533  0.03025214356636527
4600534  0.03025214356636527
4600536  0.03025214356636527
4600537  0.03025214356636527
4600539  0.03025214356636527
4600540  0.03025214356636527
4600542  0.03025214356636527
4600543  0.03025214356636527
4600545  0.03025214356636527
4600546  0.03025214356636527
4600548  0.03025214356636527
4600549  0.03025214356636527
4600551  0.03025214356636527
4600552  0.03025214356636527
4600555  0.03025214356636527
4600558  0.03025214356636527
4600562  0.03025214356636527
2300268  0.030247530200945175
4100053  0.030247530200945175
1600041  0.03023830979829201
1600042  0.03023830979829201
1600043  0.03023830979829201
2200050  0.03023830979829201
2200076  0.03023830979829201
2200077  0.03023830979829201
2200079  0.03023830979829201
2200081  0.03023830979829201
2200083  0.03023830979829201
2200085  0.03023830979829201
2200087  0.03023830979829201
2200090  0.03023830979829201
2200093  0.03023830979829201
2200096  0.03023830979829201
2200099  0.03023830979829201
2200102  0.03023830979829201
2200105  0.03023830979829201
2200108  0.03023830979829201
2200111  0.03023830979829201
2200114  0.03023830979829201
2200117  0.03023830979829201
2200120  0.03023830979829201
2200121  0.03023830979829201
2200126  0.03023830979829201
2200131  0.03023830979829201
2200133  0.03023830979829201
2200138  0.03023830979829201
2200139  0.03023830979829201
2200241  0.03023830979829201
2200242  0.03023830979829201
2200243  0.03023830979829201
2200244  0.03023830979829201
2200245  0.03023830979829201
2200246  0.03023830979829201
2200247  0.03023830979829201
2200249  0.03023830979829201
2200250  0.03023830979829201
2200251  0.03023830979829201
2200252  0.03023830979829201
2200253  0.03023830979829201
2200254  0.03023830979829201
2200255  0.03023830979829201
2200256  0.03023830979829201
2200257  0.03023830979829201
2200258  0.03023830979829201
2200259  0.03023830979829201
2200264  0.03023830979829201
2200265  0.03023830979829201
2200268  0.03023830979829201
2200270  0.03023830979829201
2200273  0.03023830979829201
2200275  0.03023830979829201
2200278  0.03023830979829201
2200279  0.03023830979829201
2200280  0.03023830979829201
2200281  0.03023830979829201
2200282  0.03023830979829201
2200283  0.03023830979829201
2200284  0.03023830979829201
2200286  0.03023830979829201
2200288  0.03023830979829201
2200294  0.03023830979829201
2200295  0.03023830979829201
2200296  0.03023830979829201
2200297  0.03023830979829201
2200298  0.03023830979829201
2300099  0.03023830979829201
2300100  0.03023830979829201
2300101  0.03023830979829201
2300102  0.03023830979829201
2300103  0.03023830979829201
2300308  0.03023830979829201
2300319  0.03023830979829201
2300320  0.03023830979829201
2300323  0.03023830979829201
2300327  0.03023830979829201
2300328  0.03023830979829201
2300329  0.03023830979829201
2300330  0.03023830979829201
2300331  0.03023830979829201
2300332  0.03023830979829201
2300333  0.03023830979829201
2300334  0.03023830979829201
2300335  0.03023830979829201
2300336  0.03023830979829201
2300337  0.03023830979829201
2300338  0.03023830979829201
2300343  0.03023830979829201
2300344  0.03023830979829201
2300345  0.03023830979829201
2300346  0.03023830979829201
2300347  0.03023830979829201
2300348  0.03023830979829201
2300349  0.03023830979829201
2300350  0.03023830979829201
2300351  0.03023830979829201
2300352  0.03023830979829201
2300353  0.03023830979829201
2300354  0.03023830979829201
2300355  0.03023830979829201
2300356  0.03023830979829201
2300357  0.03023830979829201
2300358  0.03023830979829201
2300359  0.03023830979829201
2300360  0.03023830979829201
2300361  0.03023830979829201
2300362  0.03023830979829201
2300363  0.03023830979829201
2300364  0.03023830979829201
2300365  0.03023830979829201
2300369  0.03023830979829201
2300370  0.03023830979829201
2300385  0.03023830979829201
2300386  0.03023830979829201
2400660  0.03023830979829201
2500164  0.03023830979829201
2500173  0.03023830979829201
2500209  0.03023830979829201
2500218  0.03023830979829201
2500236  0.03023830979829201
2500245  0.03023830979829201
2500254  0.03023830979829201
2500264  0.03023830979829201
2500282  0.03023830979829201
2500291  0.03023830979829201
2500300  0.03023830979829201
2500309  0.03023830979829201
2500318  0.03023830979829201
2500336  0.03023830979829201
2500345  0.03023830979829201
2500354  0.03023830979829201
2500363  0.03023830979829201
2600750  0.03023830979829201
2600751  0.03023830979829201
2800045  0.03023830979829201
2800046  0.03023830979829201
2800047  0.03023830979829201
2800119  0.03023830979829201
2900055  0.03023830979829201
2900056  0.03023830979829201
2900057  0.03023830979829201
2900058  0.03023830979829201
2900137  0.03023830979829201
3000151  0.03023830979829201
3000152  0.03023830979829201
3000153  0.03023830979829201
3600040  0.03023830979829201
3600041  0.03023830979829201
3600042  0.03023830979829201
3600093  0.03023830979829201
3600097  0.03023830979829201
3700054  0.03023830979829201
3700055  0.03023830979829201
3700058  0.03023830979829201
3700061  0.03023830979829201
3700062  0.03023830979829201
3700070  0.03023830979829201
3700086  0.03023830979829201
3800051  0.03023830979829201
3800052  0.03023830979829201
3800053  0.03023830979829201
3800054  0.03023830979829201
3800055  0.03023830979829201
4000046  0.03023830979829201
4000047  0.03023830979829201
4000048  0.03023830979829201
4400037  0.03023830979829201
4400038  0.03023830979829201
4600436  0.03023830979829201
4600437  0.03023830979829201
4700044  0.03023830979829201
4700045  0.03023830979829201
4700046  0.03023830979829201
4800041  0.03023830979829201
4800042  0.03023830979829201
4800043  0.03023830979829201
5200056  0.03023830979829201
5200058  0.03023830979829201
5200062  0.03023830979829201
5200063  0.03023830979829201
5200066  0.03023830979829201
5200070  0.03023830979829201
5200072  0.03023830979829201
5200073  0.03023830979829201
5200075  0.03023830979829201
5200076  0.03023830979829201
5200078  0.03023830979829201
5200079  0.03023830979829201
5200080  0.03023830979829201
5200182  0.03023830979829201
5300052  0.03023830979829201
5300054  0.03023830979829201
5300058  0.03023830979829201
5300059  0.03023830979829201
5300062  0.03023830979829201
5300066  0.03023830979829201
5300067  0.03023830979829201
5300076  0.03023830979829201
5300077  0.03023830979829201
5300087  0.03023830979829201
5300088  0.03023830979829201
5300089  0.03023830979829201
5300090  0.03023830979829201
5300148  0.03023830979829201
5300158  0.03023830979829201
5500045  0.03023830979829201
5500046  0.03023830979829201
5500049  0.03023830979829201
5600046  0.03023830979829201
5600047  0.03023830979829201
5600058  0.03023830979829201
5600059  0.03023830979829201
5600073  0.03023830979829201
5600075  0.03023830979829201
5600079  0.03023830979829201
5600081  0.03023830979829201
5600082  0.03023830979829201
5600086  0.03023830979829201
5600087  0.03023830979829201
5600091  0.03023830979829201
5600174  0.03023830979829201
5600183  0.03023830979829201
5700045  0.03023830979829201
5700046  0.03023830979829201
5700047  0.03023830979829201
5800042  0.03023830979829201
5800043  0.03023830979829201
5800044  0.03023830979829201
5900452  0.03023830979829201
5900457  0.03023830979829201
2500227  0.030233702757845024
2500273  0.030233702757845024
2500327  0.030233702757845024
4100049  0.030233702757845024
4100050  0.030233702757845024
4100051  0.030233702757845024
4100055  0.030233702757845024
4100056  0.030233702757845024
4100057  0.030233702757845024
4100059  0.030233702757845024
4100070  0.030233702757845024
4100071  0.030233702757845024
4100072  0.030233702757845024
5400054  0.030233702757845024
2500200  0.030229097822511354
3100066  0.030229097822511354
6300102  0.030229097822511354
8500071  0.030229097822511354
1800069  0.030224494990688324
8500080  0.030224494990688324
5400063  0.030215295631172027
2500191  0.030210699100281943
1800058  0.03020610466650885
1700150  0.030183163898662036
1400063  0.030178582014172842
2400054  0.030178582014172842
2400055  0.030178582014172842
8500062  0.03015113445777636
5400043  0.030146567142070726
5400044  0.030146567142070726
5400045  0.030146567142070726
8200047  0.030142001901317352
8200048  0.030142001901317352
8200051  0.030142001901317352
8200052  0.030142001901317352
8300052  0.030142001901317352
8300053  0.030142001901317352
8300056  0.030142001901317352
8300059  0.030142001901317352
8300060  0.030142001901317352
1700126  0.03013743873394561
1700154  0.030087380288506778
2700057  0.030087380288506778
2700059  0.030087380288506778
2700063  0.030087380288506778
2700064  0.030087380288506778
2700065  0.030087380288506778
2700069  0.030087380288506778
2700070  0.030087380288506778
8000278  0.03008284187980934
8500038  0.03005565448891441
8500044  0.03005565448891441
8500045  0.03005565448891441
1700048  0.02992081462322006
1700050  0.02992081462322006
1700054  0.02992081462322006
1700055  0.02992081462322006
1700059  0.02992081462322006
1700060  0.02992081462322006
1000393  0.029880715233359844
1100035  0.029880715233359844
1100037  0.029880715233359844
2500182  0.029787773436724965
1800050  0.02976137753128688
1800051  0.02976137753128688
1800054  0.02976137753128688
1800055  0.02976137753128688
1900033  0.02975698503218078
1500141  0.02974820586543648
1500169  0.02974820586543648
1500205  0.02974820586543648
2500073  0.02974820586543648
2500076  0.02974820586543648
2500079  0.02974820586543648
2500082  0.02974820586543648
2500085  0.02974820586543648
2500088  0.02974820586543648
2500091  0.02974820586543648
2500094  0.02974820586543648
2500097  0.02974820586543648
2500100  0.02974820586543648
2500103  0.02974820586543648
2500106  0.02974820586543648
2500110  0.02974820586543648
2500113  0.02974820586543648
2500116  0.02974820586543648
2500119  0.02974820586543648
2500122  0.02974820586543648
2500125  0.02974820586543648
2500128  0.02974820586543648
2500131  0.02974820586543648
2500134  0.02974820586543648
2500137  0.02974820586543648
2500140  0.02974820586543648
2500153  0.02974820586543648
2500154  0.02974820586543648
2500155  0.02974820586543648
5900444  0.02974820586543648
5900445  0.02974820586543648
5900446  0.02974820586543648
5900447  0.02974820586543648
5900448  0.02974820586543648
1500196  0.02974381919493185
3100047  0.02970442628930023
3100048  0.02970442628930023
3100051  0.02970442628930023
3100052  0.02970442628930023
2100030  0.029617443887954616
1500105  0.029411764705882353
1500178  0.029386354969211666
1500187  0.029373674772302332
1500160  0.02935679334862504
1500132  0.02931891631469681
1500151  0.029302129072373097
1500114  0.029235267310234306
1500123  0.029231103631895135
5100213  0.029225901534786457
3500212  0.028952080535072162
6200095  0.028952080535072162
6200098  0.028952080535072162
6200110  0.028952080535072162
6200119  0.028952080535072162
6200183  0.028952080535072162
6200184  0.028952080535072162
6200187  0.028952080535072162
6200188  0.028952080535072162
6200192  0.028952080535072162
6200193  0.028952080535072162
6200194  0.028952080535072162
6200195  0.028952080535072162
6200196  0.028952080535072162
6200200  0.028952080535072162
6200201  0.028952080535072162
6200202  0.028952080535072162
6200203  0.028952080535072162
6200204  0.028952080535072162
6200205  0.028952080535072162
6200209  0.028952080535072162
6401341  0.028952080535072162
6401342  0.028952080535072162
6401343  0.028952080535072162
6401344  0.028952080535072162
6401347  0.028952080535072162
6401348  0.028952080535072162
6401349  0.028952080535072162
6401350  0.028952080535072162
6401351  0.028952080535072162
6401353  0.028952080535072162
6401354  0.028952080535072162
6401355  0.028952080535072162
6401356  0.028952080535072162
6401359  0.028952080535072162
6401360  0.028952080535072162
6401364  0.028952080535072162
6401367  0.028952080535072162
6401370  0.028952080535072162
6401371  0.028952080535072162
6401372  0.028952080535072162
6401375  0.028952080535072162
6401500  0.028952080535072162
6401501  0.028952080535072162
6401502  0.028952080535072162
6401503  0.028952080535072162
6401504  0.028952080535072162
6401505  0.028952080535072162
6401506  0.028952080535072162
6500039  0.028952080535072162
6500042  0.028952080535072162
6500045  0.028952080535072162
6500048  0.028952080535072162
6500061  0.028952080535072162
6500062  0.028952080535072162
6500068  0.028952080535072162
6500071  0.028952080535072162
6500084  0.028952080535072162
6500087  0.028952080535072162
6500088  0.028952080535072162
6500089  0.028952080535072162
6601166  0.028952080535072162
6601176  0.028952080535072162
6601177  0.028952080535072162
6601178  0.028952080535072162
6601179  0.028952080535072162
6601180  0.028952080535072162
7000482  0.028952080535072162
7000504  0.028952080535072162
7000505  0.028952080535072162
7000509  0.028952080535072162
7000510  0.028952080535072162
7000511  0.028952080535072162
7000512  0.028952080535072162
7000513  0.028952080535072162
7000514  0.028952080535072162
7000515  0.028952080535072162
7100147  0.028952080535072162
7100224  0.028952080535072162
7100226  0.028952080535072162
7100227  0.028952080535072162
7100228  0.028952080535072162
7100229  0.028952080535072162
7100236  0.028952080535072162
7100237  0.028952080535072162
7100240  0.028952080535072162
7400740  0.028952080535072162
7400747  0.028952080535072162
7400748  0.028952080535072162
7400749  0.028952080535072162
7400750  0.028952080535072162
7400751  0.028952080535072162
3500204  0.028948036665992435
3500207  0.028948036665992435
3500210  0.028948036665992435
3500211  0.028948036665992435
3500706  0.028744019770066943
3500095  0.028736106756903905
3500115  0.028736106756903905
3500116  0.028736106756903905
3500117  0.028736106756903905
3500415  0.028736106756903905
3500416  0.028736106756903905
3500418  0.028736106756903905
3500419  0.028736106756903905
3500423  0.028736106756903905
3500426  0.028736106756903905
3500429  0.028736106756903905
3500430  0.028736106756903905
3500431  0.028736106756903905
3500443  0.028736106756903905
3500446  0.028736106756903905
3500448  0.028736106756903905
3500458  0.028736106756903905
3500460  0.028736106756903905
3500462  0.028736106756903905
3500466  0.028736106756903905
3500469  0.028736106756903905
3500473  0.028736106756903905
3500514  0.028736106756903905
3500515  0.028736106756903905
3500517  0.028736106756903905
3500518  0.028736106756903905
3500529  0.028736106756903905
3500531  0.028736106756903905
3500532  0.028736106756903905
3500542  0.028736106756903905
3500544  0.028736106756903905
3500545  0.028736106756903905
3500548  0.028736106756903905
3500689  0.028736106756903905
3500690  0.028736106756903905
3500693  0.028736106756903905
3500694  0.028736106756903905
6100037  0.028736106756903905
6100039  0.028736106756903905
6100040  0.028736106756903905
6100099  0.028736106756903905
6300038  0.028736106756903905
6300039  0.028736106756903905
6300040  0.028736106756903905
6300041  0.028736106756903905
6300042  0.028736106756903905
6300088  0.028736106756903905
6300089  0.028736106756903905
7100082  0.028736106756903905
7100083  0.028736106756903905
7100106  0.028736106756903905
7100107  0.028736106756903905
7100110  0.028736106756903905
7100111  0.028736106756903905
7100114  0.028736106756903905
7100115  0.028736106756903905
7100117  0.028736106756903905
7100118  0.028736106756903905
7100121  0.028736106756903905
7100123  0.028736106756903905
7100124  0.028736106756903905
7100136  0.028736106756903905
7100140  0.028736106756903905
7100141  0.028736106756903905
7100145  0.028736106756903905
7100150  0.028736106756903905
7100152  0.028736106756903905
7100153  0.028736106756903905
7100154  0.028736106756903905
7100155  0.028736106756903905
7100174  0.028736106756903905
7100196  0.028736106756903905
7100199  0.028736106756903905
7100200  0.028736106756903905
7100201  0.028736106756903905
7100205  0.028736106756903905
7100214  0.028736106756903905
7100252  0.028736106756903905
7100253  0.028736106756903905
7100255  0.028736106756903905
7100258  0.028736106756903905
7100260  0.028736106756903905
7100262  0.028736106756903905
7100263  0.028736106756903905
7100274  0.028736106756903905
7100275  0.028736106756903905
7100276  0.028736106756903905
7100277  0.028736106756903905
7100281  0.028736106756903905
7100282  0.028736106756903905
7100284  0.028736106756903905
7100287  0.028736106756903905
7100289  0.028736106756903905
1500060  0.028657334386250517
1500062  0.028657334386250517
1500064  0.028657334386250517
1500066  0.028657334386250517
1500068  0.028657334386250517
1500070  0.028657334386250517
1500072  0.028657334386250517
1500074  0.028657334386250517
1500076  0.028657334386250517
1500078  0.028657334386250517
1500080  0.028657334386250517
1500082  0.028657334386250517
1500094  0.028657334386250517
1500095  0.028657334386250517
1500096  0.028657334386250517
8000259  0.028657334386250517
8000260  0.028657334386250517
8000261  0.028657334386250517
5900522  0.028341010063256785
2200448  0.025995957942785416
2200449  0.025995957942785416
2200450  0.025995957942785416
1600047  0.025930328052813797
2800054  0.025878180532859677
2200468  0.025832808609737617
2200469  0.025832808609737617
2200470  0.025832808609737617
4500088  0.025723605647543644
4500093  0.025723605647543644
2700079  0.025660011963983365
5100233  0.02562208140080293
5100241  0.02562208140080293
2200399  0.02554672217464491
2200400  0.02554672217464491
2200401  0.02554672217464491
2200404  0.02554672217464491
2200406  0.02554672217464491
2200407  0.02554672217464491
2200409  0.02554672217464491
2200411  0.02554672217464491
2200428  0.02554672217464491
1100167  0.024289308377863014
1100168  0.024289308377863014
1100171  0.024289308377863014
1100164  0.023749016662636548
1100149  0.02347262634065101
1100146  0.02294761302738381
5900524  0.022222222222222223
5900498  0.021310387296367063
5900520  0.020915193504605287
5900496  0.020619652471058063
5900516  0.020554213865940245
5900492  0.020528212319963927
5900480  0.016729520440949854
5900482  0.016729520440949854
2200435  0.014862598735590326
3800072  0.014818474149146235
