1000104  1.0
1100104  1.0
1100549  0.9888264649460884
1100578  0.9888264649460884
1100579  0.9888264649460884
1100582  0.9545214042184236
1100585  0.9189365834726815
1100588  0.9189365834726815
1100591  0.9189365834726815
1100592  0.9189365834726815
1100593  0.9189365834726815
1100966  0.9189365834726815
1100855  0.699205898780101
1100859  0.699205898780101
1100886  0.699205898780101
1100356  0.53748384988657
1100883  0.53748384988657
1100359  0.5163977794943223
1000107  0.4216370213557839
1100137  0.4216370213557839
1100152  0.4216370213557839
1100173  0.4216370213557839
1100177  0.4216370213557839
1100178  0.4216370213557839
1100179  0.4216370213557839
1100180  0.4216370213557839
1100181  0.4216370213557839
1100186  0.4216370213557839
1100187  0.4216370213557839
1100192  0.4216370213557839
1100196  0.4216370213557839
1100197  0.4216370213557839
1100198  0.4216370213557839
1100360  0.4216370213557839
1100361  0.4216370213557839
1100362  0.4216370213557839
1100363  0.4216370213557839
1100364  0.4216370213557839
1100366  0.4216370213557839
1100522  0.4216370213557839
1100523  0.4216370213557839
1100538  0.4216370213557839
1100539  0.4216370213557839
1200040  0.4216370213557839
1200042  0.4216370213557839
1200046  0.4216370213557839
1200047  0.4216370213557839
1200055  0.4216370213557839
1200065  0.4216370213557839
1200068  0.4216370213557839
1200069  0.4216370213557839
1200073  0.4216370213557839
1300055  0.4216370213557839
1300059  0.4216370213557839
1300063  0.4216370213557839
1300067  0.4216370213557839
1300071  0.4216370213557839
1300075  0.4216370213557839
1300079  0.4216370213557839
1300083  0.4216370213557839
1300087  0.4216370213557839
1300091  0.4216370213557839
1300095  0.4216370213557839
1300099  0.4216370213557839
1300103  0.4216370213557839
1300107  0.4216370213557839
1300111  0.4216370213557839
1300115  0.4216370213557839
1300119  0.4216370213557839
1300123  0.4216370213557839
1300127  0.4216370213557839
1301627  0.4216370213557839
1301645  0.4216370213557839
1301646  0.4216370213557839
1301730  0.4216370213557839
1100400  0.29814239699997197
1100174  0.14907119849998599
