12300102  0.9919872283935547
12200095  0.9919472336769104
8600090  0.9919388890266418
10200090  0.9919276237487793
8600089  0.9919213056564331
10300089  0.9918959736824036
13400102  0.991880476474762
11700089  0.9918797612190247
14000095  0.9918791651725769
11300107  0.9918782711029053
14400102  0.9918768405914307
13400090  0.9918734431266785
9800103  0.9918432831764221
8600094  0.9918360114097595
10300090  0.9918336868286133
9900091  0.9918237328529358
13500095  0.9918187856674194
9900094  0.9918136596679688
8600109  0.9918113946914673
11600093  0.9918107986450195
8600106  0.9918035268783569
12200093  0.9918012022972107
9900096  0.9917974472045898
14000109  0.9917941689491272
14400103  0.9917939305305481
14000108  0.9917837381362915
9900095  0.9917725920677185
11700100  0.9917718768119812
11700093  0.9917709827423096
13400100  0.9917697906494141
14400100  0.9917693138122559
11700101  0.9917671084403992
10300094  0.9917657971382141
11300100  0.99176424741745
14000102  0.99176424741745
12300107  0.9917640089988708
12200089  0.9917638301849365
8600103  0.991763710975647
8300100  0.9917633533477783
14300100  0.9917560815811157
14400108  0.9917560815811157
13400104  0.9917548894882202
10500103  0.9917477369308472
14000094  0.9917439818382263
11700091  0.9917433857917786
13400106  0.9917353391647339
11600096  0.991723358631134
8600093  0.9917230010032654
11300104  0.9917164444923401
13400094  0.9917146563529968
13400108  0.9917140007019043
11300105  0.9917106628417969
8300107  0.9917049407958984
11300102  0.9916999936103821
10300098  0.9916960597038269
14000098  0.9916943907737732
13400088  0.9916892051696777
12300097  0.991686999797821
11300099  0.9916850328445435
13400092  0.9916841983795166
11700090  0.9916819930076599
14400104  0.9916791319847107
10500108  0.9916784763336182
12200092  0.9916774034500122
14000103  0.9916663765907288
12200110  0.991665780544281
9900097  0.9916635751724243
9900090  0.9916577935218811
13400096  0.991657555103302
11300106  0.9916574358940125
14000090  0.9916571378707886
9900100  0.9916554689407349
8600105  0.9916523098945618
10500098  0.9916438460350037
10300102  0.9916433691978455
12200094  0.9916404485702515
9900101  0.9916349649429321
13400110  0.9916302561759949
10500099  0.9916187524795532
9900092  0.9916151762008667
14400107  0.9916136264801025
12200107  0.991608202457428
11300111  0.991606593132019
13500091  0.9916061162948608
12200100  0.9916027188301086
14000101  0.9915997982025146
13400098  0.9915695786476135
8600104  0.9915629625320435
10500104  0.9915258288383484
10500112  0.9915157556533813
9800099  0.9914926886558533
9600112  0.9914112091064453
12200112  0.9913412928581238
13400112  0.9828745126724243
5300025  0.9793388247489929
11100030  0.9791063070297241
3100030  0.978939950466156
10500027  0.9789353013038635
6500032  0.9788739085197449
11000029  0.9788721203804016
2600025  0.9788607954978943
8200025  0.9788522124290466
6400025  0.9788443446159363
10000025  0.9787903428077698
8900026  0.9787260293960571
9200027  0.9787156581878662
9800027  0.9787053465843201
7300026  0.978704571723938
9300032  0.9786988496780396
9900025  0.9786831140518188
8800025  0.9786823987960815
8500031  0.9786797761917114
9800029  0.978646993637085
9700029  0.9786439538002014
8600031  0.9786345958709717
8200032  0.9786214232444763
6200026  0.9786199927330017
8300025  0.9786045551300049
4000030  0.978598952293396
2800031  0.9785948395729065
8600026  0.978570282459259
11000030  0.97855544090271
11200032  0.9785445332527161
8500030  0.9785379767417908
9600026  0.9785379767417908
9700026  0.9785327315330505
8500028  0.9785283207893372
10300031  0.978525698184967
3100026  0.9785227179527283
11200031  0.9785103797912598
2600029  0.9785020351409912
7600032  0.9785013794898987
2700025  0.9784945249557495
8200027  0.9784523844718933
11000031  0.978448748588562
8700028  0.9784374237060547
7800031  0.9784296751022339
2800026  0.9784184098243713
9000032  0.9784073233604431
8600113  0.9784038066864014
5400028  0.978357195854187
7400030  0.9783383011817932
8200026  0.9783373475074768
10000030  0.9783087372779846
10300026  0.9783052206039429
10800028  0.9782960414886475
15100151  0.9782673120498657
11300031  0.9782558083534241
6500027  0.9782549738883972
8700029  0.9782548546791077
14000114  0.978249728679657
11400031  0.9782404899597168
4000031  0.9782298803329468
11300114  0.9782174825668335
8300032  0.9782137870788574
10600029  0.9781910181045532
6300028  0.9781899452209473
8300028  0.9781891703605652
8600030  0.9781779050827026
2100027  0.9781746864318848
9600124  0.9781648516654968
10600028  0.9781639575958252
9700032  0.9781478643417358
14000112  0.9781453609466553
6200030  0.9781370759010315
10200026  0.9781346321105957
10000029  0.978131890296936
14600116  0.978123128414154
10000031  0.9781202673912048
5300030  0.9780991673469543
14000122  0.9780961275100708
5400029  0.9780902862548828
6300025  0.9780885577201843
5400032  0.9780862927436829
14000124  0.9780744314193726
8900031  0.9780727028846741
8500032  0.9780694246292114
11500151  0.9780650734901428
9700031  0.9780617952346802
2800028  0.9780564308166504
11500152  0.9780474305152893
9200031  0.9780378341674805
10500187  0.9780375957489014
7800027  0.9780226945877075
10300032  0.9780173301696777
11100032  0.97801673412323
5600029  0.9780020117759705
10500186  0.9780005216598511
12700163  0.977993905544281
8200031  0.97798752784729
10300114  0.9779810309410095
10000026  0.9779717922210693
14400113  0.9779683947563171
7800026  0.9779644012451172
16000986  0.9779449105262756
14400120  0.9779350757598877
11500124  0.9779344201087952
16001018  0.9779248237609863
14000121  0.977922797203064
13400114  0.9779111742973328
12300121  0.9779059290885925
14000125  0.9779055714607239
10500165  0.9778932929039001
10500167  0.9778895974159241
11300032  0.9778849482536316
4000029  0.977873682975769
12200124  0.9778674840927124
11500135  0.9778593182563782
14000135  0.9778519868850708
13400120  0.9778491258621216
9600117  0.9778432250022888
2800025  0.977835476398468
15400174  0.9778305888175964
10500178  0.9778293371200562
12200117  0.9778128862380981
11300122  0.9778125882148743
11500137  0.9777978658676147
15100153  0.9777978658676147
11500134  0.9777958989143372
10500190  0.9777953624725342
10500179  0.9777826070785522
15400184  0.9777781367301941
14900133  0.9777762293815613
14000138  0.9777747392654419
11500136  0.9777703881263733
2300030  0.9777607917785645
16001031  0.9777548909187317
11300138  0.9777536392211914
14400118  0.9777407646179199
10500161  0.9777401685714722
7600025  0.9777218699455261
2300029  0.9777191281318665
11500156  0.9777177572250366
12200123  0.9777140021324158
16000975  0.9777121543884277
15400173  0.9776961803436279
12300118  0.9776861667633057
15400178  0.977682888507843
13900419  0.9776703119277954
10500174  0.9776542782783508
14000126  0.977648913860321
11500150  0.9776466488838196
14000128  0.9776444435119629
14000115  0.9776242971420288
14000123  0.9776154160499573
12200128  0.9776133894920349
9600123  0.9776108860969543
14400112  0.9776099324226379
14400125  0.9776091575622559
11500138  0.9775994420051575
2300031  0.977583646774292
14400117  0.9775782823562622
10500180  0.9775780439376831
14000117  0.9775727987289429
14400115  0.9775694012641907
14400127  0.9775679111480713
14000141  0.9775631427764893
9800137  0.9775466322898865
8600116  0.9775421619415283
10500175  0.9775254130363464
14400131  0.9775205254554749
16001152  0.9775133728981018
14400126  0.9774945378303528
11400032  0.977493166923523
16001118  0.9774872660636902
11500146  0.9774718880653381
10500182  0.977425217628479
10500168  0.9774236083030701
10500181  0.977419376373291
8600117  0.9774060845375061
10500169  0.9774048328399658
16001284  0.9773995876312256
11500132  0.9773473143577576
14000132  0.9772770404815674
15400172  0.9772765636444092
16001401  0.9772602915763855
11500133  0.9772477746009827
8900032  0.977121889591217
16001522  0.9768930673599243
16002286  0.9767481684684753
12200088  0.966033935546875
12200061  0.9629107713699341
10600067  0.9627816677093506
3000062  0.9627233147621155
13800061  0.962648868560791
11700067  0.962562084197998
5400061  0.962519109249115
3000064  0.9625082612037659
13100069  0.9624813199043274
10300064  0.9624747037887573
11700064  0.9624618887901306
11100065  0.962445080280304
9800067  0.9623598456382751
9900062  0.962334156036377
9900063  0.9623172283172607
10600070  0.9623022079467773
13100062  0.9622901082038879
13500067  0.962269127368927
9900061  0.962268590927124
13100063  0.9622592926025391
9800069  0.9622586369514465
11100062  0.9622416496276855
9300063  0.9622380137443542
11100067  0.962224543094635
6200066  0.9622241854667664
10500067  0.962203323841095
9300061  0.9621896743774414
9300062  0.9621875286102295
11100068  0.9621706604957581
8600064  0.9621484875679016
8500063  0.9621436595916748
8600063  0.9621399641036987
13100061  0.9621348977088928
3000070  0.9621182680130005
13900066  0.9621140360832214
9200066  0.9621102809906006
5400068  0.9621081948280334
13900067  0.9621033668518066
11500067  0.96205073595047
6200069  0.9620479345321655
12400070  0.962029218673706
2600068  0.9620261192321777
9900065  0.9620252251625061
12400066  0.9619958996772766
8500064  0.9619901776313782
9700063  0.9619887471199036
9900068  0.9619739651679993
11100064  0.9619696140289307
11100063  0.9619593620300293
11100069  0.9619514346122742
9700067  0.9619466662406921
3000063  0.9619332551956177
9300070  0.9619238376617432
8500066  0.9619000554084778
6400064  0.9618927240371704
13600068  0.9618569016456604
13400064  0.9618371725082397
10600066  0.9618352651596069
13900063  0.9618322849273682
9300066  0.9618310928344727
3000065  0.9618309736251831
13100068  0.9618223905563354
12200067  0.9618151187896729
13500068  0.9618054032325745
9800063  0.9617581963539124
9800064  0.9617319703102112
12400065  0.9617165327072144
14100064  0.9617005586624146
13500066  0.9616878628730774
5400064  0.9616856575012207
10200062  0.9616772532463074
3000069  0.9616603851318359
10300069  0.9616521596908569
2600064  0.9616415500640869
9900069  0.9616349339485168
13800062  0.9616333842277527
9800070  0.9616302251815796
8600065  0.961624026298523
11100066  0.9615784883499146
8600071  0.9615539312362671
13500065  0.9615368247032166
9200070  0.9615283608436584
12200062  0.9615079760551453
10200071  0.9614980220794678
10500063  0.9614920020103455
8600068  0.9614787697792053
10600068  0.9614595770835876
13100065  0.9614228010177612
5400065  0.9613828063011169
13100066  0.96131831407547
10300068  0.9612575173377991
13500071  0.9610714316368103
3000071  0.9607187509536743
11600071  0.9569892287254333
3000061  0.952158510684967
11500032  0.9405251741409302
6400033  0.9359280467033386
9200036  0.935539960861206
8200033  0.9355247616767883
11200033  0.9354692101478577
2800039  0.9352236986160278
10200034  0.9351650476455688
11600033  0.9350480437278748
9800036  0.9350293874740601
11500034  0.9350171089172363
2600033  0.934948742389679
9300033  0.9349449872970581
2600037  0.9349370002746582
2800037  0.9348961114883423
10600034  0.9348890781402588
9700039  0.9348768591880798
3600039  0.9348296523094177
11100034  0.9347767233848572
6500033  0.9347444772720337
10600035  0.9347444772720337
3100034  0.9347134232521057
9700034  0.9346482157707214
11400033  0.9346398711204529
11800040  0.9346264600753784
11500037  0.9345953464508057
6200035  0.9345942735671997
10000035  0.9345313906669617
8600034  0.934520959854126
7600033  0.9345205426216125
2800035  0.9344568848609924
9300034  0.934429407119751
9800037  0.9344115853309631
10300037  0.934394121170044
2800036  0.9343842267990112
11600037  0.934382975101471
9200035  0.9343807697296143
9100038  0.9343706965446472
7400034  0.9343545436859131
8200036  0.9343535900115967
1300033  0.9343323707580566
8300036  0.9342695474624634
8300034  0.9342344403266907
11200034  0.9342272877693176
9700037  0.9342211484909058
8300038  0.9341889023780823
7800038  0.934188187122345
12200040  0.9341861009597778
11800035  0.9341838955879211
11600035  0.9341813921928406
11200038  0.9341681599617004
11200039  0.9341675639152527
11900036  0.93414705991745
11100036  0.9340952634811401
8300035  0.9340836405754089
11800039  0.9340726137161255
12100038  0.9340710043907166
11700036  0.9340687394142151
9800035  0.9340603351593018
9000039  0.9340549111366272
8900034  0.9340159296989441
6200039  0.9340071678161621
10600038  0.9339938759803772
11100033  0.933925986289978
8200035  0.9338793754577637
11300038  0.9338690638542175
11300033  0.9338647127151489
9300035  0.9338601231575012
11700035  0.9338518381118774
2800033  0.9338251352310181
11300034  0.9337841868400574
11600034  0.9337836503982544
6300033  0.9337744116783142
9200033  0.9337571263313293
3100038  0.9337470531463623
9800034  0.9336923956871033
6200038  0.9336143732070923
6300040  0.9335979223251343
9700038  0.9335768222808838
8600036  0.9335667490959167
9900035  0.9335079789161682
11600036  0.9334782361984253
8500040  0.9334372282028198
11400036  0.9334179759025574
4600039  0.9333555698394775
11100035  0.9332832098007202
8900033  0.933258593082428
9200037  0.9332460165023804
8600035  0.9332069158554077
9700040  0.9329598546028137
7600038  0.9329542517662048
9600040  0.9329190254211426
6300035  0.9328804016113281
11900040  0.9321095943450928
5400040  0.9244608879089355
13500072  0.9149236083030701
12200071  0.9143514037132263
11100071  0.9143032431602478
3000081  0.9142621755599976
3000085  0.9140264987945557
12200081  0.9139961004257202
10500076  0.913954496383667
10500071  0.9139298796653748
2600072  0.9139171838760376
13500076  0.9138653874397278
12200085  0.9135951399803162
5400072  0.9135808348655701
11100082  0.9134449362754822
10200078  0.9133446216583252
8300072  0.9133245944976807
13500086  0.913305401802063
13500081  0.9133041501045227
3000075  0.9132736921310425
8600076  0.9132100939750671
13100074  0.9131632447242737
12300082  0.9131577014923096
9900075  0.9130560159683228
9800081  0.9130241870880127
3000086  0.9130104780197144
12400080  0.9130023717880249
3000074  0.9129719138145447
12400079  0.9129701256752014
13600072  0.9129635691642761
9200074  0.9129294157028198
3000080  0.9129177927970886
13400079  0.9128907918930054
3000076  0.9128817319869995
10500085  0.912869930267334
10300081  0.9128640294075012
3000083  0.9128440618515015
9300086  0.9127568602561951
12200074  0.9127389788627625
9800079  0.9127151370048523
3000079  0.9126452207565308
13400072  0.9126328229904175
11700082  0.9126045107841492
9900073  0.9125401973724365
8600083  0.9125120043754578
10500072  0.912489116191864
8600081  0.9124886989593506
8300086  0.9124664664268494
11700083  0.9124393463134766
9800082  0.9124030470848083
9300076  0.9123989939689636
13600075  0.9123896360397339
11600083  0.9123714566230774
3000072  0.9123530387878418
3000073  0.9123460650444031
11100085  0.9123393297195435
11700084  0.9122597575187683
10200076  0.9121540188789368
10300077  0.9120956063270569
9300072  0.9120690226554871
9900077  0.9120428562164307
10500081  0.9120240807533264
5400073  0.9120143055915833
9300071  0.9119725227355957
9800078  0.91196608543396
10500077  0.9119395017623901
13500077  0.9118903875350952
3000084  0.9118505120277405
2600075  0.9118484258651733
9800084  0.911779522895813
13400080  0.9117535948753357
10200077  0.9116601347923279
3000082  0.9116045832633972
12300083  0.9115946292877197
11100075  0.91153484582901
9800085  0.9114543795585632
10300073  0.9114514589309692
11100079  0.9114353656768799
9800077  0.9113941192626953
8300087  0.9113929271697998
11700087  0.9113608002662659
12200077  0.9113514423370361
13400084  0.9112892746925354
8300073  0.9112461805343628
9300080  0.9111073017120361
13500087  0.9109984040260315
9800080  0.9109020233154297
6200072  0.9108601212501526
12200078  0.9107480645179749
10500082  0.910697340965271
3000078  0.9105236530303955
9800087  0.91045081615448
13500082  0.9102354645729065
9900071  0.9095757603645325
8300088  0.9093016982078552
13100050  0.9039983153343201
7900050  0.9035196304321289
10300050  0.903180718421936
9300057  0.9029699563980103
13300053  0.9029437899589539
8200049  0.9029011130332947
9800051  0.9028919339179993
11000050  0.9026912450790405
12200057  0.9026165008544922
10600052  0.9024805426597595
13100059  0.9024149179458618
9800058  0.9023318886756897
3000060  0.9023309350013733
13500058  0.902323842048645
10600053  0.9022738933563232
11400051  0.9021733403205872
8600054  0.9020490646362305
3000058  0.9019966125488281
11200056  0.901995837688446
10300051  0.9019566178321838
6400052  0.9018999934196472
12200052  0.9018958210945129
10300052  0.9018537402153015
13400057  0.9018105864524841
11100050  0.9018043279647827
13100054  0.9017770886421204
13800059  0.9017379283905029
6200059  0.901681125164032
13500056  0.9016513228416443
8300059  0.9016201496124268
9800050  0.9016118049621582
5400053  0.9015905857086182
8300060  0.9015396237373352
9900056  0.9015332460403442
10200052  0.901521623134613
13400058  0.9015144109725952
10300060  0.9015143513679504
13500059  0.901498556137085
13600056  0.9014977812767029
11100059  0.901494562625885
5400052  0.9014766216278076
13100056  0.901404857635498
9700055  0.901330292224884
12400059  0.9013290405273438
12200050  0.9012379050254822
8500055  0.9012221097946167
10600059  0.9011783599853516
10600056  0.9011620879173279
11000058  0.9010382890701294
13200052  0.9010196328163147
11400055  0.9009549021720886
13400054  0.9009358286857605
12400058  0.90092933177948
11300053  0.9009079337120056
12400060  0.9008978605270386
11000052  0.9008898735046387
6400059  0.9008583426475525
9800059  0.900822639465332
3000059  0.9007896184921265
9900055  0.9007467031478882
8500053  0.9007462859153748
10300055  0.9006698727607727
10600055  0.9006391763687134
12400057  0.9006075263023376
9900057  0.9005796909332275
11900055  0.9005754590034485
11700059  0.900467038154602
9800060  0.9004524946212769
6400058  0.9004183411598206
13100060  0.9003753662109375
8600053  0.9003514647483826
13000051  0.9003390073776245
13100055  0.9003103971481323
12200056  0.9002881646156311
9300056  0.9002054929733276
9900060  0.900175154209137
12400052  0.900162398815155
11000051  0.9000021815299988
10300059  0.8999971747398376
12200051  0.8999775648117065
13500055  0.8999691605567932
11700057  0.8999125957489014
5400060  0.8999062180519104
11100058  0.8998328447341919
9300059  0.899807333946228
8600050  0.8997974991798401
8600049  0.8997015953063965
11300061  0.8995196223258972
6400055  0.8994080424308777
12200055  0.899324357509613
8500059  0.8988583087921143
9100046  0.8983412384986877
10300040  0.898306667804718
9800061  0.8981517553329468
12300042  0.8978990316390991
2800041  0.8977876305580139
9200040  0.8977627158164978
3100042  0.8975138664245605
9800040  0.8973202109336853
11000040  0.8972769379615784
5400048  0.8971490263938904
2800046  0.8971282839775085
12400061  0.8970662355422974
4300041  0.8970168232917786
12300040  0.8969870805740356
11700041  0.8969722390174866
12300045  0.8969256281852722
12600042  0.8968353867530823
6200041  0.8968160152435303
8900042  0.8967613577842712
11700048  0.8967338800430298
4300042  0.896616518497467
9800046  0.8965888619422913
10300044  0.8965634703636169
12100045  0.8964559435844421
8900043  0.896356999874115
11800042  0.8963300585746765
2800049  0.8963273763656616
12300044  0.8963148593902588
10300046  0.8963068723678589
8500049  0.8962896466255188
12300046  0.8961931467056274
2800042  0.8960897326469421
11100043  0.8960298299789429
10300045  0.8960026502609253
3000042  0.895900547504425
9300047  0.8958627581596375
6400046  0.8958611488342285
10100048  0.8958355188369751
5400044  0.8957838416099548
13000048  0.8957445025444031
11200040  0.895695149898529
6300046  0.8956882953643799
11700042  0.895559549331665
11700040  0.8955536484718323
12300047  0.8955310583114624
10300042  0.8954848051071167
9800042  0.8954680562019348
12400044  0.89546138048172
8200048  0.8954360485076904
11200049  0.8954293727874756
12100041  0.895427942276001
9700047  0.8954241871833801
12300041  0.8953306674957275
6200044  0.8952896595001221
12200048  0.8952769637107849
11700044  0.8952207565307617
10300043  0.8951912522315979
11100048  0.8951866626739502
2800047  0.8951545357704163
12700043  0.8951430916786194
4300046  0.8951427936553955
10300041  0.8951245546340942
11000049  0.8950948715209961
7900043  0.895083487033844
11600045  0.8949903249740601
10300047  0.8949548602104187
12400043  0.894939124584198
9700048  0.8948059678077698
9100041  0.8947885632514954
9800041  0.8947750926017761
12900047  0.8947593569755554
11300049  0.8946978449821472
11700045  0.8946707844734192
5400049  0.8946657776832581
12300048  0.8946281671524048
12300043  0.8946133852005005
8500044  0.8945943713188171
9600041  0.8945849537849426
6300041  0.894464373588562
11000041  0.8944578766822815
11700043  0.8942514657974243
9300048  0.8942267894744873
7900042  0.8941420912742615
12400045  0.8940704464912415
6400047  0.8940406441688538
12400041  0.8940339684486389
6300049  0.8940223455429077
10300048  0.8938838839530945
9800045  0.8936092257499695
5400045  0.893538773059845
10200043  0.8935286998748779
4300044  0.8927823305130005
11100047  0.8925734758377075
9800049  0.8925380110740662
10300049  0.8915179371833801
12200049  0.8910681009292603
8900025  0.8819496035575867
1000005  0.33784833550453186
1300007  0.33784833550453186
1300009  0.33784833550453186
1300012  0.33784833550453186
1300015  0.33784833550453186
1300023  0.33784833550453186
1400009  0.33784833550453186
1400012  0.33784833550453186
1600008  0.33784833550453186
1800008  0.33784833550453186
1800009  0.33784833550453186
1800014  0.33784833550453186
1800019  0.33784833550453186
1800024  0.33784833550453186
2000009  0.33784833550453186
2000012  0.33784833550453186
2100011  0.33784833550453186
2100017  0.33784833550453186
2200009  0.33784833550453186
2200012  0.33784833550453186
2200013  0.33784833550453186
2200014  0.33784833550453186
2300009  0.33784833550453186
2300011  0.33784833550453186
2300017  0.33784833550453186
2300019  0.33784833550453186
2300022  0.33784833550453186
2300023  0.33784833550453186
2400016  0.33784833550453186
2400017  0.33784833550453186
2400020  0.33784833550453186
2600011  0.33784833550453186
2600013  0.33784833550453186
2600016  0.33784833550453186
2600017  0.33784833550453186
2600021  0.33784833550453186
2600022  0.33784833550453186
2700014  0.33784833550453186
2700017  0.33784833550453186
2700021  0.33784833550453186
2700022  0.33784833550453186
2800011  0.33784833550453186
2800013  0.33784833550453186
2800016  0.33784833550453186
2800017  0.33784833550453186
2800024  0.33784833550453186
3000013  0.33784833550453186
3000014  0.33784833550453186
3100012  0.33784833550453186
3100016  0.33784833550453186
3100017  0.33784833550453186
3100018  0.33784833550453186
3100019  0.33784833550453186
3500013  0.33784833550453186
3500016  0.33784833550453186
3500017  0.33784833550453186
3500018  0.33784833550453186
3500020  0.33784833550453186
3600013  0.33784833550453186
3600018  0.33784833550453186
3600022  0.33784833550453186
3700014  0.33784833550453186
3700015  0.33784833550453186
3700016  0.33784833550453186
3900014  0.33784833550453186
3900017  0.33784833550453186
3900018  0.33784833550453186
4000014  0.33784833550453186
4000015  0.33784833550453186
4000016  0.33784833550453186
4000017  0.33784833550453186
4000020  0.33784833550453186
4000021  0.33784833550453186
4000023  0.33784833550453186
4100014  0.33784833550453186
4100018  0.33784833550453186
4200020  0.33784833550453186
4300014  0.33784833550453186
4300020  0.33784833550453186
4600014  0.33784833550453186
4600015  0.33784833550453186
4600016  0.33784833550453186
4600019  0.33784833550453186
5300015  0.33784833550453186
5300017  0.33784833550453186
5300018  0.33784833550453186
5300022  0.33784833550453186
5400015  0.33784833550453186
5400018  0.33784833550453186
5400021  0.33784833550453186
5400022  0.33784833550453186
5400024  0.33784833550453186
5600015  0.33784833550453186
5600017  0.33784833550453186
5600018  0.33784833550453186
5600019  0.33784833550453186
5600020  0.33784833550453186
5600021  0.33784833550453186
6200015  0.33784833550453186
6200017  0.33784833550453186
6200020  0.33784833550453186
6200023  0.33784833550453186
6300016  0.33784833550453186
6300018  0.33784833550453186
6300019  0.33784833550453186
6300022  0.33784833550453186
6400016  0.33784833550453186
6400017  0.33784833550453186
6400018  0.33784833550453186
6400024  0.33784833550453186
6500016  0.33784833550453186
6500018  0.33784833550453186
6500019  0.33784833550453186
6500022  0.33784833550453186
6500023  0.33784833550453186
6600016  0.33784833550453186
6600018  0.33784833550453186
6600019  0.33784833550453186
6600020  0.33784833550453186
6800016  0.33784833550453186
6800017  0.33784833550453186
6800018  0.33784833550453186
6900016  0.33784833550453186
7000017  0.33784833550453186
7000018  0.33784833550453186
7000019  0.33784833550453186
7100017  0.33784833550453186
7100021  0.33784833550453186
7200017  0.33784833550453186
7200018  0.33784833550453186
7200019  0.33784833550453186
7200022  0.33784833550453186
7300017  0.33784833550453186
7300020  0.33784833550453186
7400017  0.33784833550453186
7400018  0.33784833550453186
7400019  0.33784833550453186
7400022  0.33784833550453186
7500017  0.33784833550453186
7600018  0.33784833550453186
7600019  0.33784833550453186
7600020  0.33784833550453186
7600021  0.33784833550453186
7600023  0.33784833550453186
7800018  0.33784833550453186
7800023  0.33784833550453186
7800024  0.33784833550453186
7900022  0.33784833550453186
7900023  0.33784833550453186
8200018  0.33784833550453186
8200021  0.33784833550453186
8200024  0.33784833550453186
8300019  0.33784833550453186
8300020  0.33784833550453186
8300021  0.33784833550453186
8300022  0.33784833550453186
8400019  0.33784833550453186
8400024  0.33784833550453186
8500024  0.33784833550453186
8600019  0.33784833550453186
8600021  0.33784833550453186
8600022  0.33784833550453186
8700019  0.33784833550453186
8700020  0.33784833550453186
8700021  0.33784833550453186
8700024  0.33784833550453186
8800019  0.33784833550453186
8800020  0.33784833550453186
8800022  0.33784833550453186
8800023  0.33784833550453186
8800024  0.33784833550453186
8900020  0.33784833550453186
8900024  0.33784833550453186
9000020  0.33784833550453186
9100021  0.33784833550453186
9100022  0.33784833550453186
9100023  0.33784833550453186
9200022  0.33784833550453186
9200024  0.33784833550453186
9300022  0.33784833550453186
9500022  0.33784833550453186
9600022  0.33784833550453186
9700022  0.33784833550453186
9800023  0.33784833550453186
9900023  0.33784833550453186
9900024  0.33784833550453186
10000024  0.33784833550453186
