11700040  0.1620120257139206
6300028  0.15864016115665436
10300048  0.15849469602108002
9800029  0.15692351758480072
8200018  0.15657012164592743
10300102  0.1565190553665161
8600117  0.15565136075019836
10500027  0.15561561286449432
10300046  0.15560361742973328
14400131  0.15547162294387817
12400058  0.1554585099220276
8200021  0.15530487895011902
11500136  0.15530475974082947
9200035  0.15528874099254608
8300028  0.15527363121509552
10300055  0.155060812830925
13100055  0.15464520454406738
10600066  0.15459474921226501
8500049  0.15447017550468445
14400100  0.1544245332479477
10300059  0.15442201495170593
11700043  0.15396316349506378
9200033  0.1537773162126541
12400059  0.1537703424692154
10300042  0.1537567675113678
6200035  0.15365977585315704
6300033  0.1535761058330536
8300060  0.15344829857349396
10300077  0.15344145894050598
3500013  0.1534275859594345
10500186  0.15340495109558105
7600020  0.15327975153923035
9300071  0.15327686071395874
8300032  0.1532594859600067
13300053  0.15324707329273224
6500018  0.15322701632976532
13100062  0.15320958197116852
11600033  0.1531561315059662
8800025  0.1529591679573059
9800027  0.15290497243404388
11600037  0.15289103984832764
13100066  0.15281011164188385
8500040  0.15263108909130096
14400102  0.15260149538516998
10600056  0.15257371962070465
6200020  0.15252970159053802
10300060  0.1524876356124878
9300059  0.1523381769657135
11700035  0.15220367908477783
9300061  0.152185320854187
10000024  0.1521746665239334
11200031  0.1521209180355072
8300035  0.1520952582359314
8500031  0.15199081599712372
11600036  0.15197499096393585
11400031  0.15194973349571228
14400104  0.15186551213264465
14400107  0.15182438492774963
10600059  0.15181690454483032
10300037  0.15173955261707306
9800035  0.15172503888607025
8200027  0.15171359479427338
14000115  0.1516626924276352
6300035  0.15166138112545013
8600116  0.1516391783952713
11100064  0.15161684155464172
10500187  0.1515822559595108
12300121  0.151462122797966
9200040  0.15145651996135712
13100068  0.1514541059732437
11100032  0.15137484669685364
1800008  0.15135084092617035
7200022  0.15132169425487518
7600018  0.15132062137126923
9800036  0.15122336149215698
11700084  0.15118663012981415
3500018  0.15118466317653656
8500032  0.15118394792079926
9800084  0.1511668860912323
13100069  0.15114231407642365
10300051  0.1510905921459198
2800033  0.15108421444892883
8300038  0.15107965469360352
9800037  0.15104106068611145
11600035  0.15099874138832092
11200032  0.15098613500595093
11400051  0.1509641706943512
10300064  0.15090824663639069
10500180  0.15086646378040314
10500190  0.15083901584148407
8300100  0.1508202999830246
11700042  0.15080301463603973
9200027  0.15078796446323395
6200039  0.15078668296337128
8600113  0.1507752388715744
6200023  0.15076075494289398
9800069  0.15074698626995087
7800018  0.15065361559391022
9900035  0.15060654282569885
13400079  0.1505485475063324
9300063  0.150534525513649
8800020  0.15049247443675995
13900066  0.15049190819263458
9800137  0.1504703164100647
10000025  0.15045076608657837
5400072  0.15042297542095184
13400057  0.15041589736938477
9800034  0.15041440725326538
12700043  0.1503649353981018
1800019  0.15031501650810242
8500053  0.1503085345029831
12400061  0.1502768099308014
7600019  0.15022481977939606
9200031  0.15019994974136353
11700057  0.1501827985048294
8500044  0.15017344057559967
10600067  0.15016746520996094
5400032  0.150106281042099
11500067  0.1501016467809677
11700044  0.1500692367553711
7600021  0.1500549167394638
11700093  0.15001508593559265
8300107  0.14995825290679932
7400019  0.1499578356742859
3900018  0.1498640924692154
10300090  0.14984385669231415
10600038  0.14982247352600098
13100056  0.14975745975971222
11100079  0.14973950386047363
10300044  0.1497344821691513
6200026  0.14965273439884186
10300068  0.14964905381202698
6200072  0.1496436595916748
8800019  0.14961467683315277
10500175  0.14952243864536285
10500067  0.14951997995376587
6200017  0.14951573312282562
2600068  0.14951182901859283
13900063  0.14950573444366455
10200026  0.1494767814874649
14400108  0.1494649052619934
3500020  0.14944010972976685
10600052  0.14940372109413147
10300032  0.14938899874687195
14000138  0.14936520159244537
5300025  0.14930251240730286
2800039  0.14927299320697784
13400088  0.14926563203334808
10500182  0.14926163852214813
6500033  0.14922724664211273
7600033  0.1492089182138443
8500030  0.1491984724998474
14000128  0.1491778939962387
9300062  0.14910119771957397
5300015  0.14909429848194122
12400044  0.1490807682275772
8500055  0.14906582236289978
13100054  0.1490422487258911
2800036  0.14903460443019867
10500179  0.14884048700332642
12400052  0.14882151782512665
16002286  0.14881829917430878
10200090  0.1488141268491745
5400068  0.14878906309604645
9300076  0.14875775575637817
10300073  0.14875024557113647
11200034  0.14872616529464722
8200026  0.14869575202465057
14000141  0.14868323504924774
12300043  0.14866884052753448
10500071  0.14862236380577087
8500024  0.14860200881958008
9800077  0.14859162271022797
10500165  0.1485719382762909
11200056  0.14853930473327637
12300082  0.14850834012031555
9100038  0.1485012024641037
8300073  0.14843924343585968
16001284  0.148408904671669
8400024  0.14839476346969604
10600053  0.14838850498199463
10500167  0.1483716070652008
2600017  0.14835187792778015
13000051  0.1483369618654251
8600053  0.14831973612308502
7900023  0.14829494059085846
11300038  0.1482877880334854
13400084  0.1482788771390915
11900036  0.14827336370944977
14400126  0.148269385099411
6300025  0.14826543629169464
13400080  0.14823861420154572
10300041  0.14823409914970398
10500174  0.14820586144924164
14000123  0.14820033311843872
11200033  0.14818251132965088
14000121  0.14817628264427185
6500019  0.14817197620868683
6200015  0.14816252887248993
13100065  0.14806972444057465
3000062  0.14805997908115387
9800081  0.14802657067775726
3100012  0.14802515506744385
12200094  0.14801259338855743
11600096  0.14794661104679108
9800080  0.14794619381427765
10300069  0.1479392945766449
3500017  0.14793702960014343
13400096  0.14793527126312256
8800022  0.14793525636196136
8600054  0.1479341983795166
10300040  0.1479221135377884
12400060  0.1478814035654068
15400174  0.14787901937961578
5400045  0.14786724746227264
11600034  0.14786048233509064
8500066  0.1478591114282608
11800042  0.14785243570804596
12200117  0.14783231914043427
7600025  0.14778180420398712
9100041  0.14777855575084686
9800042  0.14777620136737823
9800087  0.14776603877544403
7000018  0.14776058495044708
2600016  0.1477588713169098
2800035  0.14775754511356354
12300107  0.1477406919002533
13100059  0.14773274958133698
14400113  0.1477261632680893
8800024  0.1477150321006775
5400073  0.14770939946174622
6500032  0.14770789444446564
3100018  0.14770032465457916
9300072  0.14769406616687775
10500112  0.14766182005405426
9200037  0.147641122341156
3700015  0.14763854444026947
11400033  0.14762872457504272
7600038  0.1476222276687622
10500072  0.1476057469844818
13900419  0.14759795367717743
10500178  0.14751599729061127
3000071  0.14751467108726501
9600117  0.14746512472629547
12100045  0.14746032655239105
6300040  0.14744919538497925
12200061  0.1474345475435257
8300025  0.14742052555084229
9800060  0.14740315079689026
13400072  0.1473991721868515
8300072  0.1473703682422638
11300106  0.14735862612724304
1800024  0.14735661447048187
10300049  0.14735494554042816
2200013  0.14734284579753876
14400118  0.14733324944972992
10500169  0.14730975031852722
10200052  0.14729276299476624
11800035  0.14726680517196655
11100082  0.14725790917873383
5300022  0.1472405195236206
3000058  0.14723165333271027
8600104  0.14721553027629852
8500059  0.14720630645751953
9800023  0.14719346165657043
12200067  0.14716736972332
7500017  0.1471523493528366
10300052  0.1470182240009308
8600089  0.1469869613647461
10300089  0.1469849944114685
9300033  0.14696474373340607
12100041  0.1469588577747345
14400125  0.1469445526599884
11300100  0.14691920578479767
9800046  0.14691650867462158
2800025  0.1469133198261261
10500099  0.1469128429889679
9900055  0.14691194891929626
9300070  0.14687815308570862
11200040  0.14687149226665497
5400044  0.14686843752861023
12200088  0.14684684574604034
13500077  0.14681032299995422
12200112  0.14680291712284088
11700090  0.14678429067134857
11400055  0.14677003026008606
14300100  0.1467580944299698
7600032  0.1467316746711731
9200074  0.14672286808490753
9800085  0.14670789241790771
11700041  0.14670753479003906
8900032  0.14670176804065704
3100034  0.14668028056621552
10600055  0.1466776728630066
12200052  0.14666703343391418
13400104  0.1466667354106903
13900067  0.14666500687599182
8500028  0.14665983617305756
8300059  0.14663881063461304
10600070  0.14663520455360413
14600116  0.14663444459438324
8700019  0.14660204946994781
13100061  0.14659038186073303
13000048  0.14657920598983765
3000080  0.1465378999710083
11300105  0.14649386703968048
9800078  0.14649249613285065
10500108  0.14645686745643616
9100022  0.14643330872058868
10300043  0.14642907679080963
14400117  0.14641912281513214
8700021  0.14641155302524567
15100151  0.14640562236309052
1400012  0.14637380838394165
3000060  0.14636138081550598
6300041  0.1463489681482315
7600023  0.14633901417255402
10300094  0.1463262289762497
11300111  0.14632603526115417
8600035  0.14632175862789154
11300053  0.14631938934326172
9800070  0.14631140232086182
11700100  0.1463044136762619
8300036  0.14630232751369476
11100067  0.14628909528255463
13400098  0.14625845849514008
8500064  0.14625824987888336
2600072  0.14624294638633728
11700045  0.14623905718326569
12700163  0.1461993157863617
3000070  0.14616599678993225
11300104  0.14615090191364288
9800045  0.14612582325935364
6200041  0.14612068235874176
9600124  0.1461140215396881
7900042  0.14610831439495087
12400065  0.14609266817569733
9800040  0.1460822969675064
14000122  0.1460699439048767
8200048  0.14603091776371002
12300040  0.14602774381637573
1400009  0.1460200995206833
11100071  0.14600726962089539
11500137  0.1460052728652954
3000065  0.14599421620368958
9800041  0.1459934562444687
14000124  0.14595898985862732
2800026  0.14595197141170502
11500133  0.14592984318733215
13100050  0.14591863751411438
11700036  0.14589667320251465
16001118  0.14587882161140442
10500168  0.14587481319904327
10600068  0.14584822952747345
8500063  0.1458044797182083
13100060  0.14578796923160553
11500135  0.1457851231098175
10500161  0.14578473567962646
11100069  0.14576801657676697
13400058  0.14574763178825378
5400061  0.14573736488819122
11100050  0.14572636783123016
12400066  0.14572270214557648
11100043  0.14571252465248108
8600065  0.14570774137973785
2800031  0.14570699632167816
13400120  0.14570504426956177
13400090  0.14562910795211792
6800018  0.1456221342086792
11600083  0.14559389650821686
9800067  0.1455591320991516
9800051  0.1455405354499817
2800011  0.1455167531967163
12300046  0.14550141990184784
12400057  0.14549656212329865
8600063  0.14548832178115845
10200078  0.1454872190952301
8900042  0.14547942578792572
10500081  0.14546406269073486
3000075  0.14545488357543945
11400032  0.14545363187789917
12300118  0.14544466137886047
11700048  0.1454426795244217
5300030  0.14544181525707245
2800037  0.1454385221004486
14400127  0.1454266458749771
12400043  0.14541073143482208
1800014  0.14540131390094757
9800099  0.14539355039596558
6200030  0.1453934609889984
7000019  0.1453854888677597
10300047  0.14538094401359558
3000084  0.14537601172924042
3000014  0.1453755795955658
8600031  0.14536549150943756
2800028  0.1453646719455719
3100019  0.14533178508281708
11900055  0.14530740678310394
10300114  0.1452891081571579
7800031  0.14527897536754608
3100030  0.1452409029006958
9800050  0.14524021744728088
7800024  0.14523354172706604
13100074  0.14523197710514069
10500077  0.14522700011730194
8200036  0.14519821107387543
12200056  0.14518089592456818
12200085  0.14513055980205536
10300050  0.14511622488498688
2800024  0.14510394632816315
14000132  0.14509764313697815
11300033  0.14509683847427368
4300046  0.14508196711540222
6300046  0.14507679641246796
11100047  0.14499664306640625
12300045  0.14497989416122437
8200033  0.14497731626033783
8700024  0.14497388899326324
2600075  0.14497150480747223
10500098  0.14495952427387238
9300086  0.14494726061820984
10300026  0.14494313299655914
11000058  0.14490218460559845
9000039  0.14489047229290009
12200055  0.14488714933395386
3000013  0.14488108456134796
4100014  0.14487969875335693
6500027  0.14487476646900177
6200059  0.1447986662387848
16001031  0.14478933811187744
1600008  0.14475370943546295
2600025  0.14472416043281555
7800023  0.14470569789409637
12300048  0.14469903707504272
11500132  0.1446988582611084
9300057  0.14467276632785797
6200038  0.14466287195682526
9100023  0.1445961892604828
4000014  0.14458820223808289
8200025  0.14458274841308594
9800063  0.14456883072853088
13400100  0.1445600539445877
8300034  0.1445443034172058
14900133  0.14452385902404785
12400045  0.14452125132083893
9900060  0.14451971650123596
10500082  0.14451561868190765
16001522  0.1445155292749405
8700020  0.14451465010643005
14000135  0.1444936990737915
3000063  0.14446642994880676
11700059  0.1444297730922699
8200035  0.14441370964050293
16001018  0.14440585672855377
10000029  0.14440570771694183
9200066  0.14439938962459564
13400106  0.14439740777015686
4100018  0.1443900167942047
7400018  0.14438264071941376
6200066  0.14437952637672424
9900092  0.14437603950500488
7800038  0.1443697065114975
10300098  0.1443667858839035
9300047  0.14431814849376678
11300061  0.14431796967983246
3100017  0.1443169265985489
12300047  0.1443084329366684
1800009  0.14429952204227448
9100021  0.14428594708442688
12300097  0.14427782595157623
7900050  0.14426419138908386
9900056  0.14425966143608093
9900071  0.14424864947795868
3100038  0.14423808455467224
11700089  0.14422911405563354
10300045  0.1442011594772339
12400070  0.14419886469841003
14400112  0.14418314397335052
12200123  0.14416182041168213
9600112  0.14413461089134216
10200071  0.14411994814872742
9900061  0.14410457015037537
2600011  0.14407722651958466
3000076  0.14407430589199066
2600037  0.1440596580505371
9900063  0.1440362185239792
7400034  0.14402568340301514
6600019  0.1440245360136032
12200089  0.14401747286319733
13400064  0.143964946269989
11900040  0.14395830035209656
3100042  0.143958181142807
3500016  0.14395509660243988
2600029  0.14395318925380707
8600036  0.1439439356327057
2100017  0.1439422369003296
11000040  0.14392906427383423
11300032  0.14389857649803162
8600083  0.14389623701572418
9800103  0.14388659596443176
11700087  0.1438613384962082
10500103  0.1438460350036621
15400178  0.1438426524400711
2800042  0.14383955299854279
14000101  0.14381955564022064
2200012  0.1438157707452774
10500063  0.14380623400211334
8700029  0.14378517866134644
6200069  0.14377723634243011
5400049  0.1437695324420929
11100030  0.14376391470432281
2800047  0.1437496393918991
11700091  0.14373159408569336
9200036  0.14372645318508148
9600026  0.14372508227825165
11100075  0.1436842381954193
14000126  0.1436588168144226
4000015  0.14365790784358978
2700025  0.14365200698375702
3100016  0.14364992082118988
4300042  0.14358632266521454
1300023  0.14357799291610718
2800049  0.14357711374759674
8200032  0.14357437193393707
8600026  0.14355506002902985
11100036  0.14355075359344482
12400079  0.14352215826511383
11800039  0.14348462224006653
13400094  0.1434447318315506
5400064  0.14343641698360443
8600090  0.14343218505382538
10300081  0.14342916011810303
3900014  0.1434183418750763
9100046  0.14340461790561676
11100063  0.143389493227005
8700028  0.14336208999156952
11700083  0.14332713186740875
9300032  0.1432953178882599
11000030  0.1432648003101349
9900025  0.14323680102825165
9600041  0.1432274878025055
12200100  0.14322713017463684
9900094  0.1432047337293625
6500022  0.14319144189357758
9900101  0.14317968487739563
11200039  0.14314709603786469
8400019  0.14313453435897827
8600093  0.1430996209383011
11100048  0.14308439195156097
14400103  0.1430664211511612
11300138  0.14305615425109863
5400029  0.14304934442043304
8900043  0.143045112490654
10500181  0.14302732050418854
2800017  0.14302511513233185
6500023  0.14302292466163635
11600093  0.14301365613937378
12200128  0.14300653338432312
8600068  0.1430015116930008
12300042  0.14299358427524567
10200043  0.1429826021194458
13400102  0.14294971525669098
11700082  0.14293913543224335
12200050  0.14292362332344055
14000102  0.14290782809257507
10200034  0.1428985446691513
11300107  0.14283369481563568
9900095  0.14283058047294617
11100033  0.14282719790935516
16000986  0.14282648265361786
8200049  0.14281971752643585
10000035  0.1428155153989792
5300017  0.14279450476169586
12200051  0.14275245368480682
13100063  0.14271937310695648
11100066  0.14270725846290588
15100153  0.14269647002220154
4600016  0.1426939070224762
3000069  0.14268209040164948
11000052  0.14266401529312134
3000061  0.1426616907119751
10300031  0.14264465868473053
12200077  0.14258398115634918
5400021  0.14258071780204773
14000094  0.14254772663116455
8600064  0.14254391193389893
3000082  0.14253275096416473
8600103  0.142527773976326
11500134  0.1425270140171051
4300044  0.14247433841228485
3000059  0.1424586921930313
11400036  0.14244715869426727
7900043  0.14244508743286133
15400172  0.1424403190612793
9600040  0.14243187010288239
3000074  0.14241626858711243
12200092  0.14240731298923492
8600081  0.14240308105945587
8900034  0.14238202571868896
14000112  0.14237110316753387
10200062  0.14236551523208618
7400030  0.14234450459480286
3000072  0.14233234524726868
5400052  0.14232473075389862
13500072  0.14230617880821228
9700026  0.14229165017604828
3000073  0.1422889232635498
12200093  0.14227040112018585
16001401  0.14225120842456818
11000050  0.1422376036643982
16001152  0.14222747087478638
12300044  0.14222316443920135
11500037  0.14221255481243134
14400115  0.14220240712165833
14000090  0.1421838402748108
11000029  0.14216922223567963
8900024  0.14215455949306488
12100038  0.14214442670345306
9200070  0.14214354753494263
8600106  0.14213569462299347
9900097  0.14210695028305054
11200038  0.14210480451583862
7800027  0.14207486808300018
11100058  0.14203180372714996
3700016  0.1420065313577652
13500087  0.141996830701828
8600030  0.14197470247745514
13500081  0.14197222888469696
11100065  0.14195998013019562
12200057  0.14192864298820496
12300041  0.14188450574874878
12200049  0.14187605679035187
9300034  0.14186441898345947
13500095  0.1418614536523819
5400040  0.14186137914657593
10000031  0.1418524980545044
10000026  0.141850084066391
2800046  0.14181703329086304
13400114  0.1418071985244751
14000125  0.14179491996765137
3600013  0.14177806675434113
12200040  0.14177510142326355
14000095  0.14177267253398895
13500071  0.1417713612318039
11000031  0.1417638212442398
9800049  0.14175236225128174
12200078  0.14174310863018036
2800013  0.14172667264938354
14400120  0.14171181619167328
3600039  0.1417117416858673
5400048  0.14169874787330627
3700014  0.14169195294380188
7400017  0.14168256521224976
9300035  0.14165757596492767
2700021  0.14165693521499634
10500085  0.14165537059307098
13400054  0.141635000705719
12200081  0.14162646234035492
3600018  0.1416229009628296
13400110  0.1416141241788864
11300114  0.14157412946224213
9900068  0.14156664907932281
11300049  0.1415553092956543
8900033  0.1414828896522522
11500124  0.14147767424583435
7000017  0.14146487414836884
9000032  0.14146023988723755
3000085  0.14144538342952728
12400080  0.14137810468673706
9800058  0.1413699835538864
10500104  0.14135929942131042
15400173  0.14135044813156128
9600022  0.14134810864925385
7400022  0.14134356379508972
9900024  0.14133907854557037
13400092  0.14131182432174683
7900022  0.14129596948623657
9800082  0.14127829670906067
8600021  0.1412641406059265
8600094  0.14123523235321045
2000012  0.14119407534599304
2800016  0.1411627233028412
8300087  0.14115427434444427
8900026  0.14114470779895782
2600033  0.14113126695156097
7800026  0.14112310111522675
8600034  0.1411103457212448
13800062  0.14109475910663605
9900091  0.14108341932296753
11800040  0.14106731116771698
11300102  0.14106547832489014
4000020  0.14106516540050507
11100062  0.14104624092578888
8200024  0.14101722836494446
14000114  0.14100182056427002
5400065  0.14096616208553314
10800028  0.1409555971622467
3900017  0.14095304906368256
10500076  0.14093030989170074
13400112  0.14087527990341187
12300083  0.1408727616071701
6400017  0.1408630907535553
3000078  0.14083513617515564
11700101  0.14082887768745422
6600016  0.14078985154628754
3100026  0.14077137410640717
7300017  0.14076268672943115
9300080  0.14076052606105804
2200009  0.14074695110321045
8600076  0.14072349667549133
9700067  0.14071352779865265
12200107  0.14067913591861725
6600018  0.1406654268503189
8900020  0.14066463708877563
9900100  0.14064623415470123
14000103  0.1406307816505432
2600021  0.1406230628490448
10100048  0.1406112164258957
13500086  0.14060942828655243
3000079  0.14059439301490784
8600019  0.14058203995227814
5400024  0.14053888618946075
14000108  0.14050953090190887
13400108  0.14048583805561066
8600050  0.140485018491745
11100034  0.14045290648937225
5400053  0.1404249221086502
11600045  0.14040173590183258
3000064  0.1403784155845642
9900065  0.14037300646305084
9900062  0.1403435319662094
8800023  0.14033809304237366
7100021  0.14031721651554108
12200074  0.1402452141046524
9900069  0.1402321308851242
3000083  0.14017345011234283
11700064  0.14016416668891907
8900025  0.14014895260334015
11500138  0.14013336598873138
12300102  0.14012865722179413
2800041  0.14011850953102112
9800064  0.14011241495609283
3600022  0.1401013880968094
13500082  0.14008156955242157
11100068  0.14006592333316803
11300099  0.1399918794631958
12200124  0.13997329771518707
9900096  0.13996337354183197
6800016  0.13995054364204407
2600064  0.13993097841739655
7100017  0.1398952305316925
11600071  0.13988986611366272
3000081  0.13986769318580627
3000042  0.13985033333301544
13800059  0.1398496776819229
8200031  0.13975554704666138
14000098  0.13973990082740784
6600020  0.13970936834812164
9600123  0.13968883454799652
9900023  0.13967135548591614
2600013  0.13960398733615875
12600042  0.13958345353603363
1300033  0.1395641565322876
10200076  0.13955900073051453
8900031  0.1395435482263565
12200095  0.1394730806350708
4000017  0.1394307017326355
14000117  0.1393853724002838
15400184  0.13936826586723328
12200110  0.13927069306373596
8600049  0.13925831019878387
6900016  0.13923251628875732
13800061  0.139227032661438
6400018  0.13911715149879456
5400060  0.13906095921993256
14000109  0.1390543133020401
9300056  0.1390117108821869
6400046  0.13898096978664398
12200062  0.13897885382175446
9300022  0.13897772133350372
11200049  0.13891665637493134
13200052  0.1388944834470749
4000029  0.13882972300052643
6800017  0.1387796700000763
8600071  0.1387757956981659
11000051  0.13876986503601074
6200044  0.13876137137413025
2300017  0.13867700099945068
13500068  0.13864730298519135
9800059  0.1386266052722931
12200048  0.13859198987483978
9900073  0.13856305181980133
9700055  0.1385466754436493
13500067  0.13851600885391235
5400022  0.13851335644721985
11100085  0.1385129690170288
11300031  0.138472318649292
4000021  0.13846483826637268
13500091  0.13845598697662354
9900090  0.13844045996665955
16000975  0.13835082948207855
2400016  0.13823764026165009
9900077  0.13820770382881165
11300034  0.1382075846195221
9800079  0.1381903439760208
8600105  0.13815242052078247
10000030  0.13814310729503632
6400025  0.13807369768619537
6500016  0.1380673050880432
14100064  0.13800781965255737
2600022  0.13792331516742706
8600109  0.13790321350097656
4300041  0.13785336911678314
11000049  0.137850821018219
2300019  0.13779421150684357
5400015  0.13777370750904083
10200077  0.1377599984407425
5400018  0.13769954442977905
13500076  0.13746657967567444
12900047  0.13744589686393738
2300023  0.1373506635427475
9800061  0.13725382089614868
9700047  0.1371937394142151
5400028  0.13717412948608398
9900057  0.1371399313211441
11100059  0.13711489737033844
11300122  0.1370495855808258
4000016  0.137010395526886
7300026  0.1369624137878418
2300022  0.13692381978034973
9700038  0.1368636190891266
9300066  0.13684478402137756
11700067  0.13683286309242249
7200018  0.1367800235748291
1000005  0.1367422193288803
12400041  0.13672204315662384
9900075  0.1366194188594818
9700040  0.1365247368812561
9500022  0.13651996850967407
7200017  0.13647517561912537
11100035  0.13625718653202057
6400055  0.13610678911209106
4000023  0.13608139753341675
12200071  0.1357409805059433
2200014  0.1354730874300003
9200024  0.13547012209892273
4600015  0.135443314909935
6400047  0.13542528450489044
6400052  0.13533248007297516
8600022  0.13531871140003204
13500059  0.1352984756231308
9700031  0.13528627157211304
9300048  0.13527251780033112
5300018  0.13525958359241486
4000031  0.1352120339870453
2700017  0.13518597185611725
13500066  0.13508357107639313
6300019  0.13502530753612518
2100027  0.1349138766527176
11000041  0.134900763630867
6400033  0.13483573496341705
9700029  0.13483105599880219
4000030  0.13481628894805908
9700034  0.13480700552463531
3000086  0.13472941517829895
1300015  0.13464969396591187
4600014  0.13464272022247314
9000020  0.13462398946285248
13600072  0.134531170129776
7300020  0.13446447253227234
2700022  0.13432323932647705
6400024  0.13432322442531586
10600034  0.13431131839752197
13600075  0.13407503068447113
9700039  0.13393238186836243
11500152  0.13384857773780823
2000009  0.13375504314899445
9200022  0.13351795077323914
9700063  0.1332607865333557
8300021  0.13315874338150024
9700037  0.13296020030975342
1300007  0.13286641240119934
6300049  0.13280251622200012
1300009  0.13268429040908813
9700048  0.13256198167800903
8300022  0.13256189227104187
1300012  0.13244128227233887
10600035  0.13227149844169617
9700032  0.13208170235157013
8300088  0.13201235234737396
13500055  0.13200585544109344
6400016  0.13200318813323975
6400058  0.13198985159397125
10600029  0.1319747418165207
4600019  0.13164746761322021
2400020  0.13153287768363953
6400059  0.13152405619621277
6400064  0.13142147660255432
8300020  0.1311969757080078
11500151  0.13118401169776917
9700022  0.13116778433322906
13500058  0.13113293051719666
6300022  0.1311233937740326
8300086  0.1311010718345642
11500156  0.1308520883321762
4600039  0.13078352808952332
10600028  0.1304091215133667
11500150  0.13012981414794922
2400017  0.12999673187732697
13500065  0.12994512915611267
2100011  0.12955734133720398
7200019  0.12933951616287231
4300020  0.12924417853355408
13600056  0.12895290553569794
6300016  0.12892650067806244
13600068  0.12884142994880676
4200020  0.12798842787742615
6300018  0.12771807610988617
11500146  0.1277022510766983
4300014  0.1274964064359665
5600017  0.1271340250968933
11500034  0.12579350173473358
2300031  0.12498310208320618
2300011  0.12441560626029968
5600019  0.12440028786659241
5600020  0.12421324104070663
2300029  0.12394022941589355
2300030  0.12351830303668976
2700014  0.12280458211898804
13500056  0.12187985330820084
11500032  0.1214827299118042
2300009  0.12138959765434265
5600018  0.1208018884062767
5600015  0.12068826705217361
5600029  0.11993902176618576
5600021  0.11904613673686981
8300019  0.11603878438472748
