1000341  1.0
1000342  1.0
1100057  1.0
1100215  1.0
1100218  1.0
1100221  1.0
1400148  1.0
1400163  1.0
1400164  1.0
1400437  1.0
1400439  1.0
1400443  1.0
1400446  1.0
1400447  1.0
1400469  1.0
1400471  1.0
1400472  1.0
1400475  1.0
1400478  1.0
1400485  1.0
1400492  1.0
1400493  1.0
1400494  1.0
1400499  1.0
1400500  1.0
1400501  1.0
1400506  1.0
1400507  1.0
1400508  1.0
1400513  1.0
1400514  1.0
1400515  1.0
1400520  1.0
1400521  1.0
1400522  1.0
1400527  1.0
1400528  1.0
1400529  1.0
1400534  1.0
1400535  1.0
1400536  1.0
1400541  1.0
1400542  1.0
1400543  1.0
1400548  1.0
1400549  1.0
1400550  1.0
1400556  1.0
1400557  1.0
1400563  1.0
1400564  1.0
1400565  1.0
1400580  1.0
1400581  1.0
1400593  1.0
1400594  1.0
1400897  1.0
1400898  1.0
1400899  1.0
1400900  1.0
1400901  1.0
1400903  1.0
1400907  1.0
1400910  1.0
1400911  1.0
1400923  1.0
1400924  1.0
1400925  1.0
1400926  1.0
1400927  1.0
1400928  1.0
1400930  1.0
1400931  1.0
1400934  1.0
1400937  1.0
1400938  1.0
1400991  1.0
1400992  1.0
1400993  1.0
1400994  1.0
1400996  1.0
1400998  1.0
1400999  1.0
1401052  1.0
1401053  1.0
1401054  1.0
1401055  1.0
1401057  1.0
1401059  1.0
1401060  1.0
1401113  1.0
1401114  1.0
1401115  1.0
1401116  1.0
1401118  1.0
1401120  1.0
1401121  1.0
1401174  1.0
1401175  1.0
1401176  1.0
1401177  1.0
1401179  1.0
1401181  1.0
1401182  1.0
1401235  1.0
1401236  1.0
1401237  1.0
1401238  1.0
1401240  1.0
1401242  1.0
1401243  1.0
1401296  1.0
1401297  1.0
1401298  1.0
1401299  1.0
1401301  1.0
1401303  1.0
1401304  1.0
1401357  1.0
1401358  1.0
1401359  1.0
1401360  1.0
1401362  1.0
1401364  1.0
1401365  1.0
1401418  1.0
1401419  1.0
1401420  1.0
1401421  1.0
1401423  1.0
1401425  1.0
1401426  1.0
1401501  1.0
1401502  1.0
1401572  1.0
1401573  1.0
1900155  1.0
1900168  1.0
1900182  1.0
1900202  1.0
1900474  1.0
1900475  1.0
1900850  1.0
1900851  1.0
2000155  1.0
2000492  1.0
2000496  1.0
2000498  1.0
2000500  1.0
2000504  1.0
2000509  1.0
2000526  1.0
2000527  1.0
2000528  1.0
2000530  1.0
2000531  1.0
2000532  1.0
2000533  1.0
2000534  1.0
2000538  1.0
2000539  1.0
2000546  1.0
2000549  1.0
2000566  1.0
2000586  1.0
2000609  1.0
2000622  1.0
2000623  1.0
2000698  1.0
2000699  1.0
2000700  1.0
2000701  1.0
2000702  1.0
2000704  1.0
2000695  0.9777777777777777
2000290  0.9705882352941176
2000473  0.9705882352941176
2000474  0.9705882352941176
2000475  0.9705882352941176
2000476  0.9705882352941176
2000477  0.9705882352941176
2000636  0.9705882352941176
2000637  0.9705882352941176
2000648  0.9705882352941176
2000649  0.9705882352941176
2000123  0.967741935483871
1400688  0.9444444444444444
1400689  0.9444444444444444
2000683  0.9428571428571428
2000684  0.9428571428571428
2000372  0.9361702127659575
2000377  0.9361702127659575
2000387  0.9361702127659575
2000677  0.9166666666666666
1400856  0.9
1400857  0.9
1401520  0.8666666666666667
1401524  0.8666666666666667
1401533  0.8666666666666667
1401534  0.8666666666666667
1400418  0.8584905660377359
1401510  0.8584905660377359
1401511  0.8584905660377359
1400208  0.8473282442748091
1400209  0.8473282442748091
1400210  0.8473282442748091
1400410  0.8409090909090909
1400411  0.8409090909090909
1400412  0.8409090909090909
1400417  0.8409090909090909
1901045  0.84
1400203  0.8345864661654135
1400205  0.8345864661654135
1400206  0.8345864661654135
1400207  0.8345864661654135
1400213  0.8345864661654135
1400215  0.8345864661654135
1400393  0.8345864661654135
1400394  0.8345864661654135
1400396  0.8345864661654135
1400397  0.8345864661654135
1400398  0.8345864661654135
1400407  0.8345864661654135
1400408  0.8345864661654135
1400409  0.8345864661654135
1400421  0.8345864661654135
1401489  0.8345864661654135
1401490  0.8345864661654135
1901063  0.8345864661654135
1400177  0.8283582089552239
1400179  0.8283582089552239
1400180  0.8283582089552239
1400181  0.8283582089552239
1400182  0.8283582089552239
1400183  0.8283582089552239
1400185  0.8283582089552239
1400186  0.8283582089552239
1400188  0.8283582089552239
1400413  0.8235294117647058
1400414  0.8235294117647058
1901033  0.8222222222222222
1901060  0.8222222222222222
1901065  0.8222222222222222
1400376  0.8161764705882353
1400377  0.8161764705882353
1400378  0.8161764705882353
1400379  0.8161764705882353
1401450  0.8161764705882353
1401458  0.8161764705882353
1401467  0.8161764705882353
1401472  0.8161764705882353
1401480  0.8161764705882353
1401481  0.8161764705882353
1401644  0.8161764705882353
1401455  0.8155339805825242
1401468  0.8155339805825242
1401469  0.8155339805825242
1401470  0.8155339805825242
1401451  0.8067226890756303
1401452  0.8067226890756303
1400375  0.8043478260869565
1400383  0.8043478260869565
1900254  0.8043478260869565
1900255  0.8043478260869565
1900258  0.8043478260869565
1900259  0.8043478260869565
1900261  0.8043478260869565
1900262  0.8043478260869565
1900263  0.8043478260869565
1900265  0.8043478260869565
1900266  0.8043478260869565
1901024  0.8043478260869565
1900097  0.7928571428571428
1900256  0.7906976744186046
1900120  0.7846153846153846
1401521  0.7692307692307692
1401522  0.7692307692307692
1400716  0.75
1400717  0.75
1400744  0.75
1400745  0.75
1400772  0.75
1400773  0.75
1400800  0.75
1400801  0.75
1400828  0.75
1400829  0.75
1900228  0.7419354838709677
1900229  0.7419354838709677
1200087  0.7302631578947368
1200105  0.7302631578947368
1200122  0.7302631578947368
1200138  0.7302631578947368
1200154  0.7302631578947368
1200175  0.7302631578947368
1200191  0.7302631578947368
1200207  0.7302631578947368
1200224  0.7302631578947368
1200241  0.7302631578947368
1200258  0.7302631578947368
1200275  0.7302631578947368
1200291  0.7302631578947368
1200307  0.7302631578947368
1200324  0.7302631578947368
1200342  0.7302631578947368
1200360  0.7302631578947368
1200377  0.7302631578947368
1200394  0.7302631578947368
1200411  0.7302631578947368
1200428  0.7302631578947368
1200445  0.7302631578947368
1200461  0.7302631578947368
1200477  0.7302631578947368
1200495  0.7302631578947368
1200512  0.7302631578947368
1200529  0.7302631578947368
1200546  0.7302631578947368
1200563  0.7302631578947368
1200580  0.7302631578947368
1200597  0.7302631578947368
1200614  0.7302631578947368
1200630  0.7302631578947368
1200646  0.7302631578947368
1200662  0.7302631578947368
1200679  0.7302631578947368
1200698  0.7302631578947368
1200717  0.7302631578947368
1200733  0.7302631578947368
1200751  0.7302631578947368
1200767  0.7302631578947368
1200784  0.7302631578947368
1200798  0.7302631578947368
1200818  0.7302631578947368
1200833  0.7302631578947368
1200846  0.7302631578947368
1200854  0.7302631578947368
1200862  0.7302631578947368
1200870  0.7302631578947368
1200878  0.7302631578947368
1200886  0.7302631578947368
1200896  0.7302631578947368
1200914  0.7302631578947368
1200924  0.7302631578947368
1200934  0.7302631578947368
1200944  0.7302631578947368
1200954  0.7302631578947368
1200964  0.7302631578947368
1200974  0.7302631578947368
1200984  0.7302631578947368
1200994  0.7302631578947368
1201005  0.7302631578947368
1201017  0.7302631578947368
1201027  0.7302631578947368
1201037  0.7302631578947368
1201048  0.7302631578947368
1201059  0.7302631578947368
1201070  0.7302631578947368
1201081  0.7302631578947368
1201092  0.7302631578947368
1201102  0.7302631578947368
1201133  0.7302631578947368
1201136  0.7302631578947368
1201137  0.7302631578947368
1201138  0.7302631578947368
1201141  0.7302631578947368
1201162  0.7302631578947368
1201165  0.7302631578947368
1201166  0.7302631578947368
1201167  0.7302631578947368
1201168  0.7302631578947368
1201173  0.7302631578947368
1201185  0.7302631578947368
1201186  0.7302631578947368
1201187  0.7302631578947368
1201188  0.7302631578947368
1201189  0.7302631578947368
1201203  0.7302631578947368
1201206  0.7302631578947368
1201216  0.7302631578947368
1201219  0.7302631578947368
1201230  0.7302631578947368
1201233  0.7302631578947368
1201249  0.7302631578947368
1302192  0.7302631578947368
1302193  0.7302631578947368
1302194  0.7302631578947368
1302195  0.7302631578947368
1400082  0.7302631578947368
1400096  0.7302631578947368
1400107  0.7302631578947368
1400119  0.7302631578947368
1400129  0.7302631578947368
1400137  0.7302631578947368
1400220  0.7302631578947368
1400225  0.7302631578947368
1400230  0.7302631578947368
1400235  0.7302631578947368
1400240  0.7302631578947368
1400245  0.7302631578947368
1400250  0.7302631578947368
1400255  0.7302631578947368
1400260  0.7302631578947368
1400265  0.7302631578947368
1400270  0.7302631578947368
1400275  0.7302631578947368
1400280  0.7302631578947368
1400285  0.7302631578947368
1400291  0.7302631578947368
1400296  0.7302631578947368
1400301  0.7302631578947368
1400306  0.7302631578947368
1400311  0.7302631578947368
1400316  0.7302631578947368
1400324  0.7302631578947368
1400325  0.7302631578947368
1401611  0.7302631578947368
1401612  0.7302631578947368
1401633  0.7302631578947368
1401634  0.7302631578947368
1401653  0.7302631578947368
1401654  0.7302631578947368
1401673  0.7302631578947368
1401674  0.7302631578947368
1401816  0.7302631578947368
1401819  0.7302631578947368
1401820  0.7302631578947368
1401842  0.7302631578947368
1401845  0.7302631578947368
1401846  0.7302631578947368
1401894  0.7302631578947368
1401897  0.7302631578947368
1401898  0.7302631578947368
1401921  0.7302631578947368
1401922  0.7302631578947368
1502125  0.7302631578947368
1502126  0.7302631578947368
1602260  0.7302631578947368
1602261  0.7302631578947368
1602262  0.7302631578947368
1602263  0.7302631578947368
1602264  0.7302631578947368
1602265  0.7302631578947368
1702158  0.7302631578947368
1702159  0.7302631578947368
1702160  0.7302631578947368
1802224  0.7302631578947368
1802225  0.7302631578947368
1802226  0.7302631578947368
1802227  0.7302631578947368
1802228  0.7302631578947368
1802229  0.7302631578947368
1802230  0.7302631578947368
1400660  0.6818181818181819
1400661  0.6818181818181819
2000678  0.6666666666666667
2000679  0.6666666666666667
