1400164  0.5294202566146851
1400564  0.5273707509040833
1400163  0.5221920013427734
1400148  0.5219423174858093
1400563  0.5216825008392334
1400469  0.5213422775268555
1400492  0.5190436840057373
1400565  0.5187146067619324
1400437  0.5174840688705444
1400499  0.5167567729949951
1401573  0.5131102204322815
1400439  0.5129112005233765
1400446  0.5126327276229858
1401572  0.5072202682495117
1400485  0.5056282877922058
1900474  0.5046241283416748
1400478  0.5044569969177246
1400593  0.5032418966293335
1400534  0.5016894936561584
1400520  0.49984461069107056
1400506  0.4998076558113098
1400443  0.499341756105423
2000700  0.49872955679893494
1401501  0.49872949719429016
1401502  0.4977283477783203
1400475  0.49677738547325134
1400447  0.4963821470737457
1400513  0.4955301582813263
1900475  0.49520444869995117
1400548  0.49395129084587097
2000387  0.49394717812538147
1400541  0.49394118785858154
2000699  0.4927712082862854
2000695  0.4926936626434326
1400925  0.49244409799575806
1400527  0.49228620529174805
2000377  0.49000927805900574
2000526  0.4895315170288086
1401520  0.48933714628219604
2000549  0.48901429772377014
2000684  0.48863670229911804
1400594  0.48845192790031433
1400557  0.4882497489452362
1400994  0.48824355006217957
2000566  0.48773467540740967
1400930  0.487392395734787
2000648  0.4871004521846771
1400991  0.4870048463344574
2000530  0.48648542165756226
1400903  0.486484557390213
2000636  0.4864409565925598
2000677  0.48631709814071655
1400911  0.48623910546302795
1401489  0.4852980673313141
2000473  0.4851788282394409
1400493  0.4844009578227997
2000528  0.48436981439590454
1400183  0.48433223366737366
1900851  0.4840884506702423
2000698  0.4840197265148163
1401301  0.48378971219062805
1400998  0.48378369212150574
2000704  0.48375970125198364
1900155  0.48342978954315186
1400177  0.4833377003669739
1400208  0.48324453830718994
1400205  0.48321881890296936
2000527  0.4831719994544983
1400937  0.4831641614437103
1100218  0.4830923080444336
1400900  0.4824862480163574
1401524  0.48245692253112793
1400398  0.4824359118938446
1400375  0.48234590888023376
1400185  0.48198407888412476
1400899  0.4818112850189209
1400181  0.48173612356185913
1400397  0.48170438408851624
1400898  0.48168709874153137
1900263  0.48140227794647217
1401357  0.48126450181007385
1901033  0.4812420904636383
1100057  0.4812152087688446
1400508  0.48114025592803955
1400417  0.4811190068721771
1400897  0.48111578822135925
2000475  0.48057401180267334
2000372  0.479937344789505
1401054  0.47979405522346497
1401238  0.47976815700531006
2000474  0.4797104299068451
1400549  0.47944962978363037
2000637  0.47920915484428406
1901045  0.47880664467811584
1400938  0.478800892829895
2000531  0.4786031246185303
1401237  0.4783862829208374
1401174  0.4782966077327728
1400556  0.4781619906425476
1400926  0.47808873653411865
1400924  0.4780767560005188
1401458  0.47800764441490173
2000532  0.47778016328811646
1400999  0.47776809334754944
2000476  0.47764578461647034
1401055  0.47761568427085876
1401420  0.4775635898113251
1400494  0.4775538146495819
2000683  0.47726792097091675
2000702  0.47725000977516174
1400421  0.47715315222740173
1400411  0.47711312770843506
1400472  0.47710809111595154
1400923  0.4766254127025604
1401533  0.47661474347114563
1400471  0.47661104798316956
1400215  0.47656068205833435
1400213  0.47648555040359497
1401481  0.4763634502887726
1400180  0.4763384461402893
1401472  0.4762677252292633
1400522  0.47621428966522217
1400580  0.4760591685771942
1401242  0.4759202301502228
1302194  0.4759162366390228
1400910  0.4758780002593994
2000477  0.4757706820964813
1401118  0.47563764452934265
1400856  0.47540518641471863
1400744  0.4753279685974121
1401358  0.4752613604068756
1401114  0.47525131702423096
1400688  0.4751289188861847
1401511  0.47511035203933716
1400507  0.4749748110771179
1401451  0.47492676973342896
1400206  0.4749232828617096
1400270  0.47487586736679077
1400311  0.4748398959636688
1400186  0.47480425238609314
2000534  0.47479748725891113
1400182  0.47444209456443787
1400203  0.4743957817554474
2000622  0.4743908643722534
1400992  0.4743363559246063
1200377  0.4742903411388397
1401365  0.47427403926849365
1200870  0.47426843643188477
2000500  0.4741167426109314
1400857  0.47411277890205383
1400414  0.4740842580795288
1400407  0.4740836024284363
1400801  0.4738081395626068
1400207  0.47376006841659546
1401052  0.473645955324173
1400378  0.4736267626285553
1400408  0.47349876165390015
1400515  0.47324877977371216
2000546  0.47310924530029297
1400927  0.47300848364830017
1400412  0.47294139862060547
2000504  0.47292613983154297
1201203  0.47287100553512573
1900259  0.472860187292099
1400993  0.47262585163116455
1201166  0.4724486768245697
1400907  0.47242408990859985
1401121  0.4723631739616394
1400379  0.4723537564277649
1400107  0.47209998965263367
1200307  0.47209951281547546
1900202  0.4720892608165741
1401176  0.4720293879508972
2000701  0.4719836413860321
1201189  0.4718921482563019
1400393  0.4718468189239502
1900254  0.4717826545238495
1400179  0.471725195646286
1401303  0.4716927409172058
1401304  0.47163310647010803
1201048  0.4715123176574707
1401418  0.4713866412639618
1400581  0.4713280498981476
1401364  0.47130319476127625
1400209  0.47124046087265015
1201162  0.4712344706058502
1901065  0.47113725543022156
1401177  0.4711221158504486
1400376  0.47111600637435913
2000509  0.4710634648799896
1201230  0.4709009528160095
1400210  0.47087329626083374
1900265  0.47086793184280396
1401490  0.4707854688167572
1901063  0.47076085209846497
1900182  0.470730721950531
1900850  0.4707007110118866
1000342  0.4706946909427643
1400500  0.47069406509399414
1401362  0.47061485052108765
1200886  0.47051945328712463
1401644  0.4703870415687561
2000539  0.4703248143196106
2000623  0.4702305197715759
1400800  0.470230370759964
1400291  0.4700468182563782
1901060  0.47002890706062317
1900255  0.4699787199497223
1401060  0.4698961079120636
1200122  0.46970993280410767
1401510  0.46968215703964233
2000290  0.46965450048446655
1401469  0.46963173151016235
1401898  0.4696212112903595
2000492  0.46954771876335144
1400396  0.4694288969039917
1401534  0.4694253206253052
1200495  0.4693205952644348
1401654  0.4693104028701782
1400409  0.46924230456352234
1200411  0.4692355692386627
1201216  0.46917349100112915
1400996  0.4691370725631714
1400717  0.46911147236824036
1802228  0.46906235814094543
1400394  0.4690316617488861
1401113  0.46899402141571045
2000678  0.46897009015083313
2000649  0.46885210275650024
1401299  0.4686550796031952
1201141  0.46861034631729126
1401467  0.4686014950275421
1900266  0.46859270334243774
1400901  0.4683021306991577
1401455  0.46827051043510437
1201017  0.468269407749176
1401053  0.46815189719200134
1400383  0.46813759207725525
1400410  0.46799400448799133
1401897  0.4679427742958069
1401181  0.46780306100845337
1400418  0.4677288234233856
1400501  0.46772271394729614
1400773  0.46769654750823975
1602262  0.4676740765571594
1401120  0.4675544798374176
1401298  0.4675478935241699
1400260  0.4674791097640991
1200833  0.46746212244033813
2000533  0.4674086272716522
1401845  0.4674009382724762
1400542  0.4673697352409363
1200477  0.46732380986213684
1200428  0.46729496121406555
1401521  0.4672333300113678
1400931  0.4669208228588104
1201173  0.4668967127799988
1400528  0.46689316630363464
2000679  0.4668441116809845
1400535  0.466633141040802
1900262  0.4665842056274414
1201081  0.46648213267326355
2000496  0.4663923382759094
1401634  0.466386616230011
1401059  0.46636563539505005
1201005  0.4663328528404236
1401425  0.4663131535053253
1201188  0.4662005603313446
1400550  0.46615156531333923
1201027  0.46615102887153625
1100215  0.4661470651626587
1200138  0.466079980134964
1400413  0.46604517102241516
1200784  0.466043084859848
1401297  0.4659426510334015
1802227  0.4658934772014618
1000341  0.46588242053985596
1400521  0.4658815860748291
1400119  0.4658614695072174
1302193  0.4658072888851166
1201137  0.4657363295555115
1302195  0.46563127636909485
1200854  0.4655625820159912
1200984  0.465497225522995
1401922  0.46546638011932373
1401450  0.46544143557548523
1401846  0.4654325544834137
1401182  0.4653732478618622
1200207  0.4653335511684418
1200846  0.4652334153652191
1200964  0.46517837047576904
1400829  0.4651145935058594
1401426  0.46507036685943604
1401359  0.4649460017681122
1401633  0.4648509919643402
1401423  0.46482640504837036
1401235  0.4648228585720062
1200974  0.46478012204170227
1900097  0.4647758901119232
1100221  0.4647614657878876
1201059  0.4647310972213745
1602260  0.46470198035240173
1900261  0.4645410478115082
1401452  0.4643042981624603
1401243  0.46418026089668274
2000123  0.4641728699207306
2000538  0.46415838599205017
1401468  0.46412426233291626
1400745  0.46395546197891235
1401175  0.4639153480529785
1400934  0.46368521451950073
1201206  0.4636824429035187
1401421  0.46356329321861267
1200241  0.463429719209671
1502125  0.4633646011352539
1401296  0.4633338749408722
1401115  0.4632759988307953
1200529  0.463218629360199
1200445  0.46313369274139404
1602265  0.4629535973072052
1900256  0.4628259241580963
1200614  0.4626994729042053
1400250  0.46258485317230225
1900229  0.46258029341697693
1200175  0.4625683128833771
1201249  0.4624795615673065
1201138  0.46246787905693054
1400661  0.4622771143913269
1400772  0.46227383613586426
1200258  0.4621737003326416
1200324  0.462156742811203
1401820  0.4621514081954956
1901024  0.4621131718158722
1401240  0.4620797634124756
1400377  0.46205568313598633
1201092  0.4620329737663269
1400235  0.4620107412338257
1401179  0.46200627088546753
1502126  0.4618174433708191
1400316  0.4617800712585449
1401921  0.4616379141807556
2000609  0.4615839421749115
1401673  0.46146878600120544
1702158  0.4614507555961609
1200105  0.46125954389572144
1400096  0.4611753523349762
1401057  0.4611680507659912
1200818  0.4611583650112152
1400536  0.4611259996891022
1802229  0.4610619843006134
2000586  0.46092018485069275
1401480  0.46075454354286194
1401470  0.4607454538345337
1400225  0.46063119173049927
1400245  0.46058347821235657
1200394  0.46047502756118774
1201167  0.4603883922100067
1400660  0.46034595370292664
1400240  0.4603222906589508
1401360  0.46022793650627136
1900120  0.4601075053215027
1200597  0.46004027128219604
1200580  0.4600168466567993
1400285  0.4599614143371582
1201186  0.4597488045692444
1400928  0.45972365140914917
2000155  0.45961615443229675
1401236  0.45954519510269165
1401116  0.4595112204551697
2000498  0.4593334197998047
1200291  0.459275484085083
1201102  0.45922785997390747
1702160  0.4592013657093048
1200698  0.45912978053092957
1200733  0.45908406376838684
1200767  0.4589565694332123
1200934  0.45884841680526733
1802226  0.45875632762908936
1401894  0.45857128500938416
1702159  0.45842915773391724
1200512  0.4583934247493744
1400828  0.45833486318588257
1201168  0.45828768610954285
1802230  0.45827388763427734
1200154  0.458232581615448
1200914  0.45820048451423645
1400716  0.4581947922706604
1401419  0.4581379294395447
1200546  0.45804646611213684
1400514  0.4580342471599579
1900228  0.4579813480377197
1400296  0.4579063951969147
1200224  0.45783495903015137
1802225  0.4574485719203949
1200798  0.4574425518512726
1200630  0.4573361575603485
1200360  0.4571940302848816
1201219  0.457008421421051
1200662  0.45700308680534363
1900258  0.45696699619293213
1200878  0.45685479044914246
1201070  0.45662492513656616
1400188  0.45652681589126587
1201165  0.45640724897384644
1400137  0.4562896490097046
1200924  0.4561723470687866
1400324  0.45582854747772217
1200087  0.4558171033859253
1200994  0.4558095633983612
1401653  0.4555004835128784
1400689  0.4554536044597626
1200275  0.45523717999458313
1401611  0.45518553256988525
1201037  0.45512592792510986
1400275  0.45511314272880554
1200646  0.45506736636161804
1201233  0.4549882411956787
1400543  0.45495960116386414
1200461  0.4546959400177002
1401522  0.4545627236366272
1802224  0.4544052481651306
1200191  0.4543556272983551
1200563  0.45432689785957336
1400255  0.4541313052177429
1400306  0.45370304584503174
1302192  0.4536651372909546
1200896  0.45364847779273987
1400301  0.45355623960494995
1602264  0.453462153673172
1400129  0.45332446694374084
1201133  0.4531382620334625
1401674  0.4531356394290924
1200862  0.45298245549201965
1401816  0.4528055787086487
1400325  0.45251280069351196
1201187  0.4523810148239136
1400082  0.45204606652259827
1400280  0.4519180655479431
1400265  0.4515030086040497
1400529  0.4513263702392578
1200342  0.45114246010780334
1200751  0.4509655237197876
1400220  0.45084214210510254
1200717  0.4505518078804016
1602261  0.44988515973091125
1401612  0.4492368996143341
1200679  0.4484780430793762
1602263  0.4478731155395508
1200944  0.44714680314064026
1900168  0.44654011726379395
1400230  0.4459848403930664
1201185  0.4456722140312195
1200954  0.44550764560699463
1401842  0.44496285915374756
1201136  0.4449302852153778
1401819  0.44128677248954773
