2000045  1.0
2000063  1.0
2000154  1.0
2000155  1.0
2000186  1.0
2200067  1.0
2200070  1.0
2200071  1.0
2500375  1.0
2503020  1.0
2503535  1.0
2503538  1.0
2503539  1.0
3300082  1.0
3300090  1.0
3300092  1.0
3300093  1.0
3300095  1.0
3300129  1.0
3300131  1.0
3300132  1.0
3300134  1.0
3300140  1.0
3300141  1.0
3300148  1.0
3300153  1.0
3300155  1.0
3300173  1.0
3300176  1.0
3300177  1.0
3300179  1.0
3300181  1.0
3300183  1.0
3300224  1.0
3300229  1.0
3300231  1.0
3700419  1.0
3700432  1.0
3700433  1.0
3700434  1.0
3700435  1.0
3700445  1.0
3700453  1.0
3700461  1.0
3800200  1.0
3800334  1.0
3900193  1.0
3900194  1.0
3900195  1.0
3900199  1.0
3900200  1.0
3900211  1.0
3900212  1.0
3900218  1.0
3900222  1.0
3900223  1.0
3900224  1.0
3900225  1.0
3900226  1.0
3900227  1.0
3900228  1.0
3900230  1.0
3900231  1.0
3900234  1.0
3900235  1.0
3900240  1.0
3900242  1.0
3900245  1.0
3900246  1.0
3900248  1.0
3900387  1.0
3900388  1.0
3900404  1.0
3900405  1.0
3900406  1.0
3900410  1.0
4100047  1.0
4100050  1.0
4100053  1.0
4200042  1.0
4200044  1.0
4200061  1.0
4200062  1.0
4200075  1.0
4200076  1.0
4200080  1.0
4200081  1.0
4200082  1.0
4200083  1.0
4200137  1.0
4200138  1.0
4200141  1.0
1000126  0.7071067811865475
1000129  0.7071067811865475
1000139  0.7071067811865475
1000140  0.7071067811865475
1000141  0.7071067811865475
1000149  0.7071067811865475
1000151  0.7071067811865475
1000152  0.7071067811865475
1000153  0.7071067811865475
1000154  0.7071067811865475
1000157  0.7071067811865475
1000158  0.7071067811865475
1000168  0.7071067811865475
1000169  0.7071067811865475
2303747  0.7071067811865475
2303773  0.7071067811865475
2303774  0.7071067811865475
2303776  0.7071067811865475
2400029  0.7071067811865475
2401535  0.7071067811865475
2403043  0.7071067811865475
2404074  0.7071067811865475
2405103  0.7071067811865475
2406142  0.7071067811865475
2406150  0.7071067811865475
2406158  0.7071067811865475
2406166  0.7071067811865475
2406174  0.7071067811865475
2500113  0.7071067811865475
2500126  0.7071067811865475
2500139  0.7071067811865475
2500158  0.7071067811865475
2500177  0.7071067811865475
2500196  0.7071067811865475
2500216  0.7071067811865475
2500235  0.7071067811865475
2500254  0.7071067811865475
2500275  0.7071067811865475
2500283  0.7071067811865475
2500286  0.7071067811865475
2500826  0.7071067811865475
2500827  0.7071067811865475
2500829  0.7071067811865475
2500837  0.7071067811865475
2500847  0.7071067811865475
2500857  0.7071067811865475
2500859  0.7071067811865475
2500860  0.7071067811865475
2500862  0.7071067811865475
2500882  0.7071067811865475
2500883  0.7071067811865475
2500884  0.7071067811865475
2500890  0.7071067811865475
2500899  0.7071067811865475
2500900  0.7071067811865475
2500901  0.7071067811865475
2500902  0.7071067811865475
2500903  0.7071067811865475
2500910  0.7071067811865475
2500911  0.7071067811865475
2500917  0.7071067811865475
2500919  0.7071067811865475
2500920  0.7071067811865475
2500925  0.7071067811865475
2500931  0.7071067811865475
2501096  0.7071067811865475
2501106  0.7071067811865475
2501109  0.7071067811865475
2501112  0.7071067811865475
2501123  0.7071067811865475
2501132  0.7071067811865475
2501134  0.7071067811865475
2501154  0.7071067811865475
2501155  0.7071067811865475
2501202  0.7071067811865475
2501213  0.7071067811865475
2501215  0.7071067811865475
2501216  0.7071067811865475
2501218  0.7071067811865475
2501220  0.7071067811865475
2501221  0.7071067811865475
2501222  0.7071067811865475
2501223  0.7071067811865475
2501224  0.7071067811865475
2501227  0.7071067811865475
2501228  0.7071067811865475
2501229  0.7071067811865475
2501230  0.7071067811865475
2501233  0.7071067811865475
2501234  0.7071067811865475
2501236  0.7071067811865475
2501238  0.7071067811865475
2501239  0.7071067811865475
2501241  0.7071067811865475
2501242  0.7071067811865475
2501243  0.7071067811865475
2501246  0.7071067811865475
2501247  0.7071067811865475
2501249  0.7071067811865475
2501250  0.7071067811865475
2501251  0.7071067811865475
2501255  0.7071067811865475
2501256  0.7071067811865475
2501264  0.7071067811865475
2501265  0.7071067811865475
2501266  0.7071067811865475
2501269  0.7071067811865475
2501270  0.7071067811865475
2501271  0.7071067811865475
2501272  0.7071067811865475
2501273  0.7071067811865475
2501274  0.7071067811865475
2501275  0.7071067811865475
2501292  0.7071067811865475
2501293  0.7071067811865475
2501294  0.7071067811865475
2501295  0.7071067811865475
2501296  0.7071067811865475
2501297  0.7071067811865475
2501299  0.7071067811865475
2501300  0.7071067811865475
2501301  0.7071067811865475
2501302  0.7071067811865475
2501304  0.7071067811865475
2501305  0.7071067811865475
2501306  0.7071067811865475
2501307  0.7071067811865475
2501309  0.7071067811865475
2501310  0.7071067811865475
2501311  0.7071067811865475
2501312  0.7071067811865475
2501314  0.7071067811865475
2501315  0.7071067811865475
2501316  0.7071067811865475
2501317  0.7071067811865475
2501319  0.7071067811865475
2501320  0.7071067811865475
2501321  0.7071067811865475
2501324  0.7071067811865475
2501420  0.7071067811865475
2501422  0.7071067811865475
2501426  0.7071067811865475
2501431  0.7071067811865475
2501456  0.7071067811865475
2501467  0.7071067811865475
2501479  0.7071067811865475
2501503  0.7071067811865475
2501517  0.7071067811865475
2501534  0.7071067811865475
2501535  0.7071067811865475
2501536  0.7071067811865475
2501537  0.7071067811865475
2501538  0.7071067811865475
2501546  0.7071067811865475
2501547  0.7071067811865475
2501551  0.7071067811865475
2501552  0.7071067811865475
2501555  0.7071067811865475
2501556  0.7071067811865475
2501557  0.7071067811865475
2501558  0.7071067811865475
2501561  0.7071067811865475
2501562  0.7071067811865475
2501564  0.7071067811865475
2501565  0.7071067811865475
2501567  0.7071067811865475
2501568  0.7071067811865475
2501569  0.7071067811865475
2501570  0.7071067811865475
2501571  0.7071067811865475
2501572  0.7071067811865475
2501574  0.7071067811865475
2501576  0.7071067811865475
2503334  0.7071067811865475
2503338  0.7071067811865475
2503342  0.7071067811865475
2503343  0.7071067811865475
2503347  0.7071067811865475
2503351  0.7071067811865475
2503361  0.7071067811865475
2503365  0.7071067811865475
2503366  0.7071067811865475
2503367  0.7071067811865475
2603780  0.7071067811865475
2603794  0.7071067811865475
2603796  0.7071067811865475
2700093  0.7071067811865475
2700103  0.7071067811865475
2700109  0.7071067811865475
2700115  0.7071067811865475
2700126  0.7071067811865475
2700134  0.7071067811865475
2700160  0.7071067811865475
2700161  0.7071067811865475
2700162  0.7071067811865475
2700163  0.7071067811865475
2700301  0.7071067811865475
2700302  0.7071067811865475
2700303  0.7071067811865475
2700305  0.7071067811865475
2700306  0.7071067811865475
2700307  0.7071067811865475
2700309  0.7071067811865475
2700432  0.7071067811865475
2700435  0.7071067811865475
2700436  0.7071067811865475
2700439  0.7071067811865475
2700440  0.7071067811865475
2700532  0.7071067811865475
2700533  0.7071067811865475
2700534  0.7071067811865475
2700538  0.7071067811865475
2700541  0.7071067811865475
2700542  0.7071067811865475
2700543  0.7071067811865475
2700599  0.7071067811865475
2700600  0.7071067811865475
2700602  0.7071067811865475
2700755  0.7071067811865475
2700756  0.7071067811865475
2700757  0.7071067811865475
2700758  0.7071067811865475
2700764  0.7071067811865475
2700800  0.7071067811865475
2700801  0.7071067811865475
2903708  0.7071067811865475
2903740  0.7071067811865475
2903741  0.7071067811865475
2903743  0.7071067811865475
3000035  0.7071067811865475
3000299  0.7071067811865475
3000303  0.7071067811865475
3000306  0.7071067811865475
3300044  0.7071067811865475
3300045  0.7071067811865475
3300047  0.7071067811865475
3300074  0.7071067811865475
3300078  0.7071067811865475
3300222  0.7071067811865475
3500036  0.7071067811865475
3500039  0.7071067811865475
3500042  0.7071067811865475
3500045  0.7071067811865475
3500048  0.7071067811865475
3600039  0.7071067811865475
3600042  0.7071067811865475
3600045  0.7071067811865475
3600048  0.7071067811865475
3600051  0.7071067811865475
3600054  0.7071067811865475
3900074  0.7071067811865475
3900077  0.7071067811865475
3900129  0.7071067811865475
3900130  0.7071067811865475
3900131  0.7071067811865475
3900132  0.7071067811865475
3900133  0.7071067811865475
