2801791  1.0
2801792  1.0
2801795  1.0
2801796  1.0
2801797  1.0
2801798  1.0
3301727  1.0
3900107  0.7892723355548015
3900068  0.764601454756257
3900069  0.764601454756257
3900070  0.764601454756257
2800293  0.6073977599851282
2800296  0.6073977599851282
2800297  0.6073977599851282
1400059  0.574834569775249
1400063  0.574834569775249
1400074  0.574834569775249
1400075  0.574834569775249
1400076  0.574834569775249
3300286  0.574834569775249
3300291  0.574834569775249
3300294  0.574834569775249
3300309  0.574834569775249
3300317  0.574834569775249
3300320  0.574834569775249
3300361  0.574834569775249
3300368  0.574834569775249
3300374  0.574834569775249
3300509  0.574834569775249
3300584  0.574834569775249
3300586  0.574834569775249
3300589  0.574834569775249
3300590  0.574834569775249
3300591  0.574834569775249
3300592  0.574834569775249
3300594  0.574834569775249
3300595  0.574834569775249
3300597  0.574834569775249
3300599  0.574834569775249
3300600  0.574834569775249
3300601  0.574834569775249
3300605  0.574834569775249
3300607  0.574834569775249
3300608  0.574834569775249
3300610  0.574834569775249
3300611  0.574834569775249
3300616  0.574834569775249
3300617  0.574834569775249
3300618  0.574834569775249
3300622  0.574834569775249
3300624  0.574834569775249
3300625  0.574834569775249
3300626  0.574834569775249
3300631  0.574834569775249
3300632  0.574834569775249
3300634  0.574834569775249
3300635  0.574834569775249
3300636  0.574834569775249
3300637  0.574834569775249
3300639  0.574834569775249
3300640  0.574834569775249
3300641  0.574834569775249
3300643  0.574834569775249
3300644  0.574834569775249
3300645  0.574834569775249
3300647  0.574834569775249
3300648  0.574834569775249
3300649  0.574834569775249
3300651  0.574834569775249
3300652  0.574834569775249
3300653  0.574834569775249
3300654  0.574834569775249
3300656  0.574834569775249
3300658  0.574834569775249
3300659  0.574834569775249
3300660  0.574834569775249
3300662  0.574834569775249
3300663  0.574834569775249
3300664  0.574834569775249
3300665  0.574834569775249
3300667  0.574834569775249
3300669  0.574834569775249
3300670  0.574834569775249
3300671  0.574834569775249
3300913  0.574834569775249
3300914  0.574834569775249
3300946  0.574834569775249
3300950  0.574834569775249
3300951  0.574834569775249
3300954  0.574834569775249
3301013  0.574834569775249
3301014  0.574834569775249
3301015  0.574834569775249
3301019  0.574834569775249
3301040  0.574834569775249
3301041  0.574834569775249
3301042  0.574834569775249
3301044  0.574834569775249
3301051  0.574834569775249
3301197  0.574834569775249
3301198  0.574834569775249
3301227  0.574834569775249
3301231  0.574834569775249
3301232  0.574834569775249
3301235  0.574834569775249
3301291  0.574834569775249
3301292  0.574834569775249
3301293  0.574834569775249
3301297  0.574834569775249
3301320  0.574834569775249
3301321  0.574834569775249
3301322  0.574834569775249
3301324  0.574834569775249
3301410  0.574834569775249
3301411  0.574834569775249
3301412  0.574834569775249
3301413  0.574834569775249
3301426  0.574834569775249
3301429  0.574834569775249
3301430  0.574834569775249
3301431  0.574834569775249
3301433  0.574834569775249
3301436  0.574834569775249
3301449  0.574834569775249
3301452  0.574834569775249
3301453  0.574834569775249
3301456  0.574834569775249
3301457  0.574834569775249
3301458  0.574834569775249
3301459  0.574834569775249
3301463  0.574834569775249
3301466  0.574834569775249
3301468  0.574834569775249
3301507  0.574834569775249
3301508  0.574834569775249
3301509  0.574834569775249
3301510  0.574834569775249
3301523  0.574834569775249
3301526  0.574834569775249
3301527  0.574834569775249
3301528  0.574834569775249
3301530  0.574834569775249
3301534  0.574834569775249
3302334  0.574834569775249
3302335  0.574834569775249
3302336  0.574834569775249
3302337  0.574834569775249
3302341  0.574834569775249
3302345  0.574834569775249
3302346  0.574834569775249
3302347  0.574834569775249
3302350  0.574834569775249
5200056  0.5723514714723391
5200060  0.5723514714723391
5200064  0.5723514714723391
5200075  0.5723514714723391
5200076  0.5723514714723391
5200077  0.5723514714723391
2000073  0.5469634129164876
2000074  0.5469634129164876
2000075  0.5469634129164876
2000076  0.5469634129164876
2000077  0.5469634129164876
2000257  0.5407656584091813
2000258  0.5407656584091813
2000270  0.5249349294550166
2000273  0.5249349294550166
2000277  0.5249349294550166
2000278  0.5249349294550166
2000282  0.5249349294550166
2000283  0.5249349294550166
2000284  0.5249349294550166
2000286  0.5249349294550166
2000287  0.5249349294550166
2000288  0.5249349294550166
2000289  0.5249349294550166
2000292  0.5249349294550166
6000078  0.5067117097095317
6000079  0.5067117097095317
6000091  0.5050084722526741
6000092  0.5050084722526741
6000095  0.5050084722526741
6000096  0.5050084722526741
6000097  0.5050084722526741
6000098  0.5050084722526741
6000099  0.5050084722526741
6000100  0.5050084722526741
1200072  0.48868782415125117
1200073  0.48868782415125117
1200074  0.48868782415125117
1200133  0.48868782415125117
1200136  0.48868782415125117
1200137  0.48868782415125117
1200138  0.48868782415125117
1200145  0.48868782415125117
1200205  0.48868782415125117
1200206  0.48868782415125117
1200211  0.48868782415125117
1200212  0.48868782415125117
1200214  0.48868782415125117
2100071  0.48868782415125117
2100072  0.48868782415125117
2100073  0.48868782415125117
2100074  0.48868782415125117
4200163  0.47559486560567094
4100107  0.47003216119552876
4200161  0.47003216119552876
4200162  0.47003216119552876
1600133  0.46867171793351414
1600134  0.46867171793351414
2602892  0.46334573002966495
2602895  0.46334573002966495
2602896  0.46334573002966495
1600176  0.4461394610728511
1600177  0.4461394610728511
1600189  0.4461394610728511
1600190  0.4461394610728511
1600196  0.4461394610728511
1600095  0.4403152859263555
1600096  0.4403152859263555
1600097  0.4403152859263555
1600098  0.4403152859263555
1700063  0.4403152859263555
1700064  0.4403152859263555
1700065  0.4403152859263555
5300061  0.4403152859263555
5300065  0.4403152859263555
5300069  0.4403152859263555
5300073  0.4403152859263555
5300084  0.4403152859263555
5300085  0.4403152859263555
5300086  0.4403152859263555
5500062  0.4403152859263555
5500069  0.4403152859263555
5500080  0.4403152859263555
5500081  0.4403152859263555
5500082  0.4403152859263555
3800057  0.43480423913315197
3800061  0.43480423913315197
3800072  0.43480423913315197
3800073  0.43480423913315197
3800074  0.43480423913315197
4100085  0.4326570445821967
2300131  0.4315953079030419
2300132  0.4315953079030419
4100095  0.4315953079030419
4100096  0.4315953079030419
2400456  0.4213906660783363
4200111  0.4213906660783363
4200123  0.42040954561773647
4200126  0.42040954561773647
4200131  0.42040954561773647
4200132  0.42040954561773647
4200133  0.42040954561773647
4200109  0.41943524640393054
4200110  0.41943524640393054
4200113  0.41943524640393054
2200064  0.411877235523957
2200065  0.411877235523957
2200066  0.411877235523957
2400969  0.411877235523957
2400972  0.411877235523957
2400973  0.411877235523957
2400978  0.411877235523957
2400203  0.408248290463863
2400206  0.408248290463863
2400210  0.408248290463863
2400214  0.408248290463863
2400223  0.408248290463863
2400232  0.408248290463863
2400236  0.408248290463863
2400277  0.408248290463863
2400280  0.408248290463863
2400306  0.408248290463863
2400308  0.408248290463863
2400309  0.408248290463863
2400310  0.408248290463863
2400311  0.408248290463863
2400312  0.408248290463863
2400313  0.408248290463863
2400314  0.408248290463863
2400315  0.408248290463863
2400316  0.408248290463863
2400318  0.408248290463863
2400319  0.408248290463863
2400320  0.408248290463863
2400322  0.408248290463863
2400324  0.408248290463863
2400325  0.408248290463863
2400327  0.408248290463863
5700122  0.40646942234853023
5700128  0.40646942234853023
5400083  0.40558866416871725
5400087  0.40558866416871725
5400091  0.40558866416871725
5400095  0.40558866416871725
5400100  0.40558866416871725
5400105  0.40558866416871725
5400150  0.40558866416871725
5400156  0.40558866416871725
5400197  0.40558866416871725
5400199  0.40558866416871725
5400200  0.40558866416871725
5400201  0.40558866416871725
5400202  0.40558866416871725
5400203  0.40558866416871725
5400204  0.40558866416871725
5400205  0.40558866416871725
5400289  0.40558866416871725
5400291  0.40558866416871725
5400292  0.40558866416871725
5400293  0.40558866416871725
5400294  0.40558866416871725
5400297  0.40558866416871725
5400299  0.40558866416871725
5400302  0.40558866416871725
5400303  0.40558866416871725
5400304  0.40558866416871725
5400307  0.40558866416871725
5400308  0.40558866416871725
5400309  0.40558866416871725
5400312  0.40558866416871725
5400315  0.40558866416871725
5400316  0.40558866416871725
5400317  0.40558866416871725
5400320  0.40558866416871725
5400323  0.40558866416871725
5400324  0.40558866416871725
5400325  0.40558866416871725
5400328  0.40558866416871725
5400331  0.40558866416871725
5400332  0.40558866416871725
5400333  0.40558866416871725
5400335  0.40558866416871725
5400517  0.40558866416871725
5400532  0.40558866416871725
5600059  0.40558866416871725
5600062  0.40558866416871725
5600065  0.40558866416871725
5600068  0.40558866416871725
5600071  0.40558866416871725
5600074  0.40558866416871725
5600077  0.40558866416871725
5600080  0.40558866416871725
5600083  0.40558866416871725
5600086  0.40558866416871725
5600089  0.40558866416871725
5600092  0.40558866416871725
5600095  0.40558866416871725
5600098  0.40558866416871725
5600101  0.40558866416871725
5600104  0.40558866416871725
5600107  0.40558866416871725
5600110  0.40558866416871725
5600113  0.40558866416871725
5600116  0.40558866416871725
5600119  0.40558866416871725
5600122  0.40558866416871725
5600125  0.40558866416871725
5600128  0.40558866416871725
5600151  0.40558866416871725
1000087  0.3987427941663418
1000088  0.3987427941663418
1000091  0.3987427941663418
1000092  0.3987427941663418
1000093  0.3987427941663418
1100049  0.3987427941663418
2800249  0.39302868179745754
2800250  0.39302868179745754
2800251  0.39302868179745754
2800252  0.39302868179745754
2800253  0.39302868179745754
2800255  0.39302868179745754
2800256  0.39302868179745754
2800257  0.39302868179745754
5000075  0.39302868179745754
5000076  0.39302868179745754
5000083  0.39302868179745754
5000084  0.39302868179745754
5000087  0.39302868179745754
5000088  0.39302868179745754
4000065  0.38987177379235854
4000102  0.38987177379235854
4000103  0.38987177379235854
4000116  0.38987177379235854
4000117  0.38987177379235854
4000120  0.38987177379235854
4000121  0.38987177379235854
4000122  0.38987177379235854
4000123  0.38987177379235854
4000124  0.38987177379235854
4000125  0.38987177379235854
6100056  0.3860305788964616
6100059  0.3860305788964616
6100069  0.3860305788964616
6100070  0.3860305788964616
6100071  0.3860305788964616
4200149  0.34352936171490267
2600305  0.3295017884191656
2600378  0.3295017884191656
2600396  0.3295017884191656
2600398  0.3295017884191656
2600399  0.3295017884191656
2600401  0.3295017884191656
2600402  0.3295017884191656
2600404  0.3295017884191656
2600405  0.3295017884191656
2600406  0.3295017884191656
2600408  0.3295017884191656
2600409  0.3295017884191656
2600410  0.3295017884191656
2600412  0.3295017884191656
2600413  0.3295017884191656
2600414  0.3295017884191656
2600416  0.3295017884191656
2600417  0.3295017884191656
2600418  0.3295017884191656
2600420  0.3295017884191656
2600421  0.3295017884191656
2600422  0.3295017884191656
2600424  0.3295017884191656
2600425  0.3295017884191656
2600426  0.3295017884191656
2600428  0.3295017884191656
2600429  0.3295017884191656
2600431  0.3295017884191656
2600432  0.3295017884191656
2600434  0.3295017884191656
2600435  0.3295017884191656
2600437  0.3295017884191656
2600438  0.3295017884191656
2600441  0.3295017884191656
2600442  0.3295017884191656
2600445  0.3295017884191656
2600446  0.3295017884191656
2600448  0.3295017884191656
2600450  0.3295017884191656
2600451  0.3295017884191656
2600453  0.3295017884191656
2600455  0.3295017884191656
2600456  0.3295017884191656
2600458  0.3295017884191656
2600459  0.3295017884191656
2600461  0.3295017884191656
2600463  0.3295017884191656
2600464  0.3295017884191656
2600465  0.3295017884191656
3400060  0.3295017884191656
3400064  0.3295017884191656
3400068  0.3295017884191656
3400072  0.3295017884191656
3400076  0.3295017884191656
3400080  0.3295017884191656
3400084  0.3295017884191656
3400088  0.3295017884191656
3400092  0.3295017884191656
3400096  0.3295017884191656
3400100  0.3295017884191656
3400104  0.3295017884191656
3400108  0.3295017884191656
3400112  0.3295017884191656
3400116  0.3295017884191656
3400120  0.3295017884191656
3400124  0.3295017884191656
3400128  0.3295017884191656
3400132  0.3295017884191656
3400136  0.3295017884191656
3400140  0.3295017884191656
3400144  0.3295017884191656
3400148  0.3295017884191656
3400152  0.3295017884191656
3400156  0.3295017884191656
3400167  0.3295017884191656
3400168  0.3295017884191656
3400169  0.3295017884191656
3700090  0.3295017884191656
3700091  0.3295017884191656
3700109  0.3295017884191656
3700111  0.3295017884191656
3700115  0.3295017884191656
3700118  0.3295017884191656
3700123  0.3295017884191656
3700124  0.3295017884191656
3700125  0.3295017884191656
3700126  0.3295017884191656
3700128  0.3295017884191656
4300120  0.3295017884191656
4300121  0.3295017884191656
4300123  0.3295017884191656
4300124  0.3295017884191656
4300125  0.3295017884191656
4300126  0.3295017884191656
4300127  0.3295017884191656
4300128  0.3295017884191656
4300129  0.3295017884191656
4300130  0.3295017884191656
4300131  0.3295017884191656
4300132  0.3295017884191656
4300133  0.3295017884191656
4300265  0.3295017884191656
4300268  0.3295017884191656
4300269  0.3295017884191656
4400060  0.3295017884191656
4400061  0.3295017884191656
4500059  0.3295017884191656
4500060  0.3295017884191656
4600058  0.3295017884191656
4600059  0.3295017884191656
4700059  0.3295017884191656
4700060  0.3295017884191656
2600150  0.3209065748941553
2600153  0.3209065748941553
2600156  0.3209065748941553
2600159  0.3209065748941553
2600162  0.3209065748941553
2600165  0.3209065748941553
2600169  0.3209065748941553
2600173  0.3209065748941553
2602760  0.3209065748941553
2602763  0.3209065748941553
4900058  0.3204726239520354
4900062  0.3204726239520354
4900066  0.3204726239520354
4900070  0.3204726239520354
4900074  0.3204726239520354
4900078  0.3204726239520354
4900082  0.3204726239520354
4900086  0.3204726239520354
4900089  0.3204726239520354
4900093  0.3204726239520354
4900097  0.3204726239520354
4900101  0.3204726239520354
4900105  0.3204726239520354
4900109  0.3204726239520354
4900113  0.3204726239520354
4900124  0.3204726239520354
4900125  0.3204726239520354
4900126  0.3204726239520354
1800064  0.3145764348029479
1800065  0.3145764348029479
1800087  0.3145764348029479
1800088  0.3145764348029479
1800090  0.3145764348029479
1900080  0.3145764348029479
1900081  0.3145764348029479
1900083  0.3145764348029479
1900084  0.3145764348029479
2300069  0.3145764348029479
2300070  0.3145764348029479
2300093  0.3145764348029479
2300094  0.3145764348029479
2300095  0.3145764348029479
2300096  0.3145764348029479
2500055  0.3145764348029479
2500059  0.3145764348029479
2500063  0.3145764348029479
2500074  0.3145764348029479
2500075  0.3145764348029479
2500076  0.3145764348029479
4100058  0.3066910594402681
4100059  0.3066910594402681
4200068  0.3066910594402681
4200071  0.3066910594402681
4200077  0.3066910594402681
4200078  0.3066910594402681
4200086  0.3066910594402681
4200087  0.3066910594402681
4200095  0.3066910594402681
4200096  0.3066910594402681
4200097  0.3066910594402681
4200098  0.3066910594402681
1900243  0.29019050004400465
1900244  0.29019050004400465
1900246  0.29019050004400465
1500065  0.25699702648129424
1500066  0.25699702648129424
1500074  0.25699702648129424
1500075  0.25699702648129424
1500076  0.25699702648129424
1500077  0.25699702648129424
2400986  0.23037496760352244
2400987  0.23037496760352244
1900259  0.17119059581558146
1900260  0.17119059581558146
2801793  0.16222142113076254
4800211  0.15900879764848913
4800212  0.15900879764848913
4800213  0.15900879764848913
4800214  0.15900879764848913
4800215  0.15900879764848913
4800216  0.15900879764848913
4800217  0.15900879764848913
4800218  0.15900879764848913
4800219  0.15900879764848913
4800220  0.15900879764848913
4800221  0.15900879764848913
4800222  0.15900879764848913
4800223  0.15900879764848913
4800201  0.12262786789699316
4800202  0.12262786789699316
3301665  0.11470786693528087
3301667  0.11470786693528087
3301672  0.11470786693528087
3301673  0.11470786693528087
3301674  0.11470786693528087
3301675  0.11470786693528087
3301678  0.11470786693528087
3301679  0.11470786693528087
3301681  0.11470786693528087
3301682  0.11470786693528087
3301684  0.11470786693528087
3301045  0.10147651372376075
3301046  0.10147651372376075
3301339  0.0837707816583391
3301340  0.0837707816583391
3301613  0.07254762501100116
3301614  0.07254762501100116
3301358  0.06917144638660747
3301352  0.06765100914917384
3301353  0.06765100914917384
3301356  0.06765100914917384
3301357  0.06765100914917384
3301362  0.06765100914917384
3301365  0.06765100914917384
3301367  0.06765100914917384
1600191  0.06335829046432676
1600192  0.06335829046432676
3300567  0.043355498476206
3300568  0.043355498476206
