6700093  0.11662966012954712
6400233  0.11591389775276184
6400158  0.11572197079658508
6400159  0.11568045616149902
6400234  0.1156204417347908
6500147  0.11555948108434677
6400160  0.11543967574834824
6200234  0.11542857438325882
6500141  0.11539973318576813
6700092  0.1153377816081047
6400161  0.11530844122171402
6200233  0.11520788818597794
6500207  0.11518370360136032
6500138  0.11513134837150574
6300073  0.115079864859581
6500144  0.11507013440132141
6400162  0.11501317471265793
6500125  0.11485356092453003
6500206  0.11480992287397385
6200245  0.1147015243768692
6500208  0.11466125398874283
6200232  0.11460953950881958
6200211  0.11432516574859619
6200170  0.1143055111169815
6200267  0.11423677951097488
6400231  0.11421697586774826
6600063  0.11419349163770676
6500238  0.11401322484016418
6200235  0.1139933243393898
6200248  0.11390000581741333
6600076  0.11389048397541046
6300077  0.11382582038640976
6600075  0.11379996687173843
6500137  0.11378733068704605
6500237  0.11377370357513428
6400227  0.11375150084495544
6400184  0.11369650065898895
6400186  0.11357736587524414
6500148  0.11355913430452347
6200171  0.11355134099721909
6500126  0.11353598535060883
6200266  0.113462433218956
6200268  0.11344325542449951
6500078  0.11341632157564163
6600078  0.11340667307376862
6400157  0.11330843716859818
6200239  0.1132158488035202
6500150  0.11317264288663864
6500223  0.11316443234682083
6500081  0.11312850564718246
6200230  0.11311548203229904
6500224  0.11308786273002625
6200231  0.11308026313781738
6500211  0.11298752576112747
6500239  0.11295638978481293
6400228  0.11294300854206085
6400119  0.11290837079286575
6500149  0.11289148032665253
6700091  0.11287712305784225
6500240  0.1128678172826767
6200210  0.11284783482551575
6400118  0.11281462013721466
6400183  0.11279331147670746
6400178  0.11277729272842407
6400164  0.11274896562099457
6300085  0.11274666339159012
6600079  0.11271326243877411
6500151  0.11270846426486969
6300081  0.11264289170503616
6600062  0.11259910464286804
6500222  0.1125786155462265
6200251  0.11243882030248642
6400230  0.11243123561143875
6400185  0.11242112517356873
6400229  0.11240629851818085
6500242  0.11239848285913467
6500221  0.11239580810070038
6300069  0.11233474314212799
6200249  0.11233001947402954
6300089  0.11230313032865524
6400156  0.11223205178976059
6400120  0.11222986876964569
6400181  0.11211519688367844
6400179  0.11209966242313385
6400182  0.11208423972129822
6600061  0.11208147555589676
6200270  0.11189022660255432
6400180  0.11188521981239319
6400114  0.11187852919101715
6400167  0.11185505241155624
6500249  0.1118454560637474
6400108  0.11179675906896591
6400107  0.11169759184122086
6400177  0.11158406734466553
6300100  0.11156310141086578
6200289  0.11154118180274963
6200308  0.11143834888935089
6300065  0.11131786555051804
6400117  0.11131247878074646
6200285  0.11127462983131409
6400165  0.11121158301830292
6200236  0.11118505150079727
6200306  0.11111490428447723
6200274  0.11090678721666336
6300061  0.11028070747852325
6200237  0.11012382805347443
6400111  0.11008048057556152
6200238  0.10961452126502991
6200307  0.1095653623342514
6300101  0.10950304567813873
6300102  0.10888141393661499
6300057  0.10860489308834076
7200217  0.07668272405862808
7100406  0.07614533603191376
7100179  0.076064333319664
6900565  0.07597706466913223
7100508  0.07585255056619644
6900578  0.07578425109386444
6900584  0.0757727101445198
7100181  0.07576097548007965
7100469  0.07570753991603851
7100182  0.07560516893863678
7100518  0.07559289038181305
7100507  0.07552973926067352
7100180  0.07549518346786499
7100399  0.07509378343820572
7100509  0.07504243403673172
7000160  0.07498279213905334
7100472  0.07492610812187195
7100510  0.07490605115890503
7100178  0.07488603889942169
7100520  0.07472272217273712
6900585  0.07470419257879257
7200216  0.07465074956417084
6900616  0.07460874319076538
6900606  0.0745922103524208
7100517  0.07454000413417816
6900605  0.07446955889463425
6900571  0.07443017512559891
7200210  0.07442083209753036
6900612  0.07433933019638062
7100471  0.07422997802495956
6900577  0.07413943856954575
7200101  0.0741279348731041
7000161  0.07401752471923828
7100390  0.07394937425851822
7100521  0.07392091304063797
7200208  0.0739186704158783
7100398  0.0738535150885582
6900617  0.07384242862462997
7100511  0.07383302599191666
7200209  0.07383277267217636
7200121  0.07365149259567261
7200118  0.073634572327137
6900566  0.07363342493772507
7100388  0.07361374795436859
7100470  0.07361166179180145
7000060  0.07352489233016968
7100389  0.07346917688846588
7200207  0.0734562873840332
7100230  0.07343544811010361
7100391  0.07337486743927002
6900576  0.07337000966072083
7100514  0.07335840165615082
7100186  0.07324551790952682
7100163  0.07322324812412262
7000162  0.07320370525121689
7200122  0.07316567748785019
7000179  0.07316501438617706
7200168  0.07314161956310272
7100396  0.07313727587461472
7100515  0.07313548028469086
7100516  0.07311175763607025
7200099  0.07308951020240784
6900570  0.07303933799266815
7200096  0.07300672680139542
7200100  0.0729432925581932
7100183  0.07291986793279648
6900575  0.0729028508067131
7200215  0.0728975310921669
7100177  0.07288482040166855
6900607  0.07284712791442871
6900590  0.07278268039226532
6900622  0.07273193448781967
7200170  0.07268989831209183
7100231  0.07268324494361877
7100187  0.07259479910135269
7100162  0.0725446343421936
7100176  0.07249589264392853
7100108  0.07245159149169922
7100175  0.07242818176746368
6900618  0.07241448760032654
7100513  0.07235903292894363
7100112  0.07232647389173508
7100229  0.07226171344518661
7000170  0.07222647964954376
7200131  0.07216846197843552
7100184  0.07215072214603424
7100397  0.07212506979703903
7000159  0.07210234552621841
6900608  0.07210051268339157
7200095  0.07203684747219086
6900604  0.07203424721956253
7200211  0.07195475697517395
6900620  0.07189960032701492
7100188  0.07178580015897751
7200169  0.0716601312160492
7100185  0.07141245156526566
7000149  0.07139445841312408
7000157  0.07138170301914215
7000197  0.07137814909219742
7000215  0.07135539501905441
7000206  0.07131335139274597
7000150  0.0712207779288292
6900602  0.07099362462759018
6900621  0.07095319032669067
7000188  0.07092157006263733
6900638  0.07088072597980499
6900637  0.07046668231487274
6900623  0.0702943280339241
7000158  0.07016998529434204
6900603  0.0697941705584526
7000153  0.06890910863876343
7000156  0.06876903772354126
2600121  0.05413682386279106
2600120  0.05408448725938797
2100087  0.05407937243580818
1800947  0.05370762199163437
1800286  0.05363818630576134
1800963  0.05351735278964043
1800969  0.05347141623497009
1800505  0.05333924666047096
2300059  0.05333671718835831
2200076  0.05332270637154579
2100090  0.05330392345786095
1700066  0.053263839334249496
1800292  0.05320793390274048
2300056  0.05318991094827652
2200077  0.05314629524946213
2100099  0.05312301218509674
1800966  0.05311223119497299
2100097  0.05309062823653221
2100084  0.053081318736076355
2200078  0.053012583404779434
1800946  0.05291447415947914
2600117  0.05282922089099884
1800291  0.05278733745217323
1800296  0.052763164043426514
2500084  0.05263248085975647
1800519  0.05261542275547981
2300071  0.052547045052051544
1600545  0.05254144221544266
1800266  0.05246769264340401
2600102  0.052405547350645065
1800970  0.05234985798597336
2500063  0.052250027656555176
2000141  0.05223707854747772
2300069  0.052182767540216446
2400068  0.052160799503326416
1800298  0.05215290188789368
2500059  0.052120957523584366
1700065  0.05211977660655975
2400071  0.05209082365036011
2100096  0.0520540326833725
2200057  0.052051108330488205
2400096  0.05202324315905571
2100095  0.052018068730831146
2000090  0.05200809985399246
2100082  0.051988061517477036
2000092  0.05197636038064957
1600546  0.05194910243153572
2400077  0.05193699151277542
1900064  0.05192669853568077
2200065  0.05187831446528435
1800269  0.051856715232133865
2400095  0.05183807387948036
1800295  0.0518178828060627
1600534  0.0517888143658638
2600103  0.051768891513347626
2400087  0.051710616797208786
1800299  0.05166679248213768
1900063  0.05165476351976395
1800522  0.05163569003343582
2400097  0.05163313448429108
1800931  0.051609497517347336
2300070  0.05158518627285957
1800523  0.0515490397810936
1800304  0.051545049995183945
2400098  0.05154215171933174
2500081  0.05150830000638962
1800896  0.051463231444358826
1800525  0.05145186185836792
1900062  0.051430605351924896
1800293  0.05142669007182121
1700064  0.051369380205869675
1800933  0.05136413127183914
1800988  0.05132737010717392
1600535  0.05132312700152397
1800989  0.0512811616063118
1800891  0.05126484856009483
2400086  0.05125783011317253
2000143  0.051193080842494965
2500083  0.05116318538784981
1800991  0.051117245107889175
1800524  0.05111329257488251
1801018  0.051093198359012604
2400078  0.05106697604060173
2000142  0.050985999405384064
1800203  0.05096388980746269
1800990  0.05095864459872246
1801005  0.0509134978055954
2200061  0.05087735503911972
1800932  0.050747208297252655
2600116  0.05073189362883568
1800986  0.05067084729671478
1800294  0.0505470335483551
1800890  0.0505397692322731
1800290  0.05049840360879898
1800200  0.05049337446689606
1800225  0.05047660693526268
2500082  0.05041031539440155
1800871  0.050348345190286636
1800196  0.05032029747962952
1800985  0.05031976103782654
1800529  0.05022169649600983
1800300  0.05016234517097473
1800504  0.050157684832811356
1800302  0.0500887967646122
1800306  0.050035927444696426
1800870  0.05002940073609352
1800491  0.049626849591732025
1800288  0.04954921826720238
1800193  0.049544792622327805
1800289  0.04928506910800934
1800212  0.048562727868556976
1800221  0.04815583676099777
1600521  0.03576958552002907
1600419  0.03558821603655815
1600446  0.03543845936655998
1600427  0.035430848598480225
1600114  0.035402555018663406
1600426  0.03538670390844345
1300077  0.035346418619155884
1600428  0.035345856100320816
1600117  0.03531297668814659
1200063  0.035303886979818344
1600115  0.03528797626495361
1101540  0.03526245802640915
1600422  0.035225190222263336
1600113  0.03520093113183975
1600116  0.03519420325756073
1600425  0.035115357488393784
1600416  0.035100262612104416
1600448  0.03508294001221657
1300078  0.03507144749164581
1600492  0.035017967224121094
1600429  0.034988950937986374
1500220  0.034985143691301346
1600445  0.034971728920936584
1200075  0.03495584800839424
1600520  0.034927524626255035
1500219  0.034924399107694626
1400066  0.03491891175508499
1500131  0.03491685166954994
1600463  0.03489146754145622
1600386  0.0348881259560585
1600490  0.034879956394433975
1500178  0.03485242649912834
1600404  0.03485060855746269
1600424  0.034800995141267776
1101546  0.03479081764817238
1600423  0.03476749360561371
1200059  0.03470613807439804
1500183  0.03468428552150726
1500175  0.03468224033713341
1600209  0.03468024358153343
1500223  0.03466210514307022
1600493  0.03465394675731659
1600461  0.0346214696764946
1600430  0.03460967540740967
1600384  0.034597307443618774
1600491  0.03456497564911842
1200076  0.03455888107419014
1200055  0.03452257066965103
1600385  0.03451921045780182
1600440  0.03451217710971832
1600442  0.0344906784594059
1600383  0.03448893129825592
1600437  0.03447627276182175
1600474  0.034468915313482285
1600441  0.034441448748111725
1600460  0.03443535044789314
1600457  0.03443339094519615
1600402  0.03443329036235809
1600401  0.03442993760108948
1500366  0.0344126932322979
1600254  0.03440878912806511
1600452  0.03439858928322792
1200074  0.03437807410955429
1600506  0.03434985503554344
1500187  0.03434254601597786
1600112  0.03433557599782944
1600109  0.03433183580636978
1600281  0.03432735428214073
1500231  0.03431268036365509
1500221  0.034310564398765564
1600507  0.03430768847465515
1600280  0.0342879444360733
1600239  0.03427928686141968
1600251  0.03427733853459358
1500134  0.0342559777200222
1400065  0.03423701599240303
1600456  0.03422846272587776
1600476  0.03422829881310463
1600455  0.03422147408127785
1600475  0.0342213399708271
1300079  0.03419492766261101
1600477  0.034180693328380585
1600110  0.0341554693877697
1600111  0.03414585441350937
1500216  0.03413170203566551
1600478  0.03410195931792259
1500172  0.034088488668203354
1600255  0.034050147980451584
1600403  0.0340297557413578
1600277  0.03401884809136391
1500338  0.034010421484708786
1500193  0.03398539498448372
1600489  0.03397860750555992
1500337  0.03397446870803833
1500194  0.03397347778081894
1500191  0.03397323563694954
1600213  0.033907558768987656
1500198  0.03389126434922218
1600212  0.03379122540354729
1500359  0.03376467525959015
1500358  0.03375158831477165
1500107  0.03369123116135597
1500196  0.0335722491145134
1500096  0.033564966171979904
1500206  0.03356058895587921
1500192  0.033548928797245026
1500357  0.03354736790060997
1400064  0.033319756388664246
1300080  0.03329487517476082
1500195  0.03320486471056938
1500100  0.033098794519901276
1500104  0.03257887065410614
3400225  0.030218778178095818
2900087  0.03012610226869583
2700261  0.03008355386555195
2700262  0.029936261475086212
3000082  0.0299186110496521
2600122  0.029914043843746185
3100061  0.029862482100725174
2600188  0.029812486842274666
2700440  0.029770463705062866
2700439  0.029759101569652557
2600187  0.029742853716015816
3000081  0.029668616130948067
2900091  0.029662083834409714
2900083  0.029634755104780197
3000073  0.02962925098836422
2600501  0.02960955537855625
3000083  0.029572099447250366
2700259  0.029542557895183563
2600396  0.029539309442043304
3400217  0.029529094696044922
3000084  0.02947935275733471
3100065  0.029466791078448296
2600397  0.0294633898884058
3100057  0.029450049623847008
2600415  0.029421592131257057
2600191  0.02939564362168312
2600125  0.02934090606868267
2600512  0.029283249750733376
3400199  0.029280465096235275
3300129  0.029253926128149033
3400207  0.029231516644358635
3400148  0.02919887937605381
2600184  0.02919360063970089
3300112  0.02918681688606739
3000072  0.029180796816945076
2600412  0.029175536707043648
2900079  0.029151229187846184
2900108  0.02910362184047699
3000092  0.029102154076099396
2900063  0.029094690456986427
3400198  0.029069289565086365
2600535  0.02902860753238201
3200058  0.02902824990451336
2600123  0.029011670500040054
2900067  0.02899799309670925
3100077  0.0289962999522686
2600426  0.028961246833205223
3300130  0.02894933894276619
3300069  0.02893023192882538
2700442  0.0289226695895195
3100076  0.028918994590640068
2900095  0.028908412903547287
3300147  0.028893200680613518
2700258  0.02886824682354927
2900106  0.02886408194899559
2900107  0.028861863538622856
2600552  0.028829490765929222
2600523  0.02882574126124382
2600181  0.02881716936826706
2600065  0.02881397306919098
2900071  0.028796352446079254
3300111  0.028781767934560776
3400145  0.02877669781446457
2800137  0.02876610867679119
3100078  0.02871473878622055
2600427  0.02871154621243477
2600124  0.028698517009615898
2600551  0.02869761362671852
2800082  0.028691567480564117
3300067  0.02868093177676201
2600546  0.028672995045781136
2600442  0.02866547927260399
2600400  0.02865622006356716
2700080  0.028647253289818764
3000110  0.028644761070609093
2800081  0.028638649731874466
2800069  0.028629746288061142
2600192  0.0286226999014616
3400216  0.02862226776778698
3400208  0.028597567230463028
2600545  0.028595704585313797
3200059  0.028590776026248932
2800065  0.028582416474819183
3400147  0.028569769114255905
2900075  0.028543345630168915
2800061  0.02852443791925907
2700255  0.028516007587313652
2800057  0.028511174023151398
3300148  0.028500022366642952
2600385  0.0284649096429348
2600490  0.02843322604894638
2600411  0.028380032628774643
3400146  0.028323495760560036
2700443  0.028296107426285744
2600430  0.028271600604057312
2800080  0.028269872069358826
2600460  0.028246229514479637
2600486  0.028207803145051003
2600457  0.028173666447401047
2600471  0.028166310861706734
2600549  0.02813677489757538
2600550  0.028135230764746666
2600441  0.028111107647418976
2600445  0.0281051155179739
2600547  0.028103362768888474
2600548  0.027967993170022964
2600381  0.027860987931489944
2600487  0.027804352343082428
2600456  0.027625249698758125
2600382  0.027483152225613594
2600472  0.027222992852330208
2600475  0.027062660083174706
8900153  0.02639133296906948
8600059  0.026060817763209343
8200094  0.026042822748422623
8500694  0.02603479102253914
8600062  0.026029018685221672
8200096  0.02602425031363964
8200095  0.026018762961030006
7800128  0.02601815201342106
8600089  0.026016980409622192
8400067  0.025978993624448776
8500702  0.025933992117643356
8200097  0.025918185710906982
7800129  0.0259089358150959
8600065  0.025901276618242264
8200416  0.025876570492982864
8900152  0.025827834382653236
8600086  0.02581568993628025
8500695  0.025796988978981972
7200218  0.02572551742196083
7200241  0.025689400732517242
7800132  0.025680309161543846
8400059  0.025628015398979187
7800145  0.025623055174946785
8500699  0.02561541460454464
8700079  0.025593381375074387
8000055  0.02559283934533596
7800169  0.025543395429849625
8600092  0.02553538605570793
8600068  0.025532923638820648
8600110  0.02550286427140236
7200221  0.02549143321812153
8300145  0.025483550503849983
7800170  0.025481058284640312
8000059  0.02546272799372673
7200219  0.025461385026574135
8700078  0.025457190349698067
8700077  0.025447167456150055
8600113  0.02542577125132084
8500696  0.025422481819987297
7800171  0.02540491335093975
7800071  0.025381045415997505
8800044  0.025371074676513672
8300142  0.02536686696112156
8300143  0.02536598965525627
8800052  0.025355417281389236
7200220  0.025352027267217636
7800166  0.02534680999815464
7200237  0.02529795654118061
8600104  0.02529737539589405
8000063  0.02528749406337738
8600083  0.0252571702003479
8000076  0.02525210566818714
8600107  0.02523813024163246
8200093  0.02523743361234665
8600080  0.025230953469872475
8300123  0.025226157158613205
7200236  0.02521958015859127
8100072  0.02521531470119953
8300106  0.025214966386556625
8600095  0.025213537737727165
8200080  0.02520209737122059
8600077  0.02518652006983757
8600071  0.025169964879751205
8600074  0.025166263803839684
8400057  0.025148669257760048
8300146  0.025118689984083176
8600101  0.025116074830293655
8600116  0.025106361135840416
8200092  0.025103146210312843
8100095  0.025099484249949455
8600151  0.025078902021050453
8300094  0.025077056139707565
8600119  0.025073673576116562
7800168  0.025060534477233887
8300097  0.02505512908101082
7800167  0.025020409375429153
8400058  0.025008201599121094
8300100  0.02499021589756012
8100073  0.024983571842312813
8300105  0.024980327114462852
8300082  0.02497873455286026
7800172  0.02496015466749668
8800056  0.024945901706814766
8600128  0.0249355286359787
8600125  0.02492283098399639
8600098  0.02492154948413372
8600122  0.024918731302022934
8300104  0.0248996764421463
8100074  0.02486014924943447
8300103  0.024839283898472786
8300093  0.02482479438185692
8300084  0.024779491126537323
8100094  0.024765407666563988
8200081  0.024747610092163086
7800188  0.024717291817069054
7800175  0.0246975626796484
7800173  0.02466561086475849
8100075  0.02463795803487301
7800135  0.02461712248623371
8100085  0.024607043713331223
7800174  0.024602357298135757
7800184  0.024542126804590225
8000075  0.0244758278131485
7800176  0.024472270160913467
7800136  0.024454377591609955
8100076  0.024432362988591194
8000074  0.02436947450041771
7800137  0.024316349998116493
7800192  0.024231968447566032
7800180  0.02419818378984928
7900079  0.02387741208076477
7900078  0.023829227313399315
1101539  0.013708128593862057
1101245  0.013668357394635677
1101186  0.01361551322042942
1000069  0.01361170969903469
1101258  0.013600848615169525
1100301  0.013597766868770123
1101257  0.013595995493233204
1101246  0.013590157963335514
1101157  0.013574568554759026
1101171  0.013572915457189083
1101187  0.013571102172136307
1100298  0.013570406474173069
1101154  0.013533670455217361
1101295  0.013525390066206455
1101261  0.013518235646188259
1100366  0.013512818142771721
1101298  0.013508318923413754
1101282  0.013496866449713707
1101242  0.013490431010723114
1101254  0.013490423560142517
1100381  0.013481593690812588
1101294  0.01346069946885109
1100387  0.013435989618301392
1101341  0.013432544656097889
1100386  0.013430939055979252
1100414  0.013430782593786716
1101346  0.013426966033875942
1101320  0.01342178788036108
1101241  0.013415600173175335
1101342  0.01341478805989027
1100389  0.01340851653367281
1000094  0.01340652909129858
1101252  0.013401218689978123
1101306  0.013393460772931576
1100415  0.013389957137405872
1101251  0.013384579680860043
1100380  0.013383306562900543
1000070  0.013383098877966404
1101285  0.013382135890424252
1101216  0.013380499556660652
1101215  0.013373790308833122
1100364  0.013371128588914871
1101318  0.01336985919624567
1101309  0.013366727158427238
1101301  0.01336129941046238
1101212  0.013345418497920036
1101308  0.013341464102268219
1100417  0.013337697833776474
1000093  0.013336392119526863
1101210  0.01332426443696022
1000095  0.013323078863322735
1000096  0.013315652497112751
1101291  0.013306684792041779
1101188  0.013306372798979282
1101289  0.013306102715432644
1101303  0.013305201195180416
1101312  0.013305163942277431
1100392  0.013303854502737522
1101288  0.0132968220859766
1101290  0.0132927680388093
1101314  0.013290654867887497
1100243  0.013290517032146454
1101205  0.013282802887260914
1101305  0.013281521387398243
1101344  0.013277091085910797
1100382  0.013272213749587536
1100371  0.013270453549921513
1101317  0.013270302675664425
1100246  0.013265988789498806
1101147  0.013261358253657818
1101194  0.013260448351502419
1101219  0.013257321901619434
1101313  0.013255457393825054
1101146  0.01325301919132471
1101304  0.01324431598186493
1101149  0.013241344131529331
1101207  0.013240023516118526
1101343  0.013238690793514252
1100250  0.013236777856945992
1101240  0.013230389915406704
1100413  0.01323012262582779
1100376  0.013223014771938324
1101195  0.013222672045230865
1101152  0.01322224922478199
1101202  0.013217080384492874
1101153  0.013216713443398476
1101204  0.013210657984018326
1101197  0.013209458440542221
1101302  0.013205884955823421
1100395  0.013191277161240578
1101203  0.01318289339542389
1100384  0.013179061003029346
1101190  0.013146988116204739
1101140  0.013123235665261745
1100457  0.013119906187057495
1100403  0.013119220733642578
1100399  0.013105157762765884
1100393  0.013100441545248032
1101315  0.013072002679109573
1100253  0.013070219196379185
1100394  0.01305747963488102
1101191  0.013051816262304783
1100372  0.013033290393650532
1101136  0.013033119961619377
1100396  0.013033038936555386
1100398  0.013002291321754456
1100408  0.012982540763914585
1100397  0.012981146574020386
1100411  0.012945716269314289
1100373  0.012897263281047344
1100407  0.012800974771380424
1100404  0.012797674164175987
6900564  0.011066523380577564
6900216  0.011046324856579304
6700609  0.010954063385725021
6700094  0.010944882407784462
6700192  0.010934991762042046
6900228  0.010915761813521385
6900229  0.010911237448453903
6700610  0.010901468805968761
6700191  0.010896626859903336
6700611  0.010885597206652164
6900219  0.010882748290896416
6700608  0.01087584812194109
6900442  0.010860013775527477
6900230  0.010857556015253067
6900441  0.01085300836712122
6900213  0.010844283737242222
6700612  0.010831811465322971
6700242  0.010822245851159096
6900224  0.010818463750183582
6900231  0.010792287066578865
6900440  0.010790367610752583
6700485  0.01078365184366703
6700193  0.010779079981148243
6900563  0.010749011300504208
6700247  0.010732286609709263
6900555  0.01073018554598093
6700187  0.0107297757640481
6900160  0.010724462568759918
6900223  0.010720795951783657
6900502  0.01071792934089899
6900187  0.010705715045332909
6700241  0.010703529231250286
6700245  0.010690419003367424
6900558  0.010678252205252647
6700248  0.010673345997929573
6700190  0.010673295706510544
6900477  0.010670008137822151
6900222  0.010662611573934555
6900495  0.01066068559885025
6700487  0.010660368017852306
6800077  0.010658824816346169
6900506  0.010645472444593906
6900494  0.01064270082861185
6700613  0.010640336200594902
6900126  0.010636838153004646
6800076  0.010635016486048698
6700165  0.010632894933223724
6700188  0.010618803091347218
6900232  0.010616268962621689
6700189  0.010613834485411644
6700495  0.0106066158041358
6900443  0.010601803660392761
6800075  0.010601198300719261
6700251  0.01059831865131855
6700603  0.010594367980957031
6700186  0.010580607689917088
6900130  0.01057705469429493
6900459  0.010574319399893284
6900439  0.010573656298220158
6700670  0.010569736361503601
6700195  0.010564585216343403
6900455  0.01056300476193428
6700497  0.01055175345391035
6900498  0.010539155453443527
6900501  0.010537654161453247
6700605  0.01053604856133461
6900560  0.010534894652664661
6900234  0.010533255524933338
6700671  0.010533086024224758
6900559  0.010532853193581104
6700499  0.010531118139624596
6700239  0.010521811433136463
6900497  0.01052074320614338
6900496  0.010514352470636368
6700655  0.010513890534639359
6700648  0.010510740801692009
6900458  0.01050602551549673
6700243  0.010499920696020126
6700634  0.010498395189642906
6900190  0.010495279915630817
6700604  0.010492194443941116
6700641  0.010484455153346062
6900211  0.010483510792255402
6700483  0.010474571026861668
6700669  0.010467836633324623
6700606  0.010467292740941048
6700607  0.010466206818819046
6700244  0.010455160401761532
6700518  0.010449014604091644
6900454  0.01044835988432169
6700269  0.010407362133264542
6700295  0.010401328094303608
6700615  0.010367545299232006
6700659  0.010357961058616638
6700602  0.01033775880932808
6700522  0.010335392318665981
6900500  0.010331072844564915
6700293  0.010319972410798073
6700521  0.010317898355424404
6700252  0.010295426473021507
6700271  0.010293313302099705
6700476  0.010280375368893147
6700524  0.010272402316331863
6700268  0.010256024077534676
6700624  0.01025309693068266
6700289  0.010229258798062801
6700480  0.010195177048444748
6700288  0.010193699970841408
6700196  0.010183082893490791
6700197  0.010079547762870789
6700304  0.009920556098222733
6700297  0.009910169057548046
4900054  0.008929376490414143
4700527  0.008862216025590897
4700528  0.008843024261295795
4700497  0.00884088035672903
4700499  0.008837467059493065
4700535  0.008832661435008049
4700534  0.008823632262647152
4700500  0.008822831325232983
3500137  0.008812195621430874
4900062  0.008809314109385014
4700257  0.00880909338593483
4700501  0.008804531767964363
4700537  0.008799423463642597
3500138  0.008793585933744907
4700536  0.008790082298219204
4700525  0.008774412795901299
3500129  0.008763446472585201
4700260  0.008761744014918804
3700799  0.008760982193052769
4702611  0.008747447282075882
4700533  0.00872968602925539
4700530  0.008724797517061234
4500066  0.008717715740203857
4702613  0.008710726164281368
4700264  0.00869846437126398
3800064  0.00869833305478096
4700539  0.008689871057868004
3400226  0.008687842637300491
4500067  0.008686261251568794
4700532  0.008686133660376072
4700521  0.008682969026267529
4800062  0.008679783903062344
3800063  0.008677536621689796
3500082  0.00867697037756443
3500128  0.008672229945659637
3400234  0.008670737966895103
3700052  0.008668684400618076
4700520  0.008667529560625553
4700502  0.008664575405418873
4700735  0.008659666404128075
4700732  0.00865328311920166
4700518  0.008650668896734715
4700494  0.008648350834846497
3700800  0.008646519854664803
4500065  0.00863900687545538
4700253  0.00863767508417368
4700519  0.008637274615466595
3500146  0.008630801923573017
4700250  0.00862689409404993
4702612  0.00862688198685646
4700731  0.00862579233944416
3400235  0.008621667511761189
4700706  0.008616684004664421
3700822  0.008603704161942005
4700523  0.00860257726162672
4700541  0.008600540459156036
4700395  0.008599760010838509
3800065  0.008598930202424526
4701423  0.00859879981726408
3500084  0.0085970563814044
4700493  0.008594464510679245
4701398  0.008591365069150925
4500104  0.008588144555687904
4702051  0.008586674928665161
4700246  0.008584576658904552
4700492  0.00858414638787508
4700517  0.0085831880569458
4800060  0.008580206893384457
4700503  0.008569736033678055
4700456  0.008568504825234413
4700524  0.008567798882722855
4700522  0.008566017262637615
4700510  0.008565968833863735
4800061  0.008563381619751453
4700316  0.008560224436223507
3700802  0.008558662608265877
4700670  0.008558540605008602
4700515  0.00855742022395134
4702050  0.00855568889528513
4700508  0.008554026484489441
4700398  0.008549639955163002
4700551  0.008541855029761791
4700540  0.008541588671505451
4700512  0.008540033362805843
4701448  0.008536351844668388
4700509  0.008529934100806713
4700506  0.008506499230861664
4700401  0.008495190180838108
4700383  0.008485540747642517
3800066  0.008470216765999794
4700513  0.008461587131023407
4400108  0.008461070246994495
4200073  0.008460034616291523
4702049  0.008457270450890064
4400084  0.008452861569821835
4700505  0.008452449925243855
4700389  0.008449716493487358
3500147  0.008433767594397068
4400083  0.008431343361735344
4700319  0.008430282585322857
4200072  0.008428923785686493
4700322  0.008424696512520313
4200057  0.008409028872847557
4200074  0.008387942798435688
4700365  0.008374955505132675
4400099  0.008360346779227257
3500156  0.008354190737009048
4200061  0.008343239314854145
3500155  0.008337615057826042
4400091  0.008256149478256702
4400090  0.008253534324467182
4400089  0.008229358121752739
6200169  0.006017332896590233
5900304  0.005961817689239979
5900303  0.005948198493570089
5600124  0.005947538651525974
6200168  0.005934621207416058
5900199  0.005931274499744177
5900315  0.0059271203354001045
5900156  0.005925738252699375
5900197  0.005919749848544598
5900316  0.005918038543313742
5900200  0.0059104859828948975
5900312  0.00589744420722127
5900333  0.005894856993108988
5900317  0.0058902897872030735
5600125  0.0058823623694479465
5200110  0.005874843802303076
5900332  0.005856756120920181
5600074  0.005852767266333103
5900302  0.005852218717336655
6200164  0.0058491285890340805
5900307  0.00583965890109539
5900309  0.005834957119077444
5600093  0.0058252704329788685
5800242  0.005821706727147102
5600089  0.005820644088089466
5900308  0.005820108577609062
4900063  0.005812432151287794
5900320  0.005805305205285549
5900201  0.0058051543310284615
6200163  0.005801184102892876
5900335  0.005800832528620958
5600078  0.0058005270548164845
5600126  0.005799281410872936
5900293  0.0057923574931919575
5900150  0.005792302545160055
6200105  0.005784844048321247
6200162  0.0057831136509776115
5900331  0.005782304797321558
5800241  0.005780024453997612
5900292  0.005777030251920223
5200089  0.005776852369308472
6200167  0.0057745580561459064
5200091  0.005774023476988077
6200087  0.00576422642916441
6200088  0.00575924152508378
5200109  0.005759034305810928
5200090  0.005755543243139982
5600097  0.005754607263952494
5200092  0.005751089192926884
5900291  0.005747561808675528
5800239  0.005746608600020409
5900324  0.005743786226958036
5900328  0.0057395757175982
5900289  0.005738974083214998
6200086  0.005732344463467598
5600070  0.005728157702833414
6200165  0.005725125316530466
5600086  0.005724349059164524
5900299  0.005722289439290762
6200108  0.00572209944948554
6200129  0.005720553454011679
5800247  0.005715006962418556
6200109  0.005714112892746925
5900323  0.005703924689441919
5800269  0.005703916773200035
5900297  0.005703716538846493
5800245  0.005703472997993231
5900532  0.005703389178961515
6200119  0.005703143309801817
5900294  0.005702745635062456
5900100  0.005702045280486345
5800268  0.005701531656086445
5800246  0.005697316024452448
6200166  0.005696349311619997
5900325  0.005695228930562735
6200128  0.005686748307198286
5900202  0.005686006974428892
6200085  0.005684343166649342
5800272  0.005680194590240717
5900087  0.005675564054399729
5800280  0.005671989172697067
5900095  0.0056716580875217915
5600082  0.005667402874678373
5900205  0.005666116252541542
5900517  0.005665772128850222
5900105  0.005664104595780373
5600109  0.0056587522849440575
5900083  0.005651228129863739
5800267  0.005650016944855452
5900204  0.005649202968925238
5900091  0.005626707803457975
5800152  0.005626094061881304
5600101  0.005616371054202318
6200120  0.005614350084215403
5800250  0.005603446159511805
5800266  0.005596937611699104
5600058  0.005588568281382322
5600105  0.005579141899943352
5900203  0.00557533698156476
5800134  0.005565563216805458
5800234  0.005564771592617035
5600066  0.0055585214868187904
5800248  0.005556163378059864
5800151  0.0055551305413246155
5800252  0.005525336135178804
5600113  0.00551809836179018
5600062  0.005498213227838278
5800231  0.00548615911975503
5800126  0.0054846531711518764
5800233  0.005461931228637695
5800153  0.0054105836898088455
5800230  0.005404200404882431
