4700512  0.26477935910224915
1800933  0.2643793225288391
1600416  0.2642539441585541
2600412  0.2641545534133911
2700440  0.26412177085876465
6500222  0.2638196051120758
6900623  0.26371511816978455
4700536  0.26362961530685425
8500696  0.26362213492393494
7100398  0.2635456621646881
7200215  0.26309651136398315
6200266  0.2630530893802643
6700295  0.263044148683548
6400157  0.263025164604187
8500699  0.2629830241203308
6900229  0.2627759277820587
3400198  0.2627728283405304
1101346  0.2627009153366089
7000156  0.26249316334724426
8500694  0.26248008012771606
1101289  0.2624077796936035
6500207  0.2622275948524475
6600076  0.26221707463264465
5800272  0.2621867060661316
8400058  0.26216819882392883
5800151  0.26215696334838867
6200163  0.2620936334133148
2600460  0.26203596591949463
5800233  0.26197829842567444
6600075  0.26192453503608704
6200236  0.2617693245410919
7800174  0.2617601454257965
1300080  0.2617090046405792
1600419  0.261707603931427
6700476  0.2616768181324005
6200108  0.26165056228637695
4700322  0.26160377264022827
7000170  0.26159608364105225
4700532  0.26157426834106445
3000092  0.2615601122379303
1101212  0.2614365220069885
1600428  0.26142826676368713
6700239  0.2614249587059021
7200121  0.2614121735095978
2600545  0.2614036798477173
6200109  0.2613721787929535
1300077  0.2613252103328705
6900563  0.2612493932247162
6900442  0.2611927390098572
1600463  0.26117339730262756
1101301  0.2610221803188324
6400229  0.2609844207763672
7200170  0.26097917556762695
6400160  0.2609453499317169
1101302  0.260884165763855
6700670  0.2608320713043213
6900603  0.2608162760734558
1600489  0.2607472240924835
4700493  0.2606700360774994
1800519  0.26066192984580994
1101210  0.2606443762779236
1101188  0.26062819361686707
2100090  0.26048463582992554
6700242  0.2604484260082245
6700094  0.26044827699661255
6400185  0.26040908694267273
7000157  0.26039502024650574
1800529  0.26039084792137146
6500206  0.2603001594543457
6500138  0.2602897882461548
4700365  0.26027819514274597
1900062  0.2602744996547699
1101195  0.26025938987731934
1600535  0.26022422313690186
2600475  0.2601928114891052
6700288  0.2601512372493744
1101203  0.2601436972618103
1600385  0.26014289259910583
6700193  0.26007330417633057
6200129  0.26001277565956116
2500083  0.2599910497665405
1600383  0.2598128914833069
6700248  0.25975432991981506
1600109  0.25970450043678284
8200093  0.25968679785728455
4900054  0.25967496633529663
7200219  0.2596001923084259
6200239  0.25958147644996643
3000073  0.25954684615135193
6900564  0.25954630970954895
6500141  0.25953370332717896
6900565  0.25950855016708374
6400233  0.2594611346721649
6900638  0.2594417631626129
6900605  0.2593846917152405
6900570  0.2593792676925659
7100388  0.2593683898448944
6900502  0.2593631148338318
6700252  0.2593313455581665
8900152  0.2593230605125427
6700189  0.25929683446884155
7100162  0.25929370522499084
6400119  0.25926700234413147
1100387  0.2592516243457794
2600501  0.25924253463745117
1600423  0.25923722982406616
7100472  0.2592158913612366
6400158  0.2592063546180725
1800969  0.2592018246650696
6900602  0.25916075706481934
1801018  0.2591590881347656
7200168  0.2591378688812256
2700258  0.25911638140678406
1900063  0.25909051299095154
7100178  0.25907227396965027
2600486  0.25905174016952515
1101252  0.25899627804756165
6900576  0.2589792311191559
6500148  0.25896450877189636
4700383  0.25893545150756836
7800172  0.25893011689186096
8900153  0.2589132785797119
1600520  0.2589048147201538
6700609  0.2588942050933838
7100108  0.25888964533805847
7800167  0.2588864266872406
6200171  0.2588464319705963
7100511  0.2588435411453247
1800991  0.2588106393814087
2600546  0.2588103413581848
4700522  0.25879085063934326
1800871  0.25878047943115234
4700492  0.2587765157222748
1800491  0.25874730944633484
6900585  0.25874102115631104
1101343  0.25868862867355347
6600078  0.25868716835975647
3700822  0.25867530703544617
4700389  0.2586558759212494
7200169  0.2586503326892853
1600429  0.25862807035446167
6400107  0.2586158215999603
5900303  0.258611261844635
2600547  0.25860098004341125
1600403  0.2585836350917816
6200211  0.2585786283016205
6200289  0.25857222080230713
1101171  0.2585673928260803
6200231  0.25855281949043274
6200274  0.2585497498512268
4700515  0.2585429251194
6400164  0.2585415244102478
4700519  0.25853341817855835
4700260  0.2585247755050659
6900558  0.2585239112377167
2600457  0.2585189640522003
7200101  0.2584957480430603
3400207  0.2584902346134186
6500223  0.25848057866096497
4700731  0.2584569454193115
6500150  0.2584501802921295
1600422  0.2584485113620758
6700607  0.2584230303764343
1600239  0.2584133446216583
3000082  0.258400559425354
6700244  0.25839680433273315
2600551  0.2583945691585541
7200210  0.258388876914978
6700497  0.25838640332221985
4701423  0.25836601853370667
1600456  0.25831884145736694
6500147  0.25828972458839417
2700442  0.2582456171512604
4700497  0.25822266936302185
6400179  0.2582102417945862
4700250  0.2582094669342041
1101149  0.258196622133255
5800242  0.25816500186920166
7000161  0.2581556439399719
1800946  0.25815466046333313
5800126  0.25813528895378113
4700319  0.2581169307231903
7100182  0.25809261202812195
7100471  0.2580582797527313
1600507  0.25804242491722107
6500151  0.2580254375934601
1600213  0.2580181658267975
6200120  0.2580132484436035
5200089  0.25800469517707825
2600441  0.2579907476902008
3500129  0.2579811215400696
1101318  0.25796064734458923
6200267  0.25793731212615967
1101313  0.2579173445701599
6200251  0.2579145133495331
6400183  0.25791290402412415
1101219  0.2579100430011749
4200074  0.25790494680404663
7200131  0.2578892707824707
6900604  0.2578682005405426
2800061  0.25781673192977905
6700251  0.2578003406524658
1101147  0.25779178738594055
8400059  0.25778111815452576
4700517  0.2577568292617798
6700195  0.25774261355400085
6900617  0.2577268183231354
4700398  0.2577114403247833
6900494  0.2577112913131714
7200118  0.257711261510849
1600534  0.2577090263366699
7800180  0.25770318508148193
1600445  0.25769880414009094
1600477  0.25768664479255676
6200128  0.2576713263988495
8100076  0.2576628625392914
1101309  0.25766104459762573
7000215  0.2576427757740021
1101298  0.2576342225074768
7200211  0.2575617730617523
1500366  0.25754961371421814
6200088  0.2575194537639618
1600521  0.25751814246177673
1101202  0.25751373171806335
1100253  0.25751054286956787
6200285  0.25749972462654114
1600506  0.25748470425605774
6500144  0.2574612498283386
3100061  0.25745877623558044
6900590  0.25745782256126404
6200232  0.2574414610862732
2600535  0.2574312686920166
6200166  0.25742533802986145
2600427  0.25742241740226746
7000160  0.2574215829372406
1800523  0.25740402936935425
6700487  0.25739943981170654
1600280  0.25738537311553955
8300100  0.25738435983657837
1800970  0.257375568151474
8300103  0.25736916065216064
6700241  0.2573396861553192
2600397  0.2573346793651581
6500078  0.2573283314704895
6700289  0.2573104798793793
1600425  0.2573041319847107
7100515  0.25730013847351074
1800932  0.257296621799469
1101540  0.25729575753211975
8000074  0.25729334354400635
7200207  0.25728416442871094
6900130  0.25728270411491394
1400065  0.25727584958076477
4900062  0.2572757601737976
2700259  0.25726011395454407
1300079  0.25724461674690247
6400178  0.25723996758461
6700671  0.2572217285633087
1800986  0.2572179436683655
2500081  0.2572019100189209
8300093  0.2571987807750702
7100391  0.2571951448917389
2600192  0.25717487931251526
3400146  0.2571718692779541
6900190  0.2571650445461273
1101153  0.2571456730365753
7100470  0.2571435272693634
6700247  0.25714075565338135
6200162  0.2571238577365875
4700541  0.2571185231208801
1600112  0.2571031451225281
3500137  0.2570941746234894
1101146  0.2570860683917999
6300101  0.2570837140083313
2000142  0.25708118081092834
4700510  0.2570797801017761
1800890  0.2570543885231018
4700395  0.25704726576805115
7200208  0.25704675912857056
2600550  0.25703445076942444
5200092  0.2570279836654663
7000206  0.25702592730522156
2600442  0.2570245563983917
1500223  0.25701960921287537
6700268  0.2570171356201172
4700264  0.2570117115974426
4700502  0.2570052146911621
2100097  0.2569604516029358
4700524  0.2569534480571747
7800129  0.25694093108177185
6500081  0.2569395899772644
6600062  0.2569384276866913
1900064  0.2569243013858795
6700245  0.2569213807582855
7100516  0.25692063570022583
6900459  0.25691986083984375
7200217  0.25691327452659607
4700523  0.2569045424461365
6700243  0.256900429725647
1800989  0.2568862736225128
7000060  0.2568719685077667
6800077  0.25684982538223267
6500125  0.25684380531311035
3700800  0.25683823227882385
1800524  0.25682970881462097
6400161  0.25682130455970764
7900079  0.25682103633880615
5800241  0.25681552290916443
7200096  0.25681233406066895
8000075  0.2568013370037079
5800247  0.2567933201789856
6700524  0.25677621364593506
6700187  0.2567748725414276
1100417  0.256759911775589
6900622  0.2567480504512787
1800931  0.2567470371723175
5800266  0.2567438781261444
5800134  0.2567388713359833
6200165  0.25671830773353577
8300145  0.25671568512916565
1600437  0.25669747591018677
1101240  0.25669386982917786
1100246  0.2566871643066406
2100082  0.25668543577194214
1600384  0.25667670369148254
1600546  0.2566663324832916
6700480  0.25666573643684387
7100229  0.25666213035583496
2700261  0.25665852427482605
8300123  0.2566569447517395
1600401  0.25665581226348877
1101258  0.2566472887992859
6600061  0.2565816342830658
7100180  0.25657370686531067
6800076  0.25656768679618835
4700257  0.25656747817993164
1101288  0.25656670331954956
1800966  0.2565651834011078
8700077  0.2565597891807556
3500128  0.25655338168144226
2600385  0.25653693079948425
7100507  0.2565223276615143
2600426  0.25652071833610535
1101154  0.2565188407897949
1101308  0.2565135061740875
6500221  0.25651347637176514
1600460  0.2565089762210846
7100406  0.256494402885437
6900566  0.25649359822273254
8000063  0.25648772716522217
6900555  0.2564820349216461
6200235  0.25647658109664917
7800184  0.25646525621414185
6500211  0.25645187497138977
8600080  0.25642886757850647
1600446  0.25642791390419006
6700091  0.25641441345214844
1100398  0.25640982389450073
8100073  0.25640869140625
7100517  0.25640347599983215
7100509  0.2563910484313965
2900079  0.25638633966445923
1101282  0.2563594579696655
6200169  0.2563534080982208
6500238  0.25633251667022705
6400184  0.2563130557537079
4702050  0.25630810856819153
3300129  0.2562946081161499
1100404  0.256291925907135
6700269  0.256285697221756
6200087  0.25627535581588745
3400147  0.25626978278160095
5800268  0.25625914335250854
1100376  0.25624561309814453
1600110  0.25623631477355957
1101295  0.2562202215194702
2000092  0.2561936378479004
6900458  0.2561807632446289
4700528  0.2561803162097931
7800173  0.2561570405960083
2800065  0.25612127780914307
5200110  0.2561189830303192
2600411  0.25611063838005066
5900291  0.2561071217060089
6400230  0.25610432028770447
1100389  0.25609809160232544
6900621  0.25609368085861206
6900606  0.2560874819755554
6700605  0.25608089566230774
4700535  0.2560759484767914
3000110  0.2560640275478363
7100510  0.25604698061943054
1600113  0.2560408413410187
4500066  0.2560371160507202
6200238  0.25602707266807556
7100184  0.2560228109359741
7000149  0.2560114562511444
5800267  0.255994588136673
6900571  0.25598853826522827
1101305  0.2559867203235626
5900293  0.25597822666168213
3000083  0.25596895813941956
6500224  0.25596025586128235
6900495  0.2559519112110138
8200081  0.255947083234787
5900197  0.2559381425380707
4700505  0.2559349536895752
1101215  0.255932480096817
4700506  0.2559272050857544
5800269  0.2559249997138977
1101304  0.2559206485748291
6200307  0.2559148073196411
8700079  0.2559049129486084
4701398  0.2559029757976532
2600382  0.25590237975120544
1100243  0.25588375329971313
7100514  0.2558833956718445
7000197  0.25587964057922363
2900063  0.25587886571884155
1101152  0.25587862730026245
4700521  0.2558731436729431
6500239  0.2558579444885254
1600209  0.25583600997924805
2600471  0.2558353543281555
6200306  0.2558315396308899
3400208  0.2558232843875885
2100087  0.25580859184265137
7200241  0.2558046877384186
1101341  0.2557927370071411
4700537  0.2557903528213501
1800963  0.2557601034641266
8300146  0.25575464963912964
4700501  0.2557509243488312
1101251  0.2557409405708313
1101546  0.2557307481765747
1600474  0.25572922825813293
1100407  0.2557283341884613
6700304  0.2557258903980255
1800947  0.25572067499160767
1100414  0.25571927428245544
1600115  0.25571322441101074
6200234  0.25570744276046753
1800212  0.2557036280632019
6200308  0.2556985318660736
1100394  0.2556968927383423
1600114  0.2556954622268677
4700735  0.2556948661804199
7100176  0.25567325949668884
4500104  0.25566932559013367
7800132  0.25566402077674866
1101314  0.25564947724342346
6400118  0.2556450366973877
6300081  0.25564414262771606
6900584  0.25563886761665344
7000150  0.2556378245353699
6900454  0.255624383687973
1101306  0.2556208670139313
2600456  0.2556118369102478
6700606  0.25559893250465393
6700612  0.25559574365615845
2700439  0.2555820643901825
6900618  0.2555709779262543
4702049  0.2555607557296753
1101303  0.25552791357040405
1101261  0.2555273473262787
6500126  0.25552433729171753
5900205  0.25550544261932373
1101294  0.2555011212825775
6200210  0.25549450516700745
1500219  0.2554798424243927
7200122  0.25547656416893005
1600452  0.2554515600204468
8100074  0.2554481625556946
6800075  0.25544047355651855
6900439  0.25543704628944397
6400227  0.2554362714290619
1101312  0.2554299831390381
6900559  0.2554282248020172
2600472  0.2554222345352173
6900501  0.25541454553604126
6700293  0.2554023563861847
6900497  0.2553769052028656
6400159  0.25537392497062683
5800153  0.25537043809890747
6700186  0.25536590814590454
8200094  0.25534215569496155
1500231  0.25534072518348694
6400120  0.2553323209285736
6400165  0.255303293466568
4500065  0.25528568029403687
1101241  0.25528353452682495
6700669  0.25526779890060425
6700521  0.2552633583545685
1400066  0.255254328250885
8300105  0.25525033473968506
6400162  0.25524836778640747
6700190  0.2552395761013031
1101205  0.2552216649055481
3000072  0.25520768761634827
1100395  0.25520655512809753
1500194  0.25518152117729187
7800176  0.2551499605178833
4200072  0.25513365864753723
1500221  0.2551265060901642
1101539  0.25511255860328674
1101204  0.255110502243042
1101257  0.25510352849960327
1600251  0.25509074330329895
7100177  0.25508764386177063
4700509  0.25507503747940063
7000159  0.2550559937953949
7000153  0.2550475001335144
5900312  0.25504690408706665
5800280  0.2550407350063324
6200268  0.25503671169281006
6900637  0.2549903094768524
4702051  0.2549784481525421
1800525  0.2549780011177063
1500178  0.2549777030944824
6500242  0.2549699544906616
1600424  0.2549547553062439
1100408  0.2549457848072052
6200170  0.2549353539943695
6300069  0.2549199163913727
1101254  0.25491809844970703
6700271  0.2549135684967041
6900455  0.25489649176597595
4702612  0.25489509105682373
2600396  0.2548239231109619
6700611  0.2548198103904724
6900228  0.2548182010650635
4700508  0.2548180818557739
6200168  0.25479599833488464
8200095  0.25478166341781616
6900443  0.25476714968681335
8500695  0.25476598739624023
4700520  0.25476011633872986
7900078  0.2547537088394165
6400231  0.25475171208381653
6200233  0.25475072860717773
6300077  0.2547360360622406
8100072  0.254721462726593
6200270  0.25471392273902893
2900071  0.25470808148384094
8800052  0.2547076940536499
6500149  0.2547051012516022
6900126  0.25470390915870667
7100518  0.2547009587287903
3500156  0.2546967566013336
4700253  0.2546834349632263
6700624  0.25466638803482056
7100521  0.25465127825737
2900095  0.2546510696411133
1101242  0.25464126467704773
6700499  0.2546393871307373
3400145  0.2546333968639374
6900187  0.25462451577186584
2500084  0.25461405515670776
2700443  0.2546129524707794
1600427  0.2546083331108093
1101342  0.2546001076698303
4700539  0.254592627286911
8200097  0.25457391142845154
7800170  0.25455793738365173
7200095  0.2545473277568817
1600545  0.2545211911201477
1600116  0.2545061707496643
1800266  0.25449222326278687
6200245  0.2544681131839752
7800169  0.2544631361961365
8300143  0.2544257938861847
1800294  0.2544039785861969
1600478  0.25440356135368347
2100099  0.2543548047542572
5900316  0.2543196678161621
1100366  0.2543184757232666
5200090  0.25431373715400696
3400225  0.2543104887008667
6200237  0.25429126620292664
1101140  0.25428780913352966
5900307  0.25428640842437744
1101216  0.2542782723903656
1101291  0.254269003868103
3500147  0.25426754355430603
1100384  0.25426042079925537
1100403  0.2542579472064972
1101157  0.25425389409065247
8100095  0.25424841046333313
6900577  0.2542460262775421
1101207  0.2542326748371124
2700255  0.25423184037208557
5800250  0.2542273998260498
7800175  0.25422513484954834
6400177  0.25422462821006775
1500206  0.2542164623737335
6700197  0.25421223044395447
6400234  0.2542106509208679
6900498  0.2541634142398834
1600490  0.25416314601898193
1800522  0.25416114926338196
5900201  0.2541550099849701
6900231  0.25413718819618225
1600402  0.2541346251964569
8300094  0.25413209199905396
4700494  0.25411608815193176
6900232  0.25411051511764526
1100386  0.254080593585968
1500192  0.2540615200996399
6400167  0.25405651330947876
7100188  0.2540551424026489
6500249  0.2540346086025238
4700499  0.25403204560279846
7100389  0.2540286183357239
6700608  0.25402721762657166
7200099  0.2540138363838196
2600523  0.2540060877799988
2900083  0.25399401783943176
6900607  0.2539745271205902
7000158  0.25396379828453064
1100381  0.25394758582115173
1600461  0.25394687056541443
1800290  0.2539410889148712
7000162  0.2539186179637909
4700456  0.25391581654548645
2100095  0.25390541553497314
6900222  0.2538897395133972
7100185  0.2538815140724182
6300102  0.2538667917251587
8000059  0.2538538873195648
6700648  0.2538495659828186
1101136  0.2538466155529022
6700191  0.2538379728794098
6700196  0.25383520126342773
5900309  0.253832072019577
5900333  0.25382813811302185
2600549  0.2538163363933563
5800234  0.25380778312683105
1800505  0.25380274653434753
5900299  0.2537970244884491
8500702  0.25378844141960144
6700615  0.2537762522697449
1800288  0.25376906991004944
1600212  0.25376686453819275
6300065  0.2537633180618286
3400234  0.2537534236907959
8600074  0.25373804569244385
6700165  0.25372180342674255
6200230  0.25370457768440247
5800245  0.2537008225917816
8400057  0.2536931335926056
4700401  0.25368818640708923
8300084  0.2536868155002594
8800056  0.2536758780479431
1800988  0.25367316603660583
6900441  0.2536642253398895
2200077  0.2536422312259674
6900440  0.25362807512283325
8600095  0.2536178529262543
7100390  0.2536039650440216
4700670  0.2536025941371918
6300073  0.2535950541496277
6700604  0.2535845637321472
7200221  0.25358256697654724
6200119  0.25358232855796814
1101187  0.25357967615127563
6900500  0.253577321767807
3400226  0.2535741329193115
6900578  0.25356531143188477
6900575  0.2535650134086609
6700522  0.2535463869571686
2800082  0.25353074073791504
7200100  0.2535020411014557
6700192  0.2534705698490143
7000188  0.25346654653549194
6600063  0.2534538209438324
1500359  0.25344157218933105
2600490  0.2534365952014923
5900304  0.2534356713294983
7800171  0.25342774391174316
2900108  0.25341615080833435
7200216  0.2534010708332062
1101191  0.2533869743347168
1101197  0.25335824489593506
1300078  0.2533564865589142
1100397  0.25335586071014404
2600188  0.25334200263023376
2500063  0.2533404231071472
2600552  0.25333666801452637
6400186  0.2533233165740967
4700540  0.25331205129623413
8100094  0.25330206751823425
8300142  0.2532868981361389
5900325  0.25328442454338074
3500155  0.2532680034637451
8100085  0.25326311588287354
3300112  0.25326302647590637
6700495  0.25324133038520813
4700533  0.2532162368297577
1500337  0.25318798422813416
2600415  0.25318408012390137
1600111  0.2531759738922119
6700485  0.25314149260520935
5800246  0.2531399428844452
3000084  0.25312340259552
7100396  0.25311195850372314
2600430  0.25308820605278015
4700500  0.2530834376811981
5800252  0.2530745267868042
6700613  0.2530602216720581
2200065  0.25305017828941345
8300104  0.25303182005882263
7100163  0.25303179025650024
6400182  0.253030002117157
3300069  0.25302472710609436
2800081  0.2529994547367096
6900620  0.25299742817878723
1600255  0.25299084186553955
7800128  0.25298643112182617
1600455  0.2529752850532532
2100096  0.25296396017074585
8300082  0.25295713543891907
1101246  0.25294065475463867
3500146  0.25290554761886597
4800060  0.2528964579105377
1100380  0.2528861463069916
7100181  0.2528802454471588
4800062  0.25287795066833496
3100078  0.2528687119483948
1100457  0.2528667151927948
6200248  0.25286340713500977
3400216  0.25285276770591736
2800137  0.2528524100780487
2900075  0.2528340220451355
1800225  0.2528330385684967
6400117  0.25283125042915344
6200105  0.25279155373573303
1100372  0.2527867555618286
5200091  0.2527756690979004
4500067  0.252766489982605
1101194  0.25276607275009155
6500237  0.2527569532394409
1100392  0.2527032196521759
5200109  0.25270146131515503
4800061  0.25268733501434326
1600457  0.25267696380615234
6900616  0.25267547369003296
2600181  0.25266775488853455
6200164  0.2526323199272156
6700634  0.25262343883514404
1100301  0.2525969445705414
1801005  0.25256040692329407
6500208  0.25255829095840454
7100399  0.2525572180747986
7800137  0.25255659222602844
6900234  0.2525442838668823
6400181  0.2525371015071869
1100396  0.25253334641456604
7100186  0.25252899527549744
1101186  0.25252053141593933
5900335  0.2524872422218323
6700518  0.2524854242801666
5800239  0.2524549663066864
4700513  0.2524445354938507
5800230  0.2524384558200836
2500059  0.25242099165916443
6700641  0.2523646354675293
7800192  0.25233060121536255
4700518  0.25231876969337463
7000179  0.25231099128723145
6300085  0.2522750198841095
3400148  0.2522720396518707
2200057  0.2522675096988678
1600430  0.2522648274898529
3000081  0.2522624135017395
3700052  0.25224995613098145
6500137  0.2522411048412323
7200220  0.2521815299987793
2600191  0.252174437046051
7100397  0.2521513104438782
7800166  0.2521442472934723
5900332  0.25214266777038574
6700610  0.25213971734046936
5800231  0.2521321773529053
3300111  0.2521112561225891
2600184  0.2521090507507324
7800188  0.2521057724952698
7100513  0.2521013021469116
6900612  0.25209611654281616
7100469  0.25205615162849426
1800292  0.2520179748535156
1800286  0.25201767683029175
8800044  0.25201699137687683
4702611  0.2519646883010864
1600448  0.25195831060409546
6700602  0.25195714831352234
3100076  0.25194302201271057
4701448  0.25193676352500916
1800269  0.2519072890281677
7800071  0.25189724564552307
1500357  0.25188490748405457
5900100  0.2518642246723175
1500191  0.2518523931503296
1500198  0.25184035301208496
4700503  0.2518274784088135
1600254  0.25181859731674194
8600083  0.25179845094680786
7200209  0.25179195404052734
3800066  0.25178244709968567
7100183  0.25178027153015137
1800193  0.25175511837005615
6200086  0.25173822045326233
4700706  0.2517327070236206
1600404  0.25172188878059387
1100393  0.25170207023620605
6700655  0.25167515873908997
6400108  0.2516569197177887
1100382  0.25164860486984253
6500240  0.251640260219574
1600440  0.25163355469703674
1101317  0.2516315281391144
2200061  0.251621812582016
2600548  0.25161153078079224
4700316  0.25160735845565796
8200092  0.2515675723552704
6700603  0.25155818462371826
5900302  0.25154775381088257
7800145  0.2514958381652832
1800221  0.25145548582077026
6400180  0.25144603848457336
7100508  0.25144392251968384
7800135  0.2514282166957855
4700732  0.2514096796512604
6900608  0.25140342116355896
8600110  0.25134411454200745
1500195  0.2513244152069092
1600491  0.2513220012187958
8200096  0.25131866335868835
1100413  0.25130897760391235
4700246  0.2512913644313812
1500358  0.2512769401073456
2900087  0.25127530097961426
6600079  0.25127390027046204
6900160  0.25127291679382324
2600512  0.25126081705093384
2500082  0.2512480318546295
6700659  0.25124382972717285
7200236  0.2512340545654297
1101290  0.2512337267398834
1800306  0.2512179911136627
1600476  0.25114187598228455
5800248  0.2511276602745056
6900477  0.2511245310306549
6900224  0.25111913681030273
8100075  0.2511180639266968
6300089  0.2511044144630432
6300057  0.2510574758052826
2000141  0.25104591250419617
7100175  0.25103917717933655
4702613  0.251013845205307
4700551  0.2510114014148712
6900560  0.25100991129875183
2200078  0.25099802017211914
5900156  0.250997930765152
6900219  0.25099703669548035
2600487  0.25099578499794006
4700534  0.2509761154651642
1800304  0.25095757842063904
4400099  0.2509463429450989
4700527  0.25092482566833496
8700078  0.2509152293205261
3300148  0.2509014308452606
1500216  0.25087496638298035
1500100  0.2508714497089386
8600125  0.2508111596107483
5900292  0.25080806016921997
1100399  0.2508031129837036
8600122  0.25079917907714844
2800069  0.25077885389328003
3500084  0.2507365942001343
1800870  0.2507169842720032
5900200  0.25071072578430176
3700802  0.2507059574127197
1100415  0.25066685676574707
6200085  0.25066491961479187
3500138  0.2506553828716278
3400199  0.25065353512763977
1500183  0.2506505250930786
5900083  0.2506501376628876
2900107  0.25064805150032043
6300100  0.25061941146850586
1800203  0.2505854368209839
5900289  0.2505786120891571
1100373  0.2505660057067871
1600277  0.2505652904510498
1600281  0.25056222081184387
3300130  0.2505500316619873
8600119  0.25054630637168884
8600113  0.2505245804786682
2200076  0.25052377581596375
1800289  0.2504872977733612
5900331  0.2504848539829254
6900496  0.2504326105117798
8600098  0.25042808055877686
1500104  0.2504233419895172
2700262  0.25040531158447266
7100520  0.2504027783870697
2600400  0.25039923191070557
1100364  0.25039809942245483
6400156  0.2503482401371002
1800504  0.25033822655677795
6900230  0.25033071637153625
1100371  0.25032860040664673
3300067  0.25031712651252747
6700297  0.2502790093421936
5900320  0.25025781989097595
8300106  0.2502375543117523
6400111  0.25018274784088135
6700093  0.25017881393432617
5900091  0.25014573335647583
8000076  0.2501288950443268
1500220  0.25009864568710327
6900213  0.25009432435035706
4700530  0.2500888407230377
8600101  0.25007516145706177
1800891  0.25002849102020264
4900063  0.250014990568161
1500096  0.2500053346157074
3300147  0.24997061491012573
2600381  0.2499253898859024
3100077  0.24992379546165466
4200057  0.24989007413387299
1600442  0.24987375736236572
7100187  0.2498239278793335
1500134  0.2496735006570816
4700525  0.2496565580368042
7100230  0.24964401125907898
1400064  0.2496355175971985
1800196  0.24960218369960785
1800896  0.24959537386894226
6200167  0.24959352612495422
8200416  0.2495826929807663
8600062  0.24957039952278137
8200080  0.24956965446472168
5900517  0.24955180287361145
2900106  0.24948765337467194
1800985  0.24947358667850494
2000143  0.24938440322875977
6400114  0.24937212467193604
2800080  0.24932774901390076
1500193  0.24931707978248596
5900105  0.24926945567131042
1800295  0.24925440549850464
1100298  0.24923980236053467
6900506  0.2492329478263855
1600117  0.24919797480106354
5900297  0.24919608235359192
1700064  0.24913373589515686
8600107  0.24913066625595093
1800302  0.24912278354167938
8600151  0.24909840524196625
3500082  0.24908189475536346
1101320  0.24906964600086212
8600059  0.24904805421829224
6700092  0.24896273016929626
3800063  0.2489536553621292
5900323  0.2489132583141327
1600475  0.2489064633846283
8600071  0.24889890849590302
7100179  0.2488938570022583
1800990  0.24876472353935242
1100250  0.2487620860338211
1500196  0.24872402846813202
5900317  0.24870535731315613
8400067  0.24869400262832642
8600068  0.2486802637577057
7100231  0.24867390096187592
1101315  0.24866628646850586
5800152  0.24862590432167053
7200218  0.24859760701656342
1800293  0.24854257702827454
3800065  0.2485244870185852
5900204  0.2485186904668808
7100112  0.2485101968050003
7800168  0.24840308725833893
8000055  0.24839454889297485
1101285  0.24838657677173615
3100065  0.2483864277601242
8600104  0.2483772486448288
8600065  0.2483619600534439
1800296  0.24830473959445953
7800136  0.24828027188777924
1101344  0.24821104109287262
6900216  0.24819882214069366
5900324  0.2481601983308792
2000090  0.24804729223251343
3800064  0.24801401793956757
1800298  0.24800783395767212
8600116  0.24797771871089935
1101245  0.24783702194690704
8300097  0.24780644476413727
4400108  0.24779795110225677
2800057  0.2477305382490158
6200249  0.24772436916828156
5900203  0.24769771099090576
1800291  0.24769224226474762
5900315  0.2476898431777954
1600426  0.2476777583360672
1100411  0.24767173826694489
1600492  0.24763968586921692
1600441  0.24755443632602692
8600092  0.2475041300058365
1600386  0.24748502671718597
1500172  0.2474520355463028
3400217  0.2474491149187088
1700066  0.2473040223121643
6400228  0.24728305637836456
7200237  0.24709495902061462
2600445  0.24704794585704803
1500131  0.2468988597393036
3400235  0.24688956141471863
1800300  0.246849924325943
4200061  0.24683310091495514
5900532  0.2468145340681076
5900294  0.2467585951089859
2600187  0.24658040702342987
1500175  0.24654459953308105
1101190  0.24650254845619202
8600077  0.24642840027809143
1700065  0.2462267279624939
1500107  0.24621939659118652
5900199  0.24606119096279144
3700799  0.24605995416641235
1600493  0.24604855477809906
1500187  0.2460247129201889
6300061  0.24598655104637146
1500338  0.2458481341600418
8600089  0.2457016110420227
8600128  0.2456868290901184
4200073  0.24557675421237946
5600126  0.24557140469551086
5900308  0.2455308884382248
1800200  0.24536415934562683
6700188  0.2452714741230011
2900067  0.24520857632160187
6900223  0.24518805742263794
5900328  0.2451205849647522
2100084  0.24480491876602173
5900150  0.2446267306804657
5600082  0.24434493482112885
8600086  0.2439468801021576
5600109  0.24390576779842377
5900095  0.24390389025211334
5900087  0.24381667375564575
2400087  0.2437349408864975
1800299  0.2436618208885193
6700483  0.24361543357372284
5600125  0.24337007105350494
5600093  0.2431805431842804
5600097  0.24311091005802155
2900091  0.24300825595855713
6900211  0.2428637444972992
1000069  0.2424348145723343
5600105  0.2424154430627823
2400086  0.2415226697921753
5600089  0.24140679836273193
5600070  0.2413129061460495
3100057  0.24111104011535645
1000094  0.24100269377231598
5900202  0.24100203812122345
2400095  0.24098588526248932
5600074  0.24083617329597473
5600078  0.24054054915905
5600086  0.2404114156961441
1000070  0.2402581125497818
2600102  0.24020598828792572
4400091  0.24002327024936676
2400097  0.23991651833057404
2400077  0.2399100363254547
3200058  0.2398691475391388
5600124  0.23979400098323822
2600065  0.23963521420955658
1000096  0.23907031118869781
1200074  0.2389513999223709
5600066  0.23891201615333557
1000095  0.2388860285282135
2600124  0.2388039082288742
3200059  0.23862719535827637
5600062  0.23859092593193054
1200063  0.23845401406288147
2400078  0.23844806849956512
5600058  0.23832304775714874
2400068  0.2381102740764618
2400096  0.23795349895954132
2600103  0.23792718350887299
2300069  0.23783446848392487
2600122  0.23737843334674835
4400083  0.23732329905033112
2600116  0.23729939758777618
2300071  0.2372719645500183
5600113  0.2372167855501175
2400098  0.23695915937423706
2600120  0.23683509230613708
4400089  0.23661164939403534
4400084  0.23653154075145721
2600123  0.23615646362304688
1000093  0.23614603281021118
4400090  0.23591656982898712
1200076  0.23576156795024872
1200055  0.23563696444034576
2600117  0.23490627110004425
2300070  0.23486286401748657
2600121  0.23430022597312927
5600101  0.23340196907520294
2600125  0.23321476578712463
1200075  0.2313796430826187
1200059  0.23108252882957458
2400071  0.23053377866744995
2300059  0.22866959869861603
2300056  0.22805090248584747
2700080  0.2249133586883545
