1000097  0.630585253238678
1000095  0.5449097156524658
1000096  0.5048644542694092
1100196  0.27078014612197876
1400078  0.26837608218193054
1100187  0.26094314455986023
1100177  0.2552246153354645
1200044  0.2542213201522827
1100197  0.248511403799057
1000107  0.24695715308189392
1400080  0.24367278814315796
1100180  0.24111858010292053
1100193  0.24110162258148193
1100190  0.2382085919380188
1100238  0.23607835173606873
1100201  0.2344457507133484
1100194  0.23104815185070038
1100117  0.2305491715669632
1100175  0.22708089649677277
1200085  0.2258969396352768
1200064  0.22482335567474365
1400059  0.22163107991218567
1400079  0.21887508034706116
1100195  0.21772651374340057
1100200  0.21677379310131073
1200056  0.21365734934806824
1100265  0.21325142681598663
1200068  0.21297544240951538
1100211  0.212330624461174
1100198  0.2076602429151535
1100189  0.20591342449188232
1200052  0.2041821926832199
1200048  0.20315827429294586
1400067  0.2028936892747879
1300099  0.20283813774585724
1400063  0.20227248966693878
1100191  0.2017488032579422
1300042  0.20168282091617584
1200083  0.1996724009513855
1800058  0.19814631342887878
1100183  0.19784434139728546
1300100  0.1911506950855255
1200084  0.190694659948349
1500099  0.18983907997608185
1500080  0.18945802748203278
1500107  0.1883217990398407
1300102  0.18792513012886047
1200040  0.1869887262582779
1800073  0.18268458545207977
1500103  0.1822965294122696
1500068  0.18169943988323212
1300094  0.17819471657276154
1300093  0.1776668280363083
1200072  0.17475126683712006
1300098  0.17299425601959229
1100188  0.17130042612552643
1500060  0.17031113803386688
1200060  0.16568757593631744
1500088  0.16565625369548798
1500084  0.16515065729618073
1500091  0.16426673531532288
1800071  0.1634252816438675
1800072  0.16201339662075043
1500128  0.16086089611053467
1300101  0.15737545490264893
1500126  0.15732792019844055
1500115  0.15536724030971527
1500095  0.15527638792991638
1800061  0.15339398384094238
1500064  0.15264536440372467
1500076  0.1511526107788086
1500111  0.15073323249816895
1500072  0.15069927275180817
1300079  0.1496591567993164
1500127  0.14484380185604095
1300080  0.14343783259391785
1300097  0.1427670121192932
