1100119  1.0
1100120  1.0
1100121  1.0
1100122  1.0
1100166  1.0
1100172  1.0
1400178  1.0
1400181  1.0
1400184  1.0
1400200  1.0
1400203  1.0
1400206  1.0
1400221  1.0
1400223  1.0
1400224  1.0
1400229  1.0
1500069  1.0
1500081  1.0
1500082  1.0
1500083  1.0
1500085  1.0
1500088  1.0
1500097  1.0
1500100  1.0
1500104  1.0
1700070  1.0
1700073  1.0
2800182  1.0
2800183  1.0
2800186  1.0
2800189  1.0
2800190  1.0
2800191  1.0
2800193  1.0
2800194  1.0
2800195  1.0
2800198  1.0
2800199  1.0
2800127  0.9444444444444444
2800170  0.9444444444444444
2800173  0.9444444444444444
2800177  0.9444444444444444
1500062  0.7619047619047619
1400162  0.6666666666666667
1100060  0.5
1100067  0.5
1100073  0.5
1100085  0.5
1100106  0.5
1100107  0.5
1100108  0.5
1100109  0.5
1200043  0.5
1200044  0.5
1200045  0.5
1300045  0.5
1300046  0.5
1400128  0.5
1400129  0.5
1400131  0.5
1400132  0.5
1400156  0.5
1400159  0.5
2100162  0.5
2100181  0.5
2100041  0.42105263157894735
2100061  0.42105263157894735
2100091  0.42105263157894735
2100094  0.42105263157894735
2100096  0.42105263157894735
2100097  0.42105263157894735
2100098  0.42105263157894735
2100100  0.42105263157894735
2100102  0.42105263157894735
2100103  0.42105263157894735
2100107  0.42105263157894735
2100159  0.3529411764705882
2100161  0.3529411764705882
2100163  0.3529411764705882
2100169  0.3529411764705882
2100170  0.3529411764705882
2100171  0.3529411764705882
2100172  0.3529411764705882
2100174  0.3529411764705882
2100175  0.3529411764705882
2100178  0.3529411764705882
2100180  0.3529411764705882
2100183  0.3529411764705882
2100187  0.3529411764705882
1400072  0.2857142857142857
1400088  0.2857142857142857
1400126  0.25
1500046  0.25
1500047  0.25
1600039  0.25
1600040  0.25
1900051  0.25
1900052  0.25
1900055  0.25
1400040  0.15384615384615385
1400043  0.15384615384615385
1400046  0.15384615384615385
1400054  0.15384615384615385
1400055  0.15384615384615385
1400056  0.15384615384615385
1400057  0.15384615384615385
1400080  0.15384615384615385
1400081  0.15384615384615385
1400097  0.15384615384615385
1400102  0.15384615384615385
1400103  0.15384615384615385
