2800127  0.4310399293899536
2100181  0.4306145906448364
2100180  0.4305465519428253
2100183  0.4294830858707428
2100187  0.42765718698501587
2100178  0.42731472849845886
2800170  0.420343816280365
2800173  0.41710782051086426
2100175  0.416624516248703
2100174  0.4117244780063629
2800177  0.39463701844215393
2100172  0.23863458633422852
1500104  0.22150970995426178
1100121  0.21890418231487274
1400159  0.21743538975715637
1500085  0.2174171358346939
1100108  0.21719636023044586
1600039  0.2167271077632904
1100122  0.2164914309978485
1100120  0.2164693921804428
1400057  0.21583817899227142
1400129  0.21579425036907196
1400081  0.2157556712627411
1100107  0.2157011479139328
1100109  0.21568335592746735
1500100  0.21558083593845367
1100060  0.21557216346263885
1400162  0.21530473232269287
1100073  0.2152646780014038
1100067  0.21526114642620087
1400132  0.2151992917060852
1400088  0.21507138013839722
1100119  0.2149161696434021
1400072  0.21487542986869812
1500083  0.21484650671482086
1400040  0.21484492719173431
1500088  0.2148371785879135
1400131  0.21477077901363373
1500097  0.2147318571805954
1400178  0.21442796289920807
1100106  0.21425995230674744
1600040  0.2140851467847824
1400181  0.21397270262241364
1700070  0.21387040615081787
1100166  0.21382321417331696
1100172  0.21382321417331696
1200043  0.21382321417331696
1200044  0.21382321417331696
1200045  0.21382321417331696
1300045  0.21382321417331696
1300046  0.21382321417331696
1400043  0.21382321417331696
1400046  0.21382321417331696
1400054  0.21382321417331696
1400102  0.21382321417331696
1400103  0.21382321417331696
1400184  0.21382321417331696
1400200  0.21382321417331696
1400203  0.21382321417331696
1400206  0.21382321417331696
1400221  0.21382321417331696
1400223  0.21382321417331696
1400224  0.21382321417331696
1400229  0.21382321417331696
1500046  0.21382321417331696
1500047  0.21382321417331696
1500062  0.21382321417331696
1500069  0.21382321417331696
1700073  0.21382321417331696
1900051  0.21382321417331696
1900052  0.21382321417331696
1900055  0.21382321417331696
2100041  0.21382321417331696
2100061  0.21382321417331696
2100091  0.21382321417331696
2100094  0.21382321417331696
2100096  0.21382321417331696
2100097  0.21382321417331696
2100098  0.21382321417331696
2100100  0.21382321417331696
2100102  0.21382321417331696
2100103  0.21382321417331696
2100107  0.21382321417331696
2100159  0.21382321417331696
2100161  0.21382321417331696
2100162  0.21382321417331696
2100163  0.21382321417331696
2100169  0.21382321417331696
2100170  0.21382321417331696
2100171  0.21382321417331696
2800182  0.21382321417331696
2800183  0.21382321417331696
2800186  0.21382321417331696
2800189  0.21382321417331696
2800190  0.21382321417331696
2800191  0.21382321417331696
2800193  0.21382321417331696
2800194  0.21382321417331696
2800195  0.21382321417331696
2800198  0.21382321417331696
2800199  0.21382321417331696
1500081  0.2137656807899475
1100085  0.21372227370738983
1400097  0.2136126458644867
1400055  0.21313105523586273
1400156  0.2130340188741684
1400128  0.21301612257957458
1400056  0.21288195252418518
1400080  0.21279160678386688
1500082  0.2127908617258072
1400126  0.2127840518951416
