2800182  1.0
2800183  1.0
2800186  1.0
2800189  1.0
2800190  1.0
2800191  1.0
2800193  1.0
2800194  1.0
2800195  1.0
2800198  1.0
2800127  0.9718253158075502
2800170  0.9718253158075502
2800173  0.9718253158075502
2800177  0.9718253158075502
1500069  0.9701425001453319
1500081  0.9701425001453319
1500082  0.9701425001453319
1500083  0.9701425001453319
1500085  0.9701425001453319
1700070  0.9701425001453319
1700073  0.9701425001453319
1500062  0.846809798439941
2100041  0.629511580291707
2100061  0.629511580291707
2100091  0.629511580291707
2100094  0.629511580291707
2100096  0.629511580291707
2100097  0.629511580291707
2100098  0.629511580291707
2100100  0.629511580291707
2100102  0.629511580291707
2100103  0.629511580291707
2100107  0.629511580291707
1500046  0.48507125007266594
1500047  0.48507125007266594
1600039  0.48507125007266594
1600040  0.48507125007266594
2100159  0.35294117647058826
2100161  0.35294117647058826
2100163  0.35294117647058826
2100169  0.35294117647058826
2100170  0.35294117647058826
2100171  0.35294117647058826
2100172  0.35294117647058826
2100174  0.35294117647058826
2100175  0.35294117647058826
2100178  0.35294117647058826
2100180  0.35294117647058826
2100183  0.35294117647058826
2100187  0.35294117647058826
1400178  0.34299717028501764
1400181  0.34299717028501764
1400184  0.34299717028501764
1400200  0.34299717028501764
1400203  0.34299717028501764
1400206  0.34299717028501764
1400221  0.34299717028501764
1400223  0.34299717028501764
1400224  0.34299717028501764
1400229  0.34299717028501764
2100162  0.34299717028501764
1400162  0.28005601680560194
1100119  0.24253562503633297
1100120  0.24253562503633297
1100121  0.24253562503633297
1100122  0.24253562503633297
1100166  0.24253562503633297
1100172  0.24253562503633297
1400156  0.24253562503633297
1400159  0.24253562503633297
1500088  0.24253562503633297
1500097  0.24253562503633297
1500100  0.24253562503633297
1500104  0.24253562503633297
2800199  0.24253562503633297
1400072  0.18333969940564226
1400088  0.18333969940564226
1100060  0.17149858514250882
1100067  0.17149858514250882
1100073  0.17149858514250882
1100085  0.17149858514250882
1100106  0.17149858514250882
1100107  0.17149858514250882
1100108  0.17149858514250882
1100109  0.17149858514250882
1200043  0.17149858514250882
1200044  0.17149858514250882
1200045  0.17149858514250882
1300045  0.17149858514250882
1300046  0.17149858514250882
1400126  0.17149858514250882
1400128  0.17149858514250882
1400129  0.17149858514250882
1400131  0.17149858514250882
1400132  0.17149858514250882
1900051  0.17149858514250882
1900052  0.17149858514250882
1900055  0.17149858514250882
2100181  0.17149858514250882
1400040  0.1345345587992625
1400043  0.1345345587992625
1400046  0.1345345587992625
1400054  0.1345345587992625
1400055  0.1345345587992625
1400056  0.1345345587992625
1400057  0.1345345587992625
1400080  0.1345345587992625
1400081  0.1345345587992625
1400097  0.1345345587992625
1400102  0.1345345587992625
1400103  0.1345345587992625
