4300063  inf
4300065  inf
4300066  inf
4300067  inf
4300069  inf
4300070  inf
4300071  inf
4300072  inf
4300075  inf
4300076  inf
4300079  inf
4300080  inf
4300081  inf
4300082  inf
4300083  inf
4300084  inf
4300090  inf
4300091  inf
4300092  inf
4300093  inf
4300097  inf
4300098  inf
4300121  inf
4300122  inf
4300123  inf
4300124  inf
4300125  inf
4300126  inf
4300127  inf
4300128  inf
4300129  inf
4300130  inf
4300131  inf
4300132  inf
4300133  inf
4300138  inf
4300140  inf
4300143  inf
4300144  inf
4300145  inf
4300146  inf
4300147  inf
4300151  inf
4300160  inf
5703507  inf
5703510  inf
5700375  16.0
1400097  9.0
1400099  9.0
1400100  9.0
1400101  9.0
1400102  9.0
1400103  9.0
1400104  9.0
1400108  9.0
1400241  9.0
3100456  9.0
3100457  9.0
3100458  9.0
3100459  9.0
3100460  9.0
3100461  9.0
3100464  9.0
4900130  9.0
4900134  9.0
4900523  9.0
4900528  9.0
5300241  9.0
5300256  9.0
5300257  9.0
5300258  9.0
5300259  9.0
5300263  9.0
5300264  9.0
5300265  9.0
5300266  9.0
5300268  9.0
5300272  9.0
5703508  9.0
5703511  9.0
5703514  9.0
5703519  9.0
5703520  9.0
5703523  9.0
1400142  4.0
1400144  4.0
1400145  4.0
1400146  4.0
1400147  4.0
1400148  4.0
1400149  4.0
1400150  4.0
1400151  4.0
1400152  4.0
1400154  4.0
1400158  4.0
1400589  4.0
1400590  4.0
1400591  4.0
1400592  4.0
1400602  4.0
1400860  4.0
3000030  4.0
3000034  4.0
3000041  4.0
3100392  4.0
3100393  4.0
3100394  4.0
3100395  4.0
3100396  4.0
3100397  4.0
3100398  4.0
3100401  4.0
3900592  4.0
3900597  4.0
3900598  4.0
4900541  4.0
4900545  4.0
1400062  3.2
1400063  3.2
1400066  3.2
1400069  3.2
3100056  3.2
3100057  3.2
3100058  3.2
3100138  3.2
3100246  3.2
3100302  3.2
3100303  3.2
3100304  3.2
4900081  3.2
5700113  3.2
5700126  3.2
5700139  3.2
5700158  3.2
5700177  3.2
5700196  3.2
5700216  3.2
5700235  3.2
5700254  3.2
5700275  3.2
5700283  3.2
5700286  3.2
5702992  3.2
3100295  2.6666666666666665
3100296  2.6666666666666665
3100323  2.6666666666666665
3100329  2.6666666666666665
3100506  2.6666666666666665
3100507  2.6666666666666665
3100509  2.6666666666666665
3100510  2.6666666666666665
3100512  2.6666666666666665
4100115  2.6666666666666665
4100117  2.6666666666666665
4100215  2.6666666666666665
4900052  2.6666666666666665
4900058  2.6666666666666665
4900389  2.6666666666666665
4900390  2.6666666666666665
4900391  2.6666666666666665
4900402  2.6666666666666665
4900407  2.6666666666666665
4900418  2.6666666666666665
4900422  2.6666666666666665
6300043  2.6666666666666665
1400044  0.8
1400047  0.8
1400048  0.8
1400053  0.8
1500053  0.8
3100074  0.8
3100075  0.8
3100076  0.8
3100262  0.8
3100263  0.8
3100266  0.8
3100269  0.8
3100270  0.8
3100271  0.8
3100275  0.8
3100276  0.8
3100279  0.8
3100280  0.8
3100281  0.8
3100284  0.8
3100286  0.8
3100290  0.8
3100526  0.8
3100527  0.8
4100099  0.8
4100101  0.8
4100133  0.8
4100134  0.8
4100135  0.8
4100136  0.8
4100137  0.8
4100138  0.8
4100139  0.8
4100140  0.8
4100142  0.8
4100143  0.8
4100207  0.8
4100224  0.8
5800264  0.8
5800267  0.8
6300054  0.8
6300055  0.8
6300056  0.8
4300100  0.3333333333333333
4300105  0.3333333333333333
4300106  0.3333333333333333
4300115  0.3333333333333333
4300116  0.3333333333333333
