1201171  1.0
1201172  1.0
1801130  1.0
1801131  1.0
2300654  1.0
2300655  1.0
2300820  1.0
2300821  1.0
2300822  1.0
1801115  0.8611111111111112
1801116  0.8611111111111112
1801117  0.8611111111111112
1801123  0.8611111111111112
2300196  0.8611111111111112
2300645  0.8611111111111112
2300646  0.8611111111111112
2300687  0.8611111111111112
2300689  0.8611111111111112
2300738  0.8611111111111112
2300743  0.8611111111111112
1201148  0.8378378378378378
1201149  0.8378378378378378
1201150  0.8378378378378378
1201151  0.8378378378378378
1201157  0.8378378378378378
1201158  0.8378378378378378
1201159  0.8378378378378378
1201160  0.8378378378378378
1201161  0.8378378378378378
1201163  0.8378378378378378
1201164  0.8378378378378378
2300888  0.8157894736842105
2300889  0.8157894736842105
2300890  0.8157894736842105
2300891  0.8157894736842105
2300893  0.8157894736842105
2101348  0.8055555555555556
2101349  0.8055555555555556
2101355  0.8055555555555556
2101356  0.8055555555555556
2101357  0.8055555555555556
2101361  0.8055555555555556
2101333  0.6739130434782609
2101334  0.6739130434782609
2101335  0.6739130434782609
2101341  0.6739130434782609
2300543  0.6739130434782609
2300771  0.6739130434782609
2300111  0.6595744680851063
2300112  0.6595744680851063
2300113  0.6595744680851063
2300114  0.6595744680851063
2300115  0.6595744680851063
2300213  0.6595744680851063
2300214  0.6595744680851063
2300215  0.6595744680851063
2300216  0.6595744680851063
2300217  0.6595744680851063
2300218  0.6595744680851063
2300220  0.6595744680851063
2300535  0.6595744680851063
2300536  0.6595744680851063
2300539  0.6595744680851063
2300541  0.6595744680851063
2300542  0.6595744680851063
2300545  0.6595744680851063
2300547  0.6595744680851063
2300548  0.6595744680851063
2300551  0.6595744680851063
2300552  0.6595744680851063
2300558  0.6595744680851063
2300559  0.6595744680851063
2300561  0.6595744680851063
2300562  0.6595744680851063
2300563  0.6595744680851063
2300566  0.6595744680851063
2300567  0.6595744680851063
2300578  0.6595744680851063
2300579  0.6595744680851063
2300581  0.6595744680851063
2300582  0.6595744680851063
2300583  0.6595744680851063
2300584  0.6595744680851063
2300585  0.6595744680851063
2300586  0.6595744680851063
2300588  0.6595744680851063
2300589  0.6595744680851063
2300591  0.6595744680851063
2300592  0.6595744680851063
2300593  0.6595744680851063
2300594  0.6595744680851063
2300596  0.6595744680851063
2300597  0.6595744680851063
2300602  0.6595744680851063
2300604  0.6595744680851063
2300683  0.6595744680851063
2300684  0.6595744680851063
2300694  0.6595744680851063
2300697  0.6595744680851063
2300708  0.6595744680851063
2300710  0.6595744680851063
2300711  0.6595744680851063
2300713  0.6595744680851063
2300714  0.6595744680851063
2300717  0.6595744680851063
2300719  0.6595744680851063
2300720  0.6595744680851063
2300721  0.6595744680851063
2300722  0.6595744680851063
2300723  0.6595744680851063
2300727  0.6595744680851063
2300730  0.6595744680851063
2300732  0.6595744680851063
2300734  0.6595744680851063
2300735  0.6595744680851063
2300737  0.6595744680851063
2300745  0.6595744680851063
2300747  0.6595744680851063
2300748  0.6595744680851063
2300750  0.6595744680851063
2300755  0.6595744680851063
2300756  0.6595744680851063
2300767  0.6595744680851063
2301003  0.6595744680851063
2301004  0.6595744680851063
2301005  0.6595744680851063
2301006  0.6595744680851063
2301007  0.6595744680851063
2301008  0.6595744680851063
2301009  0.6595744680851063
