1800158  0.13177120685577393
1800177  0.13177120685577393
1900439  0.12907512485980988
1800139  0.12732332944869995
1900429  0.12591466307640076
1900438  0.12553207576274872
1800283  0.12259814143180847
1900435  0.12076076865196228
1900430  0.12003062665462494
1300597  0.11918262392282486
1900406  0.117557093501091
1300555  0.1174054741859436
1900432  0.11696290969848633
1800196  0.11645953357219696
1900426  0.11596602201461792
1800286  0.11478807777166367
1800275  0.1144220232963562
1800126  0.11124152690172195
1900392  0.1109628900885582
1900388  0.10878163576126099
1900399  0.10798890888690948
1800113  0.10619384050369263
1300319  0.10534851253032684
1900403  0.10518928617238998
1900407  0.10514678806066513
1800216  0.10470735281705856
1802900  0.10291856527328491
1300081  0.10284694284200668
1800254  0.09915316104888916
1900387  0.09854978322982788
1300273  0.09830211848020554
1900402  0.09702234715223312
1300256  0.09556885808706284
1800235  0.09551864862442017
1300069  0.09494449943304062
1900400  0.0944584533572197
1300066  0.09396876394748688
1900035  0.09378141164779663
1300272  0.09146185964345932
1900386  0.09044143557548523
1900385  0.09037067741155624
1900425  0.0895729586482048
1300063  0.0878010243177414
1300078  0.0869293138384819
1300274  0.08631313592195511
1300257  0.08616724610328674
1300271  0.08590918034315109
1900419  0.08575181663036346
1300261  0.0849069356918335
1300072  0.08304830640554428
1300048  0.0822068601846695
1900409  0.08193475753068924
1300051  0.08025819063186646
1300060  0.08025417476892471
1300075  0.07739405333995819
1300045  0.07737424224615097
1300042  0.07489453256130219
1900410  0.07312355190515518
1900413  0.0723026916384697
1300278  0.06953191757202148
1300057  0.06948906183242798
1900411  0.06928310543298721
1300054  0.06797851622104645
1300284  0.0657634288072586
1300282  0.05845969542860985
1300283  0.05636188015341759
