1001625  0.26076409220695496
1001627  0.2574910819530487
1001626  0.20111916959285736
1001629  0.18603487312793732
1001624  0.16013026237487793
1300057  0.13357478380203247
1300108  0.12233275920152664
1100057  0.11082087457180023
1100030  0.10893023759126663
1200046  0.09225977957248688
1300112  0.08972062170505524
1200045  0.08964227885007858
1300153  0.08961135149002075
1300155  0.08898167312145233
1300139  0.0870860368013382
1300091  0.08578317612409592
1100052  0.08382046222686768
1300156  0.08319409191608429
1300161  0.07956919819116592
1300162  0.07652613520622253
1300154  0.07329061627388
1300056  0.07227752357721329
1300157  0.07214313000440598
1200048  0.07103817909955978
1200047  0.07000627368688583
1300090  0.06943905353546143
1300115  0.06941700726747513
1300041  0.06902024894952774
1100045  0.06872880458831787
1300040  0.067591093480587
1300107  0.06339927762746811
1100043  0.06312454491853714
1300042  0.06287508457899094
1200071  0.06107350438833237
1300111  0.060126811265945435
1300114  0.058733019977808
1100044  0.050219547003507614
1300089  0.04948730394244194
1000030  0.015017527155578136
1000069  0.014608948491513729
