1101252  0.04588371142745018
1100755  0.04525833576917648
1100753  0.0438811257481575
1100752  0.04289049655199051
1100765  0.042517825961112976
1100751  0.04169353097677231
1101240  0.041643690317869186
1100754  0.04058409482240677
1100760  0.0404757596552372
1101241  0.03873700276017189
1100756  0.03859488293528557
1101243  0.037745535373687744
1101239  0.03771622106432915
1101247  0.03655696287751198
1101242  0.036470893770456314
1101244  0.034809332340955734
1101233  0.034134287387132645
1101236  0.03321836143732071
1101231  0.03185443580150604
1100757  0.03131500631570816
2200051  0.030003966763615608
1101238  0.029423866420984268
2400083  0.0290005374699831
1100726  0.028700808063149452
1101232  0.027844035997986794
2100144  0.02713961713016033
1100747  0.02672003209590912
1101283  0.026220383122563362
1600176  0.025881299749016762
2400084  0.025639209896326065
1900071  0.02509772591292858
1100779  0.024936461821198463
2500084  0.024636223912239075
2700221  0.024539491161704063
1100742  0.024504462257027626
2700259  0.024347707629203796
1600190  0.024236705154180527
1300118  0.024235067889094353
2700131  0.02421712502837181
1300328  0.02407054416835308
2600080  0.023845631629228592
1800077  0.023736028000712395
2700067  0.023690612986683846
2100064  0.023650197312235832
2700101  0.023605767637491226
1600196  0.023504767566919327
1300121  0.023355728015303612
2700098  0.023317310959100723
2600065  0.02331584505736828
2500116  0.0233070719987154
1300298  0.023267464712262154
2500216  0.02316904254257679
1101213  0.023105958476662636
2100114  0.023084096610546112
2500089  0.02306492067873478
2300055  0.022958343848586082
2600095  0.022805524989962578
2400092  0.02275857888162136
2500099  0.02272677794098854
1100746  0.022629357874393463
1300329  0.022482257336378098
2600079  0.02240920625627041
2100097  0.02240348793566227
2500073  0.02238425426185131
2700220  0.022347986698150635
1100750  0.02233673818409443
1900083  0.02227604202926159
1800076  0.022259270772337914
1300315  0.02220275066792965
1100745  0.022196106612682343
2700100  0.022171389311552048
2400078  0.022027218714356422
2700244  0.021999435499310493
2700333  0.02199249528348446
1500066  0.021932577714323997
1800073  0.021930599585175514
2500088  0.021844008937478065
2600163  0.021749135106801987
2400128  0.021723933517932892
1800078  0.021710515022277832
2600178  0.02166151814162731
2100127  0.02156657539308071
1900084  0.021456876769661903
2600189  0.021437177434563637
1300114  0.021259775385260582
1300104  0.021240269765257835
2700216  0.02123061567544937
2100142  0.021156754344701767
2100112  0.02110399678349495
2700223  0.021039709448814392
2600064  0.02103848196566105
2700222  0.021006621420383453
2500229  0.021003704518079758
2400101  0.020997729152441025
1600177  0.020978402346372604
1600189  0.020903896540403366
2600162  0.020870637148618698
1300120  0.02065395750105381
2500173  0.020569726824760437
2100099  0.02056705392897129
1300336  0.020479299128055573
2500230  0.020460013300180435
2100129  0.020450448617339134
2500147  0.02043408900499344
2100098  0.02041793242096901
2700262  0.02040988951921463
2500075  0.020403960719704628
2400119  0.020267702639102936
2700102  0.020262092351913452
2600121  0.020225178450345993
2700260  0.020219851285219193
2500188  0.02021607756614685
2600094  0.020210113376379013
2400079  0.020119141787290573
1300117  0.020062042400240898
1300122  0.019963569939136505
2700099  0.019756516441702843
2100113  0.01972794160246849
1300105  0.019724737852811813
2500215  0.01968764327466488
2100143  0.01966644451022148
2100065  0.019639454782009125
1300318  0.019473684951663017
1101284  0.01938500441610813
1500067  0.01920265704393387
2600177  0.01902015320956707
2700256  0.019003862515091896
2400081  0.01885576918721199
2600135  0.018810946494340897
1900082  0.01862698420882225
2500074  0.018593622371554375
2400082  0.01857084408402443
2600120  0.01850486919283867
2400080  0.018279781565070152
2100128  0.01812095008790493
1800095  0.017975568771362305
2500174  0.01790027692914009
2600136  0.017726590856909752
2500113  0.017681321129202843
2500091  0.01736268401145935
1300119  0.017341675236821175
2500087  0.01715543121099472
1300316  0.01708931475877762
2500187  0.017049895599484444
1900070  0.01698136143386364
1300297  0.016846375539898872
1300113  0.016468552872538567
1100780  0.016190167516469955
1600096  0.015403810888528824
1800072  0.015366683714091778
1600098  0.014863822609186172
1600095  0.014505664817988873
2000091  0.014258008450269699
2000093  0.01419371459633112
1700065  0.0140002416446805
1000049  0.013762952759861946
1600097  0.01364900078624487
2000088  0.013578169979155064
1700064  0.01319835614413023
2000087  0.01315801776945591
1700063  0.012139041908085346
2000092  0.01158729288727045
