2700050  0.7185894250869751
2700054  0.7185894250869751
2700057  0.7185894250869751
2800048  0.7185894250869751
2800049  0.7185894250869751
2800050  0.7185894250869751
2800051  0.7185894250869751
2800052  0.7185894250869751
2800056  0.7185894250869751
2800057  0.7185894250869751
2800058  0.7185894250869751
2800059  0.7185894250869751
2800060  0.7185894250869751
2800061  0.7185894250869751
2800062  0.7185894250869751
2800063  0.7185894250869751
2800064  0.7185894250869751
3300047  0.7185894250869751
3300050  0.7185894250869751
3300051  0.7185894250869751
3300052  0.7185894250869751
3300053  0.7185894250869751
3500048  0.7185894250869751
3500052  0.7185894250869751
3500056  0.7185894250869751
3500057  0.7185894250869751
3500067  0.7185894250869751
3500068  0.7185894250869751
3500072  0.7185894250869751
3500076  0.7185894250869751
3500080  0.7185894250869751
3500081  0.7185894250869751
3800050  0.7185894250869751
3800051  0.7185894250869751
3800066  0.7185894250869751
3800070  0.7185894250869751
5100048  0.7185894250869751
5100050  0.7185894250869751
5100053  0.7185894250869751
5100054  0.7185894250869751
5100059  0.7185894250869751
5100063  0.7185894250869751
5100068  0.7185894250869751
7800048  0.7185894250869751
7800054  0.7185894250869751
7900051  0.7185894250869751
7900052  0.7185894250869751
7900061  0.7185894250869751
7900062  0.7185894250869751
7900063  0.7185894250869751
7900068  0.7185894250869751
7900070  0.7185894250869751
7900076  0.7185894250869751
7900082  0.7185894250869751
7900083  0.7185894250869751
7900086  0.7185894250869751
7900087  0.7185894250869751
7900088  0.7185894250869751
7900103  0.7185894250869751
7900107  0.7185894250869751
9000066  0.7185894250869751
9000067  0.7185894250869751
11000066  0.7185894250869751
11200049  0.7185894250869751
11200053  0.7185894250869751
11200055  0.7185894250869751
11200059  0.7185894250869751
11200063  0.7185894250869751
11200064  0.7185894250869751
11200066  0.7185894250869751
11300052  0.7185894250869751
11300060  0.7185894250869751
11600054  0.7185894250869751
11600055  0.7185894250869751
11600056  0.7185894250869751
11600057  0.7185894250869751
11600059  0.7185894250869751
11600062  0.7185894250869751
11600064  0.7185894250869751
11600071  0.7185894250869751
11600072  0.7185894250869751
11600073  0.7185894250869751
11600074  0.7185894250869751
11600075  0.7185894250869751
11600079  0.7185894250869751
11600091  0.7185894250869751
11600109  0.7185894250869751
12100049  0.7185894250869751
12100050  0.7185894250869751
12100051  0.7185894250869751
12100053  0.7185894250869751
12100058  0.7185894250869751
12100061  0.7185894250869751
12100064  0.7185894250869751
12100068  0.7185894250869751
12100075  0.7185894250869751
12100076  0.7185894250869751
12100077  0.7185894250869751
12100078  0.7185894250869751
12100079  0.7185894250869751
12100084  0.7185894250869751
12100085  0.7185894250869751
12100086  0.7185894250869751
12100089  0.7185894250869751
12100093  0.7185894250869751
12100111  0.7185894250869751
12100112  0.7185894250869751
12100113  0.7185894250869751
12100117  0.7185894250869751
12100118  0.7185894250869751
12100119  0.7185894250869751
12100120  0.7185894250869751
12900100  0.7185894250869751
12900105  0.7185894250869751
13200059  0.7185894250869751
13200061  0.7185894250869751
13200065  0.7185894250869751
13200068  0.7185894250869751
13300050  0.7185894250869751
13700048  0.7185894250869751
13700056  0.7185894250869751
13700092  0.7185894250869751
13700104  0.7185894250869751
13700105  0.7185894250869751
13700106  0.7185894250869751
13800053  0.7185894250869751
13800054  0.7185894250869751
13800134  0.7185894250869751
13800135  0.7185894250869751
13800136  0.7185894250869751
13900049  0.7185894250869751
13900052  0.7185894250869751
13900054  0.7185894250869751
13900056  0.7185894250869751
13900060  0.7185894250869751
14300055  0.7185894250869751
14300062  0.7185894250869751
14300064  0.7185894250869751
14300067  0.7185894250869751
14300069  0.7185894250869751
14300075  0.7185894250869751
14300076  0.7185894250869751
14300077  0.7185894250869751
14300079  0.7185894250869751
14300080  0.7185894250869751
14300083  0.7185894250869751
14300086  0.7185894250869751
14300087  0.7185894250869751
14300091  0.7185894250869751
14300098  0.7185894250869751
14300099  0.7185894250869751
14400060  0.7185894250869751
14900047  0.7185894250869751
15100051  0.7185894250869751
15100059  0.7185894250869751
15100069  0.7185894250869751
15100070  0.7185894250869751
15100074  0.7185894250869751
15100075  0.7185894250869751
15100114  0.7185894250869751
15100116  0.7185894250869751
15100119  0.7185894250869751
15400053  0.7185894250869751
15400054  0.7185894250869751
15400055  0.7185894250869751
15400056  0.7185894250869751
15400057  0.7185894250869751
15400058  0.7185894250869751
15400059  0.7185894250869751
15400060  0.7185894250869751
15400061  0.7185894250869751
15400066  0.7185894250869751
15400067  0.7185894250869751
15400070  0.7185894250869751
15400072  0.7185894250869751
15400076  0.7185894250869751
15400078  0.7185894250869751
15400079  0.7185894250869751
15400080  0.7185894250869751
15400081  0.7185894250869751
15400082  0.7185894250869751
15400086  0.7185894250869751
15400090  0.7185894250869751
15400094  0.7185894250869751
15400147  0.7185894250869751
15400148  0.7185894250869751
15400155  0.7185894250869751
15400159  0.7185894250869751
15400175  0.7185894250869751
15400176  0.7185894250869751
15400183  0.7185894250869751
15400203  0.7185894250869751
15400207  0.7185894250869751
15400239  0.7185894250869751
15400240  0.7185894250869751
15500081  0.7185894250869751
15500085  0.7185894250869751
15500086  0.7185894250869751
15500087  0.7185894250869751
15500088  0.7185894250869751
15500090  0.7185894250869751
15500093  0.7185894250869751
15500094  0.7185894250869751
15500095  0.7185894250869751
15500096  0.7185894250869751
15500097  0.7185894250869751
15500098  0.7185894250869751
15500099  0.7185894250869751
15500100  0.7185894250869751
15500102  0.7185894250869751
15500106  0.7185894250869751
15500107  0.7185894250869751
15500111  0.7185894250869751
15600057  0.7185894250869751
15800073  0.7185894250869751
16000095  0.7185894250869751
16000221  0.7185894250869751
16000717  0.7185894250869751
16400621  0.7185894250869751
16400632  0.7185894250869751
16400664  0.7185894250869751
16400677  0.7185894250869751
16400711  0.7185894250869751
16400722  0.7185894250869751
16400741  0.7185894250869751
16400827  0.7185894250869751
16400994  0.7185894250869751
16401558  0.7185894250869751
3800047  0.5591027140617371
13800039  0.19427713751792908
2800039  0.1920412927865982
7900033  0.18877242505550385
11600033  0.18869277834892273
14300039  0.18864978849887848
14000032  0.1877870410680771
13800033  0.18752068281173706
11500032  0.18544355034828186
2800038  0.18542931973934174
13700033  0.1851413995027542
3300038  0.18468725681304932
13800034  0.18459026515483856
14300038  0.18428155779838562
2500033  0.18397273123264313
13900036  0.1839268058538437
2400037  0.18389420211315155
14200033  0.18388625979423523
11300034  0.1835486739873886
13900037  0.18324266374111176
3300034  0.18319803476333618
13800038  0.18305715918540955
11600036  0.18281696736812592
3300033  0.18276667594909668
13200034  0.182730570435524
14400038  0.18270307779312134
14200035  0.18268923461437225
2800037  0.1826140284538269
11200032  0.18207599222660065
3300037  0.1820090413093567
4400037  0.18200375139713287
13700036  0.18198063969612122
11600037  0.18188157677650452
3300032  0.18181118369102478
14300033  0.1817663311958313
12900038  0.1817384511232376
10500034  0.18166039884090424
11600032  0.18163388967514038
3800038  0.1814149022102356
11300036  0.1814136654138565
11300035  0.18122994899749756
9300034  0.18107976019382477
12100037  0.18085446953773499
11300037  0.18071620166301727
11600038  0.1805412769317627
7900032  0.18031267821788788
13200036  0.17997682094573975
2800036  0.17995446920394897
5100034  0.17992661893367767
13200035  0.1799170821905136
3300035  0.1798740029335022
13900035  0.17974765598773956
7100035  0.17950864136219025
2800035  0.17946001887321472
13700037  0.17827168107032776
14300034  0.17735370993614197
7900034  0.17692257463932037
2800034  0.1761152595281601
7100021  0.1226913258433342
7900021  0.12105360627174377
7900018  0.11966931074857712
9400017  0.11853774636983871
8200018  0.11683975160121918
8800018  0.11674410104751587
4400021  0.11646584421396255
5100021  0.11619634181261063
10200018  0.11609756201505661
9300018  0.1157999187707901
7800018  0.11579779535531998
12100021  0.11547953635454178
10500020  0.11485280096530914
6900018  0.11479467153549194
8900018  0.11458452045917511
3900018  0.11457778513431549
2100020  0.11456061154603958
3800019  0.11453548073768616
11900020  0.11453035473823547
10500018  0.11446431279182434
11300019  0.11443724483251572
8800020  0.1144370585680008
7100020  0.11431694030761719
2700021  0.11428409814834595
2500020  0.1140335276722908
10200021  0.11401432752609253
8900019  0.11395944654941559
2100018  0.11391685158014297
2000019  0.11391369253396988
3300018  0.11387412995100021
2400018  0.11373192071914673
11600020  0.11366859823465347
6800018  0.11342126876115799
3800020  0.11322735249996185
8800021  0.11299867928028107
11500020  0.11260630935430527
4500018  0.11253751069307327
8200021  0.11251360923051834
9300019  0.11250206083059311
2500021  0.11244580149650574
4200019  0.11243413388729095
11000020  0.11220768839120865
7900019  0.11215659230947495
11100019  0.11193538457155228
11000021  0.11192374676465988
4400019  0.11159021407365799
10500019  0.11152338981628418
10200019  0.11126119643449783
4400020  0.11112147569656372
11400020  0.1110810711979866
6900019  0.11107438057661057
2700020  0.11098030209541321
2000018  0.11097843945026398
8200019  0.11081358790397644
11000019  0.10965083539485931
3300019  0.10949713736772537
7800019  0.10739167034626007
6800027  0.10567956417798996
6800021  0.10463987290859222
10200023  0.10407692939043045
13300027  0.10385773330926895
8800023  0.10329008847475052
2800022  0.10255841165781021
12900022  0.10200349986553192
11600026  0.10191419720649719
6800025  0.10172528773546219
4400023  0.10167129337787628
13300026  0.10162006318569183
4500022  0.10156229138374329
11300026  0.10138504207134247
8200027  0.10114531219005585
6800026  0.10108805447816849
7100024  0.10108229517936707
10500023  0.10105925053358078
11900027  0.10104118287563324
11300023  0.10096128284931183
12100023  0.10093957930803299
3800022  0.10083404183387756
8800026  0.10078620910644531
10200022  0.10072124004364014
4400022  0.10071530193090439
13300025  0.1007038950920105
2700024  0.10069489479064941
6800022  0.10067985206842422
2100024  0.10064932703971863
11000022  0.1006239503622055
8200026  0.10061977058649063
13800026  0.10060287266969681
13700026  0.10055273026227951
4400026  0.10014939308166504
7800024  0.09994865953922272
8800022  0.09991883486509323
5100022  0.09982997924089432
13900026  0.09982096403837204
13200023  0.09979560971260071
7100023  0.09975656867027283
11400026  0.09974787384271622
4400025  0.09970352798700333
10500024  0.09945926070213318
4400024  0.0994412824511528
3800026  0.09936610609292984
11600024  0.09933967888355255
13200024  0.0992794930934906
11200024  0.0992545336484909
11400025  0.09922492504119873
13300024  0.09891285747289658
7800025  0.09885400533676147
2400025  0.0987914428114891
12900024  0.0986698716878891
8200023  0.09851249307394028
7900025  0.09840668737888336
11100024  0.09686020761728287
11400024  0.09661213308572769
9300017  0.08944451808929443
13700027  0.07185623794794083
11600047  0.0694023072719574
2800047  0.06886037439107895
5100041  0.0681622251868248
12900039  0.06811434030532837
13200041  0.06737718731164932
5100047  0.06730934977531433
2800040  0.06704538315534592
13900039  0.06696738302707672
11200040  0.06680469959974289
12900043  0.06655251234769821
11300045  0.06654366850852966
13200045  0.06640744209289551
4400041  0.06631746888160706
2800046  0.06629869341850281
11400040  0.06628043949604034
14300041  0.06623263657093048
13200040  0.06619830429553986
13200047  0.06618756055831909
11600046  0.06617354601621628
12100044  0.06600465625524521
13200046  0.06595900654792786
5100040  0.06592047214508057
2800041  0.06591859459877014
2700046  0.06587152928113937
14300040  0.0658184289932251
7800040  0.06575639545917511
2800045  0.06573592871427536
3800046  0.06569820642471313
11400041  0.06564812362194061
12900044  0.06562618166208267
11600041  0.06561627238988876
11600045  0.06556866317987442
7800041  0.06553797423839569
11600042  0.06552860140800476
3300044  0.06547142565250397
3300039  0.06538615375757217
13900042  0.06533239781856537
11300044  0.06531242281198502
13800043  0.0652061402797699
3800043  0.06519224494695663
14500039  0.06513580679893494
7800047  0.06511390209197998
13900046  0.0650918036699295
14700043  0.0650639533996582
14300043  0.06501495838165283
13700044  0.06496792286634445
13900043  0.06491154432296753
3800042  0.06485775858163834
11200044  0.06483148783445358
5100043  0.06472545862197876
14900044  0.0643659383058548
13200043  0.06428956985473633
4400044  0.06413063406944275
12900042  0.0641254186630249
2400041  0.06408130377531052
14300042  0.06360309571027756
13900041  0.06355495750904083
4400032  0.05390121787786484
11600027  0.0371718555688858
13900032  0.037139903753995895
2700028  0.03692695498466492
13300028  0.036749422550201416
8200032  0.036595139652490616
8800028  0.03657197952270508
11600031  0.03633515164256096
13200028  0.036211151629686356
13700028  0.03604569658637047
13900028  0.035958848893642426
12900031  0.03577609732747078
12100030  0.03575639799237251
7900028  0.03575590252876282
13200030  0.03574799373745918
13700029  0.035705432295799255
13200027  0.03569136559963226
4500027  0.03568839654326439
13300031  0.03564193472266197
4400031  0.03562448173761368
13900031  0.035563673824071884
2500032  0.03551250323653221
4500031  0.0355040617287159
2800030  0.03548644483089447
13200029  0.03544943407177925
11900028  0.035423580557107925
2800031  0.03542320802807808
11300031  0.035419344902038574
11200028  0.035395845770835876
7100030  0.03532293066382408
13800029  0.035322364419698715
2100027  0.03529348596930504
3300031  0.03524617478251457
7100031  0.03522069379687309
13800030  0.035207945853471756
11300028  0.035167910158634186
7100028  0.03515522927045822
11200030  0.03513799235224724
12900030  0.03513699024915695
3800027  0.03510615602135658
13900027  0.035075414925813675
9400028  0.03506229817867279
2700031  0.035053811967372894
11200031  0.03502761200070381
6800030  0.03498652204871178
2800029  0.03496821969747543
13300029  0.034949738532304764
13700031  0.03492541238665581
13800028  0.034881334751844406
13300030  0.03486061841249466
12100028  0.0348045751452446
11300029  0.034586742520332336
3300029  0.03450911119580269
3800030  0.034360870718955994
9300030  0.03428013250231743
7100029  0.033792901784181595
7900029  0.03339352458715439
8200017  0.02366269752383232
1300007  0.023359045386314392
3500012  0.023140916600823402
8900017  0.02310372330248356
2900011  0.022978171706199646
1400009  0.022897670045495033
3200015  0.0228229071944952
2900012  0.022805090993642807
8800017  0.022641858085989952
3300012  0.022634221240878105
3900013  0.022628091275691986
8200016  0.02252829447388649
2500011  0.0225156731903553
2500014  0.022511055693030357
1800011  0.02251100353896618
2000016  0.022486865520477295
5100016  0.022481802850961685
2400016  0.022430751472711563
4000013  0.02240828238427639
4200016  0.022390803322196007
5100017  0.02235247753560543
2700016  0.022347642108798027
6900015  0.022320155054330826
2700013  0.022302547469735146
2000013  0.022301943972706795
7900016  0.02229294925928116
3200012  0.02229255624115467
1800009  0.022250916808843613
3900014  0.022229766473174095
2700011  0.02221943438053131
7800016  0.022203579545021057
2000015  0.022171374410390854
7100015  0.022141674533486366
2400015  0.02212175540626049
2400017  0.022120550274848938
2000014  0.022115590050816536
4000015  0.02209402620792389
1800015  0.02209325321018696
5000016  0.022089915350079536
2500017  0.022033825516700745
3800013  0.022023500874638557
3800016  0.022018563002347946
2400011  0.02199045568704605
4200013  0.02198885567486286
1400012  0.021979792043566704
3300016  0.021969730034470558
3300017  0.021946892142295837
5100014  0.021945981308817863
3300015  0.021931277588009834
5000015  0.021902792155742645
2100010  0.021865179762244225
6800015  0.021831072866916656
3900015  0.021829167380928993
5000014  0.02178150601685047
4500013  0.02152632735669613
4400013  0.021339192986488342
2900013  0.021232929080724716
