1000268  0.39471539855003357
1000272  0.39471539855003357
1000273  0.39471539855003357
1100032  0.39471539855003357
1100054  0.39471539855003357
1100058  0.39471539855003357
1100059  0.39471539855003357
1100076  0.39471539855003357
1100079  0.39471539855003357
1100082  0.39471539855003357
1100083  0.39471539855003357
1100084  0.39471539855003357
1100085  0.39471539855003357
1100086  0.39471539855003357
1100094  0.39471539855003357
1100095  0.39471539855003357
1100108  0.39471539855003357
1100109  0.39471539855003357
1100110  0.39471539855003357
1100111  0.39471539855003357
1200052  0.39471539855003357
1200072  0.39471539855003357
1200094  0.39471539855003357
1200109  0.39471539855003357
1200124  0.39471539855003357
1200140  0.39471539855003357
1900035  0.39471539855003357
2000056  0.39471539855003357
2000057  0.39471539855003357
2000060  0.39471539855003357
2000062  0.39471539855003357
2100034  0.39471539855003357
2100036  0.39471539855003357
2200029  0.39471539855003357
2300034  0.39471539855003357
2300035  0.39471539855003357
2300138  0.39471539855003357
2300139  0.39471539855003357
2300147  0.39471539855003357
2300148  0.39471539855003357
2300349  0.39471539855003357
2300350  0.39471539855003357
2300358  0.39471539855003357
2300359  0.39471539855003357
2300370  0.39471539855003357
2300371  0.39471539855003357
2300377  0.39471539855003357
2300378  0.39471539855003357
2300386  0.39471539855003357
2300387  0.39471539855003357
2300395  0.39471539855003357
2300396  0.39471539855003357
2300408  0.39471539855003357
2300409  0.39471539855003357
2300417  0.39471539855003357
2300418  0.39471539855003357
2300419  0.39471539855003357
2300420  0.39471539855003357
2300422  0.39471539855003357
2400051  0.39471539855003357
2400052  0.39471539855003357
2400053  0.39471539855003357
2400054  0.39471539855003357
2400055  0.39471539855003357
2400085  0.39471539855003357
1700042  0.09092284739017487
1700041  0.08929961919784546
1600093  0.08775904029607773
1700040  0.08349879086017609
1600097  0.07919389009475708
1600323  0.07716047018766403
1600121  0.07701520621776581
1600117  0.07479561120271683
1600320  0.07456976175308228
1600113  0.071552574634552
1600109  0.0709652453660965
1600101  0.06984275579452515
1600105  0.06846991181373596
1600089  0.04415237158536911
1501746  0.04308535158634186
1600085  0.042334794998168945
1501747  0.04214923083782196
1501745  0.04177643731236458
1800030  0.04155198484659195
1501744  0.04001114144921303
1600081  0.040007367730140686
1700058  0.03988799825310707
1700043  0.039825957268476486
1400156  0.039738722145557404
1501763  0.03875993192195892
1700057  0.03705731779336929
1400160  0.036674123257398605
1700044  0.03605778142809868
1600077  0.03603501617908478
1501743  0.035579338669776917
1600073  0.03553541749715805
1501742  0.03544258698821068
1600069  0.03522465005517006
1700051  0.03487495332956314
1501740  0.03481174260377884
1501741  0.03444915637373924
1700052  0.03415769711136818
1700056  0.03401290252804756
1600065  0.033917807042598724
1600061  0.033831581473350525
1600049  0.03344901278614998
1501737  0.033123213797807693
1600057  0.03294378146529198
1400167  0.03271276876330376
1600053  0.03267838433384895
1700045  0.0325254388153553
1700048  0.032355714589357376
1400161  0.032186977565288544
1700047  0.03185870870947838
1500159  0.0315372459590435
1700049  0.03152010217308998
1700046  0.03121045045554638
1400150  0.029704753309488297
1400149  0.028747623786330223
1400145  0.027219267562031746
1200183  0.026862915605306625
1200206  0.024568647146224976
1300042  0.024536900222301483
1300041  0.024283094331622124
1300040  0.02416945993900299
1200266  0.023289797827601433
1200217  0.02269251085817814
1200556  0.02263467386364937
1200233  0.02185031957924366
1200250  0.021753519773483276
