1000570  inf
1000571  inf
1000575  inf
1000591  inf
1000593  inf
1000573  16.0
1000594  16.0
1000595  16.0
1000509  12.5
1000621  12.5
1000624  12.5
1000625  12.5
1000626  12.5
1000643  12.5
1000646  12.5
1000492  8.0
1000496  8.0
1000497  8.0
1000451  6.25
1000454  6.25
1000458  6.25
1000459  6.25
1000460  6.25
1000461  6.25
1000466  6.25
1000476  6.25
1000480  6.25
1000481  6.25
1000485  6.25
1000486  6.25
1000488  5.333333333333333
1000489  5.333333333333333
1100257  5.0
1100260  5.0
1100261  5.0
1100262  5.0
1000494  4.5
1100181  4.166666666666667
1000034  0.3048780487804878
1000036  0.3048780487804878
1000038  0.3048780487804878
1000040  0.3048780487804878
1000042  0.3048780487804878
1000044  0.3048780487804878
1000046  0.3048780487804878
1000048  0.3048780487804878
1000050  0.3048780487804878
1000052  0.3048780487804878
1000054  0.3048780487804878
1000056  0.3048780487804878
1000058  0.3048780487804878
1000060  0.3048780487804878
1000062  0.3048780487804878
1000064  0.3048780487804878
1000066  0.3048780487804878
1000068  0.3048780487804878
