1000374  0.4683263897895813
1000365  0.46673303842544556
1000375  0.4436352849006653
1000361  0.43764737248420715
1000376  0.43357178568840027
1000377  0.42535069584846497
1000258  0.41967976093292236
1000364  0.41411104798316956
1000349  0.4104512333869934
1000327  0.39125728607177734
1000487  0.3803063929080963
1000411  0.3787391185760498
1000350  0.3725772500038147
1000472  0.3711579144001007
1000337  0.3705083429813385
1000321  0.3544878363609314
1000423  0.354375422000885
1000338  0.35237547755241394
1000422  0.3489544093608856
1000324  0.34879347681999207
1000412  0.3485703766345978
1000473  0.34829261898994446
1000399  0.3439474105834961
1000328  0.34344813227653503
1000340  0.34302929043769836
1000420  0.3393901288509369
1000339  0.3352639675140381
1000059  0.33344224095344543
1000427  0.332596093416214
1000415  0.3321389853954315
1000476  0.32840630412101746
1000526  0.3277936577796936
1000400  0.3275935649871826
1000419  0.3274043798446655
1000413  0.32637467980384827
1000110  0.3226943612098694
1000067  0.3199774920940399
1000536  0.31861212849617004
1000527  0.317356675863266
1000292  0.3167286217212677
1000471  0.316336989402771
1000113  0.3154332637786865
1000401  0.31532078981399536
1000418  0.3133973181247711
1000237  0.307604044675827
1000112  0.305257648229599
1000283  0.29660508036613464
1000058  0.29608193039894104
1000508  0.28810006380081177
1000098  0.2875138819217682
1000249  0.28411057591438293
1000513  0.28311529755592346
1000541  0.280575692653656
1000522  0.2762080132961273
1000248  0.2743416726589203
1000540  0.26969385147094727
1000250  0.26961567997932434
1000512  0.2689964175224304
1000284  0.2624911665916443
1000111  0.2601526081562042
1000114  0.2558639645576477
1000097  0.24909129738807678
1000068  0.22821137309074402
