1600416  0.17839621007442474
1600417  0.17839621007442474
1600419  0.17839621007442474
1600420  0.17839621007442474
1600424  0.17839621007442474
1600427  0.17839621007442474
1600430  0.17839621007442474
1600431  0.17839621007442474
1600432  0.17839621007442474
1600444  0.17839621007442474
1600447  0.17839621007442474
1600449  0.17839621007442474
1600459  0.17839621007442474
1600461  0.17839621007442474
1600463  0.17839621007442474
1600467  0.17839621007442474
1600470  0.17839621007442474
1600474  0.17839621007442474
1600515  0.17839621007442474
1600516  0.17839621007442474
1600518  0.17839621007442474
1600519  0.17839621007442474
1600530  0.17839621007442474
1600532  0.17839621007442474
1600533  0.17839621007442474
1600543  0.17839621007442474
1600545  0.17839621007442474
1600546  0.17839621007442474
1600549  0.17839621007442474
1600605  0.17839621007442474
1600619  0.17839621007442474
1600632  0.17839621007442474
1600633  0.17839621007442474
1600634  0.17839621007442474
1600636  0.17839621007442474
1600637  0.17839621007442474
1600640  0.17839621007442474
1600641  0.17839621007442474
1600642  0.17839621007442474
1600644  0.17839621007442474
1600645  0.17839621007442474
1600646  0.17839621007442474
1600647  0.17839621007442474
1600648  0.17839621007442474
1600649  0.17839621007442474
3600095  0.17839621007442474
3600098  0.17839621007442474
3600110  0.17839621007442474
3600119  0.17839621007442474
3600183  0.17839621007442474
3600184  0.17839621007442474
3600187  0.17839621007442474
3600188  0.17839621007442474
3600192  0.17839621007442474
3600193  0.17839621007442474
3600194  0.17839621007442474
3600195  0.17839621007442474
3600196  0.17839621007442474
3600200  0.17839621007442474
3600201  0.17839621007442474
3600202  0.17839621007442474
3600203  0.17839621007442474
3600204  0.17839621007442474
3600205  0.17839621007442474
3600209  0.17839621007442474
3701341  0.17839621007442474
3701342  0.17839621007442474
3701343  0.17839621007442474
3701344  0.17839621007442474
3701347  0.17839621007442474
3701348  0.17839621007442474
3701349  0.17839621007442474
3701350  0.17839621007442474
3701351  0.17839621007442474
3701353  0.17839621007442474
3701354  0.17839621007442474
3701355  0.17839621007442474
3701356  0.17839621007442474
3701359  0.17839621007442474
3701360  0.17839621007442474
3701364  0.17839621007442474
3701367  0.17839621007442474
3701370  0.17839621007442474
3701371  0.17839621007442474
3701500  0.17839621007442474
3701501  0.17839621007442474
3701502  0.17839621007442474
3701503  0.17839621007442474
3701504  0.17839621007442474
3701505  0.17839621007442474
3701506  0.17839621007442474
5202123  0.17839621007442474
5202124  0.17839621007442474
5202125  0.17839621007442474
5202128  0.17839621007442474
5202132  0.17839621007442474
5202133  0.17839621007442474
5202134  0.17839621007442474
5202278  0.17839621007442474
5202281  0.17839621007442474
5202301  0.17839621007442474
5202306  0.17839621007442474
5202307  0.17839621007442474
5202308  0.17839621007442474
5202309  0.17839621007442474
5202310  0.17839621007442474
5202315  0.17839621007442474
5202316  0.17839621007442474
5202330  0.17839621007442474
5202337  0.17839621007442474
5202338  0.17839621007442474
5202341  0.17839621007442474
5202342  0.17839621007442474
5202343  0.17839621007442474
5202349  0.17839621007442474
5202354  0.17839621007442474
5202355  0.17839621007442474
5202356  0.17839621007442474
5202357  0.17839621007442474
5202358  0.17839621007442474
5202367  0.17839621007442474
5202368  0.17839621007442474
5202370  0.17839621007442474
5202375  0.17839621007442474
5202376  0.17839621007442474
5202379  0.17839621007442474
5202380  0.17839621007442474
5202381  0.17839621007442474
5202385  0.17839621007442474
5202386  0.17839621007442474
5202444  0.17839621007442474
5202445  0.17839621007442474
5202453  0.17839621007442474
5202454  0.17839621007442474
5202455  0.17839621007442474
5202456  0.17839621007442474
5202457  0.17839621007442474
5202460  0.17839621007442474
5202462  0.17839621007442474
5700073  0.17839621007442474
5700120  0.17839621007442474
5700121  0.17839621007442474
5700122  0.17839621007442474
5700123  0.17839621007442474
5700124  0.17839621007442474
5700125  0.17839621007442474
5700126  0.17839621007442474
5700127  0.17839621007442474
5700128  0.17839621007442474
5700195  0.17839621007442474
5700196  0.17839621007442474
5700197  0.17839621007442474
5700345  0.17839621007442474
5700346  0.17839621007442474
5700347  0.17839621007442474
5700351  0.17839621007442474
5700352  0.17839621007442474
5700363  0.17839621007442474
5700365  0.17839621007442474
5700368  0.17839621007442474
5700369  0.17839621007442474
5700378  0.17839621007442474
5700380  0.17839621007442474
5700381  0.17839621007442474
5700394  0.17839621007442474
5700416  0.17839621007442474
5700419  0.17839621007442474
5700427  0.17839621007442474
6200031  0.17839621007442474
6200050  0.17839621007442474
6200062  0.17839621007442474
6200063  0.17839621007442474
6200064  0.17839621007442474
6200066  0.17839621007442474
6200067  0.17839621007442474
6200068  0.17839621007442474
6200074  0.17839621007442474
6200075  0.17839621007442474
6200077  0.17839621007442474
6200078  0.17839621007442474
6200092  0.17839621007442474
6200352  0.17839621007442474
6200353  0.17839621007442474
1600671  0.13972169160842896
3100174  0.10233555734157562
3100155  0.10219711065292358
3100147  0.10169211775064468
3100150  0.10101331770420074
3100154  0.10058414936065674
3100152  0.09994331747293472
3100153  0.0998791754245758
3100142  0.09941128641366959
3100118  0.09888215363025665
3100145  0.09846479445695877
3100140  0.09754765778779984
3000510  0.09738821536302567
3100141  0.09737809747457504
3100114  0.09721018373966217
3100111  0.09690814465284348
3100083  0.09677987545728683
3100082  0.09662468731403351
3000509  0.09658785164356232
3000482  0.09651626646518707
3100121  0.09644350409507751
3100117  0.09638828039169312
2200066  0.09624233096837997
2200119  0.09598397463560104
2200120  0.09538014978170395
3100136  0.09520617872476578
3100110  0.09508942812681198
1600672  0.09507857263088226
3100107  0.09500177204608917
2200070  0.09494802355766296
2200123  0.09493853896856308
3000505  0.09483549743890762
3100106  0.094831183552742
3100123  0.09481693804264069
3100115  0.09460382908582687
2300524  0.09421824663877487
3000504  0.09385989606380463
3000511  0.09379563480615616
3100124  0.09343218803405762
1600676  0.09289044886827469
1600707  0.09285888820886612
2200064  0.092561736702919
3000513  0.09255415201187134
3000515  0.09194909781217575
3000512  0.09175177663564682
3000514  0.09144404530525208
3100196  0.08933960646390915
5202122  0.0880303606390953
1600366  0.08078816533088684
3500040  0.053236670792102814
3500037  0.05311350151896477
3400042  0.0530996173620224
3500099  0.05309705436229706
3500039  0.052789170295000076
3400041  0.05242699757218361
3400088  0.052156705409288406
3400089  0.052039142698049545
3201176  0.051881108433008194
3400039  0.05162540450692177
3400040  0.05158668011426926
3400038  0.051526520401239395
3100274  0.051126010715961456
3100252  0.05100156366825104
3201166  0.05090450122952461
3201177  0.050760842859745026
3100284  0.050758492201566696
3100275  0.05058230832219124
3100240  0.05049976333975792
3100289  0.05026674270629883
3100263  0.05014241114258766
3100282  0.05011149123311043
3100276  0.050077203661203384
3100199  0.050060853362083435
3100287  0.05005192011594772
3201178  0.050007496029138565
3100227  0.050006672739982605
3100281  0.04985194280743599
3100224  0.04982994124293327
3100228  0.049735695123672485
3100214  0.049731068313121796
3100253  0.04969369247555733
3100277  0.04962567985057831
3100237  0.049605004489421844
3201180  0.04958350583910942
3100226  0.0494023822247982
3100236  0.049054183065891266
3100229  0.048930343240499496
3100205  0.048848956823349
3100255  0.048707228153944016
5202121  0.04870319366455078
3100260  0.04868854209780693
3100200  0.04862126708030701
3201179  0.04861220344901085
4701179  0.048492077738046646
4701165  0.04846762865781784
3100201  0.04842951148748398
3100258  0.048352304846048355
4701166  0.048312027007341385
4701176  0.04827231168746948
3100262  0.04823838174343109
4701169  0.04797510802745819
4701175  0.04739934206008911
4701158  0.047209106385707855
4701161  0.04696056246757507
4701141  0.046806447207927704
4701154  0.04680074378848076
4700114  0.046760644763708115
4700105  0.046657536178827286
4700086  0.04661152511835098
4701091  0.04659605398774147
4700115  0.04656834527850151
4700378  0.04641742631793022
4701140  0.04641472175717354
4701142  0.04638916254043579
4701147  0.04633714258670807
4700112  0.04608074948191643
4701138  0.045860160142183304
4700374  0.04576407000422478
4200749  0.0457574687898159
4701146  0.0457482673227787
4100941  0.0457223579287529
4200748  0.04564473405480385
4200747  0.04563901200890541
4200750  0.04557335376739502
4700376  0.04557279124855995
4701143  0.0455622561275959
4200751  0.04545798525214195
4700085  0.04543643444776535
4700377  0.04538176208734512
1600148  0.0450969822704792
4200740  0.04503894969820976
1600144  0.04497135803103447
1600139  0.04494388774037361
4100947  0.044876959174871445
1600149  0.04485880210995674
4700106  0.044844552874565125
4700107  0.04479864239692688
4100942  0.04477900639176369
4701145  0.044738445430994034
4700084  0.04471582919359207
1600138  0.04460005462169647
1100039  0.044509053230285645
1600142  0.04448331892490387
4700111  0.04441991448402405
4700110  0.04426626116037369
1600134  0.04411531612277031
1600695  0.044114481657743454
4100944  0.04411272332072258
3701372  0.04401632025837898
1600143  0.044000737369060516
4700108  0.043976493179798126
1300063  0.04397067800164223
1600137  0.04395829886198044
1100059  0.04383247718214989
1600136  0.04382515326142311
1600135  0.04378794878721237
1100058  0.04366502910852432
1600094  0.04345747083425522
1600694  0.04345571622252464
1600690  0.04344996064901352
1100051  0.04340606555342674
1100054  0.04327724128961563
1500055  0.04325217008590698
1400605  0.04323756694793701
1600691  0.04319716617465019
1100053  0.043173059821128845
1100285  0.04315386712551117
1100041  0.04303699731826782
1500054  0.0430198572576046
1400610  0.04297256097197533
1100050  0.042917635291814804
1400607  0.04287987947463989
1100057  0.04286644607782364
1600118  0.042810071259737015
1600116  0.042779743671417236
1100056  0.042731188237667084
1100052  0.042553674429655075
1600117  0.04252345487475395
1100055  0.04250754043459892
1100049  0.04244929552078247
1100063  0.04242531582713127
1100048  0.042361561208963394
1100060  0.04227288439869881
1100282  0.042211148887872696
1100067  0.04220069944858551
1100066  0.04198913276195526
1100047  0.0419209748506546
4100940  0.04013499245047569
4100926  0.030037345364689827
4100929  0.02986614964902401
4100745  0.02977965958416462
4100925  0.029708731919527054
4100744  0.029647313058376312
4100746  0.029460912570357323
4100260  0.0291456151753664
4100747  0.02912282757461071
4100116  0.029102535918354988
4100742  0.02907157875597477
4100743  0.029041416943073273
4100109  0.028963077813386917
4100134  0.02892524190247059
4100131  0.02883748896420002
3800071  0.028775490820407867
4100135  0.028771312907338142
4100740  0.028745967894792557
4100133  0.02869270369410515
4100117  0.028555460274219513
3800045  0.02845415100455284
4100130  0.028426945209503174
3800089  0.02842003107070923
4100128  0.028411652892827988
3701375  0.028406532481312752
3800039  0.028316712006926537
3800048  0.02823113650083542
4100115  0.028198299929499626
4100132  0.02817574143409729
3800042  0.02811588905751705
3800062  0.028090674430131912
4100257  0.027990246191620827
3800068  0.027954095974564552
4100136  0.027906451374292374
4100129  0.02788427844643593
4100110  0.02785487286746502
3800061  0.02783951722085476
4100118  0.02780398167669773
3800084  0.02778433822095394
4100137  0.027779340744018555
4100114  0.02759464643895626
4100112  0.027546200901269913
3800088  0.027514347806572914
4100113  0.02743321657180786
4100111  0.027416691184043884
3800087  0.027238238602876663
1600154  0.021801814436912537
1600365  0.01831488125026226
1600364  0.018312746658921242
1600358  0.018136387690901756
1600361  0.01811324618756771
1600357  0.018089745193719864
1600359  0.01805807091295719
1600353  0.017718670889735222
1600269  0.017716629430651665
1600360  0.017716165632009506
1600221  0.017714904621243477
1600350  0.01770675741136074
1600354  0.017691172659397125
1600211  0.017621228471398354
1600284  0.01761278696358204
1600267  0.017558546736836433
1600263  0.017486128956079483
1600208  0.017403431236743927
1600155  0.017351452261209488
1600261  0.017314158380031586
1600265  0.01730869710445404
1600255  0.01722780242562294
1600179  0.017207438126206398
1600264  0.017184631898999214
1600283  0.017130611464381218
1600183  0.017120884731411934
1600220  0.01711863838136196
1600256  0.017101861536502838
1600176  0.017086191102862358
1600258  0.01700323261320591
1600182  0.016996953636407852
1600175  0.016985086724162102
1600184  0.016962220892310143
1600212  0.01694394275546074
1600205  0.016924923285841942
1600162  0.016887277364730835
1600272  0.01687195897102356
1600259  0.01686803624033928
1600185  0.01686139404773712
1600273  0.016854645684361458
1600216  0.016722412779927254
1600215  0.016694368794560432
1600217  0.016662772744894028
1600160  0.0165873896330595
1600213  0.016576776280999184
1600158  0.016558339819312096
