1600283  inf
1600284  inf
1600255  384.4
1600258  384.4
1600261  384.4
1600263  384.4
1600264  384.4
1600269  384.4
1600272  384.4
1600273  384.4
1600267  240.28571428571428
1600350  207.36
1600353  207.36
1600354  207.36
1600357  207.36
1600358  207.36
1600364  207.36
1600365  207.36
1600366  207.36
1600632  199.3846153846154
1600633  199.3846153846154
1600640  199.3846153846154
1600641  199.3846153846154
1600642  199.3846153846154
1600644  199.3846153846154
1600645  199.3846153846154
1600646  199.3846153846154
1600647  199.3846153846154
1600648  199.3846153846154
1600649  199.3846153846154
1600634  193.8846153846154
2200119  83.56521739130434
2200120  83.56521739130434
2200123  83.56521739130434
6200064  11.100642398286938
6200063  11.076923076923077
6200066  11.076923076923077
5202356  10.343434343434344
5202357  10.343434343434344
5202358  10.343434343434344
5202315  10.24
5202316  10.24
5202330  10.24
5202337  10.24
5202338  10.24
5202341  10.24
5202342  10.24
5202343  10.24
5202349  10.24
5202354  10.24
5202355  10.24
5202367  10.24
5202368  10.24
5202370  10.24
5202375  10.24
5202376  10.24
5202379  10.24
5202380  10.24
5202381  10.24
5202385  10.24
5202444  10.24
5202445  10.24
5202453  10.24
5202454  10.24
5202455  10.24
5202456  10.24
5202457  10.24
5202460  10.24
5202462  10.24
6200352  10.24
6200353  10.24
5202306  9.752380952380953
5202307  9.752380952380953
5202301  9.323741007194245
6200050  9.240641711229946
6200062  9.240641711229946
6200092  9.240641711229946
5202310  9.043010752688172
5202309  8.581632653061224
5202386  7.538461538461538
5700195  7.474452554744525
5700196  7.474452554744525
5700197  7.474452554744525
5700381  7.474452554744525
5202278  7.363636363636363
5202281  7.363636363636363
6200031  6.949061662198392
1600359  5.785714285714286
1600360  5.785714285714286
1600361  5.785714285714286
5700394  5.2805280528052805
5700345  5.245901639344262
5700346  5.245901639344262
5700347  5.245901639344262
5700351  5.245901639344262
5700352  5.245901639344262
5700363  5.245901639344262
5700365  5.245901639344262
5700368  5.245901639344262
5700378  5.245901639344262
5700380  5.245901639344262
5700416  5.245901639344262
5700419  5.245901639344262
5700427  5.245901639344262
5700369  5.191126279863481
4100929  4.886627906976744
5700073  4.886627906976744
5700120  4.886627906976744
5700121  4.886627906976744
5700122  4.886627906976744
5700123  4.886627906976744
5700124  4.886627906976744
5700125  4.886627906976744
5700126  4.886627906976744
5700127  4.886627906976744
5700128  4.886627906976744
4100925  4.858381502890174
4100926  4.858381502890174
2200070  3.9425641025641025
2200064  3.9344933469805525
2200066  3.9344933469805525
4100257  3.6885245901639343
4701091  3.243859649122807
5202121  3.221254355400697
5202122  3.221254355400697
5202123  3.221254355400697
5202124  3.221254355400697
5202125  3.221254355400697
5202128  3.221254355400697
5202132  3.221254355400697
5202133  3.221254355400697
5202134  3.221254355400697
4100940  2.4602510460251046
4100941  2.4602510460251046
4100944  2.4602510460251046
4100947  2.4602510460251046
4100128  2.039840637450199
4100129  2.039840637450199
4100130  2.039840637450199
4100131  2.039840637450199
4100132  2.039840637450199
4100133  2.039840637450199
4100134  2.039840637450199
4100135  2.039840637450199
4100136  2.039840637450199
4100137  2.039840637450199
4700112  1.8620342396777443
4700108  1.8601609657947686
4100109  1.856425702811245
4100110  1.856425702811245
4100111  1.856425702811245
4100112  1.856425702811245
4100113  1.856425702811245
4100114  1.856425702811245
4100115  1.856425702811245
4100116  1.856425702811245
4100117  1.856425702811245
4100118  1.856425702811245
4700105  1.856425702811245
4700106  1.856425702811245
4700107  1.856425702811245
4700110  1.856425702811245
4700111  1.856425702811245
4700114  1.856425702811245
4700115  1.856425702811245
4701165  1.845309381237525
4701166  1.845309381237525
4701175  1.845309381237525
4701176  1.845309381237525
4700374  1.843469591226321
4700376  1.843469591226321
4700377  1.843469591226321
4700378  1.843469591226321
4701138  1.8398009950248757
4701140  1.8398009950248757
4701141  1.8398009950248757
4701154  1.8398009950248757
4701158  1.8398009950248757
4701161  1.8398009950248757
4700084  1.8325074331020812
4700085  1.8325074331020812
4700086  1.8325074331020812
4100942  1.7094017094017093
4100260  1.702127659574468
1300063  1.5709090909090908
1500054  1.5709090909090908
1500055  1.5709090909090908
1600636  1.5384615384615385
1600637  1.5384615384615385
4701169  1.505226480836237
4701179  1.505226480836237
4100747  1.4974093264248705
4701142  1.4965357967667436
4701143  1.4965357967667436
4701145  1.4965357967667436
4701146  1.4965357967667436
4701147  1.4965357967667436
1600148  1.4880048587913757
1600134  1.4875531268973892
1600135  1.4875531268973892
1600136  1.4875531268973892
1600137  1.4875531268973892
1600138  1.4875531268973892
1600139  1.4875531268973892
1600142  1.4875531268973892
1600143  1.4875531268973892
1600144  1.4875531268973892
1600149  1.4875531268973892
1600154  1.4875531268973892
1600155  1.4875531268973892
1600158  1.4875531268973892
1600160  1.4875531268973892
1600162  1.4875531268973892
1600205  1.425350563651361
1600208  1.425350563651361
1600211  1.425350563651361
1600212  1.425350563651361
1600213  1.425350563651361
3000482  1.425350563651361
3000504  1.425350563651361
3000505  1.425350563651361
3000509  1.425350563651361
3000510  1.425350563651361
3000511  1.425350563651361
3000512  1.425350563651361
3000513  1.425350563651361
3000514  1.425350563651361
3000515  1.425350563651361
3100147  1.425350563651361
3100224  1.425350563651361
3100226  1.425350563651361
3100227  1.425350563651361
3100228  1.425350563651361
3100229  1.425350563651361
3100236  1.425350563651361
3100237  1.425350563651361
3100240  1.425350563651361
3201166  1.425350563651361
3201176  1.425350563651361
3201177  1.425350563651361
3201178  1.425350563651361
3201179  1.425350563651361
3201180  1.425350563651361
3600095  1.425350563651361
3600098  1.425350563651361
3600110  1.425350563651361
3600119  1.425350563651361
3600183  1.425350563651361
3600184  1.425350563651361
3600187  1.425350563651361
3600188  1.425350563651361
3600192  1.425350563651361
3600193  1.425350563651361
3600194  1.425350563651361
3600195  1.425350563651361
3600196  1.425350563651361
3600200  1.425350563651361
3600201  1.425350563651361
3600202  1.425350563651361
3600203  1.425350563651361
3600204  1.425350563651361
3600205  1.425350563651361
3600209  1.425350563651361
3701341  1.425350563651361
3701342  1.425350563651361
3701343  1.425350563651361
3701344  1.425350563651361
3701347  1.425350563651361
3701348  1.425350563651361
3701349  1.425350563651361
3701350  1.425350563651361
3701351  1.425350563651361
3701353  1.425350563651361
3701354  1.425350563651361
3701355  1.425350563651361
3701356  1.425350563651361
3701359  1.425350563651361
3701360  1.425350563651361
3701364  1.425350563651361
3701367  1.425350563651361
3701370  1.425350563651361
3701371  1.425350563651361
3701372  1.425350563651361
3701375  1.425350563651361
3701500  1.425350563651361
3701501  1.425350563651361
3701502  1.425350563651361
3701503  1.425350563651361
3701504  1.425350563651361
3701505  1.425350563651361
3701506  1.425350563651361
3800039  1.425350563651361
3800042  1.425350563651361
3800045  1.425350563651361
3800048  1.425350563651361
3800061  1.425350563651361
3800062  1.425350563651361
3800068  1.425350563651361
3800071  1.425350563651361
3800084  1.425350563651361
3800087  1.425350563651361
3800088  1.425350563651361
3800089  1.425350563651361
4200740  1.425350563651361
4200747  1.425350563651361
4200748  1.425350563651361
4200749  1.425350563651361
4200750  1.425350563651361
4200751  1.425350563651361
1600707  1.4230030194894319
1600094  1.4226125137211856
1600116  1.4226125137211856
1600117  1.4226125137211856
1600118  1.4226125137211856
1600416  1.4226125137211856
1600417  1.4226125137211856
1600419  1.4226125137211856
1600420  1.4226125137211856
1600424  1.4226125137211856
1600427  1.4226125137211856
1600430  1.4226125137211856
1600431  1.4226125137211856
1600432  1.4226125137211856
1600444  1.4226125137211856
1600447  1.4226125137211856
1600449  1.4226125137211856
1600459  1.4226125137211856
1600461  1.4226125137211856
1600463  1.4226125137211856
1600467  1.4226125137211856
1600470  1.4226125137211856
1600474  1.4226125137211856
1600515  1.4226125137211856
1600516  1.4226125137211856
1600518  1.4226125137211856
1600519  1.4226125137211856
1600530  1.4226125137211856
1600532  1.4226125137211856
1600533  1.4226125137211856
1600543  1.4226125137211856
1600545  1.4226125137211856
1600546  1.4226125137211856
1600549  1.4226125137211856
1600690  1.4226125137211856
1600691  1.4226125137211856
1600694  1.4226125137211856
1600695  1.4226125137211856
3100082  1.4226125137211856
3100083  1.4226125137211856
3100106  1.4226125137211856
3100107  1.4226125137211856
3100110  1.4226125137211856
3100111  1.4226125137211856
3100114  1.4226125137211856
3100115  1.4226125137211856
3100117  1.4226125137211856
3100118  1.4226125137211856
3100121  1.4226125137211856
3100123  1.4226125137211856
3100124  1.4226125137211856
3100136  1.4226125137211856
3100140  1.4226125137211856
3100141  1.4226125137211856
3100145  1.4226125137211856
3100150  1.4226125137211856
3100152  1.4226125137211856
3100153  1.4226125137211856
3100154  1.4226125137211856
3100155  1.4226125137211856
3100174  1.4226125137211856
3100196  1.4226125137211856
3100199  1.4226125137211856
3100200  1.4226125137211856
3100201  1.4226125137211856
3100205  1.4226125137211856
3100214  1.4226125137211856
3100252  1.4226125137211856
3100253  1.4226125137211856
3100255  1.4226125137211856
3100258  1.4226125137211856
3100260  1.4226125137211856
3100262  1.4226125137211856
3100263  1.4226125137211856
3100274  1.4226125137211856
3100275  1.4226125137211856
3100276  1.4226125137211856
3100277  1.4226125137211856
3100281  1.4226125137211856
3100282  1.4226125137211856
3100284  1.4226125137211856
3100287  1.4226125137211856
3100289  1.4226125137211856
3400038  1.4226125137211856
3400039  1.4226125137211856
3400040  1.4226125137211856
3400041  1.4226125137211856
3400042  1.4226125137211856
3400088  1.4226125137211856
3400089  1.4226125137211856
3500037  1.4226125137211856
3500039  1.4226125137211856
3500040  1.4226125137211856
3500099  1.4226125137211856
4100746  1.295964125560538
4100740  1.250965250965251
4100742  1.250965250965251
4100743  1.250965250965251
4100744  1.250965250965251
4100745  1.250965250965251
1100282  1.2372063083360154
1600175  1.2282497441146367
1600176  1.2282497441146367
1600179  1.2282497441146367
1600182  1.2282497441146367
1600183  1.2282497441146367
1600184  1.2282497441146367
1600185  1.2282497441146367
1100039  1.2111176818450622
1100041  1.2111176818450622
1100047  1.2111176818450622
1100048  1.2111176818450622
1100049  1.2111176818450622
1100050  1.2111176818450622
1100051  1.2111176818450622
1100052  1.2111176818450622
1100053  1.2111176818450622
1100054  1.2111176818450622
1100055  1.2111176818450622
1100056  1.2111176818450622
1100057  1.2111176818450622
1100058  1.2111176818450622
1100059  1.2111176818450622
1100060  1.2111176818450622
1100063  1.2111176818450622
1100066  1.2111176818450622
1100067  1.2111176818450622
2300524  1.2111176818450622
5202308  1.08
1100285  0.9022013713460845
1600265  0.5454545454545454
6200068  0.4279475982532751
6200074  0.4279475982532751
6200075  0.4279475982532751
6200077  0.4279475982532751
6200078  0.4279475982532751
1600216  0.4044943820224719
1600217  0.4044943820224719
1600220  0.4044943820224719
1600221  0.4044943820224719
1600215  0.4
1400605  0.3956043956043956
1400607  0.3956043956043956
1400610  0.3956043956043956
1600605  0.3956043956043956
1600619  0.3956043956043956
1600671  0.3956043956043956
1600672  0.3956043956043956
1600676  0.3956043956043956
3100142  0.3870967741935484
6200067  0.3385146804835924
1600256  0.05714285714285714
1600259  0.014084507042253521
