1000466  1.0
1000467  1.0
1000468  1.0
1000470  1.0
1000146  0.4472135954999579
1000150  0.4472135954999579
1000151  0.4472135954999579
1000578  0.3333333333333333
1000579  0.3333333333333333
1000581  0.3333333333333333
1000582  0.3333333333333333
1000585  0.3333333333333333
1000590  0.3333333333333333
1000596  0.3333333333333333
1000600  0.3333333333333333
1000601  0.3333333333333333
1000603  0.3333333333333333
1000606  0.3333333333333333
1000609  0.3333333333333333
1000610  0.3333333333333333
1000571  0.31622776601683794
1000572  0.31622776601683794
1000142  0.25
1000145  0.25
1000153  0.25
1000368  0.21320071635561041
1000377  0.21320071635561041
1000048  0.2
1000052  0.2
1000056  0.2
1000060  0.2
1000064  0.2
1000068  0.2
1000072  0.2
1000076  0.2
1000080  0.2
1000084  0.2
1000088  0.2
1000092  0.2
1000107  0.2
1000111  0.2
1000115  0.2
1000125  0.2
1000126  0.2
1000127  0.2
1000128  0.2
