1500123  0.501226544380188
1500137  0.5011520981788635
1500128  0.49697840213775635
1500116  0.4965496063232422
1400724  0.49410760402679443
1500107  0.4907044470310211
1500068  0.4897781014442444
1500143  0.4891805946826935
1500132  0.4890020489692688
1500149  0.4888854920864105
1500136  0.4882955551147461
1500566  0.4880473017692566
2600340  0.4875321090221405
3200605  0.4873875379562378
1600601  0.4873267114162445
1400718  0.4869786202907562
1500485  0.4863976836204529
1500306  0.4863480031490326
1500109  0.48634517192840576
2000203  0.48600390553474426
1500106  0.4859408438205719
1400741  0.48572102189064026
1500138  0.4854130446910858
1500147  0.4853678047657013
1500121  0.4853399097919464
1500124  0.484782874584198
1000081  0.48475995659828186
2600138  0.48409536480903625
2600182  0.4840340316295624
1500134  0.4839223325252533
1500304  0.48346906900405884
2600183  0.48346298933029175
1500133  0.48344433307647705
1500276  0.483275830745697
1500142  0.4831216335296631
1500118  0.48282214999198914
1500331  0.4825107753276825
3200624  0.4824301302433014
3300088  0.4820970296859741
1500260  0.4818740487098694
1500108  0.4815129339694977
1500131  0.4812891483306885
3200604  0.48069387674331665
2000206  0.4806692600250244
2600357  0.48060882091522217
1500542  0.48043569922447205
2000208  0.4803745448589325
2600149  0.48021918535232544
2600175  0.4801740050315857
1500104  0.48007309436798096
1500105  0.47972920536994934
1500290  0.4796545207500458
1500333  0.4793713688850403
2000180  0.479284405708313
1000171  0.4792439639568329
1500148  0.4788731038570404
2600304  0.4787691533565521
3200603  0.478129506111145
1500145  0.4779185354709625
1400722  0.47782042622566223
1500535  0.4776463210582733
1000035  0.4774996042251587
3400370  0.47644928097724915
2600359  0.4757063686847687
2600298  0.4747771620750427
1500305  0.474617063999176
1500278  0.4741987884044647
2600322  0.47407588362693787
3200625  0.4734916388988495
2600324  0.473190039396286
2600181  0.47278302907943726
1500277  0.47267085313796997
2600275  0.4726567566394806
2600346  0.4726411998271942
2600152  0.4725390672683716
2600136  0.4724176228046417
3100707  0.4719417989253998
2600274  0.4717785716056824
1600600  0.471647173166275
2600169  0.4716453552246094
1000082  0.47147852182388306
1500141  0.4713957607746124
2600141  0.47127780318260193
1500283  0.4709968864917755
1500286  0.4709947109222412
1500129  0.47081178426742554
2600300  0.470708429813385
2600176  0.4704977571964264
2600171  0.4703875184059143
3400369  0.47034159302711487
1000084  0.4702281057834625
1600608  0.4700041711330414
2600178  0.46997255086898804
2600309  0.46994835138320923
2600194  0.4696982502937317
1500120  0.46966806054115295
2600337  0.4696241021156311
2600151  0.46961212158203125
2000201  0.469477117061615
1500288  0.46940863132476807
2600217  0.46908333897590637
1000044  0.4686078429222107
1000070  0.4682047963142395
2600153  0.4680677354335785
3100708  0.46805065870285034
2600186  0.4679253399372101
2600287  0.4674457609653473
2000200  0.4673633873462677
2600157  0.4673251509666443
1400733  0.4671647846698761
2600148  0.4670458734035492
1500289  0.4669870138168335
2600156  0.4668921232223511
2600179  0.4668867886066437
2600174  0.4665635824203491
3600633  0.4661082625389099
2600320  0.4660908579826355
2600139  0.465957373380661
3600634  0.46595579385757446
3400371  0.46589037775993347
1500144  0.4654783010482788
3100716  0.46545088291168213
1500285  0.465078204870224
2600303  0.4650477170944214
2600338  0.4650014340877533
2600301  0.4646027982234955
2000199  0.4644894003868103
1400732  0.4643336832523346
1500251  0.46427470445632935
3400368  0.46408647298812866
1000090  0.46406063437461853
3100709  0.46397408843040466
1500150  0.4638065695762634
2601067  0.46366044878959656
2600279  0.4634450674057007
3300091  0.463297963142395
2600192  0.4632512927055359
2000202  0.46319326758384705
1000080  0.46314990520477295
1500287  0.4623854458332062
1500282  0.46190303564071655
1500180  0.46185633540153503
1600599  0.4617111384868622
2600168  0.4616451859474182
2000181  0.46143826842308044
2600327  0.46127355098724365
1500849  0.46084800362586975
1900646  0.4606376588344574
2600184  0.4605857729911804
2600345  0.46031057834625244
3600641  0.4602593779563904
2600218  0.46010658144950867
2600310  0.46001094579696655
2600335  0.4597814083099365
2600307  0.45940929651260376
1000076  0.45915302634239197
3400088  0.4591113030910492
1500863  0.4590606391429901
2600142  0.45870500802993774
3400472  0.4583393931388855
1000079  0.4583085775375366
3400165  0.4578305184841156
2600333  0.45777684450149536
1500250  0.457192987203598
2600277  0.4570775032043457
1500079  0.4563960134983063
2600172  0.45639100670814514
2600187  0.45623570680618286
2600284  0.4559870660305023
3600632  0.45576950907707214
1500537  0.4554714858531952
2600311  0.4552505612373352
2600273  0.4551474153995514
2600137  0.45487144589424133
2600325  0.45458924770355225
1500357  0.45398643612861633
1500076  0.453920841217041
1000041  0.45356741547584534
1500866  0.4534558653831482
1500836  0.45304420590400696
2000179  0.4527199864387512
3800851  0.4524380564689636
1000073  0.45196470618247986
1500851  0.4519115388393402
1500538  0.45095330476760864
1500847  0.45082929730415344
1500833  0.4506877660751343
1400703  0.4500810205936432
1500850  0.4500228762626648
1900648  0.4497481882572174
3000857  0.44918400049209595
1500845  0.4478388726711273
1400702  0.44670766592025757
1300745  0.44582250714302063
1500865  0.44580259919166565
1500864  0.4450094401836395
1500846  0.44459816813468933
2600173  0.4444853365421295
1500526  0.4444367289543152
1400701  0.44433045387268066
1900647  0.44315478205680847
3500838  0.4429624378681183
1000083  0.4421270787715912
1500834  0.44207343459129333
1500835  0.44144874811172485
1500848  0.44124725461006165
2600328  0.4407477378845215
1500844  0.44063758850097656
2800357  0.43775078654289246
1500857  0.4337250590324402
1500838  0.4331583082675934
1500745  0.4317092001438141
