1501018  0.04710032045841217
1200931  0.04471177980303764
1202204  0.04452045261859894
1200919  0.04441042244434357
1501066  0.044135548174381256
1200875  0.04377744719386101
1202141  0.043662816286087036
1501026  0.04345036298036575
1202271  0.04344116151332855
1200928  0.043406471610069275
1202274  0.04327782616019249
1202278  0.04308931529521942
1201592  0.04300404712557793
1200427  0.04297858849167824
1200884  0.04295405000448227
1200415  0.0429023914039135
1202261  0.042681194841861725
1200420  0.042616575956344604
1200903  0.04259265214204788
1200406  0.04258529469370842
1200401  0.042545583099126816
1201612  0.04251251742243767
1200417  0.04237235710024834
1501068  0.04234815761446953
1202269  0.04234064742922783
1200498  0.042325209826231
1200393  0.04228055477142334
1501023  0.04227685183286667
1200456  0.042270053178071976
1200425  0.042236730456352234
1403747  0.04221099615097046
1200432  0.04215270280838013
1003766  0.04211243987083435
1200383  0.04210193082690239
1202276  0.0420733243227005
1200410  0.04206546023488045
1202279  0.042034853249788284
1003784  0.04203446954488754
1200917  0.04200877621769905
1201588  0.04199674725532532
1200404  0.04197147116065025
1202282  0.04193577170372009
1200443  0.04191328585147858
1201639  0.04188326373696327
1200493  0.04188259318470955
1201632  0.041870150715112686
1202205  0.04185693338513374
1200883  0.04185132309794426
1106142  0.041790589690208435
1202292  0.04175278916954994
1200411  0.04173266142606735
1200414  0.041690513491630554
1501178  0.041676558554172516
1106166  0.04162835702300072
1201608  0.04161776229739189
1200442  0.04161664471030235
1403750  0.04160074144601822
1200471  0.04159117862582207
1202193  0.041551101952791214
1106150  0.041547998785972595
1501182  0.04152952507138252
1202181  0.0414835661649704
1201672  0.04146173223853111
1200549  0.04140615835785866
1200882  0.04137841984629631
1200416  0.04137532785534859
1200500  0.04132825881242752
1201756  0.041306208819150925
1200480  0.041299715638160706
1501063  0.04125947877764702
1200407  0.04120048135519028
1201633  0.04115363582968712
1403748  0.04113868623971939
1202221  0.04106301814317703
1200890  0.041034623980522156
1200927  0.041032012552022934
1200483  0.04102061316370964
1200430  0.041013091802597046
1200476  0.041003238409757614
1200864  0.040985316038131714
1200501  0.04096842557191849
1201640  0.04096755385398865
1200460  0.040958747267723083
1201590  0.04095238074660301
1200429  0.04094775393605232
1200494  0.0409281961619854
1200473  0.04092281684279442
1200392  0.04091364145278931
1200499  0.0408930703997612
1106158  0.0408649705350399
1201758  0.04084797576069832
1105103  0.040830403566360474
1501022  0.04082206264138222
1201611  0.040775496512651443
1202161  0.04076634719967842
1200506  0.04075263440608978
1201616  0.040724240243434906
1202302  0.040638383477926254
1202273  0.04063677415251732
1202268  0.04063164442777634
1201591  0.04055801033973694
1200867  0.040533266961574554
1200433  0.040485918521881104
1202191  0.040464937686920166
1202190  0.04043823853135109
1200497  0.040412869304418564
1201673  0.04039955884218216
1201646  0.040349870920181274
1201678  0.04032447934150696
1200277  0.04031853750348091
1200464  0.04031151160597801
1200502  0.04030235856771469
1202233  0.04028508439660072
1200807  0.040257181972265244
1202185  0.04023668169975281
1200452  0.04019962251186371
1200900  0.04017191380262375
1200826  0.04015881195664406
1200080  0.040119122713804245
1501070  0.04008307307958603
1501024  0.0400782972574234
1202188  0.04005511477589607
1202142  0.04003417119383812
1201613  0.04002214968204498
1202209  0.04002197086811066
1202236  0.04001448675990105
1200874  0.039998672902584076
1201738  0.03997393324971199
1202281  0.03997030854225159
1200434  0.039949968457221985
1200104  0.039947327226400375
1200472  0.039925359189510345
1201614  0.039917636662721634
1200871  0.0399034321308136
1201685  0.03988033905625343
1200428  0.039872732013463974
1202156  0.03984370082616806
1200902  0.03984171897172928
1200400  0.03982890769839287
1202290  0.03981133550405502
1200422  0.039789438247680664
1202246  0.0397738553583622
1202192  0.039771780371665955
1201645  0.039770543575286865
1202206  0.039739079773426056
1202196  0.03973530977964401
1202213  0.03965682536363602
1200396  0.039647482335567474
1201730  0.03964025527238846
1200475  0.03962676227092743
1201643  0.03961539641022682
1201679  0.03961411491036415
1201627  0.03961260989308357
1003787  0.039568785578012466
1202136  0.039562128484249115
1202135  0.039535727351903915
1403722  0.039503201842308044
1201598  0.03950008377432823
1101535  0.03946688026189804
1202267  0.03942481055855751
1103043  0.03941517695784569
1003785  0.03941294178366661
1202247  0.03940291330218315
1202242  0.039383064955472946
1200922  0.039368536323308945
1202175  0.03935478627681732
1200160  0.03932732343673706
1202157  0.0392909049987793
1003754  0.03927779197692871
1202298  0.039267025887966156
1201610  0.039242107421159744
1200426  0.03923514485359192
1200901  0.03923347219824791
1201681  0.0392284132540226
1200910  0.03921625018119812
1501166  0.039191149175167084
1201683  0.03917299956083298
1200288  0.039116594940423965
1403711  0.03910254314541817
1202143  0.03902905434370041
1201751  0.03898756578564644
1500069  0.0389799103140831
1202186  0.038969509303569794
1202183  0.038924191147089005
1201733  0.03891696035861969
1201675  0.03889996558427811
1202277  0.03888839855790138
1200899  0.03886064887046814
1200925  0.03881135582923889
1202306  0.03879852220416069
1201676  0.038777388632297516
1200504  0.038715291768312454
1200491  0.038709066808223724
1200486  0.038707487285137177
1201752  0.03869572654366493
1202195  0.038676608353853226
1201735  0.03866620361804962
1100029  0.03865834325551987
1201677  0.03864050284028053
1200115  0.03858065977692604
1200485  0.03855464607477188
1202187  0.038533903658390045
1200453  0.03847623988986015
1200484  0.03846649080514908
1200479  0.038373928517103195
1201729  0.03833139315247536
1500385  0.03830673173069954
1201702  0.03829597309231758
1201637  0.038174159824848175
1201687  0.03816884756088257
1200489  0.038163620978593826
1202241  0.03809139132499695
1200478  0.03807259351015091
1201638  0.038032613694667816
1201593  0.03792477399110794
1201755  0.03792259097099304
1200237  0.03791432082653046
1202272  0.03786736726760864
1104074  0.03784940019249916
1200409  0.03782886266708374
1201754  0.03781507536768913
1200179  0.03781132772564888
1202217  0.03780685365200043
1200545  0.037709791213274
1201628  0.03769437596201897
1201734  0.0376727432012558
1501067  0.03763100132346153
1202291  0.037602778524160385
1201596  0.03758910298347473
1500059  0.03757191076874733
1201634  0.03755730763077736
1200911  0.03753096982836723
1201740  0.037530094385147095
1202237  0.0375148244202137
1202182  0.03741441294550896
1202238  0.03740214556455612
1202138  0.037376366555690765
1500062  0.03731198236346245
1201682  0.03724970668554306
1200128  0.03717323765158653
1200505  0.03700297325849533
1200218  0.036792051047086716
1200106  0.036439307034015656
1201631  0.03642476722598076
1200198  0.036414459347724915
1202144  0.036352112889289856
1201732  0.036128342151641846
1500099  0.03612343594431877
1201684  0.035881560295820236
1200141  0.035850923508405685
1201644  0.03570626303553581
1200866  0.03567532077431679
1202148  0.03566356003284454
1500067  0.03546358644962311
1500105  0.035368528217077255
1500376  0.03517027199268341
1500065  0.03509175032377243
1500102  0.034897979348897934
1500098  0.034784846007823944
1200285  0.034744761884212494
1500103  0.034642159938812256
1200256  0.034463923424482346
1500100  0.033638764172792435
