8100247  1.0
8100248  1.0
6000267  0.9883036912035246
6300127  0.9883036912035246
6300128  0.9883036912035246
6300135  0.9883036912035246
6300138  0.9883036912035246
6300139  0.9883036912035246
6300140  0.9883036912035246
6300141  0.9883036912035246
6300142  0.9883036912035246
6300143  0.9883036912035246
6300145  0.9883036912035246
6300150  0.9883036912035246
6300152  0.9883036912035246
6300168  0.9883036912035246
6300170  0.9883036912035246
6300202  0.9883036912035246
6300203  0.9883036912035246
6300204  0.9883036912035246
6300207  0.9883036912035246
6300208  0.9883036912035246
6300215  0.9883036912035246
6300216  0.9883036912035246
6300219  0.9883036912035246
6300220  0.9883036912035246
6300235  0.9883036912035246
6300236  0.9883036912035246
6300237  0.9883036912035246
6300240  0.9883036912035246
6300241  0.9883036912035246
6500151  0.9883036912035246
6500152  0.9883036912035246
6500153  0.9883036912035246
6500154  0.9883036912035246
6500172  0.9883036912035246
6500173  0.9883036912035246
6500174  0.9883036912035246
6500175  0.9883036912035246
6500177  0.9883036912035246
6500178  0.9883036912035246
6500179  0.9883036912035246
6500180  0.9883036912035246
6500183  0.9883036912035246
6500184  0.9883036912035246
6500185  0.9883036912035246
6500188  0.9883036912035246
6500253  0.9883036912035246
6500254  0.9883036912035246
6500260  0.9883036912035246
6500261  0.9883036912035246
6500262  0.9883036912035246
6500296  0.9883036912035246
6500297  0.9883036912035246
6500299  0.9883036912035246
6500305  0.9883036912035246
6500306  0.9883036912035246
6500308  0.9883036912035246
6500315  0.9883036912035246
6500330  0.9883036912035246
6500331  0.9883036912035246
7100291  0.9883036912035246
7100293  0.9883036912035246
7100297  0.9883036912035246
8100288  0.9883036912035246
8100289  0.9883036912035246
8100300  0.9883036912035246
8100314  0.9883036912035246
8100315  0.9883036912035246
8100316  0.9883036912035246
8100317  0.9883036912035246
8100320  0.9883036912035246
8100321  0.9883036912035246
6800230  0.9770084209183943
6800235  0.9770084209183943
6800251  0.9770084209183943
6800272  0.9770084209183943
6800273  0.9770084209183943
6800274  0.9770084209183943
6800275  0.9770084209183943
6800276  0.9770084209183943
6800279  0.9770084209183943
8100322  0.9761904761904762
1200061  0.9515025711248198
1200062  0.9515025711248198
1200063  0.9515025711248198
1200064  0.9515025711248198
1200065  0.9515025711248198
1200066  0.9515025711248198
1200067  0.9515025711248198
1200068  0.9515025711248198
1200069  0.9515025711248198
1200078  0.9515025711248198
1200079  0.9515025711248198
1200093  0.9515025711248198
1200094  0.9515025711248198
1700041  0.9515025711248198
1700093  0.9515025711248198
1700094  0.9515025711248198
1700095  0.9515025711248198
1700096  0.9515025711248198
1700165  0.9515025711248198
1700166  0.9515025711248198
1700167  0.9515025711248198
1700208  0.9515025711248198
1700213  0.9515025711248198
1800056  0.9515025711248198
1800057  0.9515025711248198
1800158  0.9515025711248198
1800159  0.9515025711248198
1800161  0.9515025711248198
1800163  0.9515025711248198
1800164  0.9515025711248198
1800167  0.9515025711248198
1800168  0.9515025711248198
1800183  0.9515025711248198
1800185  0.9515025711248198
1800221  0.9515025711248198
1800222  0.9515025711248198
1800224  0.9515025711248198
1800225  0.9515025711248198
1800226  0.9515025711248198
1800235  0.9515025711248198
1800242  0.9515025711248198
1800243  0.9515025711248198
1800245  0.9515025711248198
1800249  0.9515025711248198
1800255  0.9515025711248198
1800261  0.9515025711248198
1800263  0.9515025711248198
1800264  0.9515025711248198
1800272  0.9515025711248198
1800277  0.9515025711248198
1800285  0.9515025711248198
1800286  0.9515025711248198
1800290  0.9515025711248198
1800291  0.9515025711248198
1800293  0.9515025711248198
1800294  0.9515025711248198
1800300  0.9515025711248198
1800301  0.9515025711248198
1800307  0.9515025711248198
1800308  0.9515025711248198
6500042  0.9515025711248198
6500191  0.9515025711248198
6500212  0.9515025711248198
6500214  0.9515025711248198
6500226  0.9515025711248198
6500227  0.9515025711248198
6500228  0.9515025711248198
6500229  0.9515025711248198
6600214  0.9515025711248198
6600217  0.9515025711248198
6600218  0.9515025711248198
1700141  0.9389158011040616
1700142  0.9389158011040616
1700143  0.9389158011040616
1700144  0.9389158011040616
1800195  0.9389158011040616
1800239  0.9389158011040616
1800240  0.9389158011040616
6300153  0.9389158011040616
6300154  0.9389158011040616
6300187  0.9389158011040616
6300217  0.9389158011040616
6500230  0.9389158011040616
6500235  0.9389158011040616
6500237  0.9389158011040616
6500238  0.9389158011040616
6500243  0.9389158011040616
6500247  0.9389158011040616
6500248  0.9389158011040616
6500282  0.9389158011040616
6500301  0.9389158011040616
6500302  0.9389158011040616
6500303  0.9389158011040616
5900183  0.9354143466934853
7100209  0.9354143466934853
7100280  0.9354143466934853
7100281  0.9354143466934853
8100244  0.9354143466934853
8100246  0.9354143466934853
8100252  0.9354143466934853
8100254  0.9354143466934853
8100257  0.9354143466934853
8100260  0.9354143466934853
8100262  0.9354143466934853
8100263  0.9354143466934853
8100264  0.9354143466934853
8100265  0.9354143466934853
8100267  0.9354143466934853
8100270  0.9354143466934853
8100275  0.9354143466934853
8100276  0.9354143466934853
8100277  0.9354143466934853
8100278  0.9354143466934853
8100280  0.9354143466934853
8100284  0.9354143466934853
8100285  0.9354143466934853
1800228  0.9261584224952539
1800229  0.9261584224952539
1800230  0.9261584224952539
1800231  0.9261584224952539
1800232  0.9261584224952539
1800233  0.9261584224952539
5900123  0.9258200997725515
5900167  0.9258200997725515
5900168  0.9258200997725515
5900179  0.9258200997725515
5900182  0.9258200997725515
5900233  0.9258200997725515
5900234  0.9258200997725515
5900240  0.9258200997725515
5900244  0.9258200997725515
6000256  0.9258200997725515
6000257  0.9258200997725515
6000258  0.9258200997725515
6300071  0.9258200997725515
6300073  0.9258200997725515
6300102  0.9258200997725515
6500095  0.9258200997725515
6500096  0.9258200997725515
6500097  0.9258200997725515
6500098  0.9258200997725515
6500099  0.9258200997725515
6500102  0.9258200997725515
6500103  0.9258200997725515
6500104  0.9258200997725515
6500105  0.9258200997725515
6500106  0.9258200997725515
6500107  0.9258200997725515
6500108  0.9258200997725515
6500109  0.9258200997725515
6500111  0.9258200997725515
7100093  0.9258200997725515
7100095  0.9258200997725515
7100096  0.9258200997725515
7100097  0.9258200997725515
7100099  0.9258200997725515
7100100  0.9258200997725515
7100101  0.9258200997725515
7100102  0.9258200997725515
7100104  0.9258200997725515
7100106  0.9258200997725515
7100187  0.9258200997725515
8100116  0.9258200997725515
8100118  0.9258200997725515
8100119  0.9258200997725515
8100120  0.9258200997725515
8100121  0.9258200997725515
8100122  0.9258200997725515
8100124  0.9258200997725515
8100127  0.9258200997725515
8100128  0.9258200997725515
8100129  0.9258200997725515
8100131  0.9258200997725515
8100198  0.9258200997725515
8100199  0.9258200997725515
8100200  0.9258200997725515
8100203  0.9258200997725515
8100204  0.9258200997725515
8100205  0.9258200997725515
8100207  0.9258200997725515
8100208  0.9258200997725515
8100212  0.9258200997725515
8100219  0.9258200997725515
8100222  0.9258200997725515
8100223  0.9258200997725515
8100224  0.9258200997725515
8100225  0.9258200997725515
8100228  0.9258200997725515
8100229  0.9258200997725515
8100232  0.9258200997725515
8100234  0.9258200997725515
8100236  0.9258200997725515
8100237  0.9258200997725515
8100239  0.9258200997725515
8100241  0.9258200997725515
5900087  0.9228057300430046
5900088  0.9228057300430046
5900124  0.9228057300430046
7100217  0.9228057300430046
7100218  0.9228057300430046
7100219  0.9228057300430046
7100220  0.9228057300430046
7100221  0.9228057300430046
7100222  0.9228057300430046
7100223  0.9228057300430046
7100226  0.9228057300430046
7100228  0.9228057300430046
7100233  0.9228057300430046
7100234  0.9228057300430046
7100236  0.9228057300430046
7100239  0.9228057300430046
7100240  0.9228057300430046
7100241  0.9228057300430046
7100242  0.9228057300430046
7100244  0.9228057300430046
7100248  0.9228057300430046
7100249  0.9228057300430046
7100252  0.9228057300430046
7100253  0.9228057300430046
7100254  0.9228057300430046
7100257  0.9228057300430046
7100260  0.9228057300430046
7100264  0.9228057300430046
7100323  0.9228057300430046
7100330  0.9228057300430046
8100226  0.9228057300430046
8100227  0.9228057300430046
5900218  0.9165151389911681
6800211  0.9165151389911681
6800212  0.9165151389911681
6800219  0.9165151389911681
6800220  0.9165151389911681
6800221  0.9165151389911681
6800224  0.9165151389911681
6800226  0.9165151389911681
6800245  0.9165151389911681
6800246  0.9165151389911681
6800247  0.9165151389911681
7100173  0.9165151389911681
7100180  0.9165151389911681
5900205  0.9074852129730302
5900212  0.9074852129730302
6800153  0.9072221051385091
6800154  0.9072221051385091
6800155  0.9072221051385091
6800171  0.9072221051385091
6800172  0.9072221051385091
6800173  0.9072221051385091
6800174  0.9072221051385091
6800176  0.9072221051385091
6800177  0.9072221051385091
6800178  0.9072221051385091
6800180  0.9072221051385091
6800181  0.9072221051385091
6800182  0.9072221051385091
6800184  0.9072221051385091
7900081  0.9072221051385091
7900083  0.9072221051385091
7900094  0.9072221051385091
7900099  0.9072221051385091
7900101  0.9072221051385091
7900126  0.9072221051385091
7900127  0.9072221051385091
7900128  0.9072221051385091
7900129  0.9072221051385091
8100213  0.9072221051385091
8100214  0.9072221051385091
8100215  0.9072221051385091
8100216  0.9072221051385091
1800302  0.9001028747788694
1800303  0.9001028747788694
1800304  0.9001028747788694
1800305  0.9001028747788694
6000262  0.9001028747788694
6800141  0.8970852271450606
6800143  0.8970852271450606
6800144  0.8970852271450606
6800145  0.8970852271450606
6800146  0.8970852271450606
6800148  0.8970852271450606
6800158  0.8970852271450606
6800159  0.8970852271450606
6800160  0.8970852271450606
6800162  0.8970852271450606
6800190  0.8970852271450606
6800193  0.8970852271450606
6800341  0.8970852271450606
6800342  0.8970852271450606
6800343  0.8970852271450606
6800345  0.8970852271450606
5900125  0.8941795301365222
8100197  0.8901981971385245
1800273  0.8867889026274118
5900198  0.873862897505303
7100171  0.873862897505303
5900064  0.8660254037844387
5900065  0.8660254037844387
5900066  0.8660254037844387
5900067  0.8660254037844387
5900068  0.8660254037844387
5900069  0.8660254037844387
5900070  0.8660254037844387
5900071  0.8660254037844387
5900072  0.8660254037844387
5900143  0.8660254037844387
5900144  0.8660254037844387
5900159  0.8660254037844387
5900160  0.8660254037844387
6300052  0.8660254037844387
6300053  0.8660254037844387
6300054  0.8660254037844387
6300055  0.8660254037844387
6300056  0.8660254037844387
6800089  0.8660254037844387
6800090  0.8660254037844387
6800091  0.8660254037844387
6800092  0.8660254037844387
6800093  0.8660254037844387
6800094  0.8660254037844387
6800095  0.8660254037844387
6800096  0.8660254037844387
6800097  0.8660254037844387
6800098  0.8660254037844387
6800099  0.8660254037844387
6800100  0.8660254037844387
7100315  0.8660254037844387
7100316  0.8660254037844387
7100317  0.8660254037844387
7900057  0.8660254037844387
7900058  0.8660254037844387
7900059  0.8660254037844387
7900060  0.8660254037844387
8100187  0.8660254037844387
8100188  0.8660254037844387
8100372  0.8660254037844387
8100373  0.8660254037844387
8100386  0.8660254037844387
8100387  0.8660254037844387
6800240  0.8017837257372732
1800275  0.7720880321914483
8200318  0.6900655593423543
8200320  0.6900655593423543
8200328  0.6900655593423543
8200331  0.6900655593423543
8200332  0.6900655593423543
8200333  0.6900655593423543
8200334  0.6900655593423543
8200335  0.6900655593423543
8200336  0.6900655593423543
8200337  0.6900655593423543
8200338  0.6900655593423543
8200339  0.6900655593423543
8200340  0.6900655593423543
8200341  0.6900655593423543
8200342  0.6900655593423543
8200343  0.6900655593423543
8200344  0.6900655593423543
8200347  0.6900655593423543
8200348  0.6900655593423543
8200349  0.6900655593423543
8200350  0.6900655593423543
8200357  0.6900655593423543
8200361  0.6900655593423543
8200362  0.6900655593423543
8200363  0.6900655593423543
8200364  0.6900655593423543
8200365  0.6900655593423543
8200366  0.6900655593423543
8200367  0.6900655593423543
8200368  0.6900655593423543
8200369  0.6900655593423543
8200371  0.6900655593423543
8200372  0.6900655593423543
8200380  0.6900655593423543
8200385  0.6900655593423543
8200398  0.6900655593423543
8200401  0.6900655593423543
8200402  0.6900655593423543
8200405  0.6900655593423543
8200407  0.6900655593423543
8200410  0.6900655593423543
8200411  0.6900655593423543
8200415  0.6900655593423543
8200417  0.6900655593423543
8200420  0.6900655593423543
8200421  0.6900655593423543
8200425  0.6900655593423543
8200427  0.6900655593423543
8200429  0.6900655593423543
5900138  0.6725927091345493
7100310  0.6725927091345493
8000249  0.6614378277661476
8000250  0.6614378277661476
8000252  0.6614378277661476
8000253  0.6614378277661476
8000257  0.6614378277661476
8000262  0.6614378277661476
8000263  0.6614378277661476
8000266  0.6614378277661476
8000267  0.6614378277661476
8000268  0.6614378277661476
8000269  0.6614378277661476
8000272  0.6614378277661476
8000273  0.6614378277661476
8000277  0.6614378277661476
8000216  0.6480740698407861
8000219  0.6480740698407861
8200245  0.6434894520877869
8200247  0.6434894520877869
8200249  0.6434894520877869
8200250  0.6434894520877869
8200251  0.6434894520877869
8200274  0.6434894520877869
8200279  0.6434894520877869
8200287  0.6434894520877869
8200289  0.6434894520877869
8200291  0.6434894520877869
8200292  0.6434894520877869
8200293  0.6434894520877869
8200296  0.6434894520877869
8200297  0.6434894520877869
8200298  0.6434894520877869
8200301  0.6434894520877869
8200303  0.6434894520877869
8200308  0.6434894520877869
8200309  0.6434894520877869
8200310  0.6434894520877869
8200392  0.6434894520877869
8200394  0.6434894520877869
8000061  0.6123724356957945
8000068  0.6123724356957945
8000135  0.6123724356957945
8000241  0.6123724356957945
8200181  0.6123724356957945
8200232  0.6123724356957945
8200233  0.6123724356957945
8200234  0.6123724356957945
8200235  0.6123724356957945
8200236  0.6123724356957945
6800287  0.5976143046671969
6800294  0.5976143046671969
6800288  0.5563486402641867
6800289  0.5563486402641867
6800290  0.5563486402641867
6800291  0.5563486402641867
5900116  0.5179323973782373
5900117  0.5179323973782373
6300094  0.5179323973782373
6300095  0.5179323973782373
1300080  0.5135525910130955
1300081  0.5135525910130955
1300082  0.5135525910130955
1300083  0.5135525910130955
1300153  0.5135525910130955
1300159  0.5135525910130955
3300292  0.4879500364742666
3300294  0.4879500364742666
3300295  0.4879500364742666
3300296  0.4879500364742666
3300297  0.4879500364742666
3300298  0.4879500364742666
3300299  0.4879500364742666
3300300  0.4879500364742666
3300301  0.4879500364742666
3300302  0.4879500364742666
3300303  0.4879500364742666
3300304  0.4879500364742666
3300306  0.4879500364742666
3300310  0.4879500364742666
3300328  0.4879500364742666
3300420  0.4879500364742666
3300426  0.4879500364742666
5000650  0.4879500364742666
5000656  0.4879500364742666
5900153  0.4879500364742666
6700127  0.4879500364742666
6700128  0.4879500364742666
6700129  0.4879500364742666
6700130  0.4879500364742666
6700133  0.4879500364742666
6700135  0.4879500364742666
6700144  0.4879500364742666
6700145  0.4879500364742666
6700146  0.4879500364742666
6700149  0.4879500364742666
6700150  0.4879500364742666
6700151  0.4879500364742666
6700152  0.4879500364742666
6700153  0.4879500364742666
6700154  0.4879500364742666
6700155  0.4879500364742666
6700159  0.4879500364742666
6700161  0.4879500364742666
6700188  0.4879500364742666
6700189  0.4879500364742666
6700191  0.4879500364742666
6700192  0.4879500364742666
6700196  0.4879500364742666
6700197  0.4879500364742666
6700198  0.4879500364742666
6700199  0.4879500364742666
6700200  0.4879500364742666
6700201  0.4879500364742666
6700202  0.4879500364742666
6700203  0.4879500364742666
6700204  0.4879500364742666
6700208  0.4879500364742666
6700209  0.4879500364742666
6700210  0.4879500364742666
6700211  0.4879500364742666
6700215  0.4879500364742666
7000059  0.4879500364742666
7000225  0.4879500364742666
7000226  0.4879500364742666
7000233  0.4879500364742666
7000235  0.4879500364742666
7000293  0.4879500364742666
7200324  0.4879500364742666
7200325  0.4879500364742666
7200326  0.4879500364742666
7200327  0.4879500364742666
7200330  0.4879500364742666
7200331  0.4879500364742666
7200332  0.4879500364742666
7200333  0.4879500364742666
7200337  0.4879500364742666
7200338  0.4879500364742666
7200339  0.4879500364742666
7200340  0.4879500364742666
7200341  0.4879500364742666
7200342  0.4879500364742666
7200344  0.4879500364742666
7200346  0.4879500364742666
7200349  0.4879500364742666
7300374  0.4879500364742666
7300375  0.4879500364742666
7600262  0.4879500364742666
7600263  0.4879500364742666
7600264  0.4879500364742666
7600265  0.4879500364742666
7600268  0.4879500364742666
7600283  0.4879500364742666
7600302  0.4879500364742666
7600303  0.4879500364742666
7600304  0.4879500364742666
7600305  0.4879500364742666
7600306  0.4879500364742666
7600307  0.4879500364742666
7600310  0.4879500364742666
7800094  0.4879500364742666
7800109  0.4879500364742666
7800128  0.4879500364742666
7800129  0.4879500364742666
6400048  0.4652421051992354
6400049  0.4652421051992354
5900097  0.44543540318737396
5900098  0.44543540318737396
6700072  0.44543540318737396
6700073  0.44543540318737396
6700110  0.44543540318737396
6700111  0.44543540318737396
6700112  0.44543540318737396
7000112  0.44543540318737396
7000114  0.44543540318737396
7000120  0.44543540318737396
7000123  0.44543540318737396
7000125  0.44543540318737396
7000128  0.44543540318737396
7000129  0.44543540318737396
7000130  0.44543540318737396
7000132  0.44543540318737396
7000215  0.44543540318737396
7000216  0.44543540318737396
7000219  0.44543540318737396
7000223  0.44543540318737396
7200316  0.44543540318737396
7200317  0.44543540318737396
7200318  0.44543540318737396
7200355  0.44543540318737396
7200361  0.44543540318737396
7400388  0.44543540318737396
7400389  0.44543540318737396
7400390  0.44543540318737396
7400395  0.44543540318737396
7400396  0.44543540318737396
7400400  0.44543540318737396
7800055  0.44543540318737396
7800057  0.44543540318737396
7800058  0.44543540318737396
2400042  0.4123930494211613
2400043  0.4123930494211613
2400044  0.4123930494211613
2400049  0.4123930494211613
2400059  0.4123930494211613
2500714  0.4123930494211613
2500721  0.4123930494211613
2500722  0.4123930494211613
2500728  0.4123930494211613
2500729  0.4123930494211613
2500734  0.4123930494211613
2500735  0.4123930494211613
2500741  0.4123930494211613
2600042  0.4123930494211613
2600043  0.4123930494211613
2600044  0.4123930494211613
2600058  0.4123930494211613
2700034  0.4123930494211613
2700039  0.4123930494211613
2700042  0.4123930494211613
2700045  0.4123930494211613
2700048  0.4123930494211613
2700051  0.4123930494211613
2700054  0.4123930494211613
2700057  0.4123930494211613
2700060  0.4123930494211613
2700063  0.4123930494211613
2700066  0.4123930494211613
2700069  0.4123930494211613
2700072  0.4123930494211613
2700075  0.4123930494211613
2700078  0.4123930494211613
2700088  0.4123930494211613
2700124  0.4123930494211613
2700125  0.4123930494211613
2700128  0.4123930494211613
2700131  0.4123930494211613
2700134  0.4123930494211613
2700135  0.4123930494211613
2700136  0.4123930494211613
2700140  0.4123930494211613
2700141  0.4123930494211613
2700142  0.4123930494211613
2700143  0.4123930494211613
2700147  0.4123930494211613
2700148  0.4123930494211613
2700149  0.4123930494211613
2700153  0.4123930494211613
2700154  0.4123930494211613
2700157  0.4123930494211613
2700375  0.4123930494211613
2700376  0.4123930494211613
2700390  0.4123930494211613
2700391  0.4123930494211613
2700674  0.4123930494211613
2700678  0.4123930494211613
2700692  0.4123930494211613
2700712  0.4123930494211613
2700714  0.4123930494211613
2700715  0.4123930494211613
2700716  0.4123930494211613
2700717  0.4123930494211613
2700718  0.4123930494211613
2700719  0.4123930494211613
2700722  0.4123930494211613
2700791  0.4123930494211613
2700903  0.4123930494211613
2700905  0.4123930494211613
2700906  0.4123930494211613
2700909  0.4123930494211613
2700921  0.4123930494211613
2701016  0.4123930494211613
2701028  0.4123930494211613
2701029  0.4123930494211613
2701092  0.4123930494211613
2701093  0.4123930494211613
2701096  0.4123930494211613
2701097  0.4123930494211613
2701098  0.4123930494211613
2701099  0.4123930494211613
2701100  0.4123930494211613
2701102  0.4123930494211613
2701103  0.4123930494211613
2701105  0.4123930494211613
2701133  0.4123930494211613
3000052  0.4123930494211613
3000053  0.4123930494211613
3000054  0.4123930494211613
3000066  0.4123930494211613
3000067  0.4123930494211613
3000072  0.4123930494211613
3000077  0.4123930494211613
3000078  0.4123930494211613
3000089  0.4123930494211613
3000092  0.4123930494211613
3000095  0.4123930494211613
3000128  0.4123930494211613
3000132  0.4123930494211613
3000134  0.4123930494211613
3000135  0.4123930494211613
3000137  0.4123930494211613
3000159  0.4123930494211613
3000647  0.4123930494211613
3000908  0.4123930494211613
3000914  0.4123930494211613
3200043  0.4123930494211613
3200044  0.4123930494211613
3200045  0.4123930494211613
3300134  0.4123930494211613
3300135  0.4123930494211613
3300138  0.4123930494211613
3300141  0.4123930494211613
3300142  0.4123930494211613
3300146  0.4123930494211613
3300147  0.4123930494211613
3300151  0.4123930494211613
3300152  0.4123930494211613
3300157  0.4123930494211613
3300159  0.4123930494211613
4000072  0.4123930494211613
4000074  0.4123930494211613
4000078  0.4123930494211613
4000079  0.4123930494211613
4000080  0.4123930494211613
4000081  0.4123930494211613
4000082  0.4123930494211613
4000083  0.4123930494211613
4000084  0.4123930494211613
4000087  0.4123930494211613
4000088  0.4123930494211613
4000090  0.4123930494211613
4000091  0.4123930494211613
4000094  0.4123930494211613
4000096  0.4123930494211613
4000099  0.4123930494211613
4000100  0.4123930494211613
4000101  0.4123930494211613
4000102  0.4123930494211613
4000105  0.4123930494211613
4000109  0.4123930494211613
4000110  0.4123930494211613
4000111  0.4123930494211613
4000112  0.4123930494211613
4000113  0.4123930494211613
4000114  0.4123930494211613
4000116  0.4123930494211613
4000118  0.4123930494211613
4000125  0.4123930494211613
4000131  0.4123930494211613
4000145  0.4123930494211613
4000146  0.4123930494211613
4000147  0.4123930494211613
4000148  0.4123930494211613
4000152  0.4123930494211613
4000218  0.4123930494211613
4800222  0.4123930494211613
4800247  0.4123930494211613
4800248  0.4123930494211613
4800249  0.4123930494211613
4800250  0.4123930494211613
4800251  0.4123930494211613
4800252  0.4123930494211613
4800263  0.4123930494211613
4800264  0.4123930494211613
4800269  0.4123930494211613
4800274  0.4123930494211613
4800277  0.4123930494211613
4800278  0.4123930494211613
4800282  0.4123930494211613
4800283  0.4123930494211613
4800284  0.4123930494211613
4800285  0.4123930494211613
4800290  0.4123930494211613
4800291  0.4123930494211613
4800292  0.4123930494211613
4800293  0.4123930494211613
4800294  0.4123930494211613
4800298  0.4123930494211613
4800365  0.4123930494211613
4800366  0.4123930494211613
4800371  0.4123930494211613
4800375  0.4123930494211613
4800379  0.4123930494211613
4800380  0.4123930494211613
4800381  0.4123930494211613
4800382  0.4123930494211613
4800383  0.4123930494211613
4800384  0.4123930494211613
4800389  0.4123930494211613
4800390  0.4123930494211613
4800391  0.4123930494211613
4800392  0.4123930494211613
4800393  0.4123930494211613
4800394  0.4123930494211613
4800395  0.4123930494211613
4800401  0.4123930494211613
4800402  0.4123930494211613
4800403  0.4123930494211613
4800404  0.4123930494211613
4800405  0.4123930494211613
4800407  0.4123930494211613
4800408  0.4123930494211613
4800409  0.4123930494211613
4800410  0.4123930494211613
4800411  0.4123930494211613
4800416  0.4123930494211613
4800422  0.4123930494211613
4800423  0.4123930494211613
4800424  0.4123930494211613
4800425  0.4123930494211613
4800426  0.4123930494211613
4800428  0.4123930494211613
5000708  0.4123930494211613
5000709  0.4123930494211613
5000710  0.4123930494211613
5100085  0.4123930494211613
5100086  0.4123930494211613
5100087  0.4123930494211613
5100125  0.4123930494211613
5100126  0.4123930494211613
5100129  0.4123930494211613
5100132  0.4123930494211613
5100133  0.4123930494211613
5100137  0.4123930494211613
5100138  0.4123930494211613
5100142  0.4123930494211613
5100143  0.4123930494211613
5100148  0.4123930494211613
5100150  0.4123930494211613
5100309  0.4123930494211613
5100366  0.4123930494211613
5100378  0.4123930494211613
5100382  0.4123930494211613
5100383  0.4123930494211613
5100412  0.4123930494211613
5100418  0.4123930494211613
5100472  0.4123930494211613
5100473  0.4123930494211613
5100474  0.4123930494211613
5100475  0.4123930494211613
5100476  0.4123930494211613
5100477  0.4123930494211613
5100478  0.4123930494211613
5100481  0.4123930494211613
5100488  0.4123930494211613
5100489  0.4123930494211613
5100490  0.4123930494211613
5100491  0.4123930494211613
5100492  0.4123930494211613
5100493  0.4123930494211613
5100494  0.4123930494211613
5100497  0.4123930494211613
5100608  0.4123930494211613
5100609  0.4123930494211613
5100611  0.4123930494211613
5100612  0.4123930494211613
5100614  0.4123930494211613
5700033  0.4123930494211613
5700040  0.4123930494211613
5700041  0.4123930494211613
5700047  0.4123930494211613
5700052  0.4123930494211613
5700057  0.4123930494211613
5800064  0.4123930494211613
5800066  0.4123930494211613
7000257  0.4123930494211613
7000258  0.4123930494211613
7000271  0.4123930494211613
7000272  0.4123930494211613
7000285  0.4123930494211613
7000286  0.4123930494211613
7500177  0.4123930494211613
7500181  0.4123930494211613
7600136  0.4123930494211613
7600152  0.4123930494211613
7600155  0.4123930494211613
7600156  0.4123930494211613
7600159  0.4123930494211613
7600160  0.4123930494211613
7600161  0.4123930494211613
7600166  0.4123930494211613
7600167  0.4123930494211613
7600169  0.4123930494211613
7600171  0.4123930494211613
7600172  0.4123930494211613
7600173  0.4123930494211613
7600177  0.4123930494211613
7600184  0.4123930494211613
7600188  0.4123930494211613
7600189  0.4123930494211613
7600190  0.4123930494211613
7600191  0.4123930494211613
7600192  0.4123930494211613
7600195  0.4123930494211613
7600203  0.4123930494211613
7600204  0.4123930494211613
7600205  0.4123930494211613
7600206  0.4123930494211613
7600207  0.4123930494211613
7600209  0.4123930494211613
7600237  0.4123930494211613
7600239  0.4123930494211613
7600241  0.4123930494211613
7600242  0.4123930494211613
7600243  0.4123930494211613
7600244  0.4123930494211613
7600245  0.4123930494211613
7600246  0.4123930494211613
7600250  0.4123930494211613
4000103  0.3903600291794133
3200919  0.3086066999241838
3300496  0.3086066999241838
3300497  0.3086066999241838
3300498  0.3086066999241838
3300499  0.3086066999241838
3300500  0.3086066999241838
3300501  0.3086066999241838
3300502  0.3086066999241838
3300505  0.3086066999241838
7700236  0.3086066999241838
7700237  0.3086066999241838
7700239  0.3086066999241838
7700240  0.3086066999241838
7700242  0.3086066999241838
7700243  0.3086066999241838
7700246  0.3086066999241838
7700248  0.3086066999241838
7700249  0.3086066999241838
7700251  0.3086066999241838
7700254  0.3086066999241838
7700255  0.3086066999241838
7700256  0.3086066999241838
7700259  0.3086066999241838
7700262  0.3086066999241838
7700263  0.3086066999241838
7700264  0.3086066999241838
7700266  0.3086066999241838
7700267  0.3086066999241838
7700270  0.3086066999241838
7700272  0.3086066999241838
7700275  0.3086066999241838
7700278  0.3086066999241838
7700279  0.3086066999241838
7700280  0.3086066999241838
7700282  0.3086066999241838
7700285  0.3086066999241838
7700286  0.3086066999241838
7700287  0.3086066999241838
7700288  0.3086066999241838
7700289  0.3086066999241838
7700301  0.3086066999241838
7700302  0.3086066999241838
7700303  0.3086066999241838
7700304  0.3086066999241838
7700307  0.3086066999241838
7700314  0.3086066999241838
7700317  0.3086066999241838
7700318  0.3086066999241838
7700319  0.3086066999241838
7700320  0.3086066999241838
7700321  0.3086066999241838
7700324  0.3086066999241838
7700325  0.3086066999241838
7700326  0.3086066999241838
7700327  0.3086066999241838
7700328  0.3086066999241838
7700330  0.3086066999241838
7700339  0.3086066999241838
7700343  0.3086066999241838
7700346  0.3086066999241838
7700347  0.3086066999241838
7700348  0.3086066999241838
7700349  0.3086066999241838
7700350  0.3086066999241838
7700351  0.3086066999241838
7700354  0.3086066999241838
8300390  0.3086066999241838
8300391  0.3086066999241838
8300392  0.3086066999241838
8300393  0.3086066999241838
8300394  0.3086066999241838
8300395  0.3086066999241838
8300400  0.3086066999241838
8300401  0.3086066999241838
8300406  0.3086066999241838
8300407  0.3086066999241838
8300409  0.3086066999241838
8300411  0.3086066999241838
8300424  0.3086066999241838
8300425  0.3086066999241838
8300426  0.3086066999241838
8300427  0.3086066999241838
8300428  0.3086066999241838
8300431  0.3086066999241838
8300432  0.3086066999241838
8300435  0.3086066999241838
7700176  0.2760262237369417
7700178  0.2760262237369417
7700210  0.2760262237369417
7700211  0.2760262237369417
7700212  0.2760262237369417
7700215  0.2760262237369417
7700216  0.2760262237369417
7700218  0.2760262237369417
7700219  0.2760262237369417
7700222  0.2760262237369417
7700223  0.2760262237369417
7700224  0.2760262237369417
7700225  0.2760262237369417
7700228  0.2760262237369417
7700229  0.2760262237369417
7700230  0.2760262237369417
7700231  0.2760262237369417
7700235  0.2760262237369417
7700290  0.2672612419124244
7700291  0.2672612419124244
7700296  0.2672612419124244
7700297  0.2672612419124244
7700299  0.2672612419124244
7700356  0.2672612419124244
7700357  0.2672612419124244
7700358  0.2672612419124244
7700359  0.2672612419124244
7700208  0.2519763153394848
7700209  0.2519763153394848
7100292  0.2182178902359924
7700309  0.2182178902359924
7700310  0.2182178902359924
7700311  0.2182178902359924
