1800364  inf
1800367  inf
1800368  inf
1800369  inf
1800370  inf
1800371  inf
1800375  inf
1800377  inf
3400089  inf
3400092  inf
3400095  inf
3400096  inf
3400100  inf
3400103  inf
3400104  inf
3400105  inf
2400239  72.0
2400240  72.0
2400242  72.0
1300180  36.0
1300181  36.0
1300182  36.0
1300183  36.0
1300184  36.0
1300185  36.0
1400105  36.0
2400183  36.0
2400184  36.0
2400185  36.0
2400186  36.0
2400187  36.0
2400192  36.0
2400199  36.0
2400200  36.0
2400201  36.0
2400202  36.0
2400207  36.0
2400213  36.0
2400255  36.0
2400256  36.0
2400257  36.0
2400258  36.0
2400259  36.0
2400260  36.0
2400261  36.0
2400262  36.0
2400265  36.0
3900758  36.0
3900772  36.0
3900804  36.0
3900818  36.0
1300225  28.8
1300249  28.8
3400216  14.4
3400219  14.4
7000339  13.5
7000344  13.5
3400202  13.090909090909092
3700480  8.470588235294118
3700482  8.470588235294118
1400054  7.578947368421052
1400055  7.578947368421052
6000565  7.0
6700059  7.0
6700079  7.0
6700080  7.0
6700081  7.0
6700082  7.0
6700083  7.0
6700084  7.0
3700496  5.0625
5000217  3.272727272727273
5000222  3.272727272727273
3700498  3.0625
5600282  2.1176470588235294
5600284  2.1176470588235294
5000188  2.057142857142857
5000187  1.894736842105263
6000458  1.8837209302325582
6000459  1.8837209302325582
7000298  1.8837209302325582
7000300  1.8837209302325582
7000302  1.8837209302325582
7000303  1.8837209302325582
7000304  1.8837209302325582
7000309  1.8837209302325582
6000552  1.8
6000551  1.7234042553191489
6000468  1.653061224489796
6000469  1.653061224489796
6000470  1.653061224489796
6200088  1.653061224489796
6200093  1.653061224489796
6000399  1.62
6000400  1.62
6000401  1.62
6000404  1.62
6000406  1.62
6000407  1.62
6000409  1.62
6000411  1.62
6000428  1.62
6100233  1.62
6100241  1.62
6200123  1.62
6200120  1.5576923076923077
6000385  1.528301886792453
6000386  1.528301886792453
6000387  1.528301886792453
6200142  1.528301886792453
6100197  1.4727272727272727
6100202  1.4727272727272727
6100203  1.4727272727272727
6100211  1.4727272727272727
6100212  1.4727272727272727
6100217  1.4727272727272727
6200139  1.4727272727272727
6000360  1.4464285714285714
6000738  1.4464285714285714
6000739  1.4464285714285714
6000740  1.4464285714285714
6000741  1.4464285714285714
6000743  1.4464285714285714
7500770  1.4464285714285714
7500771  1.4464285714285714
7500772  1.4464285714285714
7500773  1.4464285714285714
1800285  1.411764705882353
4000141  1.391304347826087
4600114  1.391304347826087
4600115  1.391304347826087
5000100  1.391304347826087
5000102  1.391304347826087
5000106  1.391304347826087
5300182  1.3333333333333333
1800283  1.2
6200134  1.1136363636363635
6700055  1.1136363636363635
6700096  1.1136363636363635
2200086  1.099236641221374
4600104  1.0847457627118644
4600105  1.0847457627118644
4900078  1.065217391304348
4900080  1.065217391304348
3300155  1.0
3300161  1.0
3300162  1.0
5200091  1.0
5300190  1.0
5500135  1.0
5500141  1.0
5500142  1.0
6000448  1.0
6000449  1.0
6000450  1.0
6700047  1.0
2200096  0.9795918367346939
2200099  0.9795918367346939
2200100  0.9795918367346939
2200101  0.9795918367346939
2200104  0.9795918367346939
2200105  0.9795918367346939
2200106  0.9795918367346939
2200107  0.9795918367346939
2200108  0.9795918367346939
2200110  0.9795918367346939
2200111  0.9795918367346939
2200112  0.9795918367346939
2200102  0.9696969696969697
2501248  0.9473684210526315
8900123  0.9473684210526315
3200218  0.9411764705882353
4300109  0.9411764705882353
5300160  0.9411764705882353
5900127  0.9411764705882353
5900131  0.9411764705882353
7300055  0.9411764705882353
7300058  0.9411764705882353
7300059  0.9411764705882353
7300062  0.9411764705882353
7300065  0.9411764705882353
7300071  0.9411764705882353
7300081  0.9411764705882353
7300082  0.9411764705882353
7300085  0.9411764705882353
7300150  0.9411764705882353
7300154  0.9411764705882353
7300155  0.9411764705882353
7300156  0.9411764705882353
7300157  0.9411764705882353
7300158  0.9411764705882353
7300159  0.9411764705882353
7300160  0.9411764705882353
7300162  0.9411764705882353
7300163  0.9411764705882353
7300164  0.9411764705882353
7300165  0.9411764705882353
7300166  0.9411764705882353
7300170  0.9411764705882353
7300171  0.9411764705882353
7300172  0.9411764705882353
7300173  0.9411764705882353
7300174  0.9411764705882353
7300175  0.9411764705882353
7300176  0.9411764705882353
7300177  0.9411764705882353
7300178  0.9411764705882353
7300179  0.9411764705882353
7300180  0.9411764705882353
7300181  0.9411764705882353
7300183  0.9411764705882353
7300184  0.9411764705882353
7300185  0.9411764705882353
7300186  0.9411764705882353
7300187  0.9411764705882353
7300188  0.9411764705882353
7300189  0.9411764705882353
7300190  0.9411764705882353
7300191  0.9411764705882353
7300192  0.9411764705882353
7300193  0.9411764705882353
7300194  0.9411764705882353
7300197  0.9411764705882353
7300198  0.9411764705882353
7300200  0.9411764705882353
7300201  0.9411764705882353
7300203  0.9411764705882353
7300204  0.9411764705882353
7300205  0.9411764705882353
7300209  0.9411764705882353
7300212  0.9411764705882353
7300215  0.9411764705882353
7300220  0.9411764705882353
7300221  0.9411764705882353
7600386  0.9411764705882353
7600387  0.9411764705882353
7600390  0.9411764705882353
7600391  0.9411764705882353
7600392  0.9411764705882353
7600393  0.9411764705882353
7600394  0.9411764705882353
7600395  0.9411764705882353
7600396  0.9411764705882353
7700281  0.9411764705882353
7700282  0.9411764705882353
7700285  0.9411764705882353
7700286  0.9411764705882353
7700287  0.9411764705882353
7700288  0.9411764705882353
7700295  0.9411764705882353
2300315  0.935064935064935
3900726  0.935064935064935
4000055  0.935064935064935
4100139  0.935064935064935
4200090  0.935064935064935
4300147  0.935064935064935
4300148  0.935064935064935
4300149  0.935064935064935
4300150  0.935064935064935
4300151  0.935064935064935
4400069  0.935064935064935
4600142  0.935064935064935
4600143  0.935064935064935
4600144  0.935064935064935
4600145  0.935064935064935
4700049  0.935064935064935
4700155  0.935064935064935
4800122  0.935064935064935
4900141  0.935064935064935
5100101  0.935064935064935
6400095  0.935064935064935
6400111  0.935064935064935
6600094  0.935064935064935
6700051  0.935064935064935
6800056  0.935064935064935
7000315  0.935064935064935
7000334  0.935064935064935
7100208  0.935064935064935
7100220  0.935064935064935
7200058  0.935064935064935
2200133  0.9171974522292994
1800282  0.8944099378881988
2200063  0.8888888888888888
2200065  0.8888888888888888
2200066  0.8888888888888888
2200067  0.8888888888888888
2200068  0.8888888888888888
2200122  0.8888888888888888
2200123  0.8888888888888888
2200169  0.8888888888888888
2200171  0.8888888888888888
2200173  0.8888888888888888
2200175  0.8888888888888888
2200178  0.8888888888888888
2200180  0.8888888888888888
6100081  0.8888888888888888
7900040  0.8888888888888888
7900046  0.8888888888888888
7900047  0.8888888888888888
7900087  0.8888888888888888
7900091  0.8888888888888888
6000143  0.8834355828220859
6000146  0.8834355828220859
6100045  0.8834355828220859
6100068  0.8834355828220859
6100071  0.8834355828220859
6100072  0.8834355828220859
6100100  0.8834355828220859
6100111  0.8834355828220859
6100115  0.8834355828220859
6100116  0.8834355828220859
6100117  0.8834355828220859
6100118  0.8834355828220859
6100119  0.8834355828220859
6100122  0.8834355828220859
6100126  0.8834355828220859
6100127  0.8834355828220859
6100128  0.8834355828220859
6100129  0.8834355828220859
6100135  0.8834355828220859
6100137  0.8834355828220859
6100138  0.8834355828220859
6100148  0.8834355828220859
6100149  0.8834355828220859
6100191  0.8834355828220859
6100192  0.8834355828220859
6100194  0.8834355828220859
6100225  0.8834355828220859
6100229  0.8834355828220859
6100237  0.8834355828220859
6000691  0.8780487804878049
6200042  0.8780487804878049
6200045  0.8780487804878049
6200053  0.8780487804878049
6200054  0.8780487804878049
6200056  0.8780487804878049
6200057  0.8780487804878049
6200058  0.8780487804878049
6200059  0.8780487804878049
6200061  0.8780487804878049
6200062  0.8780487804878049
6200064  0.8780487804878049
6200066  0.8780487804878049
6200067  0.8780487804878049
6200069  0.8780487804878049
6200075  0.8780487804878049
6200076  0.8780487804878049
1000164  0.8727272727272727
1000173  0.8727272727272727
1000182  0.8727272727272727
1000191  0.8727272727272727
1000200  0.8727272727272727
1000209  0.8727272727272727
1000218  0.8727272727272727
1000236  0.8727272727272727
1000245  0.8727272727272727
1000254  0.8727272727272727
1000264  0.8727272727272727
1000273  0.8727272727272727
1000282  0.8727272727272727
1000291  0.8727272727272727
1000300  0.8727272727272727
1000309  0.8727272727272727
1000318  0.8727272727272727
1000336  0.8727272727272727
1000345  0.8727272727272727
1000354  0.8727272727272727
1000363  0.8727272727272727
2300099  0.8727272727272727
2300100  0.8727272727272727
2300101  0.8727272727272727
2300102  0.8727272727272727
2300103  0.8727272727272727
2300156  0.8727272727272727
2300160  0.8727272727272727
2300164  0.8727272727272727
2300168  0.8727272727272727
2300172  0.8727272727272727
2300176  0.8727272727272727
2300180  0.8727272727272727
2300184  0.8727272727272727
2300188  0.8727272727272727
2300192  0.8727272727272727
2300196  0.8727272727272727
2300200  0.8727272727272727
2300204  0.8727272727272727
2300208  0.8727272727272727
2300212  0.8727272727272727
2300216  0.8727272727272727
2300220  0.8727272727272727
2300224  0.8727272727272727
2300228  0.8727272727272727
2300232  0.8727272727272727
2300236  0.8727272727272727
2300240  0.8727272727272727
2300244  0.8727272727272727
2300248  0.8727272727272727
2300252  0.8727272727272727
2300256  0.8727272727272727
2300260  0.8727272727272727
2300264  0.8727272727272727
2300268  0.8727272727272727
2300272  0.8727272727272727
2300276  0.8727272727272727
2300280  0.8727272727272727
2300284  0.8727272727272727
2300288  0.8727272727272727
2300292  0.8727272727272727
2300308  0.8727272727272727
2300319  0.8727272727272727
2300320  0.8727272727272727
2300321  0.8727272727272727
2300323  0.8727272727272727
2300327  0.8727272727272727
2300328  0.8727272727272727
2300329  0.8727272727272727
2300330  0.8727272727272727
2300331  0.8727272727272727
2300332  0.8727272727272727
2300333  0.8727272727272727
2300334  0.8727272727272727
2300335  0.8727272727272727
2300336  0.8727272727272727
2300337  0.8727272727272727
2300338  0.8727272727272727
2300343  0.8727272727272727
2300344  0.8727272727272727
2300345  0.8727272727272727
2300346  0.8727272727272727
2300347  0.8727272727272727
2300348  0.8727272727272727
2300349  0.8727272727272727
2300350  0.8727272727272727
2300351  0.8727272727272727
2300352  0.8727272727272727
2300353  0.8727272727272727
2300354  0.8727272727272727
2300355  0.8727272727272727
2300356  0.8727272727272727
2300357  0.8727272727272727
2300358  0.8727272727272727
2300359  0.8727272727272727
2300360  0.8727272727272727
2300361  0.8727272727272727
2300362  0.8727272727272727
2300363  0.8727272727272727
2300364  0.8727272727272727
2300365  0.8727272727272727
2300369  0.8727272727272727
2300370  0.8727272727272727
2300372  0.8727272727272727
2300385  0.8727272727272727
2300386  0.8727272727272727
2400660  0.8727272727272727
3200092  0.8727272727272727
3700452  0.8727272727272727
3700457  0.8727272727272727
3900050  0.8727272727272727
3900051  0.8727272727272727
3900054  0.8727272727272727
3900055  0.8727272727272727
3900058  0.8727272727272727
3900069  0.8727272727272727
4000047  0.8727272727272727
4000048  0.8727272727272727
4000051  0.8727272727272727
4000052  0.8727272727272727
4000066  0.8727272727272727
4100052  0.8727272727272727
4100054  0.8727272727272727
4100058  0.8727272727272727
4100059  0.8727272727272727
4100062  0.8727272727272727
4100066  0.8727272727272727
4100067  0.8727272727272727
4100076  0.8727272727272727
4100077  0.8727272727272727
4100087  0.8727272727272727
4100088  0.8727272727272727
4100089  0.8727272727272727
4100090  0.8727272727272727
4100148  0.8727272727272727
4100158  0.8727272727272727
4200054  0.8727272727272727
4200055  0.8727272727272727
4200058  0.8727272727272727
4200061  0.8727272727272727
4200062  0.8727272727272727
4200070  0.8727272727272727
4200086  0.8727272727272727
4300047  0.8727272727272727
4300048  0.8727272727272727
4300051  0.8727272727272727
4300052  0.8727272727272727
4400052  0.8727272727272727
4400053  0.8727272727272727
4400056  0.8727272727272727
4400059  0.8727272727272727
4400060  0.8727272727272727
4500056  0.8727272727272727
4500058  0.8727272727272727
4500062  0.8727272727272727
4500063  0.8727272727272727
4500066  0.8727272727272727
4500070  0.8727272727272727
4500072  0.8727272727272727
4500073  0.8727272727272727
4500075  0.8727272727272727
4500076  0.8727272727272727
4500078  0.8727272727272727
4500079  0.8727272727272727
4500080  0.8727272727272727
4500182  0.8727272727272727
4600043  0.8727272727272727
4600044  0.8727272727272727
4600045  0.8727272727272727
4600054  0.8727272727272727
4600063  0.8727272727272727
4700038  0.8727272727272727
4700044  0.8727272727272727
4700045  0.8727272727272727
4700062  0.8727272727272727
4700071  0.8727272727272727
4700080  0.8727272727272727
4800057  0.8727272727272727
4800059  0.8727272727272727
4800063  0.8727272727272727
4800064  0.8727272727272727
4800065  0.8727272727272727
4800069  0.8727272727272727
4800070  0.8727272727272727
4900048  0.8727272727272727
4900050  0.8727272727272727
4900054  0.8727272727272727
4900055  0.8727272727272727
4900059  0.8727272727272727
4900060  0.8727272727272727
4900150  0.8727272727272727
4900154  0.8727272727272727
5100045  0.8727272727272727
5100046  0.8727272727272727
5100049  0.8727272727272727
5200055  0.8727272727272727
5200056  0.8727272727272727
5200057  0.8727272727272727
5200058  0.8727272727272727
5200137  0.8727272727272727
5300151  0.8727272727272727
5300152  0.8727272727272727
5300153  0.8727272727272727
5400046  0.8727272727272727
5400047  0.8727272727272727
5400058  0.8727272727272727
5400059  0.8727272727272727
5400073  0.8727272727272727
5400075  0.8727272727272727
5400079  0.8727272727272727
5400081  0.8727272727272727
5400082  0.8727272727272727
5400086  0.8727272727272727
5400087  0.8727272727272727
5400091  0.8727272727272727
5400174  0.8727272727272727
5400183  0.8727272727272727
5900046  0.8727272727272727
5900047  0.8727272727272727
5900048  0.8727272727272727
6000050  0.8727272727272727
6000076  0.8727272727272727
6000077  0.8727272727272727
6000079  0.8727272727272727
6000081  0.8727272727272727
6000083  0.8727272727272727
6000085  0.8727272727272727
6000087  0.8727272727272727
6000090  0.8727272727272727
6000093  0.8727272727272727
6000096  0.8727272727272727
6000099  0.8727272727272727
6000102  0.8727272727272727
6000105  0.8727272727272727
6000108  0.8727272727272727
6000111  0.8727272727272727
6000114  0.8727272727272727
6000117  0.8727272727272727
6000120  0.8727272727272727
6000121  0.8727272727272727
6000126  0.8727272727272727
6000131  0.8727272727272727
6000133  0.8727272727272727
6000138  0.8727272727272727
6000139  0.8727272727272727
6000241  0.8727272727272727
6000242  0.8727272727272727
6000243  0.8727272727272727
6000244  0.8727272727272727
6000245  0.8727272727272727
6000246  0.8727272727272727
6000247  0.8727272727272727
6000249  0.8727272727272727
6000250  0.8727272727272727
6000251  0.8727272727272727
6000252  0.8727272727272727
6000253  0.8727272727272727
6000254  0.8727272727272727
6000255  0.8727272727272727
6000256  0.8727272727272727
6000257  0.8727272727272727
6000258  0.8727272727272727
6000259  0.8727272727272727
6000264  0.8727272727272727
6000265  0.8727272727272727
6000268  0.8727272727272727
6000270  0.8727272727272727
6000273  0.8727272727272727
6000275  0.8727272727272727
6000278  0.8727272727272727
6000279  0.8727272727272727
6000280  0.8727272727272727
6000281  0.8727272727272727
6000282  0.8727272727272727
6000283  0.8727272727272727
6000284  0.8727272727272727
6000286  0.8727272727272727
6000288  0.8727272727272727
6000294  0.8727272727272727
6000295  0.8727272727272727
6000296  0.8727272727272727
6000297  0.8727272727272727
6000298  0.8727272727272727
6300750  0.8727272727272727
6300751  0.8727272727272727
6400045  0.8727272727272727
6400046  0.8727272727272727
6400047  0.8727272727272727
6400119  0.8727272727272727
6500040  0.8727272727272727
6500041  0.8727272727272727
6500042  0.8727272727272727
6500093  0.8727272727272727
6500097  0.8727272727272727
6600045  0.8727272727272727
6600046  0.8727272727272727
6600047  0.8727272727272727
6700041  0.8727272727272727
6700042  0.8727272727272727
6700043  0.8727272727272727
6800041  0.8727272727272727
6800042  0.8727272727272727
6800043  0.8727272727272727
6900037  0.8727272727272727
6900038  0.8727272727272727
7000051  0.8727272727272727
7000052  0.8727272727272727
7000053  0.8727272727272727
7000054  0.8727272727272727
7000055  0.8727272727272727
7100044  0.8727272727272727
7100045  0.8727272727272727
7100046  0.8727272727272727
7200042  0.8727272727272727
7200043  0.8727272727272727
7200044  0.8727272727272727
7400436  0.8727272727272727
7400437  0.8727272727272727
7400445  0.8727272727272727
7400446  0.8727272727272727
7400448  0.8727272727272727
7400449  0.8727272727272727
7400451  0.8727272727272727
7400452  0.8727272727272727
7400454  0.8727272727272727
7400455  0.8727272727272727
7400457  0.8727272727272727
7400458  0.8727272727272727
7400460  0.8727272727272727
7400461  0.8727272727272727
7400463  0.8727272727272727
7400464  0.8727272727272727
7400466  0.8727272727272727
7400467  0.8727272727272727
7400469  0.8727272727272727
7400470  0.8727272727272727
7400472  0.8727272727272727
7400473  0.8727272727272727
7400475  0.8727272727272727
7400476  0.8727272727272727
7400478  0.8727272727272727
7400485  0.8727272727272727
7400486  0.8727272727272727
7400488  0.8727272727272727
7400489  0.8727272727272727
7400491  0.8727272727272727
7400492  0.8727272727272727
7400494  0.8727272727272727
7400495  0.8727272727272727
7400497  0.8727272727272727
7400498  0.8727272727272727
7400500  0.8727272727272727
7400501  0.8727272727272727
7400503  0.8727272727272727
7400504  0.8727272727272727
7400506  0.8727272727272727
7400507  0.8727272727272727
7400509  0.8727272727272727
7400510  0.8727272727272727
7400512  0.8727272727272727
7400513  0.8727272727272727
7400515  0.8727272727272727
7400516  0.8727272727272727
7400518  0.8727272727272727
7400519  0.8727272727272727
7400521  0.8727272727272727
7400522  0.8727272727272727
7400524  0.8727272727272727
7400525  0.8727272727272727
7400527  0.8727272727272727
7400528  0.8727272727272727
7400530  0.8727272727272727
7400531  0.8727272727272727
7400533  0.8727272727272727
7400534  0.8727272727272727
7400536  0.8727272727272727
7400537  0.8727272727272727
7400539  0.8727272727272727
7400540  0.8727272727272727
7400542  0.8727272727272727
7400543  0.8727272727272727
7400545  0.8727272727272727
7400546  0.8727272727272727
7400548  0.8727272727272727
7400549  0.8727272727272727
7400551  0.8727272727272727
7400552  0.8727272727272727
7400555  0.8727272727272727
7400558  0.8727272727272727
7400562  0.8727272727272727
8500102  0.8727272727272727
1000227  0.8674698795180723
1000327  0.8674698795180723
1500033  0.8674698795180723
1600030  0.8674698795180723
3200049  0.8674698795180723
3200050  0.8674698795180723
3200051  0.8674698795180723
3200053  0.8674698795180723
3200055  0.8674698795180723
3200056  0.8674698795180723
3200057  0.8674698795180723
3200059  0.8674698795180723
3200070  0.8674698795180723
3200071  0.8674698795180723
3200072  0.8674698795180723
5600278  0.8674698795180723
1000073  0.8622754491017964
1000076  0.8622754491017964
1000079  0.8622754491017964
1000082  0.8622754491017964
1000085  0.8622754491017964
1000088  0.8622754491017964
1000091  0.8622754491017964
1000094  0.8622754491017964
1000097  0.8622754491017964
1000100  0.8622754491017964
1000103  0.8622754491017964
1000106  0.8622754491017964
1000110  0.8622754491017964
1000113  0.8622754491017964
1000116  0.8622754491017964
1000119  0.8622754491017964
1000122  0.8622754491017964
1000125  0.8622754491017964
1000128  0.8622754491017964
1000131  0.8622754491017964
1000134  0.8622754491017964
1000137  0.8622754491017964
1000140  0.8622754491017964
1000153  0.8622754491017964
1000154  0.8622754491017964
1000155  0.8622754491017964
1900141  0.8622754491017964
1900169  0.8622754491017964
1900196  0.8622754491017964
1900205  0.8622754491017964
2100063  0.8622754491017964
2400054  0.8622754491017964
2400055  0.8622754491017964
3700444  0.8622754491017964
3700445  0.8622754491017964
3700446  0.8622754491017964
3700447  0.8622754491017964
3700448  0.8622754491017964
1900105  0.8470588235294118
3300230  0.8181818181818182
5500235  0.8181818181818182
2300107  0.7804878048780488
2300108  0.7804878048780488
1900178  0.7783783783783784
1900187  0.7783783783783784
2500133  0.75
2500134  0.75
2500135  0.75
2500136  0.75
2500137  0.75
2500138  0.75
2500141  0.75
2500142  0.75
2500143  0.75
2500148  0.75
2500153  0.75
2500154  0.75
2500157  0.75
2500159  0.75
2500161  0.75
1900160  0.7422680412371134
1900114  0.7346938775510204
1900123  0.7346938775510204
1900132  0.7346938775510204
1900151  0.7309644670050761
3400156  0.6956521739130435
3400157  0.6956521739130435
3400158  0.6956521739130435
5000082  0.6881720430107527
5000084  0.6881720430107527
5000088  0.6881720430107527
1800039  0.6666666666666666
1800041  0.6666666666666666
1800047  0.6666666666666666
1800048  0.6666666666666666
1800049  0.6666666666666666
1800050  0.6666666666666666
1800051  0.6666666666666666
1800052  0.6666666666666666
1800053  0.6666666666666666
1800054  0.6666666666666666
1800055  0.6666666666666666
1800056  0.6666666666666666
1800057  0.6666666666666666
1800058  0.6666666666666666
1800059  0.6666666666666666
1800060  0.6666666666666666
1800063  0.6666666666666666
1800066  0.6666666666666666
1800067  0.6666666666666666
5700524  0.6666666666666666
3400167  0.6302083333333334
2500147  0.6269430051813472
3500105  0.605
3500106  0.605
3500107  0.605
3500108  0.605
3500109  0.605
3500110  0.605
3500187  0.605
3500190  0.605
7000243  0.6
7000247  0.6
7000248  0.6
7000249  0.6
7000250  0.6
7000252  0.6
7000256  0.6
7000258  0.6
7000271  0.6
7000273  0.6
7000276  0.6
7000280  0.6
10700065  0.5902439024390244
10700066  0.5902439024390244
10700085  0.5902439024390244
10801545  0.5902439024390244
10801548  0.5902439024390244
10801549  0.5902439024390244
10801550  0.5902439024390244
10900228  0.5902439024390244
10900231  0.5902439024390244
10900232  0.5902439024390244
10900233  0.5902439024390244
10900234  0.5902439024390244
10900500  0.5902439024390244
10900501  0.5902439024390244
10900552  0.5902439024390244
10900555  0.5902439024390244
10900652  0.5902439024390244
11101606  0.5902439024390244
12000859  0.5902439024390244
12000860  0.5902439024390244
12000861  0.5902439024390244
3500087  0.587378640776699
3500088  0.587378640776699
3500089  0.587378640776699
3500090  0.587378640776699
3500091  0.587378640776699
3500092  0.587378640776699
3500128  0.587378640776699
3500146  0.587378640776699
10900101  0.587378640776699
10900102  0.587378640776699
10900103  0.587378640776699
10900123  0.587378640776699
10900124  0.587378640776699
10900125  0.587378640776699
10900171  0.587378640776699
10900172  0.587378640776699
10900173  0.587378640776699
10900174  0.587378640776699
10900175  0.587378640776699
10900176  0.587378640776699
10900177  0.587378640776699
10900181  0.587378640776699
10900182  0.587378640776699
10900183  0.587378640776699
10900184  0.587378640776699
10900398  0.587378640776699
10900399  0.587378640776699
10900411  0.587378640776699
10900412  0.587378640776699
10900424  0.587378640776699
10900425  0.587378640776699
10900437  0.587378640776699
10900438  0.587378640776699
10900450  0.587378640776699
10900451  0.587378640776699
10900463  0.587378640776699
10900464  0.587378640776699
10900530  0.587378640776699
10900531  0.587378640776699
10900534  0.587378640776699
10900536  0.587378640776699
10900537  0.587378640776699
10900538  0.587378640776699
10900539  0.587378640776699
10900591  0.587378640776699
10900592  0.587378640776699
10900593  0.587378640776699
10900599  0.587378640776699
10900605  0.587378640776699
10900606  0.587378640776699
10900607  0.587378640776699
10900608  0.587378640776699
10900609  0.587378640776699
10900611  0.587378640776699
10900730  0.587378640776699
10900734  0.587378640776699
10900737  0.587378640776699
10900738  0.587378640776699
10900750  0.587378640776699
10900751  0.587378640776699
10900752  0.587378640776699
10900757  0.587378640776699
10900761  0.587378640776699
10900764  0.587378640776699
10900765  0.587378640776699
10900766  0.587378640776699
10900770  0.587378640776699
10900771  0.587378640776699
10900774  0.587378640776699
10900779  0.587378640776699
10900782  0.587378640776699
10900783  0.587378640776699
10900786  0.587378640776699
10900787  0.587378640776699
10900788  0.587378640776699
10900789  0.587378640776699
10900790  0.587378640776699
10900795  0.587378640776699
10900798  0.587378640776699
10900799  0.587378640776699
10900800  0.587378640776699
10900801  0.587378640776699
10900802  0.587378640776699
10900803  0.587378640776699
10900804  0.587378640776699
10900807  0.587378640776699
10900808  0.587378640776699
10900810  0.587378640776699
10900813  0.587378640776699
10900818  0.587378640776699
10900824  0.587378640776699
10900825  0.587378640776699
11001772  0.587378640776699
11001773  0.587378640776699
11001774  0.587378640776699
11001776  0.587378640776699
11001778  0.587378640776699
11001781  0.587378640776699
11001785  0.587378640776699
11001788  0.587378640776699
11001791  0.587378640776699
11001843  0.587378640776699
11001844  0.587378640776699
11001845  0.587378640776699
11001846  0.587378640776699
11001847  0.587378640776699
11001850  0.587378640776699
11001854  0.587378640776699
11001855  0.587378640776699
11001856  0.587378640776699
11001859  0.587378640776699
11001863  0.587378640776699
11101583  0.587378640776699
11101599  0.587378640776699
11101600  0.587378640776699
11101601  0.587378640776699
11101603  0.587378640776699
11101622  0.587378640776699
11101623  0.587378640776699
11101624  0.587378640776699
11101625  0.587378640776699
11101626  0.587378640776699
11101756  0.587378640776699
11101757  0.587378640776699
11101758  0.587378640776699
11401053  0.587378640776699
11401054  0.587378640776699
11401055  0.587378640776699
11401056  0.587378640776699
11401057  0.587378640776699
11401058  0.587378640776699
11401059  0.587378640776699
11401060  0.587378640776699
11401061  0.587378640776699
11401062  0.587378640776699
11401064  0.587378640776699
11401065  0.587378640776699
11401066  0.587378640776699
11401067  0.587378640776699
11401068  0.587378640776699
11401069  0.587378640776699
11401070  0.587378640776699
11401071  0.587378640776699
11401072  0.587378640776699
11401075  0.587378640776699
11401076  0.587378640776699
11401535  0.587378640776699
1900060  0.46153846153846156
1900062  0.46153846153846156
1900064  0.46153846153846156
1900066  0.46153846153846156
1900068  0.46153846153846156
1900070  0.46153846153846156
1900072  0.46153846153846156
1900074  0.46153846153846156
1900076  0.46153846153846156
1900078  0.46153846153846156
1900080  0.46153846153846156
1900082  0.46153846153846156
1900094  0.46153846153846156
1900095  0.46153846153846156
1900096  0.46153846153846156
5600259  0.46153846153846156
5600260  0.46153846153846156
5600261  0.46153846153846156
2900056  0.4432234432234432
2900058  0.4432234432234432
2900059  0.4432234432234432
2900060  0.4432234432234432
2900061  0.4432234432234432
2900062  0.4432234432234432
2900063  0.4432234432234432
2900064  0.4432234432234432
2900065  0.4432234432234432
2900595  0.4432234432234432
2900596  0.4432234432234432
2900597  0.4432234432234432
2900598  0.4432234432234432
2900599  0.4432234432234432
3300249  0.4090909090909091
2500095  0.4011142061281337
2500115  0.4011142061281337
2500116  0.4011142061281337
2500117  0.4011142061281337
2500204  0.4011142061281337
2500207  0.4011142061281337
2500210  0.4011142061281337
2500211  0.4011142061281337
2500212  0.4011142061281337
2500415  0.4011142061281337
2500416  0.4011142061281337
2500418  0.4011142061281337
2500419  0.4011142061281337
2500423  0.4011142061281337
2500426  0.4011142061281337
2500429  0.4011142061281337
2500430  0.4011142061281337
2500431  0.4011142061281337
2500443  0.4011142061281337
2500446  0.4011142061281337
2500448  0.4011142061281337
2500458  0.4011142061281337
2500460  0.4011142061281337
2500462  0.4011142061281337
2500466  0.4011142061281337
2500469  0.4011142061281337
2500473  0.4011142061281337
2500514  0.4011142061281337
2500515  0.4011142061281337
2500517  0.4011142061281337
2500518  0.4011142061281337
2500529  0.4011142061281337
2500531  0.4011142061281337
2500532  0.4011142061281337
2500542  0.4011142061281337
2500544  0.4011142061281337
2500545  0.4011142061281337
2500548  0.4011142061281337
2500689  0.4011142061281337
2500690  0.4011142061281337
2500693  0.4011142061281337
2500694  0.4011142061281337
2500706  0.4011142061281337
8100482  0.4011142061281337
8100504  0.4011142061281337
8100505  0.4011142061281337
8100509  0.4011142061281337
8100510  0.4011142061281337
8100511  0.4011142061281337
8100512  0.4011142061281337
8100513  0.4011142061281337
8100514  0.4011142061281337
8100515  0.4011142061281337
8200082  0.4011142061281337
8200083  0.4011142061281337
8200106  0.4011142061281337
8200107  0.4011142061281337
8200110  0.4011142061281337
8200111  0.4011142061281337
8200114  0.4011142061281337
8200115  0.4011142061281337
8200117  0.4011142061281337
8200118  0.4011142061281337
8200121  0.4011142061281337
8200123  0.4011142061281337
8200124  0.4011142061281337
8200136  0.4011142061281337
8200140  0.4011142061281337
8200141  0.4011142061281337
8200145  0.4011142061281337
8200147  0.4011142061281337
8200150  0.4011142061281337
8200152  0.4011142061281337
8200153  0.4011142061281337
8200154  0.4011142061281337
8200155  0.4011142061281337
8200174  0.4011142061281337
8200196  0.4011142061281337
8200199  0.4011142061281337
8200200  0.4011142061281337
8200201  0.4011142061281337
8200205  0.4011142061281337
8200214  0.4011142061281337
8200224  0.4011142061281337
8200226  0.4011142061281337
8200227  0.4011142061281337
8200228  0.4011142061281337
8200229  0.4011142061281337
8200236  0.4011142061281337
8200237  0.4011142061281337
8200240  0.4011142061281337
8200252  0.4011142061281337
8200253  0.4011142061281337
8200255  0.4011142061281337
8200258  0.4011142061281337
8200260  0.4011142061281337
8200262  0.4011142061281337
8200263  0.4011142061281337
8200274  0.4011142061281337
8200275  0.4011142061281337
8200276  0.4011142061281337
8200277  0.4011142061281337
8200281  0.4011142061281337
8200282  0.4011142061281337
8200284  0.4011142061281337
8200287  0.4011142061281337
8200289  0.4011142061281337
8301166  0.4011142061281337
8301176  0.4011142061281337
8301177  0.4011142061281337
8301178  0.4011142061281337
8301179  0.4011142061281337
8301180  0.4011142061281337
8500038  0.4011142061281337
8500039  0.4011142061281337
8500040  0.4011142061281337
8500041  0.4011142061281337
8500042  0.4011142061281337
8500088  0.4011142061281337
8500089  0.4011142061281337
8600037  0.4011142061281337
8600039  0.4011142061281337
8600040  0.4011142061281337
8600099  0.4011142061281337
8700095  0.4011142061281337
8700098  0.4011142061281337
8700110  0.4011142061281337
8700119  0.4011142061281337
8700183  0.4011142061281337
8700184  0.4011142061281337
8700187  0.4011142061281337
8700188  0.4011142061281337
8700192  0.4011142061281337
8700193  0.4011142061281337
8700194  0.4011142061281337
8700195  0.4011142061281337
8700196  0.4011142061281337
8700200  0.4011142061281337
8700201  0.4011142061281337
8700202  0.4011142061281337
8700203  0.4011142061281337
8700204  0.4011142061281337
8700205  0.4011142061281337
8700209  0.4011142061281337
8801341  0.4011142061281337
8801342  0.4011142061281337
8801343  0.4011142061281337
8801344  0.4011142061281337
8801347  0.4011142061281337
8801348  0.4011142061281337
8801349  0.4011142061281337
8801350  0.4011142061281337
8801351  0.4011142061281337
8801353  0.4011142061281337
8801354  0.4011142061281337
8801355  0.4011142061281337
8801356  0.4011142061281337
8801359  0.4011142061281337
8801360  0.4011142061281337
8801364  0.4011142061281337
8801367  0.4011142061281337
8801370  0.4011142061281337
8801371  0.4011142061281337
8801372  0.4011142061281337
8801375  0.4011142061281337
8801500  0.4011142061281337
8801501  0.4011142061281337
8801502  0.4011142061281337
8801503  0.4011142061281337
8801504  0.4011142061281337
8801505  0.4011142061281337
8801506  0.4011142061281337
8900039  0.4011142061281337
8900042  0.4011142061281337
8900045  0.4011142061281337
8900048  0.4011142061281337
8900061  0.4011142061281337
8900062  0.4011142061281337
8900068  0.4011142061281337
8900071  0.4011142061281337
8900084  0.4011142061281337
8900087  0.4011142061281337
8900088  0.4011142061281337
8900089  0.4011142061281337
9200740  0.4011142061281337
9200747  0.4011142061281337
9200748  0.4011142061281337
9200749  0.4011142061281337
9200750  0.4011142061281337
9200751  0.4011142061281337
1000378  0.4
2000041  0.4
2000044  0.4
2000050  0.4
2000053  0.4
2000059  0.4
2000063  0.4
2000108  0.4
2000109  0.4
2000110  0.4
2000111  0.4
2000112  0.4
2000113  0.4
2000114  0.4
2000115  0.4
2000116  0.4
2000117  0.4
2000314  0.4
5000218  0.4
6000371  0.391304347826087
6000372  0.391304347826087
6000373  0.391304347826087
5600298  0.36363636363636365
5500343  0.34615384615384615
1200079  0.3333333333333333
1200084  0.3333333333333333
1200334  0.3333333333333333
1200335  0.3333333333333333
1200352  0.3333333333333333
1200353  0.3333333333333333
1200395  0.3333333333333333
1200408  0.3333333333333333
1200410  0.3333333333333333
1200412  0.3333333333333333
1200426  0.3333333333333333
6200129  0.3333333333333333
6700089  0.3333333333333333
11700147  0.3333333333333333
11700149  0.3333333333333333
11700170  0.3333333333333333
11700400  0.3333333333333333
11700401  0.3333333333333333
11700403  0.3333333333333333
11700404  0.3333333333333333
11700405  0.3333333333333333
11700406  0.3333333333333333
11700408  0.3333333333333333
11700409  0.3333333333333333
11700412  0.3333333333333333
11700414  0.3333333333333333
11700479  0.3333333333333333
11700486  0.3333333333333333
11700488  0.3333333333333333
11700490  0.3333333333333333
11700491  0.3333333333333333
11700549  0.3333333333333333
11700550  0.3333333333333333
11700551  0.3333333333333333
11700555  0.3333333333333333
11700557  0.3333333333333333
11700563  0.3333333333333333
11700574  0.3333333333333333
11700576  0.3333333333333333
11700577  0.3333333333333333
11700579  0.3333333333333333
11700580  0.3333333333333333
11700583  0.3333333333333333
11700585  0.3333333333333333
11700586  0.3333333333333333
11700587  0.3333333333333333
11700588  0.3333333333333333
11700589  0.3333333333333333
11700593  0.3333333333333333
11700596  0.3333333333333333
11700598  0.3333333333333333
11700600  0.3333333333333333
11700601  0.3333333333333333
11700603  0.3333333333333333
11700611  0.3333333333333333
11700613  0.3333333333333333
11700614  0.3333333333333333
11700616  0.3333333333333333
11700621  0.3333333333333333
11700622  0.3333333333333333
11700674  0.3333333333333333
11700677  0.3333333333333333
11700678  0.3333333333333333
11700679  0.3333333333333333
11700680  0.3333333333333333
11700681  0.3333333333333333
11700682  0.3333333333333333
11700683  0.3333333333333333
11700685  0.3333333333333333
11700687  0.3333333333333333
11700688  0.3333333333333333
3300090  0.3103448275862069
2900372  0.3
2900373  0.3
2900374  0.3
2900379  0.3
2900381  0.3
3300045  0.3
3300047  0.3
3300049  0.3
3300051  0.3
3300053  0.3
3300055  0.3
3300057  0.3
3300059  0.3
3300061  0.3
3300063  0.3
3300065  0.3
3300067  0.3
3300069  0.3
3300071  0.3
3300073  0.3
3300076  0.3
3300211  0.3
3300212  0.3
5500102  0.2903225806451613
3300092  0.2857142857142857
11600595  0.2857142857142857
11600596  0.2857142857142857
11600598  0.2857142857142857
2800301  0.25
2800321  0.25
2800324  0.25
6000575  0.23529411764705882
6000576  0.23529411764705882
6000577  0.23529411764705882
7000092  0.225
9700408  0.2222222222222222
9700411  0.2222222222222222
9700417  0.2222222222222222
9700444  0.2222222222222222
9700765  0.2222222222222222
9700785  0.2222222222222222
9700795  0.2222222222222222
9700807  0.2222222222222222
9701171  0.2222222222222222
11201401  0.2222222222222222
11201402  0.2222222222222222
11201405  0.2222222222222222
11501270  0.2222222222222222
11501271  0.2222222222222222
11501272  0.2222222222222222
11501275  0.2222222222222222
11501299  0.2222222222222222
11600613  0.2222222222222222
11600614  0.2222222222222222
11600636  0.2222222222222222
11601614  0.2222222222222222
11601615  0.2222222222222222
11601619  0.2222222222222222
11601623  0.2222222222222222
11601624  0.2222222222222222
11601629  0.2222222222222222
11601633  0.2222222222222222
11601634  0.2222222222222222
11601639  0.2222222222222222
11601643  0.2222222222222222
11601644  0.2222222222222222
11601649  0.2222222222222222
9700153  0.21052631578947367
9700154  0.21052631578947367
9700155  0.21052631578947367
9700305  0.21052631578947367
9700308  0.21052631578947367
9700311  0.21052631578947367
9700312  0.21052631578947367
9700319  0.21052631578947367
9700321  0.21052631578947367
9700322  0.21052631578947367
9700326  0.21052631578947367
9700328  0.21052631578947367
9700345  0.21052631578947367
9700346  0.21052631578947367
9700347  0.21052631578947367
9700357  0.21052631578947367
9700360  0.21052631578947367
9701150  0.21052631578947367
9802794  0.21052631578947367
9802795  0.21052631578947367
9802796  0.21052631578947367
9802797  0.21052631578947367
9802798  0.21052631578947367
9802799  0.21052631578947367
9802800  0.21052631578947367
9802801  0.21052631578947367
9802802  0.21052631578947367
9802805  0.21052631578947367
9802806  0.21052631578947367
9802807  0.21052631578947367
9802810  0.21052631578947367
9902623  0.21052631578947367
9902624  0.21052631578947367
9902730  0.21052631578947367
5500080  0.20454545454545456
5500045  0.2
5500047  0.2
5500049  0.2
5500051  0.2
5500053  0.2
5500055  0.2
5500057  0.2
5500059  0.2
5500061  0.2
5500063  0.2
5500066  0.2
5500216  0.2
5500217  0.2
5600294  0.2
2900408  0.19148936170212766
2900409  0.19148936170212766
2900410  0.19148936170212766
2900415  0.19148936170212766
2900417  0.19148936170212766
9700486  0.19047619047619047
9700489  0.19047619047619047
9700492  0.19047619047619047
9700495  0.19047619047619047
9700498  0.19047619047619047
9700775  0.19047619047619047
9700817  0.19047619047619047
9700829  0.19047619047619047
11601585  0.19047619047619047
11601586  0.19047619047619047
11601590  0.19047619047619047
11601594  0.19047619047619047
11601595  0.19047619047619047
11601600  0.19047619047619047
11601604  0.19047619047619047
11601605  0.19047619047619047
11601610  0.19047619047619047
2800155  0.18181818181818182
2800173  0.18181818181818182
9501463  0.18181818181818182
9501464  0.18181818181818182
9501465  0.18181818181818182
9501468  0.18181818181818182
9601319  0.18181818181818182
9601320  0.18181818181818182
9601321  0.18181818181818182
9601322  0.18181818181818182
9601323  0.18181818181818182
9601326  0.18181818181818182
9700217  0.18181818181818182
9700220  0.18181818181818182
9700383  0.18181818181818182
9700384  0.18181818181818182
9700385  0.18181818181818182
9700386  0.18181818181818182
9700397  0.18181818181818182
9700434  0.18181818181818182
9700437  0.18181818181818182
9700440  0.18181818181818182
9700443  0.18181818181818182
9700446  0.18181818181818182
9701155  0.18181818181818182
9701167  0.18181818181818182
9701177  0.18181818181818182
9902615  0.18181818181818182
9902617  0.18181818181818182
9902618  0.18181818181818182
9902620  0.18181818181818182
9902622  0.18181818181818182
9902626  0.18181818181818182
9902627  0.18181818181818182
9902628  0.18181818181818182
9902629  0.18181818181818182
9902630  0.18181818181818182
9902631  0.18181818181818182
9902632  0.18181818181818182
9902634  0.18181818181818182
9902637  0.18181818181818182
9902641  0.18181818181818182
9902642  0.18181818181818182
9902643  0.18181818181818182
9902644  0.18181818181818182
9902645  0.18181818181818182
9902646  0.18181818181818182
9902647  0.18181818181818182
9902649  0.18181818181818182
9902651  0.18181818181818182
9902747  0.18181818181818182
9902751  0.18181818181818182
9902759  0.18181818181818182
9902760  0.18181818181818182
9902761  0.18181818181818182
9902762  0.18181818181818182
9902763  0.18181818181818182
9902765  0.18181818181818182
9902768  0.18181818181818182
9902769  0.18181818181818182
9902770  0.18181818181818182
9902772  0.18181818181818182
9902775  0.18181818181818182
9902778  0.18181818181818182
9902779  0.18181818181818182
9902780  0.18181818181818182
9902783  0.18181818181818182
11801207  0.18181818181818182
11801208  0.18181818181818182
11801209  0.18181818181818182
11801212  0.18181818181818182
11801236  0.18181818181818182
2800128  0.13333333333333333
2800129  0.13333333333333333
2800130  0.13333333333333333
2800131  0.13333333333333333
2800132  0.13333333333333333
2800133  0.13333333333333333
2800134  0.13333333333333333
2800135  0.13333333333333333
2800136  0.13333333333333333
2800137  0.13333333333333333
2800109  0.12121212121212122
2800110  0.12121212121212122
2800111  0.12121212121212122
2800112  0.12121212121212122
2800113  0.12121212121212122
2800114  0.12121212121212122
2800115  0.12121212121212122
2800116  0.12121212121212122
2800117  0.12121212121212122
2800118  0.12121212121212122
9700084  0.12121212121212122
9700085  0.12121212121212122
9700086  0.12121212121212122
9700105  0.12121212121212122
9700106  0.12121212121212122
9700107  0.12121212121212122
9700108  0.12121212121212122
9700110  0.12121212121212122
9700111  0.12121212121212122
9700112  0.12121212121212122
9700114  0.12121212121212122
9700115  0.12121212121212122
9700374  0.12121212121212122
9700376  0.12121212121212122
9700377  0.12121212121212122
9700378  0.12121212121212122
9701138  0.12121212121212122
9701140  0.12121212121212122
9701141  0.12121212121212122
9701142  0.12121212121212122
9701143  0.12121212121212122
9701145  0.12121212121212122
9701146  0.12121212121212122
9701147  0.12121212121212122
9701154  0.12121212121212122
9701158  0.12121212121212122
9701161  0.12121212121212122
9701165  0.12121212121212122
9701166  0.12121212121212122
9701169  0.12121212121212122
9701175  0.12121212121212122
9701176  0.12121212121212122
9701179  0.12121212121212122
7000093  0.09090909090909091
7000260  0.09090909090909091
7000262  0.09090909090909091
