11601590  0.4040008783340454
7300193  0.4039367139339447
6000468  0.40389224886894226
6000738  0.4037635028362274
9700383  0.403622567653656
9701154  0.4036009609699249
2800321  0.4035135507583618
11601633  0.40350067615509033
9700311  0.40331894159317017
7400534  0.4031548798084259
7900091  0.4029998481273651
9700444  0.4028801918029785
2800130  0.4028283655643463
3300071  0.4027612805366516
2300369  0.4027332365512848
9700765  0.4027290344238281
7300178  0.40272635221481323
5000106  0.40263551473617554
1800364  0.40256860852241516
9700829  0.4025331139564514
2300100  0.4025081396102905
3400100  0.402491956949234
1000182  0.4024651348590851
9700107  0.40245845913887024
1200353  0.4024113416671753
2000111  0.4023972153663635
11700687  0.40237680077552795
7200044  0.40235909819602966
10900799  0.40235865116119385
9700378  0.4023398458957672
1300183  0.4023379683494568
6700081  0.40232113003730774
6100217  0.4022729694843292
11700588  0.4022643268108368
4500080  0.402256578207016
11700622  0.4022117853164673
6200120  0.40221107006073
2400239  0.40218988060951233
4100066  0.4021897614002228
9700408  0.40218862891197205
11700680  0.4021872282028198
2400185  0.4021810293197632
7000260  0.40215587615966797
11801208  0.40214836597442627
1800369  0.40214231610298157
6100148  0.40212419629096985
9700785  0.4021137058734894
3200072  0.402110755443573
9902779  0.40209445357322693
6000246  0.40207862854003906
9902643  0.40207165479660034
5400183  0.40206587314605713
7000302  0.40206199884414673
11201401  0.40206149220466614
2300355  0.402049720287323
9902651  0.40204566717147827
2900061  0.4019964933395386
9700153  0.4019663631916046
6100237  0.4019588530063629
6000385  0.4019455313682556
7400536  0.40194088220596313
7400464  0.4019301235675812
2400184  0.4019280672073364
2300363  0.40191468596458435
3900054  0.40191224217414856
1000137  0.40189749002456665
6000281  0.40189722180366516
1800375  0.40186285972595215
11700405  0.4018608033657074
2800129  0.4018555283546448
7000300  0.4018324613571167
9700326  0.40183234214782715
4100076  0.4018045663833618
4900154  0.40180274844169617
7400540  0.4017844796180725
7700295  0.4017765522003174
5500142  0.4017558991909027
5500217  0.40175166726112366
7000052  0.40175125002861023
6100203  0.4017440974712372
6100127  0.40174394845962524
2400187  0.40173810720443726
5100045  0.40173110365867615
4600104  0.401727557182312
3300051  0.40172162652015686
4000051  0.4017198979854584
6200093  0.40171948075294495
9701177  0.4017027020454407
11700401  0.4016953408718109
1000363  0.401691734790802
6000448  0.4016869366168976
9902622  0.4016869366168976
3300249  0.40168654918670654
5500141  0.40167510509490967
11700490  0.4016680121421814
7400492  0.40165019035339355
7400457  0.40164467692375183
2300200  0.40163546800613403
1000191  0.4016335606575012
9902624  0.4016226828098297
3300061  0.40162062644958496
10900411  0.4016081690788269
9501468  0.40160393714904785
2800128  0.4016023576259613
2200111  0.4015973210334778
7300082  0.40158745646476746
2000314  0.4015854597091675
7400461  0.4015701711177826
6800042  0.4015631675720215
7300179  0.40156275033950806
3400095  0.40155571699142456
6000386  0.4015537202358246
9902631  0.4015534818172455
6000268  0.4015483558177948
7400445  0.40153974294662476
9700374  0.40153947472572327
9902646  0.40152865648269653
7000092  0.4015125334262848
6200067  0.4014816880226135
2300365  0.40147706866264343
3900055  0.4014526307582855
9802802  0.4014478921890259
7000053  0.4014420509338379
7300176  0.4014377295970917
6000360  0.4014342725276947
2800131  0.40142711997032166
9501463  0.40142619609832764
2300176  0.4014250338077545
11700613  0.40141090750694275
7300166  0.4014010429382324
2800135  0.40140050649642944
10900228  0.4013976752758026
7400485  0.40139269828796387
1000100  0.4013858139514923
4600142  0.401380330324173
6000121  0.4013720750808716
5600298  0.40136754512786865
2000110  0.40136584639549255
7300055  0.4013529419898987
5500066  0.40135112404823303
2800114  0.4013453423976898
1200395  0.40133488178253174
7500770  0.401320219039917
6100197  0.4013153314590454
9902778  0.4013042747974396
4100089  0.40129661560058594
2800136  0.4012918472290039
5100046  0.401280015707016
4900048  0.4012739062309265
9700377  0.40125682950019836
1000088  0.4012531042098999
1000300  0.4012523889541626
9802805  0.40123629570007324
5500080  0.40121111273765564
9700321  0.40121039748191833
11601624  0.40120846033096313
9902772  0.40118974447250366
9700492  0.40118488669395447
4200061  0.4011843800544739
4500063  0.4011812210083008
9700328  0.401165634393692
9802797  0.401165634393692
2000108  0.40115758776664734
11700674  0.40115517377853394
7400549  0.4011528193950653
6000251  0.40114209055900574
11501270  0.40113914012908936
4100139  0.40113672614097595
9601323  0.40112847089767456
7400552  0.40112316608428955
3400216  0.4011196196079254
9700411  0.40111300349235535
6100122  0.4011054039001465
11600595  0.4011053442955017
2900379  0.4011000096797943
9701150  0.4010998606681824
7000249  0.40109172463417053
6000143  0.40108126401901245
2400258  0.4010777175426483
9701171  0.40106669068336487
3700446  0.40106239914894104
6000279  0.4010612666606903
2200112  0.40104958415031433
9700155  0.4010474979877472
3400089  0.4010370075702667
1000354  0.40103280544281006
4000055  0.4010304808616638
6000245  0.4010302424430847
11700600  0.4010292589664459
3200059  0.4010189473628998
6700059  0.4010166525840759
1000264  0.4010125398635864
6100045  0.4009972810745239
9700345  0.4009929597377777
2000053  0.4009927213191986
9700376  0.4009825587272644
10900539  0.4009816348552704
3300076  0.40097957849502563
9501465  0.4009765684604645
6000256  0.4009723663330078
11700685  0.40096452832221985
4100158  0.4009636640548706
7300155  0.40096327662467957
9700357  0.40095964074134827
3300057  0.40095943212509155
6000241  0.40095818042755127
4700080  0.4009556472301483
6100212  0.40095192193984985
9700084  0.40095052123069763
5000218  0.4009476602077484
7300200  0.40094223618507385
5500049  0.40093955397605896
1000154  0.4009247422218323
7400527  0.4009232223033905
2300362  0.4009178876876831
9902769  0.4009135663509369
11700579  0.40091344714164734
7400537  0.40091076493263245
9700434  0.4009060859680176
7400437  0.4009013772010803
11700682  0.40089523792266846
6100211  0.4008837640285492
9701141  0.40088003873825073
7400466  0.4008783996105194
2800110  0.40087786316871643
11001850  0.40087494254112244
9700108  0.4008665382862091
9700312  0.40086546540260315
9802800  0.40086519718170166
1000227  0.40085816383361816
11401071  0.40085363388061523
10900790  0.40085339546203613
2400660  0.40085074305534363
10900771  0.40085023641586304
1000245  0.4008432924747467
2300240  0.4008426070213318
6100068  0.40083980560302734
6500040  0.40083882212638855
2300370  0.40083587169647217
7400531  0.40083128213882446
11601644  0.40082645416259766
7000315  0.4008221924304962
6100116  0.40081870555877686
6000273  0.40081551671028137
5000187  0.4008152484893799
1400105  0.40080371499061584
9700217  0.4008033573627472
1600030  0.4008032977581024
4500079  0.4008021950721741
2200100  0.40080031752586365
9700154  0.40080001950263977
11700688  0.4007999300956726
9902634  0.40079519152641296
6400119  0.40079250931739807
9700795  0.4007899761199951
9700437  0.40078431367874146
9902647  0.40077710151672363
4700062  0.4007725417613983
7400472  0.40076494216918945
2300347  0.40076401829719543
3400104  0.40076133608818054
2400186  0.4007584750652313
9700360  0.40075838565826416
9902626  0.4007565379142761
4300147  0.4007560610771179
2800115  0.40075206756591797
5400086  0.4007488489151001
2400260  0.40074631571769714
7600394  0.40074121952056885
2900408  0.4007197618484497
11700681  0.40070846676826477
7300085  0.4007071256637573
2400199  0.40070369839668274
7000262  0.40070316195487976
3200055  0.4007010757923126
2300208  0.4006965458393097
6700055  0.40068966150283813
1900160  0.4006853401660919
5000088  0.40068450570106506
7700281  0.40068307518959045
4400060  0.4006686806678772
11401068  0.4006641209125519
7400436  0.4006597399711609
3700480  0.40065962076187134
6100191  0.40065881609916687
1300184  0.4006553590297699
11601595  0.40065303444862366
9700220  0.4006522297859192
2300359  0.40064871311187744
9902768  0.40064752101898193
5600284  0.40063920617103577
9802801  0.4006364643573761
7000256  0.40063539147377014
11101606  0.400621235370636
6000254  0.4006153345108032
6000255  0.4006150960922241
1300225  0.40060949325561523
3700445  0.40060949325561523
1000131  0.4005962908267975
9700322  0.40059447288513184
5500057  0.40059345960617065
7300192  0.4005926251411438
9701140  0.4005908668041229
11600636  0.4005856513977051
4900078  0.40058428049087524
7500771  0.40058401226997375
2200067  0.40058353543281555
7400455  0.40058082342147827
7400452  0.40057891607284546
1500033  0.40057674050331116
2200133  0.40056905150413513
11600614  0.4005572497844696
7400522  0.4005565643310547
11401075  0.40055611729621887
5900046  0.40055474638938904
11101601  0.4005485773086548
7400524  0.40054529905319214
11700409  0.40054506063461304
1200084  0.40054482221603394
2300292  0.40053263306617737
1200412  0.40053126215934753
4700049  0.40052956342697144
7400543  0.4005279242992401
2800109  0.4005262851715088
9902759  0.40051594376564026
3200057  0.40050026774406433
2300353  0.4004998803138733
9802806  0.4004974961280823
7400470  0.40049445629119873
9700347  0.40049201250076294
10900538  0.4004875123500824
1900132  0.40048691630363464
6200134  0.4004858434200287
3900772  0.4004838168621063
11700403  0.40047967433929443
6000740  0.4004775881767273
2300188  0.4004775285720825
3300049  0.4004736840724945
2501248  0.40047308802604675
5400059  0.4004714787006378
7400513  0.4004683792591095
10900750  0.4004679322242737
6100225  0.4004676938056946
7100046  0.4004662334918976
6000114  0.40046581625938416
5500045  0.4004632234573364
1800285  0.400461882352829
8200262  0.4004530906677246
9700489  0.4004517197608948
11700677  0.4004516303539276
3700482  0.40045103430747986
4000052  0.4004502594470978
4600044  0.4004423916339874
2400262  0.4004392623901367
11700596  0.40043872594833374
5000102  0.40043210983276367
1000128  0.40043190121650696
1900123  0.40043187141418457
1300182  0.40043148398399353
11501299  0.40042877197265625
8100512  0.4004243016242981
7400509  0.4004242718219757
6000249  0.4004228413105011
3300067  0.4004226624965668
4500182  0.4004214406013489
7400451  0.40041643381118774
9701166  0.40041103959083557
5300153  0.4004058837890625
6700042  0.40040406584739685
1300249  0.40040305256843567
7000054  0.40040239691734314
6000743  0.40039747953414917
2300288  0.40039634704589844
9902620  0.40039482712745667
6000131  0.4003896713256836
1200335  0.4003875255584717
7300150  0.40038740634918213
3300053  0.4003838300704956
2800301  0.4003734588623047
6000252  0.4003734588623047
3900726  0.40036898851394653
9802798  0.40036842226982117
4300109  0.40036723017692566
6000083  0.40036705136299133
9700385  0.40035951137542725
11700621  0.4003583788871765
4300047  0.4003545939922333
7400498  0.400350421667099
6200058  0.4003496468067169
9902615  0.4003485441207886
7000247  0.4003460109233856
9902783  0.4003436863422394
6000247  0.4003387987613678
10900607  0.4003380239009857
1800370  0.40032947063446045
1900178  0.40032637119293213
9701158  0.4003162682056427
11601643  0.4003141224384308
4500066  0.40030956268310547
3900818  0.4003075063228607
6200059  0.4003028869628906
3300063  0.40029722452163696
1000153  0.4002966582775116
6800043  0.40028515458106995
3300212  0.4002835154533386
1000345  0.40028196573257446
4200086  0.40027740597724915
2300212  0.4002699553966522
5100049  0.40026184916496277
3900069  0.40026140213012695
2900409  0.4002537727355957
1300181  0.4002517759799957
4100058  0.4002479612827301
1300180  0.40024539828300476
7500772  0.4002450108528137
11700408  0.40024128556251526
7300170  0.40023890137672424
11600596  0.4002380669116974
3500106  0.4002338945865631
1400054  0.4002284109592438
2300228  0.400228351354599
11601614  0.4002283215522766
3400158  0.4002275764942169
8801348  0.4002210795879364
1000094  0.40021979808807373
9902641  0.4002128541469574
6000449  0.4002071022987366
11601629  0.400206059217453
6000450  0.40019333362579346
5200091  0.4001927375793457
10900171  0.4001906216144562
3300059  0.4001886248588562
11601594  0.4001881778240204
3200218  0.4001837372779846
6100081  0.4001825153827667
7400515  0.4001806974411011
4000048  0.40018054842948914
11700170  0.4001803994178772
4500078  0.40018007159233093
2400256  0.40017518401145935
9700112  0.40017130970954895
6000372  0.40016692876815796
11601623  0.4001646339893341
4900080  0.400162011384964
4100062  0.40015918016433716
10900798  0.40014874935150146
1800368  0.4001486003398895
11700563  0.40014439821243286
2200099  0.40014371275901794
2300244  0.4001418352127075
3500089  0.4001408517360687
5400082  0.40014028549194336
9700086  0.40013402700424194
9700498  0.40013378858566284
11401054  0.40013042092323303
8801504  0.40012648701667786
11001856  0.4001258909702301
7300154  0.40012240409851074
3500087  0.4001222550868988
11001791  0.40011635422706604
7400489  0.4001135528087616
1200408  0.40011122822761536
6100072  0.4001092314720154
2300252  0.4001060128211975
2000044  0.4001024067401886
6600046  0.4001002609729767
7000273  0.40009963512420654
2300268  0.40009650588035583
9802794  0.4000961184501648
3300045  0.40009161829948425
6000050  0.40009069442749023
11101756  0.40008628368377686
6200123  0.40008506178855896
1800067  0.40008044242858887
7900046  0.4000784456729889
2300284  0.4000672996044159
2300315  0.40006113052368164
6000552  0.4000607430934906
6000399  0.40006011724472046
6100100  0.40006011724472046
4600043  0.40005847811698914
2300192  0.4000566303730011
11700400  0.400055468082428
7400473  0.4000535011291504
7400475  0.40005016326904297
2800117  0.40004342794418335
9700817  0.4000430107116699
2400200  0.4000408351421356
6400095  0.4000393748283386
11401069  0.40003758668899536
11700404  0.40003272891044617
2400213  0.40002959966659546
9902649  0.4000266194343567
9700495  0.40002554655075073
6000741  0.40002259612083435
7400467  0.40002235770225525
11700603  0.4000219404697418
6000409  0.40002158284187317
7300171  0.40001893043518066
7000243  0.4000162184238434
3300155  0.40001410245895386
2300272  0.4000104069709778
11601634  0.40000981092453003
3300161  0.4000076651573181
7300156  0.4000071585178375
3700448  0.40000617504119873
11700551  0.4000057876110077
1800377  0.4000053107738495
4700045  0.4000034034252167
4900050  0.39999985694885254
6100115  0.39999863505363464
6700083  0.3999960422515869
6000111  0.39999571442604065
1800371  0.3999954164028168
10900173  0.39999470114707947
2300337  0.399992972612381
2300236  0.39998695254325867
6000401  0.39998167753219604
7400519  0.39997681975364685
5400075  0.39997607469558716
9601326  0.39997246861457825
10900424  0.39997169375419617
7700288  0.39995965361595154
7400460  0.39995670318603516
2000115  0.3999527394771576
4300051  0.3999497592449188
6500041  0.39993980526924133
11700678  0.3999393880367279
11401058  0.39993637800216675
6000373  0.3999316990375519
3200051  0.39991942048072815
6000265  0.3999183773994446
9902763  0.3999139964580536
2300330  0.399913489818573
9902645  0.3999115228652954
11601649  0.39991047978401184
11700585  0.39989355206489563
1200426  0.39989137649536133
5000084  0.39989131689071655
1000079  0.39988481998443604
1000291  0.3998778760433197
2400055  0.3998730182647705
6700089  0.3998713195323944
2900417  0.39987075328826904
2300101  0.39987027645111084
9701142  0.39986974000930786
6000565  0.39986857771873474
7000334  0.3998652398586273
4200070  0.3998611271381378
5400081  0.3998594284057617
7400458  0.39985784888267517
1000076  0.3998558223247528
6000458  0.3998544216156006
7400525  0.3998478651046753
2800111  0.39984384179115295
2300321  0.39984267950057983
11601615  0.39984267950057983
7300189  0.39983832836151123
7000258  0.3998371362686157
6200061  0.3998339772224426
2000113  0.3998304605484009
7400500  0.3998263478279114
2200173  0.3998209536075592
9902642  0.39981648325920105
4600145  0.39981386065483093
2200175  0.39981168508529663
9700346  0.39981141686439514
2400259  0.39980632066726685
2000109  0.39980363845825195
11700488  0.39980319142341614
7300185  0.39980295300483704
1800367  0.39979881048202515
2300354  0.3997975289821625
6200139  0.3997974693775177
6000577  0.39978793263435364
9700446  0.3997875452041626
3300162  0.3997870683670044
6200054  0.399785578250885
2200063  0.3997826874256134
2400240  0.3997802436351776
2200068  0.3997785747051239
11700589  0.3997702896595001
7400542  0.3997662663459778
2300386  0.39976516366004944
4100087  0.39976269006729126
5500135  0.3997595012187958
10900606  0.3997587561607361
7400521  0.3997509479522705
11601610  0.3997507393360138
2900373  0.3997447192668915
2400183  0.3997434377670288
6100138  0.3997434377670288
11700412  0.3997397720813751
9700417  0.39973124861717224
2000063  0.39972811937332153
5300151  0.3997207283973694
2900056  0.39971375465393066
5500051  0.3997129499912262
2900374  0.3997063934803009
2300276  0.3997032940387726
2300108  0.39970213174819946
9902623  0.39970090985298157
4200058  0.39969953894615173
10900801  0.39969924092292786
4600115  0.3996991813182831
11700486  0.39969611167907715
2300264  0.39969590306282043
2200123  0.3996957838535309
2900062  0.3996955156326294
9802795  0.3996952772140503
9701169  0.39969247579574585
7300157  0.3996904194355011
6500093  0.3996883034706116
7400478  0.3996880352497101
2200066  0.39968788623809814
6000286  0.3996858298778534
2400202  0.39968568086624146
3700498  0.3996850848197937
2300331  0.3996780812740326
7600396  0.3996773064136505
11700491  0.3996725380420685
9701167  0.3996719717979431
5500102  0.39966684579849243
6100117  0.39966580271720886
11700683  0.3996630609035492
9902629  0.39966192841529846
10900176  0.39966005086898804
7300184  0.39965835213661194
2200096  0.39965733885765076
11700586  0.39965111017227173
4500058  0.3996499180793762
9501464  0.39964690804481506
3200049  0.3996466398239136
2300256  0.39964237809181213
1000378  0.39964136481285095
1000273  0.39963865280151367
1000309  0.3996292054653168
6000294  0.3996284604072571
10900184  0.3996259272098541
10900232  0.39962536096572876
2900065  0.39962470531463623
9701179  0.3996239900588989
6000575  0.39962300658226013
1200079  0.39961645007133484
6100128  0.3996153473854065
1800282  0.39961522817611694
9902751  0.3996122181415558
3500092  0.3996112644672394
6000576  0.399611234664917
4400056  0.39960938692092896
1200410  0.3996007740497589
6000387  0.39959925413131714
1900205  0.39959922432899475
6000146  0.3995952904224396
3900758  0.39959514141082764
5400079  0.39959004521369934
2300338  0.3995881676673889
7300180  0.39958202838897705
5200056  0.39957746863365173
11700577  0.39957746863365173
4500076  0.39957714080810547
5300190  0.3995746970176697
2300308  0.3995714485645294
2200107  0.3995712697505951
2300357  0.3995690941810608
6200066  0.399568647146225
7200058  0.39956802129745483
11201402  0.39956754446029663
7300081  0.3995671272277832
11101758  0.3995669186115265
11700479  0.399565190076828
3300055  0.3995644450187683
7600393  0.3995611071586609
1000097  0.3995576798915863
7900087  0.39955365657806396
2800113  0.3995518982410431
7300201  0.3995440602302551
6000081  0.39953872561454773
3300092  0.3995373249053955
10900800  0.39953094720840454
9902765  0.399528831243515
5500063  0.399527907371521
9701161  0.39952516555786133
9701155  0.39952343702316284
11700557  0.39951184391975403
4300151  0.3995112180709839
10900463  0.3995082676410675
3900050  0.39950820803642273
4200054  0.39950764179229736
1200352  0.3995018005371094
10900233  0.3995012640953064
6000079  0.39949607849121094
3400202  0.39949479699134827
11101625  0.3994947373867035
6100111  0.3994940519332886
6100229  0.39949366450309753
11700616  0.3994901180267334
4700044  0.3994896113872528
3700444  0.39948680996894836
11101600  0.3994843363761902
7400469  0.3994829058647156
5500055  0.39948129653930664
9902627  0.39947912096977234
6100241  0.3994785249233246
6000108  0.39947137236595154
4800064  0.39946794509887695
11401059  0.39946725964546204
9700106  0.3994655907154083
7300212  0.39946475625038147
7300175  0.3994596302509308
5900047  0.3994593620300293
7300190  0.39945530891418457
5500061  0.39944878220558167
8900048  0.3994472026824951
2800173  0.39944711327552795
3400092  0.39944690465927124
2200122  0.39944344758987427
3400105  0.39943987131118774
2000050  0.3994382619857788
2200110  0.3994380831718445
9700319  0.3994371294975281
2800324  0.3994363844394684
1900151  0.39943528175354004
3200070  0.3994349539279938
9802796  0.3994313180446625
7300187  0.3994300067424774
10900101  0.39942196011543274
6700082  0.399416446685791
6500042  0.399414986371994
7600391  0.39941319823265076
5500047  0.3994106650352478
2800137  0.3994084596633911
7300163  0.3994053602218628
6000244  0.39939889311790466
6100202  0.3993968963623047
6900037  0.3993934690952301
9902770  0.39939165115356445
7000093  0.39939019083976746
11101626  0.3993845582008362
11201405  0.39938047528266907
2000059  0.3993803858757019
7400558  0.3993721008300781
2300329  0.39937078952789307
2300352  0.3993685841560364
2500142  0.39936554431915283
1900141  0.3993605375289917
11801207  0.3993593156337738
6700079  0.39935681223869324
1800060  0.3993494212627411
6700096  0.3993479907512665
11700574  0.39934754371643066
1000318  0.399347186088562
2300328  0.3993428647518158
11601604  0.3993425965309143
7300203  0.3993356227874756
11001847  0.3993349075317383
6000371  0.3993327021598816
7400548  0.39932993054389954
2200105  0.3993282616138458
10900536  0.3993281424045563
2200180  0.3993198573589325
4600045  0.39931726455688477
7300058  0.39931103587150574
6000133  0.39930954575538635
6700043  0.39930686354637146
6200045  0.39930254220962524
10700066  0.39929986000061035
11700587  0.3992983400821686
7000309  0.3992924690246582
6000099  0.39929118752479553
10900555  0.3992900550365448
11700414  0.39928844571113586
1000110  0.3992782533168793
3700447  0.39927375316619873
6500097  0.39927318692207336
9700807  0.3992704749107361
9902760  0.3992668688297272
6200057  0.3992646336555481
2300107  0.399263471364975
2400201  0.3992541432380676
10900782  0.3992515802383423
9701165  0.39924156665802
10900766  0.3992402255535126
9601321  0.3992251455783844
4400069  0.3992249369621277
9700115  0.399222731590271
7400507  0.39922142028808594
11601600  0.39922118186950684
1000155  0.39921844005584717
7400476  0.39921772480010986
6300751  0.39921602606773376
2300350  0.39920997619628906
5400046  0.39920946955680847
6000297  0.39919793605804443
11001781  0.3991953134536743
11001855  0.3991873264312744
7300220  0.399180144071579
6000406  0.399179607629776
2900415  0.3991679549217224
2400261  0.3991629481315613
11801212  0.39914798736572266
2300356  0.3991427719593048
9700105  0.39913880825042725
9700443  0.3991382122039795
7300173  0.3991348445415497
11700550  0.39913251996040344
3400096  0.39913082122802734
4600114  0.3991282284259796
2300196  0.399127721786499
10900231  0.3991190791130066
1000209  0.3991180956363678
2300280  0.39911216497421265
10900451  0.3991016447544098
2300361  0.3990999162197113
11601639  0.3990940451622009
3500090  0.39909249544143677
9701176  0.399090975522995
2300156  0.3990888297557831
6000085  0.3990868031978607
4600054  0.3990856409072876
10900399  0.3990829586982727
7000250  0.3990825414657593
2800133  0.39907994866371155
3300090  0.3990793228149414
7300197  0.3990775942802429
3300065  0.39907601475715637
10900770  0.3990718722343445
4000066  0.3990705907344818
1900070  0.39906901121139526
2300349  0.39906546473503113
7300162  0.3990616500377655
6400046  0.3990612328052521
11401076  0.39905688166618347
1000327  0.39905279874801636
7300158  0.39905041456222534
9701175  0.39905041456222534
7100045  0.3990456461906433
4900060  0.399042546749115
10801550  0.3990391790866852
11600598  0.3990384340286255
3500190  0.39903539419174194
4400059  0.39903053641319275
9802799  0.3990292251110077
4100088  0.3990287780761719
7600386  0.399027943611145
6000120  0.39902785420417786
7400494  0.39902767539024353
7400551  0.3990251421928406
4100148  0.3990217447280884
2800116  0.39902159571647644
2800134  0.3990190625190735
2400257  0.3990173935890198
3500187  0.3990173637866974
1000119  0.3990156352519989
10900552  0.399014949798584
3500091  0.39901411533355713
2400242  0.3990134298801422
2300358  0.39901241660118103
10900730  0.39901161193847656
9700386  0.3990059196949005
7000252  0.3990042507648468
7300221  0.39900296926498413
1000125  0.3989976942539215
6200064  0.39899614453315735
5000188  0.39899346232414246
11700549  0.3989868760108948
7600387  0.39898189902305603
7400446  0.39897769689559937
11700580  0.3989727199077606
2500134  0.39897117018699646
9601320  0.3989693224430084
8200153  0.3989683985710144
2900372  0.39896681904792786
6000259  0.3989593982696533
7600390  0.3989562690258026
6400111  0.398952841758728
8700203  0.3989506959915161
10900786  0.39894694089889526
10900825  0.3989466428756714
2400265  0.39894500374794006
11700583  0.3989375829696655
3300069  0.39893075823783875
5500053  0.39892759919166565
3400103  0.3989267945289612
1800283  0.39891842007637024
7000051  0.3989134728908539
4700038  0.39890992641448975
2400207  0.39890649914741516
11001772  0.3989059627056122
1000282  0.39890509843826294
7100220  0.398896187543869
2200106  0.3988931477069855
9700486  0.3988923132419586
4400053  0.39888957142829895
6700047  0.39888957142829895
3200053  0.39888912439346313
4900054  0.3988853991031647
7000298  0.39888525009155273
9902761  0.3988843858242035
4000141  0.39887508749961853
10900501  0.39887213706970215
4800069  0.39886674284935
8100504  0.3988599181175232
10900450  0.39885783195495605
10900605  0.3988562822341919
2300184  0.3988505005836487
5600294  0.39884528517723083
6200075  0.3988441526889801
7400506  0.39883896708488464
10900125  0.3988373875617981
7400491  0.3988349735736847
6700041  0.3988344967365265
9902618  0.39883139729499817
1800066  0.39882972836494446
1800056  0.3988266885280609
2400192  0.39882585406303406
4100059  0.3988244831562042
7700282  0.3988235890865326
6000407  0.39882251620292664
1800050  0.3988165557384491
2000114  0.3988141417503357
2500138  0.3988122045993805
2900381  0.39881014823913574
4000047  0.39880862832069397
7900047  0.39880722761154175
10900813  0.39880606532096863
6200053  0.3988053798675537
7300186  0.39879748225212097
2300319  0.39879581332206726
1800063  0.39879491925239563
8200141  0.398791640996933
4300052  0.39879071712493896
9902617  0.398790568113327
4100054  0.39878422021865845
2300345  0.3987826704978943
6600047  0.3987753391265869
11700147  0.3987746834754944
2300336  0.39877426624298096
7700285  0.3987721800804138
5500343  0.3987720012664795
8100515  0.39876851439476013
2400255  0.3987676501274109
1000106  0.3987666666507721
5300152  0.39876484870910645
5600282  0.39875951409339905
11401053  0.3987574577331543
7600395  0.3987565338611603
4500072  0.3987542688846588
7300062  0.398753821849823
8500102  0.3987533748149872
7000344  0.3987528383731842
6900038  0.3987499177455902
2500137  0.3987492620944977
6000691  0.39874905347824097
7300209  0.3987431228160858
9700397  0.39874139428138733
2300248  0.39873915910720825
11101599  0.3987385034561157
1000218  0.3987382650375366
6000096  0.39873820543289185
7300198  0.3987356126308441
7300204  0.39873531460762024
10801548  0.3987347185611725
6200088  0.3987300992012024
2500157  0.39872807264328003
9902628  0.39872705936431885
3300073  0.39872536063194275
1000236  0.39871999621391296
10900124  0.3987152576446533
4500062  0.398715078830719
11001776  0.39870038628578186
6000275  0.39869585633277893
7300071  0.3986947536468506
10900174  0.3986920416355133
9902730  0.3986918330192566
11001788  0.39868929982185364
7400504  0.3986842930316925
11401060  0.3986838161945343
2400054  0.39868226647377014
4600144  0.3986817002296448
7300215  0.39867714047431946
4100052  0.3986726999282837
6000551  0.39867255091667175
6100126  0.39867255091667175
4600063  0.39867109060287476
1900074  0.39866724610328674
3900804  0.39866405725479126
11801236  0.39866089820861816
7700287  0.39866068959236145
1000082  0.39865806698799133
8801351  0.39864930510520935
1800053  0.39864814281463623
4200090  0.39864757657051086
7300172  0.3986435830593109
2300348  0.3986431658267975
9700114  0.398637056350708
5400058  0.39863383769989014
10900608  0.39862966537475586
7600392  0.3986276090145111
4600105  0.39862751960754395
7400539  0.3986271023750305
7300191  0.39862629771232605
1900080  0.39862313866615295
9902644  0.39862003922462463
11101757  0.3986128568649292
10900592  0.39860987663269043
2300332  0.39860859513282776
8200260  0.39860859513282776
10900177  0.3986039161682129
2300334  0.3986007571220398
4800057  0.3985913395881653
7300059  0.39859095215797424
9902632  0.39859095215797424
2500460  0.3985886871814728
2800132  0.3985876441001892
5900048  0.3985873758792877
11700555  0.39858561754226685
9700440  0.3985842168331146
7300164  0.3985835313796997
10900500  0.3985832929611206
2300099  0.3985814154148102
6000428  0.3985693156719208
7400454  0.39856770634651184
11700406  0.3985648453235626
8801371  0.39855390787124634
6100194  0.3985530436038971
6100137  0.3985501229763031
11700149  0.398549884557724
2500161  0.39854466915130615
3900051  0.39854151010513306
11001785  0.3985334634780884
6100129  0.3985322415828705
11700576  0.39852815866470337
5000217  0.3985275626182556
11700611  0.39852169156074524
7400501  0.39852163195610046
11401055  0.39852049946784973
3400219  0.3985165059566498
10900761  0.3985162377357483
2000041  0.39851316809654236
8200228  0.39851295948028564
10900652  0.39851027727127075
11700679  0.398504376411438
11700614  0.39850252866744995
5000100  0.3985017240047455
5000082  0.3985002040863037
7400512  0.39849722385406494
3500108  0.3984962999820709
3300230  0.3984960615634918
2300327  0.39849209785461426
6000258  0.39848601818084717
9701147  0.3984813690185547
5700524  0.3984675705432892
8801375  0.39846304059028625
7300159  0.3984609842300415
2300172  0.39846062660217285
2500515  0.3984554409980774
7000303  0.39845213294029236
4100067  0.39844563603401184
6100149  0.3984454870223999
2300160  0.39844515919685364
7400510  0.39844372868537903
5400047  0.39844200015068054
11401065  0.39844122529029846
3300211  0.3984357714653015
10900802  0.39843279123306274
1800058  0.39843133091926575
6000243  0.3984309136867523
4800070  0.3984202742576599
10900751  0.3984195590019226
9700085  0.3984079957008362
3300047  0.39840269088745117
4800063  0.3984020948410034
2300204  0.398397833108902
1000140  0.3983939588069916
7300165  0.3983934819698334
6000270  0.3983932137489319
2300180  0.398377388715744
11101622  0.3983723521232605
10900738  0.39837220311164856
6700080  0.39837151765823364
4500056  0.3983699381351471
7500773  0.39836978912353516
6300750  0.398366242647171
7200043  0.3983643352985382
3200056  0.3983621895313263
5100101  0.3983595371246338
3900058  0.39835479855537415
2200102  0.3983544111251831
1800054  0.39835283160209656
2000117  0.3983527719974518
6600045  0.39834949374198914
3400167  0.3983398973941803
6000283  0.3983258605003357
1900066  0.39832165837287903
2500136  0.3983208239078522
2200101  0.3983190953731537
8700192  0.39831024408340454
3500128  0.39830872416496277
2500419  0.3983076214790344
11700601  0.3983035683631897
9701146  0.3982980251312256
10900534  0.39829733967781067
7300205  0.39829567074775696
4700071  0.3982934057712555
9700305  0.39829328656196594
9601319  0.39828920364379883
6000242  0.3982888162136078
2300168  0.3982885181903839
1800039  0.39828312397003174
6400047  0.3982810378074646
6100119  0.3982776701450348
8801500  0.39827707409858704
6200076  0.3982659578323364
10900787  0.3982614576816559
6000298  0.39826107025146484
7400533  0.3982602059841156
7900040  0.3982589840888977
4100077  0.3982561528682709
6000087  0.39824703335762024
9902762  0.3982343375682831
1000336  0.3982275426387787
2900598  0.3982226550579071
10900412  0.39821842312812805
8200205  0.39821672439575195
10900803  0.3982110917568207
9701138  0.3982088565826416
11001846  0.39819324016571045
10900789  0.3981798589229584
6200142  0.39817729592323303
4900150  0.39817434549331665
3500146  0.3981696665287018
7000276  0.39816898107528687
10900737  0.398165762424469
7300188  0.3981591463088989
2200169  0.3981582522392273
1900196  0.39815661311149597
3500088  0.3981519937515259
11601619  0.398150235414505
5000222  0.3981473445892334
4500075  0.39814507961273193
3500107  0.3981408476829529
6000288  0.3981395959854126
11401070  0.39813607931137085
8700196  0.39812618494033813
3700496  0.3981236219406128
7300183  0.39811772108078003
1000116  0.3981151580810547
4100090  0.39810851216316223
8801355  0.3981066942214966
9902775  0.3981057107448578
10900765  0.39810529351234436
9802807  0.3981049656867981
6000284  0.3981005549430847
1000091  0.3980933129787445
8200236  0.39809292554855347
2300372  0.3980919122695923
3500110  0.3980916440486908
11001843  0.39809131622314453
8200150  0.3980903625488281
11700593  0.39808863401412964
2300232  0.3980853855609894
11001774  0.3980828821659088
6000090  0.3980737328529358
6200042  0.39807242155075073
7400555  0.39807072281837463
10900824  0.39806750416755676
7700286  0.39806413650512695
2500147  0.39805901050567627
2300335  0.3980543911457062
2500141  0.3980540633201599
10900398  0.39804336428642273
11001854  0.3980421721935272
2800112  0.3980415463447571
7400463  0.3980344533920288
6000296  0.39803364872932434
1000254  0.39803317189216614
6000400  0.398026704788208
9200751  0.3980262279510498
7300065  0.39802077412605286
5400073  0.39801937341690063
5200055  0.3980153501033783
5600259  0.3980093002319336
9601322  0.3980068564414978
10900437  0.3980042338371277
6000282  0.3979998826980591
7000339  0.39799606800079346
1000113  0.3979960083961487
9700308  0.39799442887306213
11401061  0.3979891836643219
6000102  0.39798665046691895
6200062  0.3979848623275757
4800059  0.3979835510253906
10900123  0.397981196641922
10900425  0.3979716897010803
8200114  0.39797016978263855
8801364  0.39796876907348633
8700200  0.3979654908180237
3400157  0.39796316623687744
5900131  0.39796051383018494
1000173  0.3979594111442566
8801501  0.39795681834220886
11401056  0.3979509174823761
9700384  0.397945761680603
7400546  0.39794397354125977
9701143  0.39794132113456726
6000404  0.3979356586933136
12000860  0.39793288707733154
6600094  0.39793142676353455
10900183  0.3979281485080719
11501275  0.3979237973690033
11401064  0.39790335297584534
4300150  0.39789843559265137
6000295  0.397895485162735
2200171  0.39789482951164246
7400497  0.39789390563964844
3200092  0.39789286255836487
4900141  0.3978893756866455
4900059  0.3978889286518097
2500117  0.39787498116493225
4400052  0.3978727161884308
7000304  0.39786210656166077
7300174  0.39785903692245483
4300149  0.39785298705101013
2300351  0.3978523910045624
2500212  0.3978496193885803
9902630  0.3978475034236908
1900082  0.39784324169158936
9700111  0.39783984422683716
2300360  0.3978379964828491
6000253  0.39783573150634766
2500095  0.39782771468162537
4700155  0.3978232145309448
2800118  0.39781850576400757
2200065  0.3978184461593628
10900438  0.3978184461593628
11700598  0.3978179693222046
9700775  0.3978108763694763
6000076  0.39780643582344055
7300181  0.3978041112422943
1000134  0.39780405163764954
8801372  0.39780357480049133
9701145  0.3978007733821869
2900063  0.3977892994880676
6000138  0.39777931571006775
8200252  0.39777398109436035
6000739  0.39776811003685
8200214  0.3977658748626709
8801354  0.3977651596069336
5200058  0.3977533280849457
1000073  0.3977501392364502
6200069  0.39774957299232483
8500089  0.3977437913417816
2500143  0.39774090051651
8301176  0.39773890376091003
5600278  0.3977324962615967
8900084  0.39772436022758484
2500135  0.3977205753326416
6000077  0.3977198004722595
4500073  0.3977196514606476
5900127  0.3977169990539551
3200050  0.39771610498428345
4200062  0.39771217107772827
2300224  0.3977120518684387
8801367  0.397710919380188
6700084  0.39770302176475525
2100063  0.3976980745792389
11401067  0.3976975679397583
2500548  0.3976898789405823
1800041  0.3976856768131256
5200137  0.39768075942993164
5600260  0.39768075942993164
1200334  0.39767715334892273
12000861  0.3976752460002899
2300344  0.3976741135120392
7400449  0.39767250418663025
2800155  0.3976723253726959
6000093  0.39767056703567505
3700452  0.39766281843185425
7300194  0.39766183495521545
3500109  0.39764899015426636
4300148  0.3976423144340515
10900172  0.3976375460624695
8900123  0.3976369798183441
11401057  0.3976314961910248
8500038  0.39762744307518005
6100118  0.39762696623802185
2200108  0.3976251184940338
6400045  0.39762383699417114
7400545  0.39762333035469055
8801349  0.39761877059936523
5500216  0.3976134955883026
11601605  0.39760062098503113
1900095  0.3975812494754791
6000470  0.3975641429424286
2300102  0.39756089448928833
5400087  0.39755919575691223
7300177  0.39755550026893616
1000200  0.3975547254085541
11601585  0.39755192399024963
9700110  0.3975512981414795
1800055  0.3975488245487213
7400486  0.39754340052604675
1800047  0.3975410461425781
11001844  0.39753496646881104
8200253  0.39753463864326477
2900597  0.397532194852829
2200104  0.3975246548652649
6800056  0.3975241184234619
2500423  0.39751946926116943
6100192  0.39751893281936646
2500466  0.3975136876106262
3700457  0.39750561118125916
2000116  0.39750513434410095
6000469  0.39750444889068604
8801360  0.39750438928604126
2500518  0.39749839901924133
7400530  0.3974851667881012
2500133  0.39748477935791016
11501272  0.3974800407886505
2900596  0.3974709212779999
7400562  0.39746251702308655
8900068  0.39745157957077026
2500694  0.3974509537220001
9902780  0.39744558930397034
9902747  0.3974440395832062
8600099  0.3974360227584839
2200178  0.39742693305015564
10700085  0.39742594957351685
10900609  0.39741867780685425
8700183  0.39741232991218567
10900764  0.3973909318447113
10900808  0.39739060401916504
10900818  0.3973870873451233
2500545  0.39737993478775024
5500059  0.3973653316497803
5200057  0.39735841751098633
2500462  0.3973551094532013
11001845  0.39735305309295654
6000117  0.39735284447669983
10900783  0.3973463773727417
8801506  0.39734402298927307
8801370  0.39734116196632385
10900611  0.39733967185020447
2500458  0.3973392844200134
4300048  0.3973360061645508
2500430  0.3973284363746643
2500426  0.3973282277584076
1900105  0.39731884002685547
7000248  0.39731019735336304
11601586  0.39730706810951233
11001859  0.39730218052864075
10900593  0.3972981572151184
1900187  0.3972967565059662
6000250  0.39728912711143494
2500415  0.39728885889053345
8900042  0.39728596806526184
10900774  0.3972735106945038
11001863  0.397261381149292
9802810  0.39725950360298157
1900114  0.3972540497779846
8200237  0.39723607897758484
1900094  0.3972344398498535
1800052  0.3972282111644745
7000055  0.3972269892692566
6000257  0.39722421765327454
10900752  0.3972226679325104
10900795  0.3972218930721283
9200750  0.39721664786338806
2300346  0.3972165286540985
6000264  0.39720088243484497
8500039  0.39720073342323303
11101624  0.39719900488853455
7400488  0.3971948027610779
8200121  0.3971913456916809
2500443  0.3971902132034302
8100482  0.3971819281578064
10900234  0.39718112349510193
10700065  0.39717748761177063
1400055  0.39717668294906616
8500041  0.39716944098472595
2500544  0.3971683979034424
2000112  0.39716020226478577
10801545  0.39714810252189636
4500070  0.39714786410331726
7000280  0.3971385061740875
10900599  0.3971192538738251
8700194  0.39711064100265503
10900530  0.39708998799324036
5400174  0.3970874845981598
2500517  0.3970804214477539
6000459  0.3970772624015808
8700204  0.39707422256469727
11401072  0.3970673978328705
6800041  0.39703887701034546
6100071  0.3970368504524231
11001773  0.39703041315078735
6000280  0.3970276713371277
7100044  0.3970266282558441
2900058  0.397023469209671
6000411  0.3970177173614502
10900757  0.3970159590244293
12000859  0.39701125025749207
6000126  0.3970094919204712
1800049  0.3970026969909668
10900788  0.3969866931438446
8200155  0.3969864547252655
1000103  0.39698418974876404
7200042  0.39698168635368347
2300385  0.3969610631465912
7000271  0.3969568610191345
10900537  0.3969517648220062
8801505  0.3969414532184601
10900810  0.3969402313232422
2300343  0.3969366252422333
1000085  0.3969247341156006
7400495  0.3969234526157379
4800065  0.39691394567489624
3200071  0.3969126045703888
1900062  0.39690327644348145
2200086  0.39690282940864563
10900175  0.39689239859580994
4200055  0.3968711793422699
1300185  0.39685797691345215
7400516  0.3968440890312195
7400518  0.3968423008918762
2500148  0.3968319296836853
10900181  0.3968227803707123
11401066  0.39681151509284973
2300333  0.39680978655815125
8801343  0.3968038260936737
1900078  0.3968033492565155
8100509  0.3968014419078827
1900072  0.3967997133731842
10900734  0.39678651094436646
11001778  0.3967570960521698
8700119  0.39673975110054016
2500153  0.3967343270778656
11600613  0.3967016935348511
10900182  0.39669179916381836
5400091  0.3966858983039856
8900071  0.3966858983039856
10900103  0.3966559171676636
2500159  0.396655410528183
8700202  0.39664700627326965
4900055  0.3966253101825714
2900599  0.39661550521850586
6200129  0.39659491181373596
1800057  0.396593302488327
11801209  0.39659032225608826
2900410  0.3965878188610077
2300164  0.396572470664978
1900096  0.39657166600227356
2500154  0.39657166600227356
8200123  0.39656731486320496
2300220  0.39654725790023804
2900059  0.39653900265693665
10900102  0.39652714133262634
11501271  0.39652714133262634
8700201  0.3965202867984772
7400528  0.3965180516242981
10900779  0.3965119421482086
8700184  0.3965023458003998
8200274  0.3964974880218506
6200056  0.39649102091789246
9200740  0.3964863419532776
7400448  0.396474152803421
2500689  0.3964523375034332
8301177  0.3964514136314392
2300260  0.39643868803977966
2500690  0.39643773436546326
2900060  0.3964337110519409
8801359  0.3964080512523651
10900591  0.3964041471481323
2300364  0.3964008688926697
8200263  0.39639607071876526
8700205  0.39639177918434143
6100233  0.3963862955570221
8200227  0.3963630199432373
3400156  0.3963611125946045
5300182  0.3963507413864136
5500235  0.396343857049942
6100135  0.3963385224342346
1900169  0.3963380455970764
11101603  0.396335244178772
8200083  0.3963305950164795
10900804  0.3963295519351959
8200152  0.39631685614585876
8801356  0.39630600810050964
8801344  0.3963034152984619
1900060  0.3962961435317993
11101583  0.39629530906677246
7300160  0.3962784707546234
9200747  0.39626362919807434
8700188  0.3962598145008087
10900531  0.39624738693237305
8200118  0.39622676372528076
6000278  0.3962211012840271
2500531  0.39621368050575256
2500431  0.39620140194892883
8200199  0.3961943984031677
8200147  0.3961915373802185
8500042  0.39618444442749023
7400503  0.39618217945098877
8200106  0.39614608883857727
3500105  0.39613041281700134
8200107  0.39612701535224915
2500473  0.3960992693901062
8200140  0.3960961401462555
4800122  0.39605242013931274
2900595  0.39604559540748596
8200145  0.3960447609424591
8100510  0.39599844813346863
10801549  0.39598411321640015
9200748  0.3959607779979706
8200284  0.3959599435329437
8700209  0.39594870805740356
2300103  0.39594730734825134
8301166  0.3959449231624603
1900064  0.39593932032585144
1800048  0.3959343433380127
2500418  0.39591753482818604
1900076  0.3959008753299713
2300216  0.39589986205101013
11401535  0.3958916664123535
1800051  0.39589032530784607
1900068  0.3958818018436432
8600040  0.395870178937912
8200277  0.39584845304489136
2500416  0.3958415389060974
1000164  0.39582908153533936
8200082  0.39582401514053345
6000105  0.3957967460155487
8700195  0.3957715630531311
8801347  0.3957684636116028
8200154  0.3957631587982178
8200201  0.3957490026950836
5300160  0.39574867486953735
8200196  0.3957459032535553
8700187  0.39574334025382996
8200115  0.3957219421863556
4600143  0.39572030305862427
8500040  0.39569705724716187
8600037  0.39567291736602783
8200281  0.3956707715988159
8200255  0.395659863948822
2500532  0.39565762877464294
8100511  0.3956325352191925
2900064  0.39562785625457764
8200200  0.3956244885921478
8700095  0.3956138491630554
8900062  0.3956058919429779
8900089  0.3955879211425781
8801341  0.3955826163291931
8900039  0.39555203914642334
8200240  0.3955489993095398
8100505  0.39554497599601746
8200229  0.39554184675216675
8700110  0.39553919434547424
1800059  0.39553022384643555
2300320  0.3955136239528656
6700051  0.39550670981407166
2500529  0.3955065906047821
2500211  0.3954968750476837
2500448  0.39549171924591064
11401062  0.39548128843307495
2500115  0.395467072725296
9200749  0.39545738697052
8700193  0.39542335271835327
8100514  0.395401269197464
8200110  0.39539071917533875
8200289  0.39536869525909424
7100208  0.39531445503234863
8500088  0.3953031003475189
10900464  0.39530158042907715
8801353  0.3952968120574951
8200258  0.39525875449180603
8200224  0.3952579200267792
2500514  0.3952520191669464
8200226  0.39524704217910767
2500207  0.3952224850654602
6000139  0.3951895236968994
8100513  0.3951885402202606
5600261  0.39518192410469055
2500706  0.3951570391654968
9902637  0.39513564109802246
8200275  0.3951263129711151
10900807  0.3950861394405365
8900061  0.39507225155830383
8200124  0.395039439201355
8200287  0.3950224816799164
8301180  0.39501819014549255
8801503  0.3950103223323822
2500693  0.39497309923171997
2500210  0.3949689567089081
8200276  0.3948650658130646
2500429  0.3948553800582886
11101623  0.3947445750236511
8200282  0.39473286271095276
2300323  0.39461755752563477
8900088  0.39454081654548645
8700098  0.3945333659648895
8900045  0.39449411630630493
8900087  0.39447829127311707
1000122  0.3944554626941681
2500116  0.39443591237068176
8801350  0.39441823959350586
2500469  0.39435139298439026
8200117  0.39427560567855835
8301178  0.39426761865615845
8801342  0.39422446489334106
2500204  0.3940572738647461
2500542  0.3940497040748596
8600039  0.3939982056617737
8801502  0.39382973313331604
8200174  0.3935699462890625
8200136  0.3935641050338745
8301179  0.3935038447380066
2500446  0.39342138171195984
8200111  0.39220869541168213
