1701050  1.0
1701053  1.0
1701056  1.0
1701057  1.0
1701058  1.0
1701059  1.0
1701060  1.0
1701062  1.0
1701064  1.0
1701068  1.0
1701071  1.0
1700564  0.6
1700565  0.6
1800243  0.375
1800244  0.375
1800245  0.375
1800246  0.375
1700653  0.09375
1700654  0.09375
1700666  0.09375
1700667  0.09375
1700668  0.09375
1700345  0.08333333333333337
1700360  0.08333333333333337
1600171  0.08108108108108103
1600253  0.08108108108108103
1600348  0.08108108108108103
1600349  0.08108108108108103
1600350  0.08108108108108103
1600351  0.08108108108108103
1600367  0.08108108108108103
1300121  0.07894736842105265
1300122  0.07894736842105265
1600114  0.07894736842105265
1600115  0.07894736842105265
1600119  0.07894736842105265
1600120  0.07894736842105265
1600121  0.07894736842105265
1600211  0.07894736842105265
1600212  0.07894736842105265
1600213  0.07894736842105265
1600268  0.07894736842105265
1600269  0.07894736842105265
1600272  0.07894736842105265
1600287  0.07894736842105265
1600288  0.07894736842105265
1600291  0.07894736842105265
1700680  0.07894736842105265
1700681  0.07894736842105265
1700693  0.07894736842105265
1700694  0.07894736842105265
1700695  0.07894736842105265
1700429  0.06976744186046513
1700463  0.06976744186046513
1700584  0.06976744186046513
1700603  0.06976744186046513
1700604  0.06976744186046513
1700605  0.06976744186046513
1700606  0.06976744186046513
1700878  0.06976744186046513
1700879  0.06976744186046513
1700881  0.06976744186046513
1700885  0.06976744186046513
1701269  0.06976744186046513
1701273  0.06976744186046513
1701292  0.06976744186046513
1701296  0.06976744186046513
1000071  0.06818181818181823
1300105  0.06818181818181823
1300106  0.06818181818181823
1300109  0.06818181818181823
1300110  0.06818181818181823
1300111  0.06818181818181823
1300112  0.06818181818181823
1300130  0.06818181818181823
1300141  0.06818181818181823
1300266  0.06818181818181823
1300268  0.06818181818181823
1300272  0.06818181818181823
1300273  0.06818181818181823
1700576  0.06818181818181823
1700579  0.06818181818181823
1700580  0.06818181818181823
1700581  0.06818181818181823
1700582  0.06818181818181823
1700596  0.06818181818181823
1700597  0.06818181818181823
1700598  0.06818181818181823
1700599  0.06818181818181823
1700600  0.06818181818181823
1700626  0.06818181818181823
1700627  0.06818181818181823
1700629  0.06818181818181823
1700634  0.06818181818181823
1700637  0.06818181818181823
1700638  0.06818181818181823
1700642  0.06818181818181823
1700877  0.06818181818181823
1700892  0.06818181818181823
1701211  0.06818181818181823
1701212  0.06818181818181823
1701213  0.06818181818181823
1701214  0.06818181818181823
1701215  0.06818181818181823
1701217  0.06818181818181823
1701265  0.06818181818181823
1701266  0.06818181818181823
1701288  0.06818181818181823
1701289  0.06818181818181823
1800315  0.06818181818181823
1800316  0.06818181818181823
1800318  0.06818181818181823
1800328  0.06818181818181823
1800329  0.06818181818181823
1800336  0.06818181818181823
2000070  0.06818181818181823
2000071  0.06818181818181823
2000082  0.06818181818181823
2000083  0.06818181818181823
2000084  0.06818181818181823
1700254  0.0625
1700169  0.061224489795918324
1700170  0.061224489795918324
1700186  0.061224489795918324
1700187  0.061224489795918324
1700188  0.061224489795918324
1700189  0.061224489795918324
1700190  0.061224489795918324
1700191  0.061224489795918324
1700192  0.061224489795918324
1700193  0.061224489795918324
1700194  0.061224489795918324
1700195  0.061224489795918324
1800104  0.061224489795918324
1800105  0.061224489795918324
1800113  0.061224489795918324
1800114  0.061224489795918324
1800117  0.061224489795918324
1800118  0.061224489795918324
1800119  0.061224489795918324
1800120  0.061224489795918324
1800121  0.061224489795918324
1800122  0.061224489795918324
