1701050  inf
1701053  inf
1701056  inf
1701057  inf
1701058  inf
1701059  inf
1701060  inf
1701062  inf
1701064  inf
1701068  inf
1701071  inf
1700564  4.5
1700565  4.5
1800243  1.8
1800244  1.8
1800245  1.8
1800246  1.8
1700653  0.3103448275862069
1700654  0.3103448275862069
1700666  0.3103448275862069
1700667  0.3103448275862069
1700668  0.3103448275862069
1600171  0.2647058823529412
1600253  0.2647058823529412
1600348  0.2647058823529412
1600349  0.2647058823529412
1600350  0.2647058823529412
1600351  0.2647058823529412
1600367  0.2647058823529412
1300121  0.2571428571428571
1300122  0.2571428571428571
1600114  0.2571428571428571
1600115  0.2571428571428571
1600119  0.2571428571428571
1600120  0.2571428571428571
1600121  0.2571428571428571
1600211  0.2571428571428571
1600212  0.2571428571428571
1600213  0.2571428571428571
1600268  0.2571428571428571
1600269  0.2571428571428571
1600272  0.2571428571428571
1600287  0.2571428571428571
1600288  0.2571428571428571
1600291  0.2571428571428571
1700680  0.2571428571428571
1700681  0.2571428571428571
1700693  0.2571428571428571
1700694  0.2571428571428571
1700695  0.2571428571428571
1700429  0.225
1700463  0.225
1700584  0.225
1700603  0.225
1700604  0.225
1700605  0.225
1700606  0.225
1700878  0.225
1700879  0.225
1700881  0.225
1700885  0.225
1701269  0.225
1701273  0.225
1701292  0.225
1701296  0.225
1000071  0.21951219512195122
1300105  0.21951219512195122
1300106  0.21951219512195122
1300109  0.21951219512195122
1300110  0.21951219512195122
1300111  0.21951219512195122
1300112  0.21951219512195122
1300130  0.21951219512195122
1300141  0.21951219512195122
1300266  0.21951219512195122
1300268  0.21951219512195122
1300272  0.21951219512195122
1300273  0.21951219512195122
1700576  0.21951219512195122
1700579  0.21951219512195122
1700580  0.21951219512195122
1700581  0.21951219512195122
1700582  0.21951219512195122
1700596  0.21951219512195122
1700597  0.21951219512195122
1700598  0.21951219512195122
1700599  0.21951219512195122
1700600  0.21951219512195122
1700626  0.21951219512195122
1700627  0.21951219512195122
1700629  0.21951219512195122
1700634  0.21951219512195122
1700637  0.21951219512195122
1700638  0.21951219512195122
1700642  0.21951219512195122
1700877  0.21951219512195122
1700892  0.21951219512195122
1701211  0.21951219512195122
1701212  0.21951219512195122
1701213  0.21951219512195122
1701214  0.21951219512195122
1701215  0.21951219512195122
1701217  0.21951219512195122
1701265  0.21951219512195122
1701266  0.21951219512195122
1701288  0.21951219512195122
1701289  0.21951219512195122
1800315  0.21951219512195122
1800316  0.21951219512195122
1800318  0.21951219512195122
1800328  0.21951219512195122
1800329  0.21951219512195122
1800336  0.21951219512195122
2000070  0.21951219512195122
2000071  0.21951219512195122
2000082  0.21951219512195122
2000083  0.21951219512195122
2000084  0.21951219512195122
1700254  0.2
1700169  0.1956521739130435
1700170  0.1956521739130435
1700186  0.1956521739130435
1700187  0.1956521739130435
1700188  0.1956521739130435
1700189  0.1956521739130435
1700190  0.1956521739130435
1700191  0.1956521739130435
1700192  0.1956521739130435
1700193  0.1956521739130435
1700194  0.1956521739130435
1700195  0.1956521739130435
1800104  0.1956521739130435
1800105  0.1956521739130435
1800113  0.1956521739130435
1800114  0.1956521739130435
1800117  0.1956521739130435
1800118  0.1956521739130435
1800119  0.1956521739130435
1800120  0.1956521739130435
1800121  0.1956521739130435
1800122  0.1956521739130435
1700345  0.07692307692307693
1700360  0.07692307692307693
