1000068  1.0
1000069  1.0
1000161  1.0
1000162  1.0
1000163  1.0
1000164  1.0
1000165  1.0
1000166  1.0
1000167  1.0
1000169  1.0
1000170  1.0
1000171  1.0
1000175  1.0
4500046  1.0
4500047  1.0
4500128  1.0
4500129  1.0
4500130  1.0
4500131  1.0
4500132  1.0
4500133  1.0
4500134  1.0
4500135  1.0
4500136  1.0
4500137  1.0
4500138  1.0
4500139  1.0
4500140  1.0
4500141  1.0
4500142  1.0
4500175  1.0
4500182  1.0
4500184  1.0
4500189  1.0
4500192  1.0
4500193  1.0
4500194  1.0
4500195  1.0
4500196  1.0
4500197  1.0
4500199  1.0
4500205  1.0
5100128  1.0
5100131  1.0
5100136  1.0
5100139  1.0
5100143  1.0
5200041  1.0
5200061  1.0
5200097  1.0
5200100  1.0
5200102  1.0
5200103  1.0
5200104  1.0
5200106  1.0
5200108  1.0
5200109  1.0
5200113  1.0
5400054  1.0
5400121  1.0
5400125  1.0
5400128  1.0
5400151  1.0
5400156  1.0
5400192  1.0
5400195  1.0
5400199  1.0
5500128  1.0
5500134  1.0
5500135  1.0
5500136  1.0
5500139  1.0
5500140  1.0
5500143  1.0
5500148  1.0
3301238  0.7777777777777778
3301239  0.7777777777777778
3301240  0.7777777777777778
3301242  0.7777777777777778
1000079  0.6363636363636364
1000080  0.6363636363636364
1000081  0.6363636363636364
1000187  0.6363636363636364
1000188  0.6363636363636364
1000189  0.6363636363636364
1000190  0.6363636363636364
1000191  0.6363636363636364
1000192  0.6363636363636364
1000193  0.6363636363636364
1000195  0.6363636363636364
1000197  0.6363636363636364
1000280  0.6363636363636364
1200304  0.6363636363636364
3301255  0.6363636363636364
3301256  0.6363636363636364
3301257  0.6363636363636364
3301259  0.6363636363636364
3301264  0.6363636363636364
3301265  0.6363636363636364
2700544  0.5833333333333333
2700548  0.5833333333333333
3300098  0.5833333333333333
3300099  0.5833333333333333
3300100  0.5833333333333333
3300103  0.5833333333333333
3300104  0.5833333333333333
3300107  0.5833333333333333
3300109  0.5833333333333333
3300267  0.5833333333333333
3300268  0.5833333333333333
3300270  0.5833333333333333
3300271  0.5833333333333333
3300272  0.5833333333333333
3300273  0.5833333333333333
3300274  0.5833333333333333
3300275  0.5833333333333333
3300276  0.5833333333333333
3300277  0.5833333333333333
3300278  0.5833333333333333
3300279  0.5833333333333333
3300280  0.5833333333333333
3300281  0.5833333333333333
3300285  0.5833333333333333
3301185  0.5833333333333333
3301186  0.5833333333333333
3301189  0.5833333333333333
3301190  0.5833333333333333
3301191  0.5833333333333333
3301192  0.5833333333333333
3301193  0.5833333333333333
3301194  0.5833333333333333
3301195  0.5833333333333333
3301196  0.5833333333333333
3301197  0.5833333333333333
3301201  0.5833333333333333
1000077  0.5384615384615384
1000078  0.5384615384615384
1000227  0.5384615384615384
1000228  0.5384615384615384
1000230  0.5384615384615384
1000273  0.5384615384615384
1000274  0.5384615384615384
1000275  0.5384615384615384
1200122  0.5384615384615384
1200123  0.5384615384615384
1200124  0.5384615384615384
1200126  0.5384615384615384
1200127  0.5384615384615384
1200128  0.5384615384615384
1200129  0.5384615384615384
1200130  0.5384615384615384
1200131  0.5384615384615384
1200132  0.5384615384615384
1200134  0.5384615384615384
1200135  0.5384615384615384
1200136  0.5384615384615384
1200138  0.5384615384615384
1200139  0.5384615384615384
1200141  0.5384615384615384
1200298  0.5384615384615384
1200301  0.5384615384615384
1200337  0.5384615384615384
1200351  0.5384615384615384
1200354  0.5384615384615384
1200432  0.5384615384615384
1200433  0.5384615384615384
1200434  0.5384615384615384
1200437  0.5384615384615384
1200455  0.5384615384615384
1200456  0.5384615384615384
3200055  0.5384615384615384
3200056  0.5384615384615384
3200061  0.5384615384615384
3200066  0.5384615384615384
3200067  0.5384615384615384
3300126  0.5384615384615384
3300127  0.5384615384615384
3300148  0.5384615384615384
3300149  0.5384615384615384
3300150  0.5384615384615384
3300153  0.5384615384615384
3300154  0.5384615384615384
3300156  0.5384615384615384
3300161  0.5384615384615384
3300164  0.5384615384615384
3300165  0.5384615384615384
3300166  0.5384615384615384
3300167  0.5384615384615384
3300168  0.5384615384615384
3300173  0.5384615384615384
3300179  0.5384615384615384
3300206  0.5384615384615384
3300207  0.5384615384615384
3300208  0.5384615384615384
3300209  0.5384615384615384
3300212  0.5384615384615384
3300213  0.5384615384615384
3300214  0.5384615384615384
3300222  0.5384615384615384
3300223  0.5384615384615384
3300224  0.5384615384615384
3300225  0.5384615384615384
3300226  0.5384615384615384
3300227  0.5384615384615384
3300228  0.5384615384615384
3300229  0.5384615384615384
3300230  0.5384615384615384
3300231  0.5384615384615384
3300234  0.5384615384615384
3300235  0.5384615384615384
3300238  0.5384615384615384
3300239  0.5384615384615384
3300240  0.5384615384615384
3300241  0.5384615384615384
3300244  0.5384615384615384
3300249  0.5384615384615384
3301345  0.5384615384615384
3301351  0.5384615384615384
3301675  0.5384615384615384
3301684  0.5384615384615384
5100081  0.5384615384615384
5100082  0.5384615384615384
1000225  0.5
1000226  0.5
1200065  0.5
1200068  0.5
1200071  0.5
1200074  0.5
1200077  0.5
1200080  0.5
1200083  0.5
1200086  0.5
1200094  0.5
1200095  0.5
1200104  0.5
1200105  0.5
1200106  0.5
1200614  0.5
1200617  0.5
1200620  0.5
4800039  0.5
4800040  0.5
5000047  0.5
5000053  0.5
5000054  0.5
5100061  0.5
5100062  0.5
5100063  0.5
5100064  0.5
5100071  0.5
5100072  0.5
5100088  0.5
5100093  0.5
5100094  0.5
