1000161  inf
1000162  inf
1000163  inf
1000164  inf
1000165  inf
1000166  inf
1000167  inf
1000169  inf
1000170  inf
1000171  inf
1000175  inf
4500046  inf
4500047  inf
4500128  inf
4500129  inf
4500130  inf
4500131  inf
4500132  inf
4500133  inf
4500134  inf
4500135  inf
4500136  inf
4500137  inf
4500138  inf
4500139  inf
4500140  inf
4500141  inf
4500142  inf
4500175  inf
4500182  inf
4500184  inf
4500189  inf
4500192  inf
4500193  inf
4500194  inf
4500195  inf
4500196  inf
4500197  inf
4500199  inf
4500205  inf
5100128  inf
5100131  inf
5100136  inf
5100139  inf
5100143  inf
5200041  inf
5200061  inf
5200097  inf
5200100  inf
5200102  inf
5200103  inf
5200104  inf
5200106  inf
5200108  inf
5200109  inf
5200113  inf
5400054  inf
5400121  inf
5400125  inf
5400128  inf
5400151  inf
5400156  inf
5400192  inf
5400195  inf
5400199  inf
5500128  inf
5500134  inf
5500135  inf
5500136  inf
5500139  inf
5500140  inf
5500143  inf
5500148  inf
3301238  24.5
3301239  24.5
3301240  24.5
3301242  24.5
1000079  12.25
1000080  12.25
1000081  12.25
1000187  12.25
1000188  12.25
1000189  12.25
1000190  12.25
1000191  12.25
1000192  12.25
1000193  12.25
1000195  12.25
1000197  12.25
1000280  12.25
1200304  12.25
3301255  12.25
3301256  12.25
3301257  12.25
3301259  12.25
3301264  12.25
3301265  12.25
2700544  9.8
2700548  9.8
3300098  9.8
3300099  9.8
3300100  9.8
3300103  9.8
3300104  9.8
3300107  9.8
3300109  9.8
3300267  9.8
3300268  9.8
3300270  9.8
3300271  9.8
3300272  9.8
3300273  9.8
3300274  9.8
3300275  9.8
3300276  9.8
3300277  9.8
3300278  9.8
3300279  9.8
3300280  9.8
3300281  9.8
3300285  9.8
3301185  9.8
3301186  9.8
3301189  9.8
3301190  9.8
3301191  9.8
3301192  9.8
3301193  9.8
3301194  9.8
3301195  9.8
3301196  9.8
3301197  9.8
3301201  9.8
1000077  8.166666666666666
1000078  8.166666666666666
1000227  8.166666666666666
1000228  8.166666666666666
1000230  8.166666666666666
1000273  8.166666666666666
1000274  8.166666666666666
1000275  8.166666666666666
1200122  8.166666666666666
1200123  8.166666666666666
1200124  8.166666666666666
1200126  8.166666666666666
1200127  8.166666666666666
1200128  8.166666666666666
1200129  8.166666666666666
1200130  8.166666666666666
1200131  8.166666666666666
1200132  8.166666666666666
1200134  8.166666666666666
1200135  8.166666666666666
1200136  8.166666666666666
1200138  8.166666666666666
1200139  8.166666666666666
1200141  8.166666666666666
1200298  8.166666666666666
1200301  8.166666666666666
1200337  8.166666666666666
1200351  8.166666666666666
1200354  8.166666666666666
1200432  8.166666666666666
1200433  8.166666666666666
1200434  8.166666666666666
1200437  8.166666666666666
1200455  8.166666666666666
1200456  8.166666666666666
3200055  8.166666666666666
3200056  8.166666666666666
3200061  8.166666666666666
3200066  8.166666666666666
3200067  8.166666666666666
3300126  8.166666666666666
3300127  8.166666666666666
3300148  8.166666666666666
3300149  8.166666666666666
3300150  8.166666666666666
3300153  8.166666666666666
3300154  8.166666666666666
3300156  8.166666666666666
3300161  8.166666666666666
3300164  8.166666666666666
3300165  8.166666666666666
3300166  8.166666666666666
3300167  8.166666666666666
3300168  8.166666666666666
3300173  8.166666666666666
3300179  8.166666666666666
3300206  8.166666666666666
3300207  8.166666666666666
3300208  8.166666666666666
3300209  8.166666666666666
3300212  8.166666666666666
3300213  8.166666666666666
3300214  8.166666666666666
3300222  8.166666666666666
3300223  8.166666666666666
3300224  8.166666666666666
3300225  8.166666666666666
3300226  8.166666666666666
3300227  8.166666666666666
3300228  8.166666666666666
3300229  8.166666666666666
3300230  8.166666666666666
3300231  8.166666666666666
3300234  8.166666666666666
3300235  8.166666666666666
3300238  8.166666666666666
3300239  8.166666666666666
3300240  8.166666666666666
3300241  8.166666666666666
3300244  8.166666666666666
3300249  8.166666666666666
3301345  8.166666666666666
3301351  8.166666666666666
3301675  8.166666666666666
3301684  8.166666666666666
5100081  8.166666666666666
5100082  8.166666666666666
1000225  7.0
1000226  7.0
1200065  7.0
1200068  7.0
1200071  7.0
1200074  7.0
1200077  7.0
1200080  7.0
1200083  7.0
1200086  7.0
1200094  7.0
1200095  7.0
1200104  7.0
1200105  7.0
1200106  7.0
1200614  7.0
1200617  7.0
1200620  7.0
4800039  7.0
4800040  7.0
5000047  7.0
5000053  7.0
5000054  7.0
5100061  7.0
5100062  7.0
5100063  7.0
5100064  7.0
5100071  7.0
5100072  7.0
5100088  7.0
5100093  7.0
5100094  7.0
1000068  0.8
1000069  0.8
