1000082  0.1170513778924942
1000908  0.1170513778924942
1000909  0.1170513778924942
1000910  0.1170513778924942
1000912  0.1170513778924942
1100055  0.1170513778924942
1100111  0.1170513778924942
1100115  0.1170513778924942
1100119  0.1170513778924942
1100123  0.1170513778924942
1100127  0.1170513778924942
1000078  0.11671648174524307
1000079  0.11622215062379837
1000081  0.11617741733789444
1000080  0.11581189930438995
1100107  0.11581014841794968
1000906  0.11356442421674728
1000083  0.11340382695198059
1000905  0.10813488811254501
1000094  0.10649623721837997
1000117  0.10583262890577316
1000904  0.10547032952308655
1000096  0.10453250259160995
1000903  0.10426387935876846
1000093  0.10402438789606094
1000118  0.1040194034576416
1000126  0.10153257846832275
1100103  0.10122387856245041
1000092  0.0998140424489975
1000089  0.0998092070221901
1000116  0.0990007147192955
1100099  0.09893406182527542
1000125  0.09802916646003723
1100083  0.09778657555580139
1100059  0.097462497651577
1100087  0.09744367003440857
1000091  0.09744249284267426
1000102  0.09667336940765381
1000077  0.09566012769937515
1100091  0.09431308507919312
1100095  0.09425273537635803
1000127  0.09399929642677307
1000107  0.09374352544546127
1000124  0.09302094578742981
1100079  0.09239646047353745
1100075  0.09168525785207748
1000076  0.0908915176987648
1000058  0.09057370573282242
1000075  0.0888785645365715
1100071  0.08801129460334778
1000068  0.08754833042621613
1100063  0.08601142466068268
1000073  0.08473855257034302
1000132  0.08450496941804886
1100067  0.08352746069431305
1000131  0.08248143643140793
1000128  0.07984016090631485
1000130  0.07783755660057068
1000129  0.07738370448350906
