1001541  inf
1001489  22.816666666666666
1001501  22.816666666666666
1001525  22.816666666666666
1001539  22.816666666666666
1001556  22.816666666666666
1001557  22.816666666666666
1001558  22.816666666666666
1001559  22.816666666666666
1001560  22.816666666666666
1001568  22.816666666666666
1001569  22.816666666666666
1001573  22.816666666666666
1001574  22.816666666666666
1001577  22.816666666666666
1001578  22.816666666666666
1001579  22.816666666666666
1001580  22.816666666666666
1001583  22.816666666666666
1001584  22.816666666666666
1001586  22.816666666666666
1001587  22.816666666666666
1001589  22.816666666666666
1001590  22.816666666666666
1001591  22.816666666666666
1001592  22.816666666666666
1001593  22.816666666666666
1001594  22.816666666666666
1001596  22.816666666666666
1001598  22.816666666666666
1001478  22.721991701244814
1001442  22.260162601626018
1001444  22.260162601626018
1001448  22.260162601626018
1001453  22.260162601626018
1001245  16.901234567901234
1001246  16.901234567901234
1001247  16.901234567901234
1001248  16.901234567901234
1001249  16.901234567901234
1001252  16.901234567901234
1001253  16.901234567901234
1001254  16.901234567901234
1001255  16.901234567901234
1001258  16.901234567901234
1001259  16.901234567901234
1001260  16.901234567901234
1001262  16.901234567901234
1001264  16.901234567901234
1001265  16.901234567901234
1001267  16.901234567901234
1001268  16.901234567901234
1001269  16.901234567901234
1001272  16.901234567901234
1001273  16.901234567901234
1001274  16.901234567901234
1001276  16.901234567901234
1001277  16.901234567901234
1001278  16.901234567901234
1001282  16.901234567901234
1001283  16.901234567901234
1001291  16.901234567901234
1001292  16.901234567901234
1001293  16.901234567901234
1001347  16.901234567901234
1001348  16.901234567901234
1001178  14.982658959537572
1000905  10.886679920477137
1000906  10.886679920477137
1000907  10.886679920477137
1000913  10.886679920477137
1000922  10.886679920477137
1000923  10.886679920477137
1000924  10.886679920477137
1000925  10.886679920477137
1000926  10.886679920477137
1000933  10.886679920477137
1000934  10.886679920477137
1000940  10.886679920477137
1000942  10.886679920477137
1000948  10.886679920477137
1000954  10.886679920477137
1206142  10.886679920477137
1206150  10.886679920477137
1403703  10.886679920477137
1403735  10.886679920477137
1403736  10.886679920477137
1403738  10.886679920477137
1206158  10.82213438735178
1206166  10.82213438735178
1503742  10.82213438735178
1503768  10.82213438735178
1503769  10.82213438735178
1503771  10.82213438735178
1000849  10.470363288718929
1001227  10.14074074074074
1001238  10.14074074074074
1001240  10.14074074074074
1001241  10.14074074074074
1001243  10.14074074074074
1001319  10.14074074074074
1001320  10.14074074074074
1001321  10.14074074074074
1001322  10.14074074074074
1001323  10.14074074074074
1001324  10.14074074074074
1001326  10.14074074074074
1001327  10.14074074074074
1001328  10.14074074074074
1001329  10.14074074074074
1001331  10.14074074074074
1001332  10.14074074074074
1001333  10.14074074074074
1001334  10.14074074074074
1001336  10.14074074074074
1001337  10.14074074074074
1001338  10.14074074074074
1001339  10.14074074074074
1001341  10.14074074074074
1001342  10.14074074074074
1001343  10.14074074074074
1001344  10.14074074074074
1001346  10.14074074074074
1001351  10.14074074074074
1206174  10.14074074074074
1303775  10.14074074074074
1303789  10.14074074074074
1303791  10.14074074074074
1001155  9.920289855072463
1001157  9.920289855072463
1001177  9.920289855072463
1001132  9.884476534296029
1001135  9.884476534296029
1001146  9.884476534296029
1001129  9.866666666666667
1200029  8.65086887835703
1201535  8.65086887835703
1203043  8.65086887835703
1204074  8.65086887835703
1205103  8.65086887835703
1000082  2.30374421539756
1000115  2.30374421539756
1000128  2.30374421539756
1000141  2.30374421539756
1000160  2.30374421539756
1000179  2.30374421539756
1000198  2.30374421539756
1000218  2.30374421539756
1000237  2.30374421539756
1000256  2.30374421539756
1000277  2.30374421539756
1000285  2.30374421539756
1000288  2.30374421539756
1000897  0.6259168704156479
1000898  0.6259168704156479
1000887  0.6168674698795181
1000889  0.6168674698795181
1000945  0.14285714285714285
1001542  0.05555555555555555
1700131  0.03418803418803419
1700132  0.03418803418803419
1700133  0.03418803418803419
1700134  0.03418803418803419
1700094  0.027972027972027972
1700144  0.027972027972027972
1700146  0.027972027972027972
1700147  0.027972027972027972
1700150  0.027972027972027972
1700151  0.027972027972027972
1700154  0.027972027972027972
1700155  0.027972027972027972
1700167  0.027972027972027972
1700172  0.027972027972027972
1700173  0.027972027972027972
1700174  0.027972027972027972
1700176  0.027972027972027972
1700177  0.027972027972027972
1700178  0.027972027972027972
1700179  0.027972027972027972
1700180  0.027972027972027972
1700181  0.027972027972027972
1700182  0.027972027972027972
1700183  0.027972027972027972
1700184  0.027972027972027972
1700186  0.027972027972027972
1700187  0.027972027972027972
1700191  0.027972027972027972
1700192  0.027972027972027972
1700193  0.027972027972027972
1700194  0.027972027972027972
1700195  0.027972027972027972
1700196  0.027972027972027972
1700197  0.027972027972027972
1700198  0.027972027972027972
1700199  0.027972027972027972
1700203  0.027972027972027972
1700205  0.027972027972027972
1700207  0.027972027972027972
1700216  0.027972027972027972
1700217  0.027972027972027972
2201087  0.027586206896551724
2300202  0.027586206896551724
2300203  0.027586206896551724
2300209  0.027586206896551724
2300212  0.027586206896551724
2300213  0.027586206896551724
2300214  0.027586206896551724
2300216  0.027586206896551724
2300217  0.027586206896551724
2300225  0.027586206896551724
2300226  0.027586206896551724
2300227  0.027586206896551724
2300229  0.027586206896551724
2300232  0.027586206896551724
2300233  0.027586206896551724
2300234  0.027586206896551724
2300235  0.027586206896551724
2300236  0.027586206896551724
2300237  0.027586206896551724
2300240  0.027586206896551724
2300250  0.027586206896551724
2300322  0.027586206896551724
2300323  0.027586206896551724
2300324  0.027586206896551724
2300325  0.027586206896551724
2300326  0.027586206896551724
2300327  0.027586206896551724
2300328  0.027586206896551724
2300334  0.027586206896551724
2300337  0.027586206896551724
2300338  0.027586206896551724
2300339  0.027586206896551724
2300340  0.027586206896551724
2300341  0.027586206896551724
2300343  0.027586206896551724
2300344  0.027586206896551724
2300345  0.027586206896551724
2300346  0.027586206896551724
2300349  0.027586206896551724
2300355  0.027586206896551724
2300361  0.027586206896551724
2300368  0.027586206896551724
2300369  0.027586206896551724
2300370  0.027586206896551724
2300374  0.027586206896551724
2300375  0.027586206896551724
2300398  0.027586206896551724
2300402  0.027586206896551724
2300407  0.027586206896551724
2300410  0.027586206896551724
2300412  0.027586206896551724
2300413  0.027586206896551724
2300416  0.027586206896551724
2300417  0.027586206896551724
2300420  0.027586206896551724
2300421  0.027586206896551724
2300424  0.027586206896551724
2300426  0.027586206896551724
2300432  0.027586206896551724
2300433  0.027586206896551724
2300434  0.027586206896551724
2300435  0.027586206896551724
2300436  0.027586206896551724
2300437  0.027586206896551724
2300439  0.027586206896551724
2300440  0.027586206896551724
2300444  0.027586206896551724
2300445  0.027586206896551724
2300448  0.027586206896551724
2300449  0.027586206896551724
2300450  0.027586206896551724
2300451  0.027586206896551724
2300452  0.027586206896551724
2300455  0.027586206896551724
2300460  0.027586206896551724
2300461  0.027586206896551724
2300462  0.027586206896551724
2300463  0.027586206896551724
2300468  0.027586206896551724
2300470  0.027586206896551724
2300471  0.027586206896551724
2300474  0.027586206896551724
2300475  0.027586206896551724
2300483  0.027586206896551724
2300488  0.027586206896551724
2300493  0.027586206896551724
2300494  0.027586206896551724
2300496  0.027586206896551724
2300497  0.027586206896551724
2300498  0.027586206896551724
2300504  0.027586206896551724
2300505  0.027586206896551724
2300506  0.027586206896551724
2300509  0.027586206896551724
2300510  0.027586206896551724
2300511  0.027586206896551724
2300517  0.027586206896551724
2300518  0.027586206896551724
2300522  0.027586206896551724
2300526  0.027586206896551724
2300528  0.027586206896551724
2300530  0.027586206896551724
2300533  0.027586206896551724
2300597  0.027586206896551724
2300604  0.027586206896551724
2300635  0.027586206896551724
2300642  0.027586206896551724
2300649  0.027586206896551724
2300669  0.027586206896551724
2300670  0.027586206896551724
2300672  0.027586206896551724
2300673  0.027586206896551724
2300674  0.027586206896551724
2300681  0.027586206896551724
2300682  0.027586206896551724
2300684  0.027586206896551724
2300685  0.027586206896551724
2300686  0.027586206896551724
2300697  0.027586206896551724
2300698  0.027586206896551724
2300700  0.027586206896551724
2300702  0.027586206896551724
2300703  0.027586206896551724
2300704  0.027586206896551724
2300707  0.027586206896551724
2300708  0.027586206896551724
2300711  0.027586206896551724
2300713  0.027586206896551724
2300714  0.027586206896551724
2300716  0.027586206896551724
2300717  0.027586206896551724
2300719  0.027586206896551724
2300722  0.027586206896551724
2300723  0.027586206896551724
2300728  0.027586206896551724
2300729  0.027586206896551724
2300732  0.027586206896551724
2300734  0.027586206896551724
2300740  0.027586206896551724
2300741  0.027586206896551724
2300742  0.027586206896551724
2300745  0.027586206896551724
2300756  0.027586206896551724
2300765  0.027586206896551724
2300771  0.027586206896551724
2300781  0.027586206896551724
2300790  0.027586206896551724
2300796  0.027586206896551724
2300879  0.027586206896551724
2300904  0.027586206896551724
2300905  0.027586206896551724
2300906  0.027586206896551724
2300910  0.027586206896551724
2300931  0.027586206896551724
2300935  0.027586206896551724
2300946  0.027586206896551724
2300948  0.027586206896551724
2300951  0.027586206896551724
2300960  0.027586206896551724
2300964  0.027586206896551724
2300968  0.027586206896551724
2300973  0.027586206896551724
2300974  0.027586206896551724
2300975  0.027586206896551724
2300978  0.027586206896551724
2300979  0.027586206896551724
2300984  0.027586206896551724
2300985  0.027586206896551724
2300986  0.027586206896551724
2300989  0.027586206896551724
2300990  0.027586206896551724
2300994  0.027586206896551724
2301231  0.027586206896551724
2301232  0.027586206896551724
2301233  0.027586206896551724
2301236  0.027586206896551724
2301237  0.027586206896551724
2301238  0.027586206896551724
2301239  0.027586206896551724
2301240  0.027586206896551724
2301241  0.027586206896551724
2301244  0.027586206896551724
2301254  0.027586206896551724
2301262  0.027586206896551724
2301293  0.027586206896551724
2301294  0.027586206896551724
2301297  0.027586206896551724
2301300  0.027586206896551724
2301301  0.027586206896551724
2301303  0.027586206896551724
2301304  0.027586206896551724
2301307  0.027586206896551724
2301308  0.027586206896551724
2301309  0.027586206896551724
2301315  0.027586206896551724
2301316  0.027586206896551724
2301319  0.027586206896551724
2301324  0.027586206896551724
2301325  0.027586206896551724
2301326  0.027586206896551724
2301327  0.027586206896551724
2301329  0.027586206896551724
2301333  0.027586206896551724
2301334  0.027586206896551724
2301335  0.027586206896551724
2301337  0.027586206896551724
2301342  0.027586206896551724
2301343  0.027586206896551724
2301344  0.027586206896551724
2301345  0.027586206896551724
2301346  0.027586206896551724
2301348  0.027586206896551724
2301349  0.027586206896551724
2301354  0.027586206896551724
2301355  0.027586206896551724
2301356  0.027586206896551724
2301357  0.027586206896551724
2301358  0.027586206896551724
2301359  0.027586206896551724
2301360  0.027586206896551724
2301365  0.027586206896551724
2301366  0.027586206896551724
2301367  0.027586206896551724
2301369  0.027586206896551724
2301370  0.027586206896551724
2301371  0.027586206896551724
2301372  0.027586206896551724
2301373  0.027586206896551724
2301378  0.027586206896551724
2301379  0.027586206896551724
2301381  0.027586206896551724
2301383  0.027586206896551724
2301388  0.027586206896551724
2301389  0.027586206896551724
2301390  0.027586206896551724
2301393  0.027586206896551724
2301400  0.027586206896551724
2301401  0.027586206896551724
2301402  0.027586206896551724
2301410  0.027586206896551724
2301418  0.027586206896551724
2301419  0.027586206896551724
2301437  0.027586206896551724
2301438  0.027586206896551724
2301454  0.027586206896551724
2301456  0.027586206896551724
2301457  0.027586206896551724
2301458  0.027586206896551724
2301459  0.027586206896551724
2301460  0.027586206896551724
2301463  0.027586206896551724
2301470  0.027586206896551724
2301476  0.027586206896551724
2301482  0.027586206896551724
2301484  0.027586206896551724
2301485  0.027586206896551724
2301488  0.027586206896551724
2301499  0.027586206896551724
2301506  0.027586206896551724
2301509  0.027586206896551724
2301546  0.027586206896551724
2301548  0.027586206896551724
2301549  0.027586206896551724
2301550  0.027586206896551724
2301551  0.027586206896551724
2301552  0.027586206896551724
2301554  0.027586206896551724
2301555  0.027586206896551724
2301557  0.027586206896551724
2301561  0.027586206896551724
2301562  0.027586206896551724
2301563  0.027586206896551724
2301564  0.027586206896551724
2301565  0.027586206896551724
2301570  0.027586206896551724
2301571  0.027586206896551724
2301575  0.027586206896551724
2301576  0.027586206896551724
2301578  0.027586206896551724
2301580  0.027586206896551724
2301584  0.027586206896551724
2301585  0.027586206896551724
2301590  0.027586206896551724
2301591  0.027586206896551724
2301594  0.027586206896551724
2301683  0.027586206896551724
2301686  0.027586206896551724
2301690  0.027586206896551724
2301697  0.027586206896551724
2301700  0.027586206896551724
2301731  0.027586206896551724
2301740  0.027586206896551724
2301741  0.027586206896551724
2301742  0.027586206896551724
2301746  0.027586206896551724
2301747  0.027586206896551724
2301748  0.027586206896551724
2301749  0.027586206896551724
2301754  0.027586206896551724
2301755  0.027586206896551724
2301756  0.027586206896551724
2301757  0.027586206896551724
2301761  0.027586206896551724
2301762  0.027586206896551724
2301766  0.027586206896551724
2301767  0.027586206896551724
2301768  0.027586206896551724
2301770  0.027586206896551724
2301771  0.027586206896551724
2301773  0.027586206896551724
2301776  0.027586206896551724
2301777  0.027586206896551724
2301778  0.027586206896551724
2301779  0.027586206896551724
2301780  0.027586206896551724
2301781  0.027586206896551724
2301785  0.027586206896551724
2301786  0.027586206896551724
2301787  0.027586206896551724
2301788  0.027586206896551724
2301789  0.027586206896551724
2301793  0.027586206896551724
2301795  0.027586206896551724
2301796  0.027586206896551724
2301800  0.027586206896551724
2301801  0.027586206896551724
2301803  0.027586206896551724
2301804  0.027586206896551724
2301805  0.027586206896551724
2301810  0.027586206896551724
2301811  0.027586206896551724
2301812  0.027586206896551724
2301813  0.027586206896551724
2301815  0.027586206896551724
2301816  0.027586206896551724
2301820  0.027586206896551724
2301821  0.027586206896551724
2301824  0.027586206896551724
2301825  0.027586206896551724
2301827  0.027586206896551724
2301830  0.027586206896551724
2301831  0.027586206896551724
2301832  0.027586206896551724
2301835  0.027586206896551724
2301840  0.027586206896551724
2301842  0.027586206896551724
2301846  0.027586206896551724
2301847  0.027586206896551724
2301848  0.027586206896551724
2301853  0.027586206896551724
2301854  0.027586206896551724
2301855  0.027586206896551724
2301856  0.027586206896551724
2301857  0.027586206896551724
2301862  0.027586206896551724
2301863  0.027586206896551724
2301867  0.027586206896551724
2301868  0.027586206896551724
2301870  0.027586206896551724
2301871  0.027586206896551724
2301874  0.027586206896551724
2301875  0.027586206896551724
2301880  0.027586206896551724
2301881  0.027586206896551724
2301884  0.027586206896551724
2301895  0.027586206896551724
2301906  0.027586206896551724
2301916  0.027586206896551724
2301924  0.027586206896551724
2301926  0.027586206896551724
2301927  0.027586206896551724
2301928  0.027586206896551724
2301929  0.027586206896551724
2301930  0.027586206896551724
2301931  0.027586206896551724
2301934  0.027586206896551724
2301936  0.027586206896551724
2301937  0.027586206896551724
2301938  0.027586206896551724
2301939  0.027586206896551724
2301940  0.027586206896551724
2301943  0.027586206896551724
2301944  0.027586206896551724
2301945  0.027586206896551724
2301948  0.027586206896551724
2301963  0.027586206896551724
2301968  0.027586206896551724
2301988  0.027586206896551724
2301999  0.027586206896551724
2302002  0.027586206896551724
2302007  0.027586206896551724
2302009  0.027586206896551724
2302010  0.027586206896551724
2302018  0.027586206896551724
2302021  0.027586206896551724
2302026  0.027586206896551724
2302027  0.027586206896551724
2302028  0.027586206896551724
2302029  0.027586206896551724
2302030  0.027586206896551724
2302031  0.027586206896551724
2302032  0.027586206896551724
2302033  0.027586206896551724
2302034  0.027586206896551724
2302035  0.027586206896551724
2302037  0.027586206896551724
2302044  0.027586206896551724
2302045  0.027586206896551724
2302049  0.027586206896551724
2302058  0.027586206896551724
2302067  0.027586206896551724
2302071  0.027586206896551724
2302160  0.027586206896551724
2302161  0.027586206896551724
2302163  0.027586206896551724
2302164  0.027586206896551724
2302166  0.027586206896551724
2302168  0.027586206896551724
2302169  0.027586206896551724
2302170  0.027586206896551724
2302171  0.027586206896551724
2302174  0.027586206896551724
2302182  0.027586206896551724
2302183  0.027586206896551724
2302184  0.027586206896551724
2302185  0.027586206896551724
2302186  0.027586206896551724
2302187  0.027586206896551724
2302188  0.027586206896551724
2302189  0.027586206896551724
2302193  0.027586206896551724
2302201  0.027586206896551724
2302207  0.027586206896551724
2302208  0.027586206896551724
2302209  0.027586206896551724
2302211  0.027586206896551724
2302212  0.027586206896551724
2302216  0.027586206896551724
2302217  0.027586206896551724
2302221  0.027586206896551724
2302225  0.027586206896551724
2302237  0.027586206896551724
2302239  0.027586206896551724
2302288  0.027586206896551724
2302291  0.027586206896551724
2302307  0.027586206896551724
2400030  0.027586206896551724
2400033  0.027586206896551724
2400036  0.027586206896551724
2400039  0.027586206896551724
2400042  0.027586206896551724
2400047  0.027586206896551724
2400050  0.027586206896551724
2400053  0.027586206896551724
2400056  0.027586206896551724
2500177  0.027586206896551724
2500178  0.027586206896551724
2500191  0.027586206896551724
2500193  0.027586206896551724
2500194  0.027586206896551724
2500195  0.027586206896551724
2500196  0.027586206896551724
2500197  0.027586206896551724
2500198  0.027586206896551724
2500200  0.027586206896551724
2500202  0.027586206896551724
2500208  0.027586206896551724
2500211  0.027586206896551724
2500212  0.027586206896551724
2500213  0.027586206896551724
2500214  0.027586206896551724
2500215  0.027586206896551724
2500216  0.027586206896551724
2500217  0.027586206896551724
2500218  0.027586206896551724
2500219  0.027586206896551724
2500220  0.027586206896551724
2500221  0.027586206896551724
2500222  0.027586206896551724
2500223  0.027586206896551724
2500224  0.027586206896551724
2500226  0.027586206896551724
2500229  0.027586206896551724
2500230  0.027586206896551724
2500231  0.027586206896551724
2500232  0.027586206896551724
2500233  0.027586206896551724
2500234  0.027586206896551724
2500235  0.027586206896551724
2500236  0.027586206896551724
2500237  0.027586206896551724
2500238  0.027586206896551724
2500239  0.027586206896551724
2500240  0.027586206896551724
2500241  0.027586206896551724
2500242  0.027586206896551724
2500245  0.027586206896551724
2500251  0.027586206896551724
2500269  0.027586206896551724
2500331  0.027586206896551724
2500332  0.027586206896551724
2500403  0.027586206896551724
2500530  0.027586206896551724
2500531  0.027586206896551724
2500532  0.027586206896551724
2500533  0.027586206896551724
2500535  0.027586206896551724
2500537  0.027586206896551724
2500538  0.027586206896551724
2500540  0.027586206896551724
2500541  0.027586206896551724
2500544  0.027586206896551724
2500545  0.027586206896551724
2500546  0.027586206896551724
2500549  0.027586206896551724
2500550  0.027586206896551724
2500551  0.027586206896551724
2500554  0.027586206896551724
2500555  0.027586206896551724
2500559  0.027586206896551724
2500561  0.027586206896551724
2500562  0.027586206896551724
2500563  0.027586206896551724
2500564  0.027586206896551724
2500568  0.027586206896551724
2500570  0.027586206896551724
2500578  0.027586206896551724
2500581  0.027586206896551724
2500582  0.027586206896551724
2500583  0.027586206896551724
2500584  0.027586206896551724
2500586  0.027586206896551724
2500587  0.027586206896551724
2500588  0.027586206896551724
2500590  0.027586206896551724
2500591  0.027586206896551724
2500592  0.027586206896551724
2500594  0.027586206896551724
2500595  0.027586206896551724
2500596  0.027586206896551724
2500597  0.027586206896551724
2500598  0.027586206896551724
2500601  0.027586206896551724
2500611  0.027586206896551724
2500612  0.027586206896551724
2500613  0.027586206896551724
2500614  0.027586206896551724
2500615  0.027586206896551724
2500623  0.027586206896551724
2500624  0.027586206896551724
2500626  0.027586206896551724
2500627  0.027586206896551724
2500628  0.027586206896551724
2500629  0.027586206896551724
2500631  0.027586206896551724
2500633  0.027586206896551724
2500634  0.027586206896551724
2500635  0.027586206896551724
2500637  0.027586206896551724
2500638  0.027586206896551724
2500642  0.027586206896551724
2500653  0.027586206896551724
2500654  0.027586206896551724
2500655  0.027586206896551724
2500656  0.027586206896551724
2500657  0.027586206896551724
2500659  0.027586206896551724
2500660  0.027586206896551724
2500661  0.027586206896551724
2500662  0.027586206896551724
2500663  0.027586206896551724
2500664  0.027586206896551724
2500665  0.027586206896551724
2500667  0.027586206896551724
2500670  0.027586206896551724
2500736  0.027586206896551724
2500737  0.027586206896551724
2500739  0.027586206896551724
2500740  0.027586206896551724
2500741  0.027586206896551724
2500742  0.027586206896551724
2500743  0.027586206896551724
2500744  0.027586206896551724
2500745  0.027586206896551724
2500746  0.027586206896551724
2500747  0.027586206896551724
2500748  0.027586206896551724
2500749  0.027586206896551724
2500751  0.027586206896551724
2500754  0.027586206896551724
1600035  0.019271948608137045
1600036  0.019271948608137045
1600037  0.019271948608137045
1600165  0.019271948608137045
1600166  0.019271948608137045
1003487  0.007285974499089253
