3200361  9.0
3200362  9.0
3200363  9.0
3200364  9.0
3200365  9.0
3200374  9.0
3200360  4.5
1100351  2.0
1100352  2.0
1100353  2.0
1100354  2.0
1100391  2.0
1100392  2.0
1100393  2.0
1100394  2.0
1100395  2.0
1100396  2.0
1100397  2.0
3200343  2.0
3200349  2.0
3200350  2.0
3200351  2.0
3200352  2.0
3200354  2.0
3200592  2.0
1100210  1.7777777777777777
2600180  1.6
1100281  1.5
1100282  1.5
1100283  1.5
1100285  1.5
1100292  1.5
3200342  1.3333333333333333
3200179  1.2307692307692308
3200180  1.2307692307692308
3200181  1.2307692307692308
3200182  1.2307692307692308
3200183  1.2307692307692308
3200591  1.2307692307692308
1100207  1.1428571428571428
1100208  1.1428571428571428
1100209  1.1428571428571428
3200208  1.1428571428571428
1100277  1.125
1100278  1.125
1100279  1.125
1100291  1.125
1100130  1.0666666666666667
1100131  1.0666666666666667
1100132  1.0666666666666667
1100133  1.0666666666666667
1100134  1.0666666666666667
1100135  1.0666666666666667
1100136  1.0666666666666667
1100137  1.0666666666666667
1100138  1.0666666666666667
1100139  1.0666666666666667
1100140  1.0666666666666667
1100141  1.0666666666666667
1100142  1.0666666666666667
1100247  0.9
1100323  0.9
1300526  0.8421052631578947
1300529  0.8421052631578947
1300532  0.8421052631578947
1100274  0.8
1100332  0.8
1100411  0.8
1100412  0.8
1100413  0.8
2600176  0.8
2600177  0.8
1100421  0.75
1100434  0.75
1100435  0.75
1100436  0.75
1100437  0.75
1100439  0.75
1100440  0.75
1100441  0.75
1100442  0.75
1100443  0.75
1100444  0.75
1100445  0.75
1100446  0.75
1100447  0.75
1100448  0.75
1100449  0.75
1100450  0.75
1100454  0.75
1100455  0.75
1100456  0.75
1100457  0.75
1100459  0.75
1100273  0.7272727272727273
1100037  0.64
1100238  0.64
1300481  0.64
1300495  0.64
1300498  0.64
1300501  0.64
1300503  0.64
1300506  0.64
1300508  0.64
1300515  0.64
1300543  0.64
1300546  0.64
1300549  0.64
1300560  0.64
1300565  0.64
1300569  0.64
1300572  0.64
1300573  0.64
1300574  0.64
1300577  0.64
1300579  0.64
1100183  0.6153846153846154
1100184  0.6153846153846154
3200034  0.5925925925925926
3200589  0.5161290322580645
3200590  0.5161290322580645
3200594  0.5161290322580645
3200588  0.48484848484848486
3200449  0.47058823529411764
1100177  0.4444444444444444
1100178  0.4444444444444444
1100179  0.4444444444444444
1100382  0.4444444444444444
3200448  0.42105263157894735
2600194  0.38095238095238093
2600189  0.3076923076923077
1100256  0.2807017543859649
1100269  0.2807017543859649
1100270  0.2807017543859649
1100271  0.2807017543859649
1100272  0.2807017543859649
1100407  0.2807017543859649
1100408  0.2807017543859649
1100409  0.2807017543859649
1100410  0.2807017543859649
1100415  0.2807017543859649
1100416  0.2807017543859649
1100417  0.2807017543859649
1100418  0.2807017543859649
1100419  0.2807017543859649
1100420  0.2807017543859649
1100423  0.2807017543859649
1100425  0.2807017543859649
1100466  0.2807017543859649
1100475  0.2807017543859649
1100476  0.2807017543859649
3200401  0.22857142857142856
1100100  0.2222222222222222
1100101  0.2222222222222222
1100117  0.2222222222222222
1100118  0.2222222222222222
1100119  0.2222222222222222
1100120  0.2222222222222222
1100121  0.2222222222222222
1100122  0.2222222222222222
1100123  0.2222222222222222
1100124  0.2222222222222222
1100150  0.2222222222222222
1100153  0.2222222222222222
1100154  0.2222222222222222
1100155  0.2222222222222222
1100156  0.2222222222222222
1200113  0.2222222222222222
1200126  0.2222222222222222
1200139  0.2222222222222222
1200158  0.2222222222222222
1200177  0.2222222222222222
1200196  0.2222222222222222
1200216  0.2222222222222222
1200235  0.2222222222222222
1200254  0.2222222222222222
1200275  0.2222222222222222
1200283  0.2222222222222222
1200286  0.2222222222222222
1203020  0.2222222222222222
1203334  0.2222222222222222
1203338  0.2222222222222222
1203342  0.2222222222222222
1203343  0.2222222222222222
1203347  0.2222222222222222
1203351  0.2222222222222222
1203361  0.2222222222222222
1203365  0.2222222222222222
1203366  0.2222222222222222
1203367  0.2222222222222222
2600059  0.2222222222222222
2601049  0.2222222222222222
3200220  0.2222222222222222
3300025  0.2222222222222222
3200140  0.17647058823529413
3200123  0.13636363636363635
3200124  0.13636363636363635
3200133  0.13636363636363635
3200134  0.13636363636363635
3200135  0.13636363636363635
3200136  0.13636363636363635
3200137  0.13636363636363635
3200138  0.13636363636363635
3200139  0.13636363636363635
3200143  0.13636363636363635
1100180  0.02564102564102564
