2100933  0.39055782556533813
2100942  0.38909628987312317
2100944  0.3853841722011566
2100882  0.38417795300483704
2100879  0.382549911737442
2100940  0.3813612163066864
2100934  0.37482041120529175
2100931  0.37470102310180664
2100947  0.3737674355506897
2100935  0.3736995458602905
2100927  0.3718416690826416
2100941  0.3696455657482147
2100932  0.369166761636734
2100953  0.36296457052230835
2100921  0.36270347237586975
2100939  0.360374391078949
1600136  0.35936978459358215
1800500  0.3584643006324768
1800544  0.35746246576309204
1800499  0.3568073511123657
2100433  0.3557875156402588
1900215  0.35210123658180237
2100924  0.3498629033565521
1800792  0.3486354947090149
2100435  0.34824901819229126
1800546  0.3474811315536499
1900108  0.34734463691711426
2100430  0.3462837040424347
1900205  0.34623104333877563
1700423  0.34609338641166687
2100748  0.3460616171360016
1900204  0.34506136178970337
2000451  0.3440430760383606
1700405  0.34392377734184265
1900116  0.3436630666255951
2000249  0.3436366617679596
1700125  0.34276095032691956
1900203  0.3426336646080017
1700322  0.34250980615615845
1600319  0.342454731464386
1800137  0.34224388003349304
1700406  0.34097588062286377
1600234  0.340730756521225
2000211  0.3390735983848572
1700183  0.3390306830406189
1700252  0.3386577069759369
1600176  0.33849191665649414
1800149  0.3378225266933441
1700324  0.3377700746059418
1700122  0.3376496136188507
1700302  0.33656033873558044
2000129  0.3363306522369385
2000231  0.33557072281837463
1600177  0.33535468578338623
2100883  0.33490344882011414
1800211  0.33464667201042175
1600317  0.33453473448753357
2000449  0.33438098430633545
2100574  0.33430561423301697
2000107  0.3342917263507843
2100575  0.33425289392471313
2100576  0.3339788317680359
1700124  0.33384788036346436
1800156  0.33381086587905884
2100588  0.3337409496307373
1700407  0.3328094184398651
1700320  0.3327855169773102
1700251  0.3327573239803314
1800526  0.33264777064323425
2100744  0.33263352513313293
1800145  0.3325957655906677
1600096  0.33243584632873535
1800141  0.3320161998271942
1700339  0.33196350932121277
2000452  0.3319062292575836
2100516  0.3318762481212616
2100562  0.33179283142089844
2100507  0.3314191997051239
1600336  0.33114299178123474
2000450  0.3309103846549988
1900206  0.33055001497268677
2100155  0.3300514221191406
2000128  0.3296326994895935
2000308  0.3292449712753296
1400070  0.3291510045528412
1600104  0.3291398286819458
1700250  0.328835666179657
1800545  0.3285480737686157
1800092  0.3284428119659424
1700346  0.3283858299255371
2100604  0.3280853033065796
1200313  0.3279735743999481
1600218  0.32776784896850586
1700123  0.3277081549167633
1200327  0.32672321796417236
2100514  0.3267044126987457
1900096  0.32607904076576233
2000138  0.3259795904159546
2100536  0.3252652585506439
1700340  0.32510870695114136
1200326  0.32509103417396545
1700341  0.32482507824897766
2100589  0.324748158454895
1800210  0.3246862590312958
1800528  0.32444554567337036
1200334  0.324434757232666
2100157  0.3243293762207031
1600253  0.32428160309791565
1600256  0.3242492079734802
1600103  0.32340314984321594
2100602  0.32308438420295715
1900093  0.3229806423187256
1800529  0.3228415250778198
1600233  0.32271885871887207
1600320  0.32164204120635986
2100603  0.3215170204639435
1700404  0.32151639461517334
2100510  0.3212907016277313
2000136  0.3209065794944763
2100513  0.32083386182785034
2100545  0.32040366530418396
2100142  0.3201291561126709
2000109  0.32005947828292847
1700321  0.31976139545440674
2100491  0.3196071982383728
2100561  0.3196064829826355
1700317  0.31924206018447876
2000456  0.3185879588127136
1600237  0.31846508383750916
1100062  0.3184344172477722
1700343  0.31800317764282227
1200316  0.31794431805610657
1700344  0.31762903928756714
1200116  0.3173730969429016
1700083  0.31735852360725403
1700318  0.31720075011253357
2100180  0.31710150837898254
1600097  0.31672221422195435
2100550  0.3165532648563385
1600105  0.31642386317253113
1600178  0.31621602177619934
2100741  0.3160013258457184
2100542  0.31550332903862
2000240  0.31478968262672424
1600318  0.31444722414016724
2100740  0.3144426643848419
1700319  0.31400033831596375
1900098  0.3139199912548065
2100546  0.3133584260940552
2100742  0.3133544623851776
2100515  0.3133533298969269
1600252  0.31295475363731384
2000110  0.3127554953098297
2000457  0.31225454807281494
1700342  0.31180739402770996
2100509  0.311480849981308
2000120  0.3112184405326843
1900092  0.3110344707965851
1700092  0.31096112728118896
2100752  0.3107093274593353
2100144  0.3100782632827759
1200115  0.30929139256477356
1200117  0.30928900837898254
1800527  0.30903252959251404
2100143  0.3085937798023224
2100372  0.3084372878074646
1200112  0.30833175778388977
1900107  0.30829882621765137
2100181  0.30681759119033813
1900097  0.3067123293876648
2100175  0.3061463236808777
1200102  0.30589184165000916
2000118  0.3058082163333893
2100538  0.30495205521583557
2100179  0.30305203795433044
2100494  0.3028160333633423
2100178  0.30200961232185364
1100061  0.3012448847293854
1200314  0.29998472332954407
2100240  0.2996343970298767
2100341  0.2996180057525635
2100506  0.29749083518981934
2100508  0.29654139280319214
1200119  0.29490435123443604
1200103  0.29412487149238586
1700088  0.29389476776123047
2100176  0.2930249869823456
1200120  0.2919546663761139
1200118  0.29047954082489014
1700096  0.28656256198883057
1400161  0.28579768538475037
2100174  0.28503191471099854
1200111  0.2825920283794403
2100177  0.27769652009010315
