2400447  inf
2400448  inf
2400449  inf
2400450  inf
2400451  inf
2400452  inf
2400454  inf
5700197  inf
6000044  inf
6000045  inf
6000046  inf
6000047  inf
6100092  inf
6500397  inf
6500398  inf
6500399  inf
6500401  inf
6500402  inf
6500403  inf
6500404  inf
6500405  inf
6500409  inf
6500413  inf
6500418  inf
6500419  inf
6500424  inf
5700192  361.0
5700194  361.0
6500311  180.5
6500312  180.5
6500313  180.5
6500314  180.5
6500315  180.5
6500316  180.5
6500328  180.5
6500317  162.0
6500320  162.0
5600073  90.25
5600074  90.25
5600075  90.25
5600079  90.25
5600080  90.25
5600110  90.25
5600111  90.25
5600112  90.25
5600113  90.25
5600115  90.25
5600118  90.25
5700051  90.25
5700052  90.25
5700059  90.25
5700060  90.25
5700061  90.25
5700062  90.25
5700169  90.25
5700187  90.25
5700191  90.25
6500382  90.25
6500383  90.25
6500384  90.25
6500388  90.25
6500471  90.25
6803023  90.25
7300065  90.25
7300066  90.25
7300067  90.25
7300070  90.25
7300241  90.25
5600098  81.0
5600101  81.0
5700070  81.0
5700071  81.0
5700072  81.0
5700073  81.0
5700074  81.0
5700075  81.0
5700076  81.0
5700079  81.0
5700090  81.0
5700091  81.0
5700092  81.0
5700093  81.0
5700094  81.0
5700096  81.0
5700097  81.0
5700098  81.0
5700099  81.0
5700101  81.0
5700102  81.0
5700103  81.0
5700104  81.0
5700109  81.0
5700111  81.0
5700125  81.0
5700137  81.0
5700139  81.0
5700140  81.0
5700141  81.0
5700146  81.0
5700147  81.0
5700150  81.0
5700151  81.0
5700152  81.0
5700153  81.0
5700156  81.0
6500385  81.0
6500437  81.0
6500438  81.0
6500440  81.0
6500454  81.0
6500456  81.0
7300068  81.0
7300285  81.0
7300092  72.25
6500463  72.2
6500480  72.2
6800104  72.2
6800106  72.2
6800115  72.2
6800128  72.2
6800141  72.2
6800160  72.2
6800179  72.2
6800198  72.2
6800218  72.2
6800237  72.2
6800256  72.2
6800277  72.2
6800285  72.2
6800288  72.2
6803005  72.2
7300277  72.2
7300278  72.2
7300281  72.2
7300282  72.2
7300284  72.2
7300288  72.2
7300290  72.2
6500514  64.8
7300091  64.8
7300093  64.8
7300094  64.8
7300096  64.8
6000068  56.25
2400101  51.57142857142857
2400102  51.57142857142857
2400105  51.57142857142857
2400106  51.57142857142857
2400762  51.57142857142857
2400765  51.57142857142857
3000294  51.57142857142857
3000295  51.57142857142857
1100058  45.125
1100527  45.125
1100864  45.125
1400053  45.125
1400054  45.125
1400057  45.125
1400060  45.125
1500052  45.125
2400037  45.125
2400041  45.125
2400083  45.125
2400084  45.125
2400085  45.125
2400197  45.125
2400198  45.125
2400199  45.125
2400284  45.125
2400373  45.125
2400374  45.125
2400376  45.125
2400628  45.125
2400732  45.125
3000055  45.125
3000056  45.125
3000057  45.125
3000254  45.125
3000301  45.125
3000302  45.125
3000303  45.125
3000322  45.125
3000328  45.125
4300082  45.125
4300083  45.125
4300106  45.125
4300107  45.125
4300108  45.125
4300109  45.125
4300110  45.125
4300111  45.125
4300112  45.125
4300113  45.125
4300114  45.125
4300162  45.125
4300171  45.125
4800367  45.125
4800368  45.125
4800369  45.125
4800379  45.125
4800384  45.125
4800394  45.125
4800398  45.125
6100058  45.125
6100059  45.125
6100065  45.125
6100066  45.125
6100067  45.125
6100068  45.125
6100075  45.125
6100083  45.125
6200027  45.125
6200030  45.125
6200033  45.125
6300081  45.125
6300082  45.125
6300099  45.125
6300100  45.125
6300101  45.125
6300102  45.125
6300103  45.125
6300168  45.125
6300176  45.125
6300184  45.125
6400025  45.125
6400028  45.125
6400031  45.125
6400034  45.125
6400042  45.125
6400043  45.125
6400044  45.125
6500084  45.125
6500134  45.125
6500135  45.125
6500136  45.125
6500137  45.125
6500138  45.125
6500139  45.125
6500140  45.125
6500142  45.125
6500144  45.125
6500146  45.125
6500147  45.125
6500148  45.125
6500154  45.125
6500157  45.125
6500158  45.125
6500159  45.125
6500161  45.125
6500164  45.125
6500167  45.125
6500170  45.125
6500171  45.125
6500181  45.125
6500183  45.125
6500184  45.125
6500187  45.125
6500190  45.125
6500191  45.125
6500192  45.125
6500194  45.125
6500195  45.125
6500198  45.125
6500204  45.125
6500205  45.125
6500206  45.125
6500207  45.125
6500208  45.125
6500211  45.125
6500214  45.125
6500220  45.125
6500223  45.125
6500230  45.125
6500238  45.125
6500247  45.125
6500248  45.125
6500249  45.125
6500250  45.125
6500251  45.125
6500260  45.125
6500274  45.125
6500283  45.125
6500284  45.125
6500285  45.125
6500286  45.125
6500288  45.125
6500289  45.125
6500374  45.125
6500375  45.125
6500537  45.125
6500545  45.125
6500553  45.125
7400054  45.125
7400055  45.125
7400056  45.125
5700181  45.0
6500347  45.0
1400478  40.5
1400483  40.5
1400484  40.5
1400485  40.5
1400489  40.5
1400490  40.5
1400492  40.5
1400514  40.5
1400515  40.5
1400516  40.5
1400517  40.5
1400518  40.5
1400521  40.5
2400062  40.5
2400063  40.5
2400064  40.5
2400315  40.5
2400316  40.5
2400317  40.5
2400318  40.5
2400319  40.5
2400320  40.5
2400321  40.5
2400322  40.5
2400324  40.5
2400622  40.5
6500265  40.5
3000073  37.5
3000074  37.5
3000075  37.5
3000261  37.5
3000262  37.5
3000265  37.5
3000268  37.5
3000269  37.5
3000270  37.5
3000274  37.5
3000275  37.5
3000278  37.5
3000279  37.5
3000280  37.5
3000283  37.5
3000285  37.5
3000289  37.5
3000525  37.5
3000526  37.5
6500332  37.5
6500333  37.5
6500336  37.5
6500337  37.5
6500338  37.5
6500344  37.5
6500345  37.5
6500346  37.5
6500351  37.5
6500352  37.5
6500353  37.5
6500354  37.5
6500355  37.5
6500356  37.5
6500361  37.5
6500362  37.5
6500365  37.5
6500366  37.5
6500367  37.5
6900330  37.5
6900333  37.5
1400044  32.142857142857146
5700174  32.142857142857146
5700173  28.125
5700178  28.125
6500155  20.454545454545453
6500168  20.454545454545453
6500188  20.454545454545453
6500225  20.454545454545453
6500232  20.454545454545453
6500233  20.454545454545453
6500234  20.454545454545453
6500506  20.454545454545453
