6000047  0.5083475708961487
6500413  0.4973195493221283
5700197  0.4968584477901459
6000044  0.4939239025115967
6000046  0.4930759370326996
2400449  0.49228930473327637
6500424  0.49188748002052307
6500404  0.4918593466281891
2400450  0.4914669692516327
2400452  0.4913008213043213
2400447  0.49117645621299744
6500409  0.49080491065979004
2400448  0.4906897246837616
2400454  0.4900595545768738
6500397  0.4895460307598114
6500418  0.48906710743904114
2400451  0.4887123107910156
6100092  0.4877072870731354
6500403  0.487202525138855
6000045  0.4866103529930115
6500402  0.48641178011894226
6000068  0.48638612031936646
6500419  0.4858223497867584
6500401  0.48405376076698303
6500398  0.48276445269584656
6500405  0.4821535646915436
6500314  0.4809030294418335
6500399  0.47925832867622375
6500311  0.4790938198566437
5600110  0.4785284101963043
6500382  0.47796157002449036
6500320  0.47782763838768005
6500313  0.4763992726802826
5700074  0.4746134281158447
5700140  0.4744347035884857
5700101  0.4741699695587158
3000269  0.47359251976013184
2400376  0.47345349192619324
5700152  0.47327497601509094
3000283  0.4730468690395355
5700073  0.47297632694244385
5700153  0.47285017371177673
7300290  0.47275498509407043
6500317  0.47271907329559326
6500312  0.47256535291671753
5700104  0.47253379225730896
5700111  0.47245240211486816
3000280  0.4719199240207672
3000525  0.47174933552742004
7300068  0.4716613292694092
6500315  0.471378892660141
5700192  0.47127094864845276
6500316  0.47109243273735046
5600113  0.4710141122341156
6500353  0.4709682762622833
5600080  0.47078683972358704
2400628  0.47067052125930786
6800285  0.4703853726387024
5700109  0.4701128900051117
5700102  0.4699643552303314
6500181  0.4696332514286041
3000074  0.46959733963012695
5600098  0.4694598913192749
5700052  0.46945732831954956
6800106  0.4694427251815796
4300110  0.46942490339279175
6500248  0.4693090319633484
5700125  0.4693079888820648
5700096  0.4692831337451935
6500367  0.46921247243881226
3000075  0.4689421057701111
5600073  0.46862196922302246
5700147  0.46845224499702454
5700091  0.4684385359287262
5600075  0.46839600801467896
6500347  0.4683249294757843
7300092  0.46824827790260315
5600101  0.46823301911354065
6500251  0.4681020677089691
5700051  0.4680634140968323
5700194  0.46777844429016113
2400765  0.46763285994529724
6100065  0.46761760115623474
6500384  0.46743181347846985
7300070  0.4673396348953247
6803023  0.46724316477775574
6500328  0.46709200739860535
7300065  0.46699512004852295
6500480  0.466988205909729
6500388  0.46694546937942505
4300113  0.4669263958930969
5700181  0.4668723940849304
5600112  0.46679019927978516
4800384  0.4666195511817932
6100083  0.4665287733078003
6800160  0.46618351340293884
6500454  0.46609655022621155
2400102  0.4659605622291565
6500188  0.4659310579299927
5700070  0.46587371826171875
6100066  0.46571439504623413
7300284  0.46562156081199646
2400284  0.4656065106391907
2400374  0.46559539437294006
6500471  0.46552419662475586
6500134  0.4655085802078247
6800104  0.4654514491558075
3000285  0.465410441160202
5600118  0.46514782309532166
6500332  0.4650808870792389
1400517  0.46497488021850586
3000262  0.4649467468261719
5700060  0.46489235758781433
6500514  0.46479225158691406
7300241  0.4646355211734772
5700174  0.4646036624908447
6900333  0.46457692980766296
5700150  0.46451881527900696
5700075  0.46446019411087036
6500333  0.4644416272640228
6800218  0.46432846784591675
7300094  0.4641750752925873
1400514  0.46411317586898804
5700062  0.4641111195087433
6100058  0.4639057517051697
5700072  0.46387341618537903
5600111  0.46381011605262756
3000254  0.46377652883529663
7300067  0.46373987197875977
4800368  0.4636535942554474
7300278  0.46352288126945496
5700059  0.4634980857372284
4800394  0.46345382928848267
6500206  0.46345123648643494
6500286  0.46340104937553406
3000279  0.46338915824890137
5700090  0.46336787939071655
7300066  0.4633333683013916
4300082  0.4633183181285858
6500437  0.46318989992141724
6300103  0.4631897509098053
5700191  0.4631889760494232
1400478  0.46318671107292175
6500383  0.4631315767765045
3000057  0.4631207585334778
3000328  0.46309828758239746
2400319  0.4630524516105652
6500136  0.46305030584335327
5700151  0.4629846513271332
6500230  0.46289703249931335
5700079  0.46286991238594055
3000295  0.46279916167259216
5700137  0.46278277039527893
5700141  0.46269339323043823
1400516  0.46254029870033264
1400483  0.4625300467014313
6400034  0.4625137448310852
6900330  0.4624600410461426
2400085  0.46245071291923523
6500250  0.46240267157554626
6500365  0.46238401532173157
2400198  0.4623499810695648
2400373  0.462336927652359
3000275  0.462311714887619
5700071  0.4622953534126282
6500137  0.46224114298820496
5700098  0.4620622396469116
5700103  0.46203160285949707
6500440  0.46202534437179565
5600115  0.46199268102645874
6803005  0.46192634105682373
1400060  0.4618278741836548
6500366  0.4617985785007477
2400622  0.46178504824638367
6500260  0.4617427587509155
5700094  0.4617238938808441
6500456  0.46170294284820557
5700076  0.4616958796977997
6400042  0.4616834819316864
3000268  0.46167078614234924
6500192  0.46165919303894043
7300281  0.46165046095848083
5600074  0.46162107586860657
6500142  0.46160686016082764
3000261  0.4616028070449829
6500346  0.4615253508090973
6500337  0.4615011215209961
4800369  0.4614870548248291
6500354  0.46146902441978455
5700097  0.4614546597003937
6500345  0.4613931477069855
3000274  0.4613526463508606
5700146  0.46128013730049133
6500247  0.46125659346580505
6500537  0.4612343907356262
4300112  0.461188942193985
6300102  0.46115535497665405
1400044  0.4611080288887024
3000278  0.4610438346862793
6300101  0.4610357880592346
2400084  0.46094468235969543
6800198  0.46090319752693176
7400055  0.4609028100967407
2400062  0.4608170688152313
5700099  0.4608103334903717
7300288  0.46079060435295105
6500336  0.4607721269130707
2400101  0.4607580900192261
1400484  0.46073582768440247
3000301  0.46068158745765686
7300096  0.4605947732925415
4300107  0.46052438020706177
6500144  0.4604722857475281
2400315  0.4604431688785553
5700061  0.46035099029541016
6800141  0.4603443443775177
2400732  0.4602990746498108
3000526  0.4602564871311188
6800179  0.46024826169013977
6500167  0.4602288603782654
5700178  0.46006590127944946
6500170  0.46004995703697205
6200033  0.4600203335285187
6500338  0.4599754512310028
1400489  0.4599749445915222
6300176  0.4598906636238098
6500155  0.45978328585624695
6500164  0.459625780582428
6500198  0.4596216082572937
6500146  0.45960360765457153
6500463  0.459567666053772
1100864  0.4595524072647095
3000322  0.45946934819221497
5700169  0.45945629477500916
6500553  0.4594267010688782
5700156  0.4594257175922394
5600079  0.4594171643257141
6500204  0.4594076871871948
2400316  0.45939379930496216
6800256  0.4592573344707489
3000265  0.45924100279808044
1500052  0.45922479033470154
6500274  0.45921656489372253
6500356  0.4590793251991272
6500385  0.4590192139148712
4300171  0.45899155735969543
6400043  0.4589180052280426
6800115  0.4589040279388428
6500147  0.45886507630348206
6300100  0.45884451270103455
6500238  0.458828330039978
6200030  0.4587814509868622
7300093  0.45873624086380005
3000303  0.45870915055274963
6500157  0.4586135149002075
1400518  0.45849108695983887
3000073  0.45846983790397644
6500265  0.4584164619445801
1400492  0.458376944065094
6300099  0.4583400785923004
6300081  0.4580756425857544
2400037  0.45800644159317017
6500362  0.4579557478427887
6500223  0.4579308331012726
2400064  0.45788389444351196
4300109  0.4578380286693573
4300111  0.45782166719436646
7300091  0.4576098918914795
6500184  0.4575057625770569
3000270  0.45746785402297974
6400025  0.4574326276779175
6500351  0.4573323726654053
4300083  0.4572766125202179
1400053  0.4572582244873047
6500205  0.45725637674331665
6500214  0.4571942389011383
6500148  0.4571744501590729
6800237  0.4571145474910736
2400321  0.4570736587047577
6800128  0.45706814527511597
6500352  0.4570596516132355
6500171  0.4569646418094635
6500506  0.45695868134498596
6500187  0.4569533169269562
6500154  0.4569418430328369
5700092  0.4569149315357208
7400054  0.45690691471099854
6500220  0.4568766951560974
5700173  0.4567287564277649
6500288  0.45672109723091125
6500249  0.4566739797592163
6800288  0.45659905672073364
2400762  0.45643559098243713
5700093  0.45626336336135864
6500211  0.4561850428581238
3000056  0.45614445209503174
1100058  0.45612433552742004
4800398  0.45612332224845886
6400028  0.45605331659317017
7400056  0.45604071021080017
6500207  0.4559612274169922
6500208  0.4558872580528259
6400044  0.455818772315979
2400199  0.45576509833335876
7300285  0.4556981325149536
1400485  0.45565536618232727
2400105  0.45559993386268616
6500284  0.4555446207523346
2400106  0.4555329978466034
6100068  0.4555138349533081
6500183  0.4554838538169861
4300106  0.45547813177108765
1400054  0.45531851053237915
6100059  0.45530688762664795
7300282  0.4551810622215271
6300184  0.45515111088752747
5700187  0.45513442158699036
3000294  0.4549299478530884
7300277  0.45492106676101685
6100067  0.4548896849155426
6500084  0.45474162697792053
1400515  0.4547160863876343
6500355  0.4544928967952728
2400041  0.45443445444107056
6500289  0.45442837476730347
6500545  0.454334557056427
1400490  0.4543144702911377
3000055  0.45426902174949646
4300114  0.4542163908481598
6500158  0.4540383517742157
1400521  0.45380935072898865
6500361  0.4537813365459442
6500195  0.45363324880599976
1400057  0.4536299705505371
6500191  0.4536130428314209
6500161  0.4535698890686035
6500135  0.45340201258659363
6500190  0.45331525802612305
1100527  0.4532005488872528
6200027  0.45316559076309204
6500138  0.45315060019493103
6500344  0.4528640806674957
6500234  0.4528633654117584
6500140  0.4527549147605896
5700139  0.4526459276676178
2400317  0.4525688588619232
4800379  0.4524785280227661
6500438  0.4523606300354004
6800277  0.4523378908634186
6500285  0.45228442549705505
2400197  0.45216137170791626
2400083  0.4520529806613922
4300162  0.45200133323669434
3000289  0.45174673199653625
2400063  0.4515191912651062
6100075  0.4514773488044739
6400031  0.4514392912387848
6500375  0.4514242708683014
4800367  0.45138269662857056
2400324  0.45127448439598083
6500139  0.4511779844760895
2400318  0.451019823551178
6500159  0.4507594406604767
2400322  0.4507331848144531
6500233  0.4507041275501251
2400320  0.4503224790096283
4300108  0.45007839798927307
6500374  0.4492441415786743
6500232  0.4491896629333496
6500194  0.44874677062034607
6500283  0.4486481249332428
6300082  0.4486084282398224
3000302  0.4482717514038086
6500225  0.4482662081718445
6500168  0.4463246762752533
6300168  0.4462946653366089
