1200235  0.41147518157958984
1200239  0.40248119831085205
1300714  0.3999097943305969
1200238  0.39420291781425476
1200240  0.3864389955997467
1300718  0.37358230352401733
1200159  0.3678804934024811
1300725  0.3586618900299072
1300612  0.31621578335762024
1300452  0.31582117080688477
1300685  0.3064393997192383
1300472  0.3017186224460602
1300503  0.2982530891895294
1300494  0.2967398762702942
1301300  0.2948080897331238
1301296  0.2945461571216583
1300484  0.2937515676021576
1300560  0.29253387451171875
1300614  0.2913707494735718
1300506  0.2913621962070465
1300501  0.29011523723602295
1000387  0.28986498713493347
1300447  0.288870632648468
1300470  0.28599750995635986
1301304  0.2854968309402466
1300510  0.2848649322986603
1300495  0.2835656404495239
1300446  0.28335240483283997
1300492  0.28266236186027527
1300469  0.28160399198532104
1300631  0.2810766100883484
1300460  0.281024307012558
1300449  0.2803347706794739
1301299  0.2800184488296509
1300490  0.27930042147636414
1300664  0.2790420651435852
1300609  0.2783522605895996
1300514  0.2781469225883484
1300543  0.2779170572757721
1300522  0.27735936641693115
1300647  0.27713942527770996
1300486  0.2761981785297394
1000331  0.2758030295372009
1300465  0.27569419145584106
1300537  0.27548208832740784
1300480  0.2754766345024109
1300456  0.27534040808677673
1300463  0.2749943733215332
1300682  0.2744395434856415
1000277  0.27433985471725464
1300498  0.2738820016384125
1300485  0.2735389769077301
1300457  0.2735028862953186
1100037  0.2734813392162323
1300634  0.2733219861984253
1300502  0.27321016788482666
1300455  0.2726306915283203
1100062  0.27263057231903076
1300525  0.2723035514354706
1300698  0.2721711993217468
1300536  0.27176931500434875
1000809  0.2715132236480713
1300568  0.2714574635028839
1300475  0.27134618163108826
1001277  0.2708936333656311
1001160  0.27034375071525574
1300458  0.27007752656936646
1300588  0.2697715759277344
1300586  0.26969900727272034
1300555  0.2696336507797241
1300650  0.2695154845714569
1300482  0.26923391222953796
1300578  0.2691877484321594
1300496  0.2683653235435486
1000461  0.26824650168418884
1300569  0.2679966390132904
1300478  0.2671394646167755
1200195  0.26692408323287964
1001224  0.26691102981567383
1001288  0.2668067514896393
1100142  0.2663804888725281
1000966  0.2657419741153717
1000111  0.2639313042163849
1000535  0.2636379897594452
1300541  0.26313096284866333
1000240  0.26282376050949097
1300521  0.2627909779548645
1000845  0.26204949617385864
1000827  0.26200929284095764
1300580  0.26200026273727417
1001316  0.26194244623184204
1300701  0.26159486174583435
1001173  0.26146945357322693
1000368  0.26133668422698975
1300563  0.2612258791923523
1000498  0.2611926794052124
1000870  0.26089102029800415
1000900  0.2606275975704193
1000259  0.2604462504386902
1300558  0.26042354106903076
1001002  0.26039931178092957
1000625  0.26017093658447266
1000978  0.260069340467453
1300584  0.2600540220737457
1000860  0.2600298523902893
1100057  0.2597340941429138
1300564  0.2594609558582306
1000089  0.2594517767429352
1300530  0.2593867778778076
1001038  0.2593487799167633
1100144  0.25924867391586304
1001438  0.25881683826446533
1300453  0.25871601700782776
1000423  0.2583838105201721
1300668  0.25813475251197815
1300579  0.25805744528770447
1000661  0.2576194703578949
1001135  0.2576006352901459
1100052  0.2575175166130066
1000697  0.2574887275695801
1000222  0.2574801743030548
1100027  0.25719740986824036
1300576  0.2568732798099518
1000942  0.256488174200058
1100067  0.25648292899131775
1300033  0.25640979409217834
1000733  0.2563379108905792
1000441  0.2559507191181183
1300587  0.25556522607803345
1001086  0.2548881471157074
1001298  0.2548465132713318
1100146  0.25470733642578125
1000922  0.25429031252861023
1300535  0.2541975677013397
1000571  0.2537482678890228
1000147  0.25368520617485046
1000607  0.2535502314567566
1001399  0.25348904728889465
1000186  0.25286155939102173
1000516  0.2528594136238098
1000890  0.25264737010002136
1100105  0.2523528039455414
1001147  0.25214576721191406
1000442  0.25188320875167847
1001383  0.2518601417541504
1001402  0.25168633460998535
1000405  0.2515985369682312
1000790  0.2514106333255768
1000772  0.25079044699668884
1100132  0.250381201505661
1100042  0.2500527501106262
1000679  0.25003618001937866
1001123  0.24996957182884216
1100072  0.2498847246170044
1000313  0.24950441718101501
1001199  0.24946174025535583
1001026  0.24926526844501495
1000954  0.2488808035850525
1300613  0.24875488877296448
1001421  0.24801801145076752
1100138  0.24779364466667175
1300556  0.24752816557884216
1000349  0.24698172509670258
1100032  0.24632446467876434
1000715  0.24617990851402283
1000589  0.24593059718608856
1000910  0.24528911709785461
1300037  0.24512778222560883
1000204  0.2445375919342041
1000165  0.24451002478599548
1000880  0.2438047081232071
1300474  0.24374163150787354
1000480  0.24321874976158142
1300511  0.24291744828224182
1001418  0.24291057884693146
1100147  0.24265731871128082
1001074  0.2426213175058365
1100090  0.24214740097522736
1000753  0.24179323017597198
1000295  0.24082422256469727
1001111  0.24076879024505615
1100089  0.23959872126579285
1300572  0.2394282966852188
1001062  0.23912447690963745
1001186  0.23892906308174133
1300057  0.2379235029220581
1000990  0.23743094503879547
1001435  0.23730063438415527
1100091  0.2369036078453064
1100092  0.23630015552043915
1001050  0.23467126488685608
1001212  0.23436568677425385
1100134  0.23369978368282318
1001236  0.23297978937625885
1001014  0.23232446610927582
1100047  0.23071448504924774
1000129  0.2305806279182434
1100140  0.2300793081521988
1300043  0.2283574789762497
1000553  0.22833187878131866
1300063  0.22569820284843445
1300045  0.22531138360500336
1300055  0.22525732219219208
1001099  0.2245984673500061
1300051  0.2234441041946411
1000643  0.22039872407913208
1100136  0.22017791867256165
1300061  0.21950441598892212
1300039  0.21932648122310638
1300059  0.21814022958278656
1300047  0.21632874011993408
1300041  0.21291829645633698
1300049  0.2117658108472824
1300065  0.21040485799312592
1300067  0.20873907208442688
1300053  0.20619086921215057
1300035  0.19941537082195282
