1200235  1.0
1200238  1.0
1200239  1.0
1200240  1.0
1200159  0.8944271909999159
1300446  0.8660254037844387
1300449  0.8660254037844387
1300452  0.8660254037844387
1300455  0.8660254037844387
1300465  0.8660254037844387
1300469  0.8660254037844387
1300470  0.8660254037844387
1300472  0.8660254037844387
1300484  0.8660254037844387
1300490  0.8660254037844387
1300492  0.8660254037844387
1300494  0.8660254037844387
1300495  0.8660254037844387
1300498  0.8660254037844387
1300501  0.8660254037844387
1300502  0.8660254037844387
1300503  0.8660254037844387
1300506  0.8660254037844387
1300510  0.8660254037844387
1300609  0.8660254037844387
1300612  0.8660254037844387
1300613  0.8660254037844387
1300614  0.8660254037844387
1300714  0.8660254037844387
1300718  0.8660254037844387
1300725  0.8660254037844387
1200195  0.75
1300682  0.75
1300685  0.75
1301296  0.75
1301299  0.75
1301300  0.75
1301304  0.75
1300447  0.7071067811865475
1300453  0.7071067811865475
1300456  0.7071067811865475
1300457  0.7071067811865475
1300460  0.7071067811865475
1300463  0.7071067811865475
1300474  0.7071067811865475
1300475  0.7071067811865475
1300478  0.7071067811865475
1300480  0.7071067811865475
1300482  0.7071067811865475
1300485  0.7071067811865475
1300496  0.7071067811865475
1300521  0.7071067811865475
1300522  0.7071067811865475
1300525  0.7071067811865475
1300535  0.7071067811865475
1300536  0.7071067811865475
1300537  0.7071067811865475
1300543  0.7071067811865475
1300555  0.7071067811865475
1300556  0.7071067811865475
1300558  0.7071067811865475
1300560  0.7071067811865475
1300563  0.7071067811865475
1300564  0.7071067811865475
1300568  0.7071067811865475
1300569  0.7071067811865475
1300572  0.7071067811865475
1300576  0.7071067811865475
1300578  0.7071067811865475
1300579  0.7071067811865475
1300580  0.7071067811865475
1300586  0.7071067811865475
1300631  0.5773502691896258
1300634  0.5773502691896258
1300647  0.5773502691896258
1300650  0.5773502691896258
1300664  0.5773502691896258
1300668  0.5773502691896258
1300698  0.5773502691896258
1300701  0.5773502691896258
1300458  0.5
1300486  0.5
1300511  0.5
1300514  0.5
1300530  0.5
1300541  0.5
1300584  0.5
1300587  0.5
1300588  0.5
1000089  0.35355339059327373
1000111  0.35355339059327373
1000129  0.35355339059327373
1000147  0.35355339059327373
1000165  0.35355339059327373
1000186  0.35355339059327373
1000204  0.35355339059327373
1000222  0.35355339059327373
1000240  0.35355339059327373
1000259  0.35355339059327373
1000277  0.35355339059327373
1000295  0.35355339059327373
1000313  0.35355339059327373
1000331  0.35355339059327373
1000349  0.35355339059327373
1000368  0.35355339059327373
1000387  0.35355339059327373
1000405  0.35355339059327373
1000423  0.35355339059327373
1000441  0.35355339059327373
1000442  0.35355339059327373
1000461  0.35355339059327373
1000480  0.35355339059327373
1000498  0.35355339059327373
1000516  0.35355339059327373
1000535  0.35355339059327373
1000553  0.35355339059327373
1000571  0.35355339059327373
1000589  0.35355339059327373
1000607  0.35355339059327373
1000625  0.35355339059327373
1000643  0.35355339059327373
1000661  0.35355339059327373
1000679  0.35355339059327373
1000697  0.35355339059327373
1000715  0.35355339059327373
1000733  0.35355339059327373
1000753  0.35355339059327373
1000772  0.35355339059327373
1000790  0.35355339059327373
1000809  0.35355339059327373
1000827  0.35355339059327373
1000845  0.35355339059327373
1000860  0.35355339059327373
1000870  0.35355339059327373
1000880  0.35355339059327373
1000890  0.35355339059327373
1000900  0.35355339059327373
1000910  0.35355339059327373
1000922  0.35355339059327373
1000942  0.35355339059327373
1000954  0.35355339059327373
1000966  0.35355339059327373
1000978  0.35355339059327373
1000990  0.35355339059327373
1001002  0.35355339059327373
1001014  0.35355339059327373
1001026  0.35355339059327373
1001038  0.35355339059327373
1001050  0.35355339059327373
1001062  0.35355339059327373
1001074  0.35355339059327373
1001086  0.35355339059327373
1001099  0.35355339059327373
1001111  0.35355339059327373
1001123  0.35355339059327373
1001135  0.35355339059327373
1001147  0.35355339059327373
1001160  0.35355339059327373
1001173  0.35355339059327373
1001186  0.35355339059327373
1001199  0.35355339059327373
1001212  0.35355339059327373
1001224  0.35355339059327373
1001236  0.35355339059327373
1001277  0.35355339059327373
1001288  0.35355339059327373
1001298  0.35355339059327373
1001316  0.35355339059327373
1001383  0.35355339059327373
1001399  0.35355339059327373
1001402  0.35355339059327373
1001418  0.35355339059327373
1001421  0.35355339059327373
1001435  0.35355339059327373
1001438  0.35355339059327373
1100027  0.35355339059327373
1100032  0.35355339059327373
1100037  0.35355339059327373
1100042  0.35355339059327373
1100047  0.35355339059327373
1100052  0.35355339059327373
1100057  0.35355339059327373
1100062  0.35355339059327373
1100067  0.35355339059327373
1100072  0.35355339059327373
1100089  0.35355339059327373
1100090  0.35355339059327373
1100091  0.35355339059327373
1100092  0.35355339059327373
1100105  0.35355339059327373
1100132  0.35355339059327373
1100134  0.35355339059327373
1100136  0.35355339059327373
1100138  0.35355339059327373
1100140  0.35355339059327373
1100142  0.35355339059327373
1100144  0.35355339059327373
1100146  0.35355339059327373
1100147  0.35355339059327373
1300033  0.2222222222222222
1300035  0.2222222222222222
1300037  0.2222222222222222
1300039  0.2222222222222222
1300041  0.2222222222222222
1300043  0.2222222222222222
1300045  0.2222222222222222
1300047  0.2222222222222222
1300049  0.2222222222222222
1300051  0.2222222222222222
1300053  0.2222222222222222
1300055  0.2222222222222222
1300057  0.2222222222222222
1300059  0.2222222222222222
1300061  0.2222222222222222
1300063  0.2222222222222222
1300065  0.2222222222222222
1300067  0.2222222222222222
