1100036  1.0
1100128  1.0
1100171  1.0
1100174  1.0
1100178  1.0
1100179  1.0
2100119  1.0
2100132  1.0
2100145  1.0
2100147  1.0
2100148  1.0
2200067  1.0
2200080  1.0
2200081  1.0
2200082  1.0
2200084  1.0
2300068  1.0
2100106  0.75
2200061  0.75
2100100  0.6
2100103  0.6
2100075  0.375
2100076  0.375
2100078  0.375
2100072  0.33333333333333337
2100082  0.33333333333333337
2100170  0.33333333333333337
2100192  0.33333333333333337
2100050  0.25
2100051  0.25
2100052  0.25
2100053  0.25
2100158  0.25
2100162  0.25
2100163  0.25
2100180  0.25
2100184  0.25
2100185  0.25
2600059  0.2142857142857143
2600126  0.2142857142857143
2600130  0.2142857142857143
2600133  0.2142857142857143
2600156  0.2142857142857143
2600161  0.2142857142857143
2600197  0.2142857142857143
2600200  0.2142857142857143
2600204  0.2142857142857143
2700133  0.2142857142857143
2700140  0.2142857142857143
2700141  0.2142857142857143
2700142  0.2142857142857143
2700145  0.2142857142857143
2700146  0.2142857142857143
2700149  0.2142857142857143
2700153  0.2142857142857143
1900051  0.16666666666666663
1900052  0.16666666666666663
1900133  0.16666666666666663
1900134  0.16666666666666663
1900135  0.16666666666666663
1900136  0.16666666666666663
1900137  0.16666666666666663
1900138  0.16666666666666663
1900139  0.16666666666666663
1900140  0.16666666666666663
1900141  0.16666666666666663
1900142  0.16666666666666663
1900143  0.16666666666666663
1900144  0.16666666666666663
1900145  0.16666666666666663
1900146  0.16666666666666663
1900161  0.16666666666666663
1900162  0.16666666666666663
1900165  0.16666666666666663
1900166  0.16666666666666663
1900167  0.16666666666666663
1900168  0.16666666666666663
1900169  0.16666666666666663
1900170  0.16666666666666663
1900172  0.16666666666666663
1900178  0.16666666666666663
2400040  0.16666666666666663
2400060  0.16666666666666663
2400090  0.16666666666666663
2400093  0.16666666666666663
2400095  0.16666666666666663
2400096  0.16666666666666663
2400097  0.16666666666666663
2400099  0.16666666666666663
2400101  0.16666666666666663
2400102  0.16666666666666663
2400106  0.16666666666666663
2000038  0.13636363636363635
2000039  0.13636363636363635
2200045  0.13636363636363635
2200046  0.13636363636363635
