1100036  inf
1100128  inf
1100171  inf
1100174  inf
1100178  inf
2100119  inf
2100132  inf
2100145  inf
2100147  inf
2100148  inf
2200067  inf
2200080  inf
2200081  inf
2200082  inf
2200084  inf
2300068  inf
2100106  9.0
2200061  9.0
2100100  4.5
2100103  4.5
2100075  1.8
2100076  1.8
2100078  1.8
2100072  1.5
2100082  1.5
2100170  1.5
2100192  1.5
2100050  1.0
2100051  1.0
2100052  1.0
2100053  1.0
2100158  1.0
2100162  1.0
2100163  1.0
2100180  1.0
2100184  1.0
2100185  1.0
2600059  0.8181818181818182
2600126  0.8181818181818182
2600130  0.8181818181818182
2600133  0.8181818181818182
2600156  0.8181818181818182
2600161  0.8181818181818182
2600197  0.8181818181818182
2600200  0.8181818181818182
2600204  0.8181818181818182
2700133  0.8181818181818182
2700140  0.8181818181818182
2700141  0.8181818181818182
2700142  0.8181818181818182
2700145  0.8181818181818182
2700146  0.8181818181818182
2700149  0.8181818181818182
2700153  0.8181818181818182
1900051  0.6
1900052  0.6
1900133  0.6
1900134  0.6
1900135  0.6
1900136  0.6
1900137  0.6
1900138  0.6
1900139  0.6
1900140  0.6
1900141  0.6
1900142  0.6
1900143  0.6
1900144  0.6
1900145  0.6
1900146  0.6
1900161  0.6
1900162  0.6
1900165  0.6
1900166  0.6
1900167  0.6
1900168  0.6
1900169  0.6
1900170  0.6
1900172  0.6
1900178  0.6
2400040  0.6
2400060  0.6
2400090  0.6
2400093  0.6
2400095  0.6
2400096  0.6
2400097  0.6
2400099  0.6
2400101  0.6
2400102  0.6
2400106  0.6
1100179  0.5
2000038  0.47368421052631576
2000039  0.47368421052631576
2200045  0.47368421052631576
2200046  0.47368421052631576
