1400234  1.0
1400249  1.0
1400280  1.0
1400281  1.0
1400285  1.0
1400286  1.0
1400290  1.0
1400291  1.0
1400292  1.0
1400293  1.0
1400296  1.0
1400297  1.0
1400298  1.0
1400299  1.0
1400303  1.0
1400305  1.0
1400408  1.0
1400425  1.0
1400461  1.0
1400462  1.0
1400465  1.0
1400466  1.0
1400469  1.0
1400470  1.0
1400471  1.0
1400472  1.0
1400475  1.0
1400477  1.0
1400478  1.0
1400479  1.0
1400483  1.0
1400485  1.0
1400620  1.0
1400672  1.0
1400675  1.0
1400677  1.0
1501708  1.0
1501709  1.0
1501710  1.0
1501711  1.0
1501717  1.0
1501721  1.0
1501725  1.0
1501727  1.0
1501738  1.0
1701538  1.0
1701539  1.0
1701540  1.0
1701541  1.0
1701542  1.0
1701544  1.0
1701548  1.0
1701549  1.0
1701551  1.0
1701557  1.0
1701559  1.0
1701560  1.0
1400772  0.6
2401176  0.6
2401185  0.6
2401186  0.6
2401187  0.6
2401193  0.6
1001447  0.5
1001448  0.5
1001449  0.5
1001455  0.5
1400633  0.5
1400634  0.5
1400663  0.5
1400664  0.5
1400954  0.4
1400630  0.1875
1400631  0.1875
1400648  0.18181818181818177
1400649  0.18181818181818177
1400690  0.18181818181818177
1400692  0.18181818181818177
2301112  0.18181818181818177
2301113  0.18181818181818177
2301114  0.18181818181818177
2301120  0.18181818181818177
1601145  0.16666666666666663
1601146  0.16666666666666663
1601147  0.16666666666666663
1601148  0.16666666666666663
1601154  0.16666666666666663
1601155  0.16666666666666663
1601156  0.16666666666666663
1601157  0.16666666666666663
1601158  0.16666666666666663
1601160  0.16666666666666663
1601161  0.16666666666666663
1400613  0.15000000000000002
1400776  0.15000000000000002
2201272  0.15000000000000002
2201273  0.15000000000000002
2201277  0.15000000000000002
2201278  0.15000000000000002
2201279  0.15000000000000002
2201285  0.15000000000000002
1400110  0.1428571428571429
1400111  0.1428571428571429
1400112  0.1428571428571429
1400113  0.1428571428571429
1400114  0.1428571428571429
1400212  0.1428571428571429
1400213  0.1428571428571429
1400214  0.1428571428571429
1400215  0.1428571428571429
1400216  0.1428571428571429
1400217  0.1428571428571429
1400219  0.1428571428571429
1400538  0.1428571428571429
1400539  0.1428571428571429
1400542  0.1428571428571429
1400544  0.1428571428571429
1400545  0.1428571428571429
1400546  0.1428571428571429
1400548  0.1428571428571429
1400550  0.1428571428571429
1400551  0.1428571428571429
1400554  0.1428571428571429
1400555  0.1428571428571429
1400561  0.1428571428571429
1400562  0.1428571428571429
1400564  0.1428571428571429
1400565  0.1428571428571429
1400566  0.1428571428571429
1400569  0.1428571428571429
1400570  0.1428571428571429
1400581  0.1428571428571429
1400582  0.1428571428571429
1400584  0.1428571428571429
1400585  0.1428571428571429
1400586  0.1428571428571429
1400587  0.1428571428571429
1400588  0.1428571428571429
1400589  0.1428571428571429
1400591  0.1428571428571429
1400592  0.1428571428571429
1400594  0.1428571428571429
1400595  0.1428571428571429
1400596  0.1428571428571429
1400597  0.1428571428571429
1400599  0.1428571428571429
1400600  0.1428571428571429
1400605  0.1428571428571429
1400607  0.1428571428571429
1400612  0.1428571428571429
1400619  0.1428571428571429
1400686  0.1428571428571429
1400687  0.1428571428571429
1400688  0.1428571428571429
1400697  0.1428571428571429
1400700  0.1428571428571429
1400711  0.1428571428571429
1400713  0.1428571428571429
1400714  0.1428571428571429
1400716  0.1428571428571429
1400717  0.1428571428571429
1400720  0.1428571428571429
1400722  0.1428571428571429
1400723  0.1428571428571429
1400724  0.1428571428571429
1400725  0.1428571428571429
1400726  0.1428571428571429
1400730  0.1428571428571429
1400733  0.1428571428571429
1400735  0.1428571428571429
1400737  0.1428571428571429
1400738  0.1428571428571429
1400740  0.1428571428571429
1400748  0.1428571428571429
1400750  0.1428571428571429
1400751  0.1428571428571429
1400753  0.1428571428571429
1400758  0.1428571428571429
1400759  0.1428571428571429
1400770  0.1428571428571429
1401001  0.1428571428571429
1401002  0.1428571428571429
1401003  0.1428571428571429
1401004  0.1428571428571429
1401005  0.1428571428571429
1401006  0.1428571428571429
1401007  0.1428571428571429
1801081  0.1428571428571429
1801082  0.1428571428571429
1801083  0.1428571428571429
1801089  0.1428571428571429
1400636  0.09999999999999998
1400637  0.09999999999999998
1400642  0.09999999999999998
1400643  0.09999999999999998
1400741  0.09999999999999998
1400746  0.09999999999999998
1400774  0.09999999999999998
1901332  0.09999999999999998
1901333  0.09999999999999998
1901334  0.09999999999999998
1901340  0.09999999999999998
1400639  0.09090909090909094
1400640  0.09090909090909094
