1200183  1.0
1200184  1.0
1200210  1.0
1200211  1.0
1200259  1.0
1200262  1.0
1200263  1.0
1200267  1.0
2700143  1.0
2700145  1.0
2700147  1.0
3200228  1.0
3200229  1.0
3200233  1.0
3200234  1.0
3200236  1.0
3200237  1.0
3200262  1.0
3200265  1.0
3200267  1.0
3200289  1.0
3200290  1.0
3200300  1.0
3200301  1.0
3300166  1.0
4100141  1.0
4600064  1.0
4600065  1.0
4600069  1.0
4600073  1.0
4600076  1.0
4600078  1.0
4600079  1.0
4600080  1.0
4600084  1.0
4600085  1.0
4600087  1.0
4600089  1.0
4600090  1.0
4600096  1.0
4600099  1.0
5800141  1.0
5800144  1.0
5800145  1.0
5800146  1.0
5800148  1.0
1200104  0.9090909090909091
1200105  0.9090909090909091
1300142  0.875
1300066  0.8571428571428572
4700033  0.8
4700036  0.8
1200237  0.7692307692307692
3000114  0.75
1100045  0.6666666666666667
1100046  0.6666666666666667
1100047  0.6666666666666667
1100048  0.6666666666666667
1100056  0.6666666666666667
1200135  0.6666666666666667
1200138  0.6666666666666667
1200139  0.6666666666666667
1200141  0.6666666666666667
1200142  0.6666666666666667
1200145  0.6666666666666667
1200147  0.6666666666666667
1200148  0.6666666666666667
1200149  0.6666666666666667
1200152  0.6666666666666667
1200153  0.6666666666666667
1200154  0.6666666666666667
1200155  0.6666666666666667
1200156  0.6666666666666667
1200157  0.6666666666666667
1200159  0.6666666666666667
1200160  0.6666666666666667
1200161  0.6666666666666667
1200162  0.6666666666666667
1200163  0.6666666666666667
1200165  0.6666666666666667
1200168  0.6666666666666667
1200171  0.6666666666666667
1200172  0.6666666666666667
1200174  0.6666666666666667
1200191  0.6666666666666667
1200192  0.6666666666666667
1200196  0.6666666666666667
1200200  0.6666666666666667
1200203  0.6666666666666667
1200205  0.6666666666666667
1200209  0.6666666666666667
1200216  0.6666666666666667
1200219  0.6666666666666667
1200220  0.6666666666666667
1200225  0.6666666666666667
1200226  0.6666666666666667
1200228  0.6666666666666667
1200235  0.6666666666666667
1200236  0.6666666666666667
1200239  0.6666666666666667
1200241  0.6666666666666667
1200242  0.6666666666666667
1200243  0.6666666666666667
1200244  0.6666666666666667
1200245  0.6666666666666667
1200246  0.6666666666666667
1200248  0.6666666666666667
1200249  0.6666666666666667
1200251  0.6666666666666667
1200253  0.6666666666666667
1200255  0.6666666666666667
1200256  0.6666666666666667
1200257  0.6666666666666667
1200258  0.6666666666666667
1200266  0.6666666666666667
1200269  0.6666666666666667
1200270  0.6666666666666667
3101653  0.6666666666666667
3101655  0.6666666666666667
3101656  0.6666666666666667
3101657  0.6666666666666667
3101658  0.6666666666666667
3101661  0.6666666666666667
3101663  0.6666666666666667
3101673  0.6666666666666667
3101675  0.6666666666666667
3101676  0.6666666666666667
3101677  0.6666666666666667
3101678  0.6666666666666667
3101679  0.6666666666666667
3101681  0.6666666666666667
3101692  0.6666666666666667
3101693  0.6666666666666667
3101696  0.6666666666666667
3101697  0.6666666666666667
3101698  0.6666666666666667
3101699  0.6666666666666667
3101702  0.6666666666666667
3101703  0.6666666666666667
3101704  0.6666666666666667
3101705  0.6666666666666667
3101708  0.6666666666666667
3101709  0.6666666666666667
3101710  0.6666666666666667
3101711  0.6666666666666667
3101737  0.6666666666666667
3101738  0.6666666666666667
3101740  0.6666666666666667
3101741  0.6666666666666667
3101742  0.6666666666666667
3101743  0.6666666666666667
3101744  0.6666666666666667
3101746  0.6666666666666667
3101747  0.6666666666666667
3101748  0.6666666666666667
3101749  0.6666666666666667
3101750  0.6666666666666667
3101752  0.6666666666666667
3101767  0.6666666666666667
3101794  0.6666666666666667
3101795  0.6666666666666667
3101797  0.6666666666666667
3101798  0.6666666666666667
3101799  0.6666666666666667
3101800  0.6666666666666667
3101803  0.6666666666666667
3101805  0.6666666666666667
3101816  0.6666666666666667
3101817  0.6666666666666667
3101819  0.6666666666666667
3101820  0.6666666666666667
3101821  0.6666666666666667
3101823  0.6666666666666667
3102201  0.6666666666666667
3102202  0.6666666666666667
3102204  0.6666666666666667
3102207  0.6666666666666667
3102208  0.6666666666666667
3102214  0.6666666666666667
3102222  0.6666666666666667
3102227  0.6666666666666667
3102237  0.6666666666666667
3102238  0.6666666666666667
3102239  0.6666666666666667
3102240  0.6666666666666667
3102243  0.6666666666666667
3102247  0.6666666666666667
3102253  0.6666666666666667
3102255  0.6666666666666667
3102974  0.6666666666666667
3403785  0.6666666666666667
3403788  0.6666666666666667
3403794  0.6666666666666667
3403795  0.6666666666666667
3403796  0.6666666666666667
3403798  0.6666666666666667
3403799  0.6666666666666667
3403800  0.6666666666666667
3403801  0.6666666666666667
3403803  0.6666666666666667
3403804  0.6666666666666667
3403805  0.6666666666666667
3403806  0.6666666666666667
3403808  0.6666666666666667
3403809  0.6666666666666667
3403818  0.6666666666666667
3403819  0.6666666666666667
3403820  0.6666666666666667
3403821  0.6666666666666667
3403827  0.6666666666666667
3403833  0.6666666666666667
3403839  0.6666666666666667
3600069  0.6666666666666667
3600076  0.6666666666666667
3600077  0.6666666666666667
3600243  0.6666666666666667
3600307  0.6666666666666667
3600308  0.6666666666666667
3600311  0.6666666666666667
3600314  0.6666666666666667
3600318  0.6666666666666667
3600320  0.6666666666666667
1200166  0.6428571428571428
1000028  0.625
1000031  0.625
1000034  0.625
1200042  0.625
1200046  0.625
1200075  0.625
1200077  0.625
1200080  0.625
1200084  0.625
1200085  0.625
1200086  0.625
1200110  0.625
1200111  0.625
1200112  0.625
1200113  0.625
1200116  0.625
1200121  0.625
1200122  0.625
1200123  0.625
1200129  0.625
1200130  0.625
1200131  0.625
1200132  0.625
1200133  0.625
1200134  0.625
1300040  0.625
1300055  0.625
1300056  0.625
1300057  0.625
1300073  0.625
1300079  0.625
1300085  0.625
1300091  0.625
1300104  0.625
1300107  0.625
1300108  0.625
1300117  0.625
1300120  0.625
1300125  0.625
1300126  0.625
1300127  0.625
1300128  0.625
1300129  0.625
1300130  0.625
1300131  0.625
1300134  0.625
1300149  0.625
3000041  0.625
3000053  0.625
3000054  0.625
3000062  0.625
3000069  0.625
3000080  0.625
3000081  0.625
3000084  0.625
3000085  0.625
3000086  0.625
3000096  0.625
3000097  0.625
3000155  0.625
3000158  0.625
3000164  0.625
3000165  0.625
3100113  0.625
3100126  0.625
3100139  0.625
3100158  0.625
3100177  0.625
3100196  0.625
3100216  0.625
3100235  0.625
3100254  0.625
3100275  0.625
3100283  0.625
3100286  0.625
3100375  0.625
3102992  0.625
3103001  0.625
3103004  0.625
3900063  0.625
1200178  0.6153846153846154
1200179  0.6153846153846154
1200182  0.6153846153846154
3103396  0.33333333333333337
3200532  0.19999999999999996
3200560  0.19999999999999996
3200561  0.19999999999999996
3200562  0.19999999999999996
