1200210  1.0
1200267  1.0
1200104  0.9534625892455924
1200105  0.9534625892455924
1200259  0.8944271909999159
1200237  0.8770580193070293
1200211  0.8366600265340756
1200262  0.8366600265340756
1200263  0.8366600265340756
1100045  0.816496580927726
1100046  0.816496580927726
1100047  0.816496580927726
1100048  0.816496580927726
1100056  0.816496580927726
1200135  0.816496580927726
1200138  0.816496580927726
1200139  0.816496580927726
1200141  0.816496580927726
1200142  0.816496580927726
1200145  0.816496580927726
1200147  0.816496580927726
1200148  0.816496580927726
1200149  0.816496580927726
1200152  0.816496580927726
1200153  0.816496580927726
1200154  0.816496580927726
1200155  0.816496580927726
1200156  0.816496580927726
1200157  0.816496580927726
1200159  0.816496580927726
1200160  0.816496580927726
1200161  0.816496580927726
1200162  0.816496580927726
1200163  0.816496580927726
1200165  0.816496580927726
1200168  0.816496580927726
1200171  0.816496580927726
1200172  0.816496580927726
1200174  0.816496580927726
1200191  0.816496580927726
1200192  0.816496580927726
1200196  0.816496580927726
1200200  0.816496580927726
1200203  0.816496580927726
1200205  0.816496580927726
1200209  0.816496580927726
1200216  0.816496580927726
1200219  0.816496580927726
1200220  0.816496580927726
1200225  0.816496580927726
1200226  0.816496580927726
1200228  0.816496580927726
1200235  0.816496580927726
1200236  0.816496580927726
1200239  0.816496580927726
1200241  0.816496580927726
1200242  0.816496580927726
1200243  0.816496580927726
1200244  0.816496580927726
1200245  0.816496580927726
1200246  0.816496580927726
1200248  0.816496580927726
1200249  0.816496580927726
1200253  0.816496580927726
1200255  0.816496580927726
1200256  0.816496580927726
1200257  0.816496580927726
1200258  0.816496580927726
1200266  0.816496580927726
1200269  0.816496580927726
1200270  0.816496580927726
3102974  0.816496580927726
3600069  0.816496580927726
3600076  0.816496580927726
3600077  0.816496580927726
3600243  0.816496580927726
3600307  0.816496580927726
3600308  0.816496580927726
3600311  0.816496580927726
3600314  0.816496580927726
3600318  0.816496580927726
3600320  0.816496580927726
1000028  0.7905694150420948
1000031  0.7905694150420948
1000034  0.7905694150420948
1200042  0.7905694150420948
1200046  0.7905694150420948
1200075  0.7905694150420948
1200077  0.7905694150420948
1200080  0.7905694150420948
1200084  0.7905694150420948
1200085  0.7905694150420948
1200086  0.7905694150420948
1200110  0.7905694150420948
1200111  0.7905694150420948
1200112  0.7905694150420948
1200113  0.7905694150420948
1200116  0.7905694150420948
1200121  0.7905694150420948
1200122  0.7905694150420948
1200123  0.7905694150420948
1200129  0.7905694150420948
1200130  0.7905694150420948
1200131  0.7905694150420948
1200132  0.7905694150420948
1200133  0.7905694150420948
1200134  0.7905694150420948
1300040  0.7905694150420948
1300055  0.7905694150420948
1300056  0.7905694150420948
1300057  0.7905694150420948
1300073  0.7905694150420948
1300079  0.7905694150420948
1300085  0.7905694150420948
1300091  0.7905694150420948
1300104  0.7905694150420948
1300107  0.7905694150420948
1300108  0.7905694150420948
1300117  0.7905694150420948
1300120  0.7905694150420948
1300125  0.7905694150420948
1300126  0.7905694150420948
1300127  0.7905694150420948
1300128  0.7905694150420948
1300129  0.7905694150420948
1300130  0.7905694150420948
1300131  0.7905694150420948
1300134  0.7905694150420948
1300149  0.7905694150420948
3000041  0.7905694150420948
3000053  0.7905694150420948
3000054  0.7905694150420948
3000062  0.7905694150420948
3000069  0.7905694150420948
3000080  0.7905694150420948
3000081  0.7905694150420948
3000084  0.7905694150420948
3000085  0.7905694150420948
3000086  0.7905694150420948
3000096  0.7905694150420948
3000097  0.7905694150420948
3000155  0.7905694150420948
3000158  0.7905694150420948
3000164  0.7905694150420948
3000165  0.7905694150420948
3100113  0.7905694150420948
3100126  0.7905694150420948
3100139  0.7905694150420948
3100158  0.7905694150420948
3100177  0.7905694150420948
3100196  0.7905694150420948
3100216  0.7905694150420948
3100235  0.7905694150420948
3100254  0.7905694150420948
3100275  0.7905694150420948
3100283  0.7905694150420948
3100286  0.7905694150420948
3100375  0.7905694150420948
3102992  0.7905694150420948
3103001  0.7905694150420948
3103004  0.7905694150420948
3900063  0.7905694150420948
1300142  0.7826237921249264
1200183  0.7745966692414834
1200184  0.7745966692414834
1200166  0.760638829255665
1200251  0.7302967433402214
1300066  0.7171371656006361
1200178  0.7016464154456235
1200179  0.7016464154456235
1200182  0.7016464154456235
3000114  0.6708203932499369
4700033  0.565685424949238
4700036  0.565685424949238
3101653  0.5163977794943222
3101655  0.5163977794943222
3101656  0.5163977794943222
3101657  0.5163977794943222
3101658  0.5163977794943222
3101661  0.5163977794943222
3101663  0.5163977794943222
3101673  0.5163977794943222
3101675  0.5163977794943222
3101676  0.5163977794943222
3101677  0.5163977794943222
3101678  0.5163977794943222
3101679  0.5163977794943222
3101681  0.5163977794943222
3101692  0.5163977794943222
3101693  0.5163977794943222
3101696  0.5163977794943222
3101697  0.5163977794943222
3101698  0.5163977794943222
3101699  0.5163977794943222
3101702  0.5163977794943222
3101703  0.5163977794943222
3101704  0.5163977794943222
3101705  0.5163977794943222
3101708  0.5163977794943222
3101709  0.5163977794943222
3101710  0.5163977794943222
3101711  0.5163977794943222
3101737  0.5163977794943222
3101738  0.5163977794943222
3101740  0.5163977794943222
3101741  0.5163977794943222
3101742  0.5163977794943222
3101743  0.5163977794943222
3101744  0.5163977794943222
3101746  0.5163977794943222
3101747  0.5163977794943222
3101748  0.5163977794943222
3101749  0.5163977794943222
3101750  0.5163977794943222
3101752  0.5163977794943222
3101767  0.5163977794943222
3101794  0.5163977794943222
3101795  0.5163977794943222
3101797  0.5163977794943222
3101798  0.5163977794943222
3101799  0.5163977794943222
3101800  0.5163977794943222
3101803  0.5163977794943222
3101805  0.5163977794943222
3101816  0.5163977794943222
3101817  0.5163977794943222
3101819  0.5163977794943222
3101820  0.5163977794943222
3101821  0.5163977794943222
3101823  0.5163977794943222
3102201  0.5163977794943222
3102202  0.5163977794943222
3102204  0.5163977794943222
3102207  0.5163977794943222
3102208  0.5163977794943222
3102214  0.5163977794943222
3102222  0.5163977794943222
3102227  0.5163977794943222
3102237  0.5163977794943222
3102238  0.5163977794943222
3102239  0.5163977794943222
3102240  0.5163977794943222
3102243  0.5163977794943222
3102247  0.5163977794943222
3102253  0.5163977794943222
3102255  0.5163977794943222
3403785  0.5163977794943222
3403788  0.5163977794943222
3403794  0.5163977794943222
3403795  0.5163977794943222
3403796  0.5163977794943222
3403798  0.5163977794943222
3403799  0.5163977794943222
3403800  0.5163977794943222
3403801  0.5163977794943222
3403803  0.5163977794943222
3403804  0.5163977794943222
3403805  0.5163977794943222
3403806  0.5163977794943222
3403808  0.5163977794943222
3403809  0.5163977794943222
3403818  0.5163977794943222
3403819  0.5163977794943222
3403820  0.5163977794943222
3403821  0.5163977794943222
3403827  0.5163977794943222
3403833  0.5163977794943222
3403839  0.5163977794943222
2700143  0.31622776601683794
2700145  0.31622776601683794
2700147  0.31622776601683794
3200228  0.31622776601683794
3200229  0.31622776601683794
3200233  0.31622776601683794
3200234  0.31622776601683794
3200236  0.31622776601683794
3200237  0.31622776601683794
3200262  0.31622776601683794
3200265  0.31622776601683794
3200267  0.31622776601683794
3200289  0.31622776601683794
3200290  0.31622776601683794
3200300  0.31622776601683794
3200301  0.31622776601683794
3300166  0.31622776601683794
4100141  0.31622776601683794
4600064  0.31622776601683794
4600065  0.31622776601683794
4600069  0.31622776601683794
4600073  0.31622776601683794
4600076  0.31622776601683794
4600078  0.31622776601683794
4600079  0.31622776601683794
4600080  0.31622776601683794
4600084  0.31622776601683794
4600085  0.31622776601683794
4600087  0.31622776601683794
4600089  0.31622776601683794
4600090  0.31622776601683794
4600096  0.31622776601683794
4600099  0.31622776601683794
5800141  0.31622776601683794
5800144  0.31622776601683794
5800145  0.31622776601683794
5800146  0.31622776601683794
5800148  0.31622776601683794
3103396  0.2581988897471611
3200532  0.1414213562373095
3200560  0.1414213562373095
3200561  0.1414213562373095
3200562  0.1414213562373095
