3400698  1.0
3400973  1.0
3400974  1.0
3400975  1.0
3400976  1.0
3400981  1.0
3400657  0.19999999999999996
3400661  0.19999999999999996
3400662  0.19999999999999996
3400640  0.125
3400641  0.125
3400652  0.125
3400653  0.125
3400656  0.125
3400659  0.125
3400660  0.125
3400664  0.125
3400665  0.125
3400667  0.125
3400931  0.125
3400935  0.125
3400936  0.125
3400914  0.09090909090909094
3400915  0.09090909090909094
3400926  0.09090909090909094
3400927  0.09090909090909094
3400930  0.09090909090909094
3400933  0.09090909090909094
3400934  0.09090909090909094
3400938  0.09090909090909094
3400939  0.09090909090909094
3400941  0.09090909090909094
3403151  0.09090909090909094
4500431  0.06666666666666665
3801027  0.05882352941176472
1800164  0.03125
3400473  0.021505376344086002
3400474  0.021505376344086002
2400763  0.021052631578947323
2400764  0.021052631578947323
2400765  0.021052631578947323
2400767  0.021052631578947323
3400858  0.021052631578947323
3700197  0.021052631578947323
3700199  0.021052631578947323
3700200  0.021052631578947323
3700201  0.021052631578947323
3700202  0.021052631578947323
3700203  0.021052631578947323
3700205  0.021052631578947323
3700207  0.021052631578947323
3700208  0.021052631578947323
3700209  0.021052631578947323
3700210  0.021052631578947323
3700211  0.021052631578947323
3700213  0.021052631578947323
3700827  0.021052631578947323
4500490  0.021052631578947323
4800064  0.021052631578947323
4800083  0.021052631578947323
4800108  0.021052631578947323
4800132  0.021052631578947323
4800136  0.021052631578947323
4800149  0.021052631578947323
4800183  0.021052631578947323
4800256  0.021052631578947323
4800258  0.021052631578947323
4800261  0.021052631578947323
4800264  0.021052631578947323
4800267  0.021052631578947323
4800271  0.021052631578947323
4800272  0.021052631578947323
4800273  0.021052631578947323
4800274  0.021052631578947323
4800276  0.021052631578947323
5000104  0.021052631578947323
5000106  0.021052631578947323
5000123  0.021052631578947323
5000125  0.021052631578947323
5000148  0.021052631578947323
5000150  0.021052631578947323
5000154  0.021052631578947323
5000158  0.021052631578947323
5000162  0.021052631578947323
5000166  0.021052631578947323
5000167  0.021052631578947323
5000168  0.021052631578947323
5000169  0.021052631578947323
5000170  0.021052631578947323
5000171  0.021052631578947323
5000173  0.021052631578947323
5100056  0.021052631578947323
5100062  0.021052631578947323
5100072  0.021052631578947323
5100073  0.021052631578947323
5100076  0.021052631578947323
5100077  0.021052631578947323
3400481  0.02083333333333337
3400482  0.02083333333333337
3403149  0.020618556701030966
3401134  0.020408163265306145
3401845  0.020408163265306145
3403144  0.020408163265306145
3403145  0.020408163265306145
3403147  0.020408163265306145
3403148  0.020408163265306145
3403157  0.020408163265306145
3403158  0.020408163265306145
3403165  0.020408163265306145
3403212  0.020408163265306145
3403213  0.020408163265306145
3403214  0.020408163265306145
3403215  0.020408163265306145
3403230  0.020408163265306145
2000059  0.019230769230769273
2000063  0.019230769230769273
2000074  0.019230769230769273
2000075  0.019230769230769273
2000076  0.019230769230769273
3400242  0.019230769230769273
3400247  0.019230769230769273
3400250  0.019230769230769273
3400265  0.019230769230769273
3400273  0.019230769230769273
3400276  0.019230769230769273
3400317  0.019230769230769273
3400324  0.019230769230769273
3400330  0.019230769230769273
3400378  0.019230769230769273
3400438  0.019230769230769273
3400440  0.019230769230769273
3400443  0.019230769230769273
3400444  0.019230769230769273
3400445  0.019230769230769273
3400446  0.019230769230769273
3400448  0.019230769230769273
3400449  0.019230769230769273
3400451  0.019230769230769273
3400453  0.019230769230769273
3400454  0.019230769230769273
3400455  0.019230769230769273
3400459  0.019230769230769273
3400461  0.019230769230769273
3400462  0.019230769230769273
3400464  0.019230769230769273
3400465  0.019230769230769273
3400470  0.019230769230769273
3400471  0.019230769230769273
3400472  0.019230769230769273
3400476  0.019230769230769273
3400478  0.019230769230769273
3400479  0.019230769230769273
3400480  0.019230769230769273
3400485  0.019230769230769273
3400486  0.019230769230769273
3400488  0.019230769230769273
3400489  0.019230769230769273
3400490  0.019230769230769273
3400491  0.019230769230769273
3400493  0.019230769230769273
3400494  0.019230769230769273
3400495  0.019230769230769273
3400497  0.019230769230769273
3400498  0.019230769230769273
3400499  0.019230769230769273
3400500  0.019230769230769273
3400502  0.019230769230769273
3400505  0.019230769230769273
3400507  0.019230769230769273
3400509  0.019230769230769273
3400510  0.019230769230769273
3400511  0.019230769230769273
3400512  0.019230769230769273
3400514  0.019230769230769273
3400516  0.019230769230769273
3400755  0.019230769230769273
3400756  0.019230769230769273
3400788  0.019230769230769273
3400792  0.019230769230769273
3400793  0.019230769230769273
3400796  0.019230769230769273
3400855  0.019230769230769273
3400856  0.019230769230769273
3400857  0.019230769230769273
3400861  0.019230769230769273
3400882  0.019230769230769273
3400883  0.019230769230769273
3400884  0.019230769230769273
3400886  0.019230769230769273
3400893  0.019230769230769273
3401037  0.019230769230769273
3401038  0.019230769230769273
3401067  0.019230769230769273
3401071  0.019230769230769273
3401072  0.019230769230769273
3401075  0.019230769230769273
3401131  0.019230769230769273
3401132  0.019230769230769273
3401133  0.019230769230769273
3401137  0.019230769230769273
3401160  0.019230769230769273
3401161  0.019230769230769273
3401162  0.019230769230769273
3401164  0.019230769230769273
3401227  0.019230769230769273
3401229  0.019230769230769273
3401230  0.019230769230769273
3401260  0.019230769230769273
3401262  0.019230769230769273
3401263  0.019230769230769273
3401841  0.019230769230769273
3401842  0.019230769230769273
3401843  0.019230769230769273
3401844  0.019230769230769273
3401848  0.019230769230769273
3401852  0.019230769230769273
3401853  0.019230769230769273
3401854  0.019230769230769273
3401857  0.019230769230769273
3402073  0.019230769230769273
3402074  0.019230769230769273
3402088  0.019230769230769273
3402097  0.019230769230769273
3402098  0.019230769230769273
3402100  0.019230769230769273
3402101  0.019230769230769273
3402102  0.019230769230769273
3402104  0.019230769230769273
3402106  0.019230769230769273
3402107  0.019230769230769273
3402108  0.019230769230769273
3600095  0.019230769230769273
3600096  0.019230769230769273
3600097  0.019230769230769273
4100056  0.017857142857142905
4100060  0.017857142857142905
4100064  0.017857142857142905
4100075  0.017857142857142905
4100076  0.017857142857142905
4100077  0.017857142857142905
3100057  0.017699115044247815
3100061  0.017699115044247815
3100065  0.017699115044247815
3100069  0.017699115044247815
3100073  0.017699115044247815
3100077  0.017699115044247815
3100081  0.017699115044247815
3100085  0.017699115044247815
3100089  0.017699115044247815
3100100  0.017699115044247815
3100101  0.017699115044247815
3100102  0.017699115044247815
3400871  0.01666666666666672
1600057  0.016528925619834656
1600061  0.016528925619834656
1600065  0.016528925619834656
1600076  0.016528925619834656
1600077  0.016528925619834656
1600078  0.016528925619834656
3500115  0.016528925619834656
3500173  0.016528925619834656
3500175  0.016528925619834656
3500178  0.016528925619834656
3500181  0.016528925619834656
3500185  0.016528925619834656
3500186  0.016528925619834656
3500187  0.016528925619834656
3500188  0.016528925619834656
3500189  0.016528925619834656
3500191  0.016528925619834656
3500192  0.016528925619834656
3500193  0.016528925619834656
3500194  0.016528925619834656
3500195  0.016528925619834656
3500196  0.016528925619834656
3500198  0.016528925619834656
3500199  0.016528925619834656
3500534  0.016528925619834656
3500535  0.016528925619834656
1400056  0.016129032258064502
1400059  0.016129032258064502
1400069  0.016129032258064502
1400070  0.016129032258064502
1400071  0.016129032258064502
4500446  0.015037593984962405
4500447  0.015037593984962405
4500423  0.01388888888888884
4500238  0.01379310344827589
4500273  0.01379310344827589
4500411  0.01379310344827589
4500412  0.01379310344827589
4500414  0.01379310344827589
4500426  0.01379310344827589
4500427  0.01379310344827589
4500429  0.01379310344827589
4500430  0.01379310344827589
4500434  0.01379310344827589
4500435  0.01379310344827589
4500436  0.01379310344827589
4500440  0.01379310344827589
4500445  0.01379310344827589
4500449  0.01379310344827589
4500452  0.01379310344827589
4500453  0.01379310344827589
4500458  0.01379310344827589
4500459  0.01379310344827589
4500482  0.01379310344827589
4500483  0.01379310344827589
4500487  0.01379310344827589
4500489  0.01379310344827589
4500502  0.01379310344827589
4500505  0.01379310344827589
4500421  0.013605442176870763
4500422  0.013605442176870763
1800161  0.01342281879194629
1800159  0.013333333333333308
1800160  0.013333333333333308
1900107  0.013333333333333308
3800975  0.013333333333333308
3801059  0.013333333333333308
3801092  0.013333333333333308
3801122  0.013333333333333308
2300061  0.013245033112582738
2300062  0.013245033112582738
2300063  0.013245033112582738
2400898  0.013245033112582738
2400899  0.013245033112582738
2400900  0.013245033112582738
2400999  0.013245033112582738
2401000  0.013245033112582738
2401035  0.013245033112582738
2401036  0.013245033112582738
2401042  0.013245033112582738
2400885  0.013157894736842146
3800929  0.013157894736842146
1000056  0.013071895424836555
1000059  0.013071895424836555
1000063  0.013071895424836555
1000074  0.013071895424836555
1000075  0.013071895424836555
1000076  0.013071895424836555
4500148  0.013071895424836555
4500196  0.013071895424836555
4500197  0.013071895424836555
4500198  0.013071895424836555
4500199  0.013071895424836555
4500200  0.013071895424836555
4500201  0.013071895424836555
4500202  0.013071895424836555
4500203  0.013071895424836555
4500701  0.013071895424836555
4500702  0.013071895424836555
4500703  0.013071895424836555
4500704  0.013071895424836555
4500705  0.013071895424836555
4500706  0.013071895424836555
4500707  0.013071895424836555
4500708  0.013071895424836555
4500709  0.013071895424836555
4500710  0.013071895424836555
4500711  0.013071895424836555
4500712  0.013071895424836555
4500716  0.013071895424836555
4500717  0.013071895424836555
4500718  0.013071895424836555
4500719  0.013071895424836555
4500720  0.013071895424836555
4500721  0.013071895424836555
4500722  0.013071895424836555
4500723  0.013071895424836555
4500724  0.013071895424836555
4500725  0.013071895424836555
4500726  0.013071895424836555
4500727  0.013071895424836555
4500728  0.013071895424836555
4500729  0.013071895424836555
4500730  0.013071895424836555
4500731  0.013071895424836555
4500732  0.013071895424836555
4500733  0.013071895424836555
4500734  0.013071895424836555
4500736  0.013071895424836555
4500737  0.013071895424836555
4500738  0.013071895424836555
4500739  0.013071895424836555
4500740  0.013071895424836555
4500741  0.013071895424836555
4500742  0.013071895424836555
4500743  0.013071895424836555
4500744  0.013071895424836555
4500745  0.013071895424836555
4500746  0.013071895424836555
4500747  0.013071895424836555
4500748  0.013071895424836555
4500749  0.013071895424836555
4500750  0.013071895424836555
4500751  0.013071895424836555
4500752  0.013071895424836555
4500753  0.013071895424836555
4500754  0.013071895424836555
4500756  0.013071895424836555
4500757  0.013071895424836555
4500758  0.013071895424836555
4500759  0.013071895424836555
4500760  0.013071895424836555
4500761  0.013071895424836555
4500762  0.013071895424836555
4500763  0.013071895424836555
4500764  0.013071895424836555
4500765  0.013071895424836555
4500766  0.013071895424836555
4500767  0.013071895424836555
4500768  0.013071895424836555
4500769  0.013071895424836555
4500770  0.013071895424836555
4500771  0.013071895424836555
4500772  0.013071895424836555
4500773  0.013071895424836555
4500774  0.013071895424836555
4500776  0.013071895424836555
3801236  0.012903225806451646
3801239  0.012903225806451646
3801242  0.012903225806451646
3801243  0.012903225806451646
3801246  0.012903225806451646
4600149  0.012903225806451646
4600150  0.012903225806451646
1200099  0.012820512820512775
1200108  0.012820512820512775
4700082  0.012345679012345734
4700083  0.012345679012345734
4700086  0.012345679012345734
4700087  0.012345679012345734
3800147  0.012121212121212088
3800262  0.012121212121212088
3800264  0.012121212121212088
3800265  0.012121212121212088
3800267  0.012121212121212088
3800268  0.012121212121212088
3800269  0.012121212121212088
3800271  0.012121212121212088
3800272  0.012121212121212088
3800274  0.012121212121212088
3800275  0.012121212121212088
3800277  0.012121212121212088
3800279  0.012121212121212088
3800280  0.012121212121212088
3800282  0.012121212121212088
3800283  0.012121212121212088
3800284  0.012121212121212088
3800285  0.012121212121212088
3800287  0.012121212121212088
3800289  0.012121212121212088
3800290  0.012121212121212088
3800291  0.012121212121212088
3800292  0.012121212121212088
3800294  0.012121212121212088
3800296  0.012121212121212088
3800297  0.012121212121212088
3800298  0.012121212121212088
3800299  0.012121212121212088
3800301  0.012121212121212088
3800303  0.012121212121212088
3800304  0.012121212121212088
3800305  0.012121212121212088
3800306  0.012121212121212088
3800308  0.012121212121212088
3800310  0.012121212121212088
3800312  0.012121212121212088
4600083  0.012121212121212088
4600084  0.012121212121212088
4600085  0.012121212121212088
4600106  0.012121212121212088
4600144  0.012121212121212088
4600145  0.012121212121212088
4600146  0.012121212121212088
4600147  0.012121212121212088
4900079  0.012121212121212088
4900080  0.012121212121212088
4900081  0.012121212121212088
4900090  0.012121212121212088
4900093  0.012121212121212088
4900094  0.012121212121212088
4900095  0.012121212121212088
2400136  0.012048192771084376
2400140  0.012048192771084376
2400143  0.012048192771084376
2400147  0.012048192771084376
2400150  0.012048192771084376
2400156  0.012048192771084376
2400160  0.012048192771084376
2400163  0.012048192771084376
2400170  0.012048192771084376
2400173  0.012048192771084376
2400272  0.012048192771084376
2400274  0.012048192771084376
2400275  0.012048192771084376
2400276  0.012048192771084376
2400277  0.012048192771084376
2400278  0.012048192771084376
2400279  0.012048192771084376
2400280  0.012048192771084376
2400281  0.012048192771084376
2400283  0.012048192771084376
2400284  0.012048192771084376
2400285  0.012048192771084376
2400287  0.012048192771084376
2400288  0.012048192771084376
2400289  0.012048192771084376
2400290  0.012048192771084376
2400292  0.012048192771084376
2400293  0.012048192771084376
2400294  0.012048192771084376
2400295  0.012048192771084376
2400296  0.012048192771084376
2400298  0.012048192771084376
2400300  0.012048192771084376
2400302  0.012048192771084376
3900061  0.012048192771084376
3900065  0.012048192771084376
3900069  0.012048192771084376
3900073  0.012048192771084376
3900084  0.012048192771084376
3900085  0.012048192771084376
3900086  0.012048192771084376
4000061  0.012048192771084376
4000068  0.012048192771084376
4000079  0.012048192771084376
4000080  0.012048192771084376
4000081  0.012048192771084376
1200083  0.0119760479041916
1200084  0.0119760479041916
1200089  0.0119760479041916
1200090  0.0119760479041916
1200091  0.0119760479041916
1900085  0.011904761904761862
4200056  0.011904761904761862
4200060  0.011904761904761862
4200071  0.011904761904761862
4200072  0.011904761904761862
4200073  0.011904761904761862
1900095  0.011834319526627168
1900096  0.011834319526627168
2200131  0.011834319526627168
2200132  0.011834319526627168
2600435  0.011834319526627168
1700063  0.0117647058823529
1700067  0.0117647058823529
1700071  0.0117647058823529
1700075  0.0117647058823529
1700079  0.0117647058823529
1700083  0.0117647058823529
1700087  0.0117647058823529
1700091  0.0117647058823529
1700095  0.0117647058823529
1700106  0.0117647058823529
1700107  0.0117647058823529
1700108  0.0117647058823529
1800107  0.011235955056179803
1800108  0.011235955056179803
1800109  0.011235955056179803
1800111  0.011235955056179803
1800121  0.011173184357541888
1800124  0.011173184357541888
1800129  0.011173184357541888
1800130  0.011173184357541888
1800131  0.011173184357541888
2500064  0.010362694300518172
2500065  0.010362694300518172
2500066  0.010362694300518172
2600193  0.010362694300518172
2600196  0.010362694300518172
2600200  0.010362694300518172
2600203  0.010362694300518172
2600212  0.010362694300518172
2600221  0.010362694300518172
2600225  0.010362694300518172
2600266  0.010362694300518172
2600269  0.010362694300518172
2600286  0.010362694300518172
2600288  0.010362694300518172
2600289  0.010362694300518172
2600290  0.010362694300518172
2600291  0.010362694300518172
2600292  0.010362694300518172
2600293  0.010362694300518172
2600294  0.010362694300518172
2600295  0.010362694300518172
2600296  0.010362694300518172
2600298  0.010362694300518172
2600299  0.010362694300518172
2600300  0.010362694300518172
2600302  0.010362694300518172
2600304  0.010362694300518172
2600306  0.010362694300518172
2600890  0.010362694300518172
2600891  0.010362694300518172
2600896  0.010362694300518172
3300059  0.010362694300518172
3300062  0.010362694300518172
3300065  0.010362694300518172
3300068  0.010362694300518172
3300071  0.010362694300518172
3300074  0.010362694300518172
3300077  0.010362694300518172
3300080  0.010362694300518172
3300083  0.010362694300518172
3300086  0.010362694300518172
3300089  0.010362694300518172
3300092  0.010362694300518172
3300095  0.010362694300518172
3300098  0.010362694300518172
3300101  0.010362694300518172
3300104  0.010362694300518172
3300107  0.010362694300518172
3300110  0.010362694300518172
3300113  0.010362694300518172
3300116  0.010362694300518172
3300119  0.010362694300518172
3300122  0.010362694300518172
3300125  0.010362694300518172
3300128  0.010362694300518172
3300151  0.010362694300518172
4300083  0.010362694300518172
4300087  0.010362694300518172
4300091  0.010362694300518172
4300095  0.010362694300518172
4300100  0.010362694300518172
4300105  0.010362694300518172
4300150  0.010362694300518172
4300156  0.010362694300518172
4300197  0.010362694300518172
4300199  0.010362694300518172
4300200  0.010362694300518172
4300201  0.010362694300518172
4300202  0.010362694300518172
4300203  0.010362694300518172
4300204  0.010362694300518172
4300205  0.010362694300518172
4300289  0.010362694300518172
4300291  0.010362694300518172
4300292  0.010362694300518172
4300293  0.010362694300518172
4300294  0.010362694300518172
4300297  0.010362694300518172
4300299  0.010362694300518172
4300302  0.010362694300518172
4300303  0.010362694300518172
4300304  0.010362694300518172
4300307  0.010362694300518172
4300308  0.010362694300518172
4300309  0.010362694300518172
4300312  0.010362694300518172
4300315  0.010362694300518172
4300316  0.010362694300518172
4300317  0.010362694300518172
4300320  0.010362694300518172
4300323  0.010362694300518172
4300324  0.010362694300518172
4300325  0.010362694300518172
4300328  0.010362694300518172
4300331  0.010362694300518172
4300332  0.010362694300518172
4300333  0.010362694300518172
4300335  0.010362694300518172
4300517  0.010362694300518172
4300532  0.010362694300518172
1100071  0.010101010101010055
1100072  0.010101010101010055
1100073  0.010101010101010055
1500065  0.009090909090909038
1500102  0.009090909090909038
1500103  0.009090909090909038
1500116  0.009090909090909038
1500117  0.009090909090909038
1500120  0.009090909090909038
1500121  0.009090909090909038
1500122  0.009090909090909038
1500123  0.009090909090909038
1500124  0.009090909090909038
1500125  0.009090909090909038
1300056  0.008928571428571397
1300059  0.008928571428571397
1300069  0.008928571428571397
1300070  0.008928571428571397
1300071  0.008928571428571397
1800147  0.007092198581560294
2100055  0.00666666666666671
2100059  0.00666666666666671
2100063  0.00666666666666671
2100074  0.00666666666666671
2100075  0.00666666666666671
2100076  0.00666666666666671
2200069  0.00666666666666671
2200070  0.00666666666666671
2200093  0.00666666666666671
2200094  0.00666666666666671
2200095  0.00666666666666671
2200096  0.00666666666666671
3200058  0.006309148264984188
3200062  0.006309148264984188
3200066  0.006309148264984188
3200070  0.006309148264984188
3200074  0.006309148264984188
3200078  0.006309148264984188
3200082  0.006309148264984188
3200086  0.006309148264984188
3200089  0.006309148264984188
3200093  0.006309148264984188
3200097  0.006309148264984188
3200101  0.006309148264984188
3200105  0.006309148264984188
3200109  0.006309148264984188
3200113  0.006309148264984188
3200124  0.006309148264984188
3200125  0.006309148264984188
3200126  0.006309148264984188
1800066  0.006134969325153339
1800069  0.006134969325153339
1800075  0.006134969325153339
1800076  0.006134969325153339
1800084  0.006134969325153339
1800085  0.006134969325153339
1800093  0.006134969325153339
1800094  0.006134969325153339
1800095  0.006134969325153339
1800096  0.006134969325153339
1900058  0.006134969325153339
1900059  0.006134969325153339
