3400657  0.25457772612571716
3400652  0.25390157103538513
3403147  0.25373250246047974
5000169  0.25282880663871765
4800108  0.25237247347831726
2600293  0.2508413791656494
2000075  0.25052958726882935
3400494  0.25051626563072205
3700199  0.250441312789917
4800149  0.25009796023368835
3400495  0.24990490078926086
3400662  0.24984054267406464
4800276  0.24979308247566223
4500490  0.24976813793182373
3300080  0.2496778964996338
3403151  0.2496073991060257
3400502  0.24950797855854034
3401075  0.24948915839195251
4500769  0.24943548440933228
4000081  0.2494300752878189
3400661  0.24935519695281982
4500487  0.24931100010871887
3801059  0.2492857128381729
3400653  0.2491403967142105
1800164  0.2490602433681488
3401164  0.24905940890312195
4300292  0.24903255701065063
2400296  0.2489750236272812
3400488  0.2488277107477188
3400250  0.24876512587070465
3401848  0.248750701546669
2600300  0.24860209226608276
3300116  0.24844643473625183
4500753  0.24842965602874756
3400505  0.2484228014945984
5000150  0.2483755201101303
2400900  0.248312845826149
3401134  0.24830779433250427
3400756  0.24817374348640442
1800161  0.2481335997581482
3400858  0.24811571836471558
5000123  0.24808038771152496
4500764  0.2480657994747162
1400056  0.24799859523773193
3300125  0.24798396229743958
3300122  0.24795584380626678
3400884  0.24789094924926758
1800159  0.24785104393959045
3403149  0.24773253500461578
4500736  0.24769233167171478
3403148  0.24764306843280792
4500719  0.24757015705108643
1800111  0.24753673374652863
4300532  0.24752995371818542
2400999  0.24751344323158264
4500748  0.24746470153331757
3700205  0.24743971228599548
3403230  0.24737368524074554
3801243  0.24734246730804443
1800160  0.24729767441749573
3400480  0.24726147949695587
3801027  0.24718131124973297
5000106  0.24715940654277802
3100085  0.24711982905864716
3400443  0.24711903929710388
3400886  0.2470923662185669
4600084  0.2470526397228241
1900085  0.24702897667884827
1700063  0.24699831008911133
2600288  0.24699324369430542
4500762  0.24697023630142212
3700203  0.24695764482021332
3402097  0.24693764746189117
3400438  0.24691228568553925
3400698  0.246880903840065
3402088  0.246788889169693
3700213  0.24676302075386047
4500445  0.24673406779766083
3401132  0.24670417606830597
3400914  0.2466956079006195
3400927  0.24668484926223755
4500711  0.24663874506950378
4500707  0.24663349986076355
3800310  0.2465987205505371
3400500  0.24648727476596832
3400509  0.24642914533615112
3400931  0.24642886221408844
3400471  0.24642758071422577
4500422  0.24637055397033691
3401260  0.24636106193065643
3801239  0.24631841480731964
3400453  0.24625848233699799
3403214  0.2462475448846817
4300156  0.24621129035949707
4500723  0.24618344008922577
3400938  0.24617190659046173
3500185  0.24607926607131958
3800290  0.2460639625787735
1700108  0.24604889750480652
4500740  0.24604040384292603
1800130  0.24602718651294708
3900073  0.24599166214466095
4500426  0.2458593249320984
3400871  0.24585211277008057
2400765  0.24584168195724487
4600085  0.2458343654870987
3400926  0.24581405520439148
3300083  0.24580319225788116
4000079  0.24579249322414398
2000063  0.24577924609184265
2400276  0.24577032029628754
4500759  0.24574454128742218
4200056  0.2457256019115448
3402098  0.24572455883026123
3400482  0.24569977819919586
5000167  0.24564190208911896
4500726  0.24560096859931946
2600212  0.24559561908245087
3402073  0.24558040499687195
3400378  0.24555043876171112
3801122  0.24553704261779785
3401230  0.24553638696670532
3401844  0.24551448225975037
3500186  0.2454991638660431
3400935  0.245468407869339
2400283  0.24546410143375397
3400976  0.24546243250370026
3100101  0.2454582154750824
4800272  0.2453974038362503
3800279  0.24537484347820282
3400659  0.24537336826324463
3400882  0.24537013471126556
3900065  0.24535870552062988
3401161  0.24534647166728973
2600291  0.2453429400920868
2500064  0.24533319473266602
4900090  0.24530260264873505
3700211  0.2453003227710724
3401067  0.2452705204486847
3400273  0.24524307250976562
3600096  0.2452310025691986
5000166  0.24519020318984985
3401071  0.24518908560276031
3800277  0.24518539011478424
4900079  0.24515792727470398
3400499  0.24511855840682983
3401227  0.24508865177631378
3402101  0.24508042633533478
4500423  0.2450326681137085
3700197  0.2450273334980011
3400448  0.24500681459903717
1600061  0.24497771263122559
5100056  0.24494488537311554
4500744  0.24494105577468872
4500737  0.24490833282470703
3100069  0.2448827028274536
3300110  0.24487192928791046
2400289  0.24486292898654938
4500751  0.24482232332229614
3400464  0.24478404223918915
4600146  0.24478349089622498
3400941  0.24476788938045502
2600306  0.2447405606508255
4500767  0.24473972618579865
5000154  0.24473202228546143
2400292  0.2447299361228943
3400440  0.24468755722045898
3801242  0.24464628100395203
3401229  0.24462005496025085
1200091  0.2446015477180481
4500766  0.24457235634326935
3400788  0.24455584585666656
4300150  0.24455028772354126
3100065  0.24447038769721985
4300204  0.2444494664669037
3900084  0.24443091452121735
2000059  0.2444126307964325
3400933  0.24439966678619385
3801092  0.24438685178756714
3400276  0.24435552954673767
4800261  0.24430300295352936
3400516  0.24429695308208466
1800131  0.2442796528339386
5000162  0.24426741898059845
4500446  0.24425213038921356
2400277  0.24421490728855133
2600289  0.24418407678604126
3900069  0.24416019022464752
4500731  0.24415729939937592
3801236  0.24415241181850433
5000148  0.24411489069461823
1700107  0.24409614503383636
4300087  0.24408552050590515
4300323  0.24407373368740082
3500535  0.24407289922237396
4300317  0.2440708577632904
3400514  0.24405740201473236
3100081  0.24405387043952942
4500197  0.2440464347600937
4300335  0.24404220283031464
3700202  0.2440151423215866
3800268  0.2440125197172165
4500724  0.24400843679904938
3500188  0.2439972311258316
3100057  0.24399197101593018
3800287  0.2439914047718048
3300065  0.24398842453956604
2400898  0.243957057595253
3400981  0.2439182996749878
5000170  0.2439064383506775
3300074  0.24381840229034424
4500201  0.24380901455879211
3400930  0.2437562495470047
5100072  0.24375437200069427
3800267  0.2437501847743988
3401160  0.24372556805610657
2300063  0.24371792376041412
1500122  0.2437165379524231
2400170  0.24371474981307983
3100073  0.24369588494300842
3900086  0.24364648759365082
2600286  0.24364280700683594
2400300  0.24361443519592285
4800274  0.24360685050487518
4500746  0.2435983121395111
3403215  0.24356521666049957
1800121  0.2435426414012909
3400265  0.2435206025838852
3800289  0.2434905767440796
4300294  0.24346725642681122
3400493  0.2434624880552292
5100062  0.243442565202713
3402108  0.24339568614959717
4300291  0.2433798611164093
3401072  0.2433769851922989
2600890  0.24336503446102142
2400767  0.24335667490959167
3500195  0.2433287352323532
3403145  0.24331419169902802
4500706  0.2433117926120758
4300199  0.24329936504364014
4800264  0.24329598248004913
3300071  0.24327170848846436
3100102  0.24326497316360474
4300105  0.24325430393218994
4500773  0.2432412952184677
3800296  0.24323438107967377
2400156  0.24316057562828064
4500411  0.24315665662288666
4800064  0.24315245449543
2600196  0.24313987791538239
3403212  0.2431340217590332
2400302  0.24311549961566925
1000059  0.2430671751499176
2600292  0.24305883049964905
3401842  0.243055060505867
3400855  0.24303196370601654
3700208  0.24302999675273895
3400974  0.2430173009634018
2600193  0.2430066168308258
4500458  0.24299125373363495
4800267  0.24297398328781128
4500732  0.24296410381793976
4500718  0.24295777082443237
3800297  0.24294395744800568
4800083  0.24294306337833405
1800108  0.2429419904947281
4500733  0.24293573200702667
3500196  0.2429312914609909
4500447  0.24289438128471375
1200099  0.2428518533706665
3400490  0.2428513765335083
4200071  0.24284596741199493
3400486  0.24279314279556274
4500712  0.24278876185417175
3400660  0.24275104701519012
4500435  0.24274460971355438
3400461  0.2427297979593277
3800280  0.24272362887859344
3400476  0.242706760764122
4000080  0.242684468626976
3400481  0.24268238246440887
3400939  0.24266202747821808
3400472  0.2426426261663437
4500429  0.24261915683746338
3400667  0.24261321127414703
3800284  0.24258480966091156
3400755  0.242568701505661
1300059  0.24255265295505524
3403165  0.24254190921783447
1400069  0.24248318374156952
3400491  0.24245333671569824
4300333  0.24243707954883575
3401038  0.24240140616893768
3300077  0.2423701137304306
3500191  0.24236638844013214
3401131  0.2423405945301056
5100077  0.24224838614463806
3500178  0.2422381341457367
1600076  0.24223209917545319
2300061  0.24223200976848602
3800975  0.24217849969863892
3401137  0.242173433303833
3400641  0.24217204749584198
3400512  0.24216367304325104
4300304  0.2421630322933197
2000074  0.24213118851184845
3400474  0.24212805926799774
4500757  0.24211405217647552
3800262  0.24210399389266968
2600304  0.24209418892860413
4800132  0.2420683056116104
4300315  0.24204511940479279
3500173  0.24203407764434814
4900093  0.24201947450637817
1700083  0.24201717972755432
3800306  0.24196691811084747
1900095  0.24195441603660583
3300119  0.24193188548088074
3403158  0.24192845821380615
4500431  0.2418975681066513
4500414  0.24188737571239471
2400885  0.24185854196548462
2400143  0.24185064435005188
2000076  0.24183957278728485
4800136  0.24183784425258636
3400883  0.24175864458084106
3400459  0.24174325168132782
4200060  0.2417241930961609
2500066  0.24171391129493713
5100076  0.24169182777404785
5000173  0.24163776636123657
2400298  0.241615891456604
4300091  0.24161383509635925
3300107  0.24160967767238617
3300089  0.241607204079628
2400293  0.2415951043367386
5000104  0.24158628284931183
1400070  0.2415679693222046
3401162  0.24153435230255127
4800273  0.2415233999490738
4300325  0.24149471521377563
3401262  0.24146594107151031
4500702  0.24146462976932526
2600299  0.2414350062608719
3400445  0.24141232669353485
3400665  0.24139654636383057
3400455  0.2413945347070694
1400059  0.24138206243515015
1900096  0.24136920273303986
4900080  0.24134600162506104
3400317  0.24133361876010895
3400664  0.24132609367370605
4500739  0.2413102388381958
4900095  0.24126993119716644
5100073  0.24126507341861725
3800275  0.2412644624710083
1400071  0.24126359820365906
4600149  0.2412577122449875
4500449  0.2412092089653015
2400160  0.2412005066871643
4500196  0.2411946803331375
3400856  0.24114763736724854
3400444  0.24114316701889038
3400510  0.2411394864320755
2400899  0.24106791615486145
3400497  0.2410648614168167
4600150  0.24104316532611847
3400462  0.24104242026805878
4300316  0.24103155732154846
5000171  0.2409878522157669
4300289  0.24098683893680573
2600203  0.24095983803272247
4600145  0.2409381866455078
3300059  0.24093566834926605
3402106  0.24093198776245117
4300307  0.2409096509218216
3500189  0.24089224636554718
3300098  0.2408648282289505
4500202  0.24084506928920746
4800271  0.2408429980278015
4500238  0.24082009494304657
4500752  0.24080942571163177
3500115  0.2407502382993698
3600095  0.2407246232032776
3800929  0.24072319269180298
4500704  0.24071602523326874
1100071  0.2406880408525467
3400446  0.24065865576267242
1700087  0.24065589904785156
1800124  0.24062679708003998
1100073  0.24058619141578674
3401037  0.24051861464977264
4300200  0.2405141144990921
3400489  0.24050749838352203
3400792  0.24049259722232819
4500768  0.2404916137456894
1500065  0.24048388004302979
2200131  0.24046207964420319
1000063  0.2404519021511078
2400140  0.24042028188705444
3400479  0.24035564064979553
3800291  0.24035170674324036
4700086  0.24034450948238373
5000158  0.24030804634094238
3800301  0.2403053492307663
3400449  0.2403031438589096
3800271  0.24030201137065887
3800272  0.24028445780277252
2400764  0.24024902284145355
4500436  0.24022074043750763
3700827  0.24014605581760406
4500483  0.24010874330997467
4500452  0.24010862410068512
4300332  0.24010686576366425
4500198  0.24004371464252472
4100056  0.24003362655639648
3700201  0.24002958834171295
3600097  0.24000594019889832
4500747  0.2399611473083496
3400975  0.23993828892707825
4500273  0.2399379014968872
3800312  0.23993276059627533
3401841  0.23992180824279785
2300062  0.2399047464132309
4500727  0.2398960143327713
1700091  0.2398839145898819
4500754  0.23983384668827057
2600221  0.23981209099292755
4500758  0.23980212211608887
2400279  0.23978456854820251
3300128  0.2397782951593399
3400485  0.23977746069431305
4500772  0.2397705316543579
3402102  0.23974722623825073
4600083  0.23973242938518524
4500199  0.23969672620296478
4300309  0.2396785169839859
3400478  0.2396693080663681
4500756  0.23965205252170563
3400656  0.23960094153881073
4500743  0.2395973801612854
1000075  0.2395656853914261
1600078  0.2395537793636322
4500771  0.23955194652080536
2400278  0.23950383067131042
4500701  0.23949477076530457
3400470  0.23947516083717346
3400793  0.23947159945964813
2400150  0.239458367228508
4700082  0.23943863809108734
4500430  0.239434614777565
4500745  0.23942843079566956
4500717  0.23942501842975616
3800283  0.2394244223833084
3400915  0.23941852152347565
4500774  0.2393641322851181
4500482  0.23936019837856293
3300151  0.23931550979614258
3401133  0.2393038272857666
4500705  0.23930177092552185
1000056  0.2393009066581726
4300302  0.23929595947265625
3500194  0.23927456140518188
3300095  0.23926518857479095
4000061  0.23924687504768372
3402074  0.23923473060131073
1700071  0.23921729624271393
3400936  0.23921237885951996
3500187  0.23918814957141876
2401035  0.23915937542915344
4500765  0.23913966119289398
2600891  0.23912422358989716
2600435  0.23911353945732117
3800304  0.23907676339149475
3400511  0.23905856907367706
4500776  0.239053413271904
1900107  0.2390230894088745
3400857  0.23900391161441803
3400796  0.23897986114025116
4300297  0.23895955085754395
2400281  0.23890861868858337
3500175  0.23890770971775055
4300312  0.23887453973293304
1500120  0.23886969685554504
4300328  0.23883779346942902
4600147  0.2388346642255783
2400280  0.23882359266281128
3400473  0.23882266879081726
3500192  0.23881962895393372
2400294  0.23880194127559662
4500749  0.23879504203796387
4100060  0.2387932389974594
1800109  0.2387809008359909
3400934  0.2387773096561432
4500725  0.23871919512748718
1200084  0.23871338367462158
3401845  0.2387028932571411
4800256  0.23870086669921875
3800264  0.23869919776916504
3900085  0.2386520951986313
4300320  0.23861609399318695
3800298  0.2386111468076706
3700209  0.23858579993247986
1500117  0.23854948580265045
3400465  0.238544300198555
4700087  0.2385360300540924
4500434  0.23850694298744202
1600077  0.23848216235637665
2400163  0.23846112191677094
4300299  0.23842446506023407
5000168  0.2384057641029358
5000125  0.23840291798114777
1700067  0.23840269446372986
1000074  0.23839974403381348
3400893  0.23836944997310638
2400288  0.238368421792984
3100061  0.23836620151996613
2400274  0.23835845291614532
4500716  0.23834899067878723
3400324  0.23831050097942352
3100100  0.23830652236938477
3401263  0.2383040338754654
4500453  0.23828282952308655
2100075  0.23825912177562714
1500125  0.23825016617774963
4000068  0.2382294237613678
3401843  0.23822006583213806
4300331  0.23820878565311432
3800292  0.23819638788700104
3800147  0.2381817251443863
2600266  0.23816204071044922
1200089  0.23813970386981964
4500412  0.2380983829498291
4500750  0.23809659481048584
1800107  0.23808319866657257
2600290  0.23807968199253082
2400287  0.2380606234073639
1200108  0.23805886507034302
2400284  0.23804108798503876
3400973  0.23803536593914032
3300104  0.23794928193092346
4300203  0.23794594407081604
1700075  0.23794229328632355
3400330  0.23789462447166443
4700083  0.23786640167236328
3401853  0.23786605894565582
2400136  0.23786020278930664
1300071  0.23780091106891632
4500459  0.23779889941215515
3402100  0.23773252964019775
4900081  0.23770767450332642
4800183  0.2377021312713623
1300069  0.2376876026391983
3403157  0.23767691850662231
4300197  0.23765787482261658
4500703  0.23765264451503754
4500728  0.23761169612407684
4500722  0.23760098218917847
3800308  0.23756526410579681
4200073  0.23755712807178497
1600057  0.23754680156707764
3300086  0.23753517866134644
3800269  0.2375333458185196
4100077  0.2375015765428543
3400640  0.2374805212020874
4500760  0.2374660223722458
3800305  0.23740510642528534
3801246  0.2373826503753662
4800258  0.23738199472427368
4500720  0.23737241327762604
3300113  0.23734205961227417
2401042  0.2373339980840683
3300101  0.2373189777135849
2400290  0.2372555136680603
2400173  0.2372419536113739
4100076  0.23721684515476227
4500200  0.2371954321861267
2200132  0.23718394339084625
4500738  0.23718072474002838
3500181  0.2371768057346344
3401857  0.2371666431427002
4500427  0.23716066777706146
2500065  0.2371051013469696
2401036  0.2370966672897339
3800274  0.23709258437156677
4200072  0.23701490461826324
2400272  0.2369949221611023
4600144  0.2369934767484665
1300056  0.23698073625564575
2600296  0.23693500459194183
1000076  0.23692643642425537
4500742  0.2368910014629364
4300202  0.23680877685546875
3400242  0.23680107295513153
1500102  0.23674730956554413
2600269  0.23672018945217133
3800299  0.2366674542427063
2600200  0.2366488128900528
3300062  0.2365979552268982
4500729  0.23658955097198486
4500708  0.2365836799144745
4500203  0.23656195402145386
1600065  0.23651419579982758
3400247  0.23650683462619781
1800129  0.23649750649929047
4300308  0.23647603392601013
3800282  0.2364591509103775
4500734  0.23643910884857178
4500421  0.2364385724067688
4500730  0.2364214062690735
4300517  0.2364102154970169
4300095  0.23639598488807678
4300100  0.23629890382289886
2400285  0.23624728620052338
1500121  0.2362065464258194
4500148  0.2361990362405777
2401000  0.23615114390850067
3401854  0.2361188679933548
4300205  0.23601315915584564
2400763  0.23599615693092346
4500709  0.2359706610441208
3400861  0.2359474152326584
3800294  0.2358989417552948
4500505  0.23587337136268616
2400295  0.2358527034521103
3700207  0.23569191992282867
4500710  0.23565343022346497
2600896  0.23565171658992767
2600302  0.23562023043632507
3402107  0.2356155961751938
3403144  0.23561419546604156
3500193  0.23561234772205353
4500721  0.23558153212070465
3700200  0.2355581670999527
4500489  0.23553261160850525
4500502  0.23552367091178894
4500761  0.2355012148618698
4300303  0.23544350266456604
3400451  0.23542755842208862
2600295  0.2352571189403534
3100077  0.23523935675621033
3800303  0.235212042927742
1500124  0.23519384860992432
1700106  0.23505929112434387
1200083  0.23503802716732025
1500123  0.2349986582994461
3400498  0.2349930703639984
3500198  0.2349427193403244
3402104  0.234918475151062
3800285  0.23486948013305664
3400454  0.23484595119953156
4300201  0.23477593064308167
4300293  0.23465627431869507
4600106  0.2346486896276474
1500103  0.23464427888393402
3300092  0.2343216985464096
3100089  0.23429910838603973
3700210  0.23420624434947968
3500534  0.2341325581073761
2200095  0.2340623438358307
1100072  0.2340606153011322
4300324  0.23404163122177124
2600294  0.23396903276443481
2600225  0.23391637206077576
3401852  0.233844593167305
4300083  0.23383387923240662
4100075  0.23375201225280762
3900061  0.23357991874217987
4100064  0.23354420065879822
4900094  0.2333848625421524
1700095  0.2333677113056183
2400275  0.23332412540912628
3500199  0.2331843078136444
2400147  0.23318146169185638
3300068  0.23304662108421326
2600298  0.232955202460289
4500741  0.23281651735305786
3403213  0.2327219545841217
3800265  0.23267903923988342
2200093  0.23249073326587677
2100074  0.23242835700511932
4500440  0.23235203325748444
4500770  0.2322942018508911
2100063  0.23213015496730804
2200094  0.23191550374031067
3400507  0.23167353868484497
2200096  0.23157909512519836
1700079  0.23121018707752228
1200090  0.23108145594596863
1900058  0.23071274161338806
4500763  0.23051969707012177
1500116  0.23011983931064606
2100059  0.2292488068342209
2200069  0.22863122820854187
3200097  0.22862417995929718
1800096  0.22847610712051392
2200070  0.2269781529903412
1300070  0.22695378959178925
1800094  0.22648051381111145
2100055  0.2262299656867981
1800075  0.22503530979156494
3200066  0.22468391060829163
1800085  0.22455154359340668
1800076  0.22405484318733215
1800147  0.22299504280090332
1800093  0.22284862399101257
2100076  0.2227010726928711
3200074  0.22203268110752106
1800095  0.2213672697544098
3200062  0.22112996876239777
1800084  0.2210654765367508
3200089  0.220927894115448
3200124  0.22046583890914917
3200113  0.22033022344112396
1800069  0.22031264007091522
3200125  0.22022758424282074
3200126  0.21909983456134796
3200058  0.2190127968788147
1800066  0.21892008185386658
1900059  0.21749553084373474
3200078  0.2173296958208084
3200070  0.21703195571899414
3200109  0.21607013046741486
3200101  0.21466955542564392
3200093  0.2144881635904312
3200082  0.21414420008659363
3200086  0.2137972116470337
3200105  0.21074852347373962
