5100016  1.0
5100017  1.0
5100018  1.0
9600362  1.0
9600479  1.0
9600516  1.0
5400016  0.8888888888888888
5400017  0.8888888888888888
5400018  0.8888888888888888
6200028  0.308641975308642
10001416  0.25
9600717  0.19685039370078738
7300030  0.176056338028169
7300031  0.176056338028169
6100017  0.1748251748251748
6100018  0.1748251748251748
6100019  0.1748251748251748
6100020  0.1748251748251748
6200017  0.1748251748251748
2800058  0.1216216216216216
2800059  0.1216216216216216
5000097  0.1216216216216216
5000098  0.1216216216216216
5000099  0.1216216216216216
5000100  0.1216216216216216
7300111  0.1216216216216216
7300112  0.1216216216216216
10001033  0.09433962264150941
8900115  0.08602150537634412
8900118  0.08602150537634412
10001059  0.07692307692307687
5300016  0.07246376811594202
5300017  0.07246376811594202
5300018  0.07246376811594202
9000151  0.07100591715976334
9000148  0.0703812316715543
9200062  0.06983240223463683
8900068  0.06459948320413433
8900069  0.06459948320413433
8900073  0.06459948320413433
6900032  0.06426735218508994
6600024  0.0641025641025641
6800060  0.0641025641025641
8900058  0.06281407035175879
10001395  0.0628019323671497
1700014  0.06082725060827254
1700018  0.06082725060827254
9000158  0.06082725060827254
8900074  0.06060606060606055
8900113  0.06060606060606055
8500097  0.05995203836930452
8500104  0.05995203836930452
8500105  0.05995203836930452
6300068  0.05980861244019142
2300070  0.059665871121718395
1000021  0.05813953488372092
8500092  0.05668934240362811
2800026  0.0565610859728507
2800027  0.0565610859728507
3000013  0.0565610859728507
5000028  0.0565610859728507
5000029  0.0565610859728507
6500018  0.0565610859728507
6500019  0.0565610859728507
6500020  0.0565610859728507
6500021  0.0565610859728507
8500080  0.0565610859728507
8500081  0.0565610859728507
8500082  0.0565610859728507
8500083  0.0565610859728507
8500085  0.0565610859728507
8500086  0.0565610859728507
6000023  0.05643340857787815
6000024  0.05643340857787815
6300062  0.056306306306306286
5000052  0.0561797752808989
7500047  0.056053811659192876
6300033  0.0558035714285714
6300034  0.0558035714285714
1000033  0.055679287305122505
1000037  0.05530973451327437
1600015  0.05530973451327437
1600009  0.05518763796909487
1600010  0.05518763796909487
1600011  0.05518763796909487
7500061  0.05518763796909487
7500068  0.05518763796909487
8500072  0.054824561403508776
8500074  0.054824561403508776
9000182  0.054704595185995575
8500069  0.05458515283842791
2800038  0.05446623093681913
5000051  0.05446623093681913
8500067  0.05446623093681913
1100009  0.053763440860215006
1100012  0.053763440860215006
1200017  0.053763440860215006
1200018  0.053763440860215006
1200019  0.053763440860215006
1200020  0.053763440860215006
1200021  0.053763440860215006
1200022  0.053763440860215006
1200023  0.053763440860215006
1200024  0.053763440860215006
1200029  0.053763440860215006
1200030  0.053763440860215006
1200035  0.053763440860215006
1200039  0.053763440860215006
1200042  0.053763440860215006
1700027  0.053763440860215006
2500016  0.053763440860215006
2500017  0.053763440860215006
4500015  0.053763440860215006
4500016  0.053763440860215006
4500017  0.053763440860215006
4900020  0.053763440860215006
4900021  0.053763440860215006
4900023  0.053763440860215006
4900024  0.053763440860215006
4900028  0.053763440860215006
4900035  0.053763440860215006
5700017  0.053763440860215006
5700018  0.053763440860215006
5700020  0.053763440860215006
5700021  0.053763440860215006
5700022  0.053763440860215006
7300038  0.053763440860215006
7500036  0.053763440860215006
7500040  0.053763440860215006
7500041  0.053763440860215006
7500043  0.053763440860215006
7500045  0.053763440860215006
7500046  0.053763440860215006
7900044  0.05364806866952787
8500060  0.05364806866952787
1000007  0.05353319057815842
1000011  0.05353319057815842
1000012  0.05353319057815842
1000013  0.05353319057815842
1000014  0.05353319057815842
1200008  0.05353319057815842
7500059  0.05353319057815842
7500065  0.05353319057815842
6300080  0.05341880341880345
2300074  0.05330490405117272
1800024  0.05327868852459017
7600024  0.05327868852459017
7600025  0.05327868852459017
7600028  0.05327868852459017
7600029  0.05327868852459017
2800066  0.052966101694915224
9000089  0.052742616033755296
7300039  0.05240174672489084
1700023  0.05230125523012552
7500034  0.05230125523012552
7700062  0.049429657794676785
7700060  0.0492424242424242
7900026  0.04844961240310075
7900027  0.04844961240310075
7900028  0.04844961240310075
7900033  0.04844961240310075
7700065  0.04743083003952564
7700066  0.04743083003952564
2700013  0.047244094488189003
2700014  0.047244094488189003
2700015  0.047244094488189003
2700016  0.047244094488189003
2800034  0.047244094488189003
2800035  0.047244094488189003
5000038  0.047244094488189003
5000039  0.047244094488189003
5000040  0.047244094488189003
5000041  0.047244094488189003
7900029  0.047151277013752435
7000027  0.047101449275362306
7000028  0.047101449275362306
9100097  0.04693140794223827
9100098  0.04693140794223827
9100099  0.04693140794223827
9100100  0.04693140794223827
9100102  0.04693140794223827
9100106  0.04693140794223827
9100107  0.04693140794223827
10000749  0.04693140794223827
7100078  0.04681647940074907
7100079  0.04681647940074907
7100117  0.04681647940074907
7100118  0.04681647940074907
7100119  0.04681647940074907
7100120  0.04681647940074907
2300054  0.046428571428571375
2300055  0.046428571428571375
9000146  0.04633204633204635
9000147  0.04633204633204635
9000154  0.04633204633204635
5200021  0.0462633451957295
9000052  0.04504504504504503
9000053  0.04504504504504503
9000054  0.04504504504504503
9000055  0.04504504504504503
9000056  0.04504504504504503
9000057  0.04504504504504503
9000058  0.04504504504504503
9000059  0.04504504504504503
9000060  0.04504504504504503
9000065  0.04504504504504503
2600047  0.04378283712784592
5500017  0.04378283712784592
5500018  0.04378283712784592
5500020  0.04378283712784592
5500021  0.04378283712784592
5500022  0.04378283712784592
5500023  0.04378283712784592
5500026  0.04378283712784592
5500028  0.04378283712784592
2600015  0.04363001745200701
2600016  0.04363001745200701
2600017  0.04363001745200701
2600018  0.04363001745200701
2600019  0.04363001745200701
2600029  0.04363001745200701
2600031  0.04363001745200701
2600032  0.04363001745200701
2600033  0.04363001745200701
2600034  0.04363001745200701
2600035  0.04363001745200701
2600037  0.04363001745200701
2600038  0.04363001745200701
2600039  0.04363001745200701
2600044  0.04363001745200701
2600050  0.04363001745200701
2600051  0.04363001745200701
2600052  0.04363001745200701
2600053  0.04363001745200701
7800080  0.04347826086956519
2400033  0.0423728813559322
10000835  0.04230118443316411
7800087  0.04189944134078216
7800084  0.04178272980501396
7800085  0.04178272980501396
7800086  0.04178272980501396
2400021  0.04173622704507518
2600012  0.04132231404958675
7700035  0.040849673202614345
1300008  0.04078303425774876
1300011  0.04078303425774876
1500015  0.04078303425774876
1700009  0.04078303425774876
2300042  0.04078303425774876
2500011  0.04078303425774876
4900015  0.04078303425774876
5200016  0.04078303425774876
5200017  0.04078303425774876
5200023  0.04078303425774876
6000017  0.04078303425774876
6000020  0.04078303425774876
6300018  0.04078303425774876
6300022  0.04078303425774876
6300024  0.04078303425774876
6300028  0.04078303425774876
6300029  0.04078303425774876
6300030  0.04078303425774876
6700024  0.04078303425774876
6700028  0.04078303425774876
6700030  0.04078303425774876
6700031  0.04078303425774876
6700032  0.04078303425774876
6700040  0.04078303425774876
6700044  0.04078303425774876
6700049  0.04078303425774876
6700053  0.04078303425774876
6700055  0.04078303425774876
6700059  0.04078303425774876
6700063  0.04078303425774876
6700064  0.04078303425774876
6700066  0.04078303425774876
7100049  0.04078303425774876
7100050  0.04078303425774876
7100051  0.04078303425774876
7100053  0.04078303425774876
7100058  0.04078303425774876
7100061  0.04078303425774876
7100064  0.04078303425774876
7100075  0.04078303425774876
7100076  0.04078303425774876
7100077  0.04078303425774876
7100084  0.04078303425774876
7100085  0.04078303425774876
7100086  0.04078303425774876
7100089  0.04078303425774876
7100093  0.04078303425774876
7100111  0.04078303425774876
7100112  0.04078303425774876
7100113  0.04078303425774876
7500023  0.04078303425774876
7500024  0.04078303425774876
7500027  0.04078303425774876
7500028  0.04078303425774876
7500029  0.04078303425774876
7500030  0.04078303425774876
7800037  0.04078303425774876
7800039  0.04078303425774876
7800040  0.04078303425774876
7800041  0.04078303425774876
7800042  0.04078303425774876
7800043  0.04078303425774876
7800044  0.04078303425774876
7800046  0.04078303425774876
7800048  0.04078303425774876
7800052  0.04078303425774876
8200034  0.04078303425774876
8400039  0.04078303425774876
8500039  0.04078303425774876
8500040  0.04078303425774876
8500041  0.04078303425774876
8500042  0.04078303425774876
8500043  0.04078303425774876
8500044  0.04078303425774876
8500045  0.04078303425774876
8500046  0.04078303425774876
9300068  0.04078303425774876
9300073  0.04078303425774876
2300050  0.04071661237785018
2400014  0.04071661237785018
2400017  0.04071661237785018
2400020  0.04071661237785018
2400032  0.04071661237785018
2800062  0.04071661237785018
2800063  0.04071661237785018
5000047  0.04071661237785018
5000048  0.04071661237785018
7100044  0.04071661237785018
7700033  0.04071661237785018
7700034  0.04071661237785018
7800036  0.04071661237785018
1500009  0.04065040650406504
1500011  0.04065040650406504
2300046  0.04065040650406504
7100021  0.04065040650406504
7100023  0.04065040650406504
7100028  0.04065040650406504
7800035  0.04065040650406504
8000030  0.04065040650406504
8400037  0.04065040650406504
2300065  0.04038772213247177
2300066  0.04038772213247177
10001566  0.04038772213247177
2300011  0.040322580645161255
2900013  0.040000000000000036
2900016  0.040000000000000036
2900017  0.040000000000000036
6600019  0.040000000000000036
7700026  0.040000000000000036
7700028  0.040000000000000036
7700029  0.040000000000000036
7700030  0.040000000000000036
7800031  0.040000000000000036
7800032  0.040000000000000036
8100030  0.040000000000000036
8300037  0.040000000000000036
8300059  0.040000000000000036
8700043  0.040000000000000036
8700046  0.040000000000000036
8900050  0.040000000000000036
10000630  0.040000000000000036
10000641  0.040000000000000036
10000673  0.040000000000000036
10000686  0.040000000000000036
10000720  0.040000000000000036
9600095  0.039936102236421744
2400011  0.03974562798092207
7800026  0.03974562798092207
7800027  0.03974562798092207
7800028  0.03974562798092207
9100096  0.03958691910499135
2000010  0.039556962025316444
2000018  0.039556962025316444
2000020  0.039556962025316444
2000024  0.039556962025316444
2000027  0.039556962025316444
2800013  0.039556962025316444
2800016  0.039556962025316444
2800019  0.039556962025316444
2800020  0.039556962025316444
2800022  0.039556962025316444
2800046  0.039556962025316444
2800047  0.039556962025316444
4800015  0.039556962025316444
4800017  0.039556962025316444
4800018  0.039556962025316444
5000016  0.039556962025316444
5000018  0.039556962025316444
5000019  0.039556962025316444
5000021  0.039556962025316444
5000025  0.039556962025316444
5000068  0.039556962025316444
5000070  0.039556962025316444
5000076  0.039556962025316444
5000082  0.039556962025316444
5000083  0.039556962025316444
5000103  0.039556962025316444
6800019  0.039556962025316444
6800023  0.039556962025316444
6800026  0.039556962025316444
6800028  0.039556962025316444
6800029  0.039556962025316444
6800031  0.039556962025316444
6800034  0.039556962025316444
6800035  0.039556962025316444
6800036  0.039556962025316444
6800037  0.039556962025316444
6800044  0.039556962025316444
6800045  0.039556962025316444
6800052  0.039556962025316444
6900020  0.039556962025316444
7000020  0.039556962025316444
7300022  0.039556962025316444
7300024  0.039556962025316444
7300100  0.039556962025316444
7300105  0.039556962025316444
8800043  0.039556962025316444
9100081  0.039556962025316444
9100085  0.039556962025316444
9100086  0.039556962025316444
9100087  0.039556962025316444
9100088  0.039556962025316444
9100090  0.039556962025316444
9100093  0.039556962025316444
9100094  0.039556962025316444
9100095  0.039556962025316444
9100111  0.039556962025316444
7800076  0.03916449086161877
9000066  0.03675048355899424
