9600479  22.5
6200028  11.160714285714286
9600717  6.127450980392157
7300030  5.3418803418803416
7300031  5.3418803418803416
6100017  5.296610169491525
6100018  5.296610169491525
6100019  5.296610169491525
6100020  5.296610169491525
6200017  5.296610169491525
9600362  3.764705882352941
5400016  3.5555555555555554
5400017  3.5555555555555554
5400018  3.5555555555555554
5300016  1.953125
5300017  1.953125
5300018  1.953125
9200062  1.8768768768768769
9000151  1.8285714285714285
9000148  1.8113207547169812
8900068  1.7265193370165746
8900069  1.7265193370165746
8900073  1.7265193370165746
6900032  1.717032967032967
6600024  1.7123287671232876
6800060  1.7123287671232876
8900058  1.675603217158177
1700014  1.6191709844559585
1700018  1.6191709844559585
9000158  1.6191709844559585
8500097  1.594387755102041
8500104  1.594387755102041
8500105  1.594387755102041
6300068  1.5903307888040712
2300070  1.5862944162436547
1000021  1.5432098765432098
8500092  1.5024038461538463
2800026  1.498800959232614
2800027  1.498800959232614
3000013  1.498800959232614
5000028  1.498800959232614
5000029  1.498800959232614
6500018  1.498800959232614
6500019  1.498800959232614
6500020  1.498800959232614
6500021  1.498800959232614
8500080  1.498800959232614
8500081  1.498800959232614
8500082  1.498800959232614
8500083  1.498800959232614
8500085  1.498800959232614
8500086  1.498800959232614
6000023  1.4952153110047848
6000024  1.4952153110047848
6300062  1.4916467780429594
5000052  1.4880952380952381
7500047  1.484560570071259
6300033  1.4775413711583925
6300034  1.4775413711583925
1000033  1.474056603773585
1000037  1.4637002341920375
1600015  1.4637002341920375
1600009  1.4602803738317758
1600010  1.4602803738317758
1600011  1.4602803738317758
7500061  1.4602803738317758
7500068  1.4602803738317758
8500072  1.4501160092807424
8500074  1.4501160092807424
9000182  1.4467592592592593
8500069  1.443418013856813
2800038  1.4400921658986174
5000051  1.4400921658986174
8500067  1.4400921658986174
1100009  1.4204545454545454
1100012  1.4204545454545454
1200017  1.4204545454545454
1200018  1.4204545454545454
1200019  1.4204545454545454
1200020  1.4204545454545454
1200021  1.4204545454545454
1200022  1.4204545454545454
1200023  1.4204545454545454
1200024  1.4204545454545454
1200029  1.4204545454545454
1200030  1.4204545454545454
1200035  1.4204545454545454
1200039  1.4204545454545454
1200042  1.4204545454545454
1700027  1.4204545454545454
2500016  1.4204545454545454
2500017  1.4204545454545454
4500015  1.4204545454545454
4500016  1.4204545454545454
4500017  1.4204545454545454
4900020  1.4204545454545454
4900021  1.4204545454545454
4900023  1.4204545454545454
4900024  1.4204545454545454
4900028  1.4204545454545454
4900035  1.4204545454545454
5700017  1.4204545454545454
5700018  1.4204545454545454
5700020  1.4204545454545454
5700021  1.4204545454545454
5700022  1.4204545454545454
7300038  1.4204545454545454
7500036  1.4204545454545454
7500040  1.4204545454545454
7500041  1.4204545454545454
7500043  1.4204545454545454
7500045  1.4204545454545454
7500046  1.4204545454545454
7900044  1.417233560090703
8500060  1.417233560090703
1000007  1.414027149321267
1000011  1.414027149321267
1000012  1.414027149321267
1000013  1.414027149321267
1000014  1.414027149321267
1200008  1.414027149321267
7500059  1.414027149321267
7500065  1.414027149321267
6300080  1.4108352144469527
2300074  1.4076576576576576
2800066  1.3982102908277405
9000089  1.3919821826280623
1700023  1.379690949227373
7500034  1.379690949227373
7300039  1.3241379310344827
7900026  1.2729124236252545
7900027  1.2729124236252545
7900028  1.2729124236252545
7900033  1.2729124236252545
7100078  1.2278978388998036
7100079  1.2278978388998036
7100117  1.2278978388998036
7100118  1.2278978388998036
7100119  1.2278978388998036
7100120  1.2278978388998036
7900029  1.1851851851851851
9000052  1.179245283018868
9000053  1.179245283018868
9000054  1.179245283018868
9000055  1.179245283018868
9000056  1.179245283018868
9000057  1.179245283018868
9000058  1.179245283018868
9000059  1.179245283018868
9000060  1.179245283018868
9000065  1.179245283018868
9000146  1.1636363636363636
9000147  1.1636363636363636
9000154  1.1636363636363636
2600047  1.1446886446886446
5500017  1.1446886446886446
5500018  1.1446886446886446
5500020  1.1446886446886446
5500021  1.1446886446886446
5500022  1.1446886446886446
5500023  1.1446886446886446
5500026  1.1446886446886446
5500028  1.1446886446886446
2600015  1.1405109489051095
2600016  1.1405109489051095
2600017  1.1405109489051095
2600018  1.1405109489051095
2600019  1.1405109489051095
2600029  1.1405109489051095
2600031  1.1405109489051095
2600032  1.1405109489051095
2600033  1.1405109489051095
2600034  1.1405109489051095
2600035  1.1405109489051095
2600037  1.1405109489051095
2600038  1.1405109489051095
2600039  1.1405109489051095
2600044  1.1405109489051095
2600050  1.1405109489051095
2600051  1.1405109489051095
2600052  1.1405109489051095
2600053  1.1405109489051095
2400033  1.1061946902654867
10000835  1.1042402826855124
2400021  1.088850174216028
2600012  1.0775862068965518
7700035  1.0647359454855196
1300008  1.0629251700680271
1300011  1.0629251700680271
1500015  1.0629251700680271
1700009  1.0629251700680271
2300042  1.0629251700680271
2500011  1.0629251700680271
4900015  1.0629251700680271
5200016  1.0629251700680271
5200017  1.0629251700680271
5200023  1.0629251700680271
6000017  1.0629251700680271
6000020  1.0629251700680271
6300018  1.0629251700680271
6300022  1.0629251700680271
6300024  1.0629251700680271
6300028  1.0629251700680271
6300029  1.0629251700680271
6300030  1.0629251700680271
6700024  1.0629251700680271
6700028  1.0629251700680271
6700030  1.0629251700680271
6700031  1.0629251700680271
6700032  1.0629251700680271
6700040  1.0629251700680271
6700044  1.0629251700680271
6700049  1.0629251700680271
6700053  1.0629251700680271
6700055  1.0629251700680271
6700059  1.0629251700680271
6700063  1.0629251700680271
6700064  1.0629251700680271
6700066  1.0629251700680271
7100049  1.0629251700680271
7100050  1.0629251700680271
7100051  1.0629251700680271
7100053  1.0629251700680271
7100058  1.0629251700680271
7100061  1.0629251700680271
7100064  1.0629251700680271
7100075  1.0629251700680271
7100076  1.0629251700680271
7100077  1.0629251700680271
7100084  1.0629251700680271
7100085  1.0629251700680271
7100086  1.0629251700680271
7100089  1.0629251700680271
7100093  1.0629251700680271
7100111  1.0629251700680271
7100112  1.0629251700680271
7100113  1.0629251700680271
7500023  1.0629251700680271
7500024  1.0629251700680271
7500027  1.0629251700680271
7500028  1.0629251700680271
7500029  1.0629251700680271
7500030  1.0629251700680271
7800037  1.0629251700680271
7800039  1.0629251700680271
7800040  1.0629251700680271
7800041  1.0629251700680271
7800042  1.0629251700680271
7800043  1.0629251700680271
7800044  1.0629251700680271
7800046  1.0629251700680271
7800048  1.0629251700680271
7800052  1.0629251700680271
8200034  1.0629251700680271
8400039  1.0629251700680271
8500039  1.0629251700680271
8500040  1.0629251700680271
8500041  1.0629251700680271
8500042  1.0629251700680271
8500043  1.0629251700680271
8500044  1.0629251700680271
8500045  1.0629251700680271
8500046  1.0629251700680271
9300068  1.0629251700680271
9300073  1.0629251700680271
2300050  1.061120543293718
2400014  1.061120543293718
2400017  1.061120543293718
2400020  1.061120543293718
2400032  1.061120543293718
2800062  1.061120543293718
2800063  1.061120543293718
5000047  1.061120543293718
5000048  1.061120543293718
7100044  1.061120543293718
7700033  1.061120543293718
7700034  1.061120543293718
7800036  1.061120543293718
1500009  1.0593220338983051
1500011  1.0593220338983051
2300046  1.0593220338983051
7100021  1.0593220338983051
7100023  1.0593220338983051
7100028  1.0593220338983051
7800035  1.0593220338983051
8000030  1.0593220338983051
8400037  1.0593220338983051
2300065  1.0521885521885521
2300066  1.0521885521885521
10001566  1.0521885521885521
2300011  1.050420168067227
2900013  1.0416666666666667
2900016  1.0416666666666667
2900017  1.0416666666666667
6600019  1.0416666666666667
7700026  1.0416666666666667
7700028  1.0416666666666667
7700029  1.0416666666666667
7700030  1.0416666666666667
7800031  1.0416666666666667
7800032  1.0416666666666667
8100030  1.0416666666666667
8300037  1.0416666666666667
8300059  1.0416666666666667
8700043  1.0416666666666667
8700046  1.0416666666666667
8900050  1.0416666666666667
10000630  1.0416666666666667
10000641  1.0416666666666667
10000673  1.0416666666666667
10000686  1.0416666666666667
10000720  1.0416666666666667
9600095  1.0399334442595674
2400011  1.0347682119205297
7800026  1.0347682119205297
7800027  1.0347682119205297
7800028  1.0347682119205297
2000010  1.029654036243822
2000018  1.029654036243822
2000020  1.029654036243822
2000024  1.029654036243822
2000027  1.029654036243822
2800013  1.029654036243822
2800016  1.029654036243822
2800019  1.029654036243822
2800020  1.029654036243822
2800022  1.029654036243822
2800046  1.029654036243822
2800047  1.029654036243822
4800015  1.029654036243822
4800017  1.029654036243822
4800018  1.029654036243822
5000016  1.029654036243822
5000018  1.029654036243822
5000019  1.029654036243822
5000021  1.029654036243822
5000025  1.029654036243822
5000068  1.029654036243822
5000070  1.029654036243822
5000076  1.029654036243822
5000082  1.029654036243822
5000083  1.029654036243822
5000103  1.029654036243822
6800019  1.029654036243822
6800023  1.029654036243822
6800026  1.029654036243822
6800028  1.029654036243822
6800029  1.029654036243822
6800031  1.029654036243822
6800034  1.029654036243822
6800035  1.029654036243822
6800036  1.029654036243822
6800037  1.029654036243822
6800044  1.029654036243822
6800045  1.029654036243822
6800052  1.029654036243822
6900020  1.029654036243822
7000020  1.029654036243822
7300022  1.029654036243822
7300024  1.029654036243822
7300100  1.029654036243822
7300105  1.029654036243822
8800043  1.029654036243822
9100081  1.029654036243822
9100085  1.029654036243822
9100086  1.029654036243822
9100087  1.029654036243822
9100088  1.029654036243822
9100090  1.029654036243822
9100093  1.029654036243822
9100094  1.029654036243822
9100095  1.029654036243822
9100111  1.029654036243822
2800058  1.0
2800059  1.0
5000097  1.0
5000098  1.0
5000099  1.0
5000100  1.0
7300111  1.0
7300112  1.0
9100096  0.9446428571428571
10001033  0.9009009009009009
10001395  0.8203883495145631
9000066  0.7162698412698413
1800024  0.6954732510288066
7600024  0.6954732510288066
7600025  0.6954732510288066
7600028  0.6954732510288066
7600029  0.6954732510288066
7700062  0.6450381679389313
7700060  0.6425855513307985
7800087  0.6373937677053825
7800084  0.635593220338983
7800085  0.635593220338983
7800086  0.635593220338983
8900115  0.6274509803921569
8900118  0.6274509803921569
7000027  0.6145454545454545
7000028  0.6145454545454545
7800080  0.6144200626959248
9100097  0.6123188405797102
9100098  0.6123188405797102
9100099  0.6123188405797102
9100100  0.6123188405797102
9100102  0.6123188405797102
9100106  0.6123188405797102
9100107  0.6123188405797102
10000749  0.6123188405797102
2300054  0.6057347670250897
2300055  0.6057347670250897
5200021  0.6035714285714285
7800076  0.5952380952380952
7700065  0.5669291338582677
7700066  0.5669291338582677
2700013  0.5647058823529412
2700014  0.5647058823529412
2700015  0.5647058823529412
2700016  0.5647058823529412
2800034  0.5647058823529412
2800035  0.5647058823529412
5000038  0.5647058823529412
5000039  0.5647058823529412
5000040  0.5647058823529412
5000041  0.5647058823529412
8900074  0.45390070921985815
8900113  0.45390070921985815
5100016  0.4090909090909091
5100017  0.4090909090909091
5100018  0.4090909090909091
9600516  0.4090909090909091
10001059  0.3125
10001416  0.13793103448275862
