9600479  0.5421440005302429
6200028  0.5232274532318115
5400018  0.5045404434204102
9600717  0.5022544264793396
5400016  0.5005131363868713
9600362  0.4996738135814667
5400017  0.4970060884952545
7300111  0.494276762008667
5100016  0.4898608326911926
5000099  0.4898377060890198
2800058  0.4869086444377899
5000100  0.4868814945220947
5000097  0.4863167405128479
2800059  0.48357781767845154
6100019  0.48312345147132874
7300112  0.47891587018966675
5000098  0.47884294390678406
6100018  0.47812503576278687
5100017  0.47785478830337524
6200017  0.47708529233932495
7300030  0.47645193338394165
7300031  0.474826455116272
6100017  0.47353044152259827
6100020  0.47313201427459717
5100018  0.4730271100997925
9600516  0.4716968536376953
5300017  0.470662385225296
10001033  0.46649810671806335
10001416  0.46226054430007935
10001059  0.4602537453174591
5300016  0.4601173400878906
8900068  0.4561184346675873
10001395  0.45560699701309204
6900032  0.45504143834114075
5300018  0.45433229207992554
9000158  0.4524179697036743
7100117  0.45241448283195496
6600024  0.45150354504585266
9000151  0.4497486650943756
1600015  0.4494207799434662
7100119  0.4486110210418701
7500041  0.44851502776145935
9200062  0.44798266887664795
6000024  0.4463387429714203
1700014  0.4459582269191742
8900058  0.44595688581466675
7500068  0.44592413306236267
7100078  0.4448944330215454
1000021  0.44425904750823975
1200023  0.44396746158599854
1000033  0.4431648552417755
6500021  0.4431537091732025
7500061  0.4423407316207886
1100009  0.4423297345638275
7900026  0.4423142671585083
7800031  0.4419499635696411
9000148  0.44191816449165344
1200030  0.44166630506515503
8500104  0.4415406286716461
4900035  0.44132572412490845
9000182  0.44093969464302063
8500097  0.44065701961517334
1000037  0.44065526127815247
7600029  0.44010868668556213
2600037  0.4401041269302368
2800026  0.43994957208633423
5000048  0.43982523679733276
7600025  0.4395344853401184
8900115  0.4395138621330261
8500060  0.4393784999847412
4900028  0.43924224376678467
2300050  0.43900492787361145
1200017  0.4389629662036896
2500017  0.43895724415779114
2400014  0.4388359785079956
8500074  0.438666969537735
1600010  0.43852701783180237
6500018  0.4385247230529785
1600009  0.4385097920894623
8500067  0.43849891424179077
5000029  0.4383154511451721
8500105  0.4380061626434326
1000011  0.4378971457481384
5700021  0.43781372904777527
1700018  0.43767598271369934
1200039  0.4373113512992859
5200017  0.4373045265674591
8900069  0.4372352361679077
1200022  0.4370498061180115
1700009  0.4369424283504486
3000013  0.4369102716445923
2800038  0.4367586374282837
7800080  0.4365845024585724
6300034  0.4363771080970764
1000013  0.435976505279541
7100118  0.4357451796531677
10000630  0.4356885552406311
6800060  0.43539413809776306
1600011  0.435291588306427
5700022  0.4351734220981598
1200029  0.43514716625213623
1200020  0.43511417508125305
7300038  0.43497419357299805
7500036  0.4348483085632324
8200034  0.43449676036834717
7600024  0.4344218671321869
2500016  0.4339016377925873
1200008  0.4337159991264343
6700031  0.43346697092056274
9000052  0.4334009885787964
5000052  0.43318572640419006
6700032  0.43318116664886475
6700030  0.43315401673316956
7500028  0.4329114258289337
5700018  0.43273138999938965
8500039  0.43252629041671753
8500092  0.4318404495716095
8900118  0.43168121576309204
8500083  0.43153974413871765
2400017  0.431304395198822
7100061  0.43127936124801636
7100076  0.4310725927352905
6500019  0.43103650212287903
6000023  0.4309810698032379
7100085  0.4308452010154724
6700064  0.43082836270332336
8500080  0.43049418926239014
8900073  0.4303538203239441
4500017  0.43035009503364563
7100120  0.4302348792552948
10000835  0.43016040325164795
7500046  0.430155873298645
1200018  0.4300581216812134
7500059  0.4299643933773041
7100077  0.4297485649585724
8700046  0.4294993281364441
7700026  0.42949792742729187
6700024  0.42936286330223083
7100113  0.42932379245758057
8500040  0.42883771657943726
8500086  0.42862468957901
1200042  0.42844128608703613
1200024  0.4284226596355438
9000053  0.4284006953239441
6300080  0.42799898982048035
1500009  0.42798304557800293
8400039  0.42761293053627014
1200019  0.4275186359882355
6700059  0.4274861514568329
8500046  0.4273073971271515
7000028  0.42700499296188354
7000027  0.4269488751888275
7100079  0.4268936514854431
2400021  0.4267016053199768
6300033  0.42666563391685486
7800052  0.426611065864563
8500082  0.4265243113040924
6300068  0.4264884293079376
8400037  0.42638999223709106
7800042  0.4263833463191986
7500040  0.4263228178024292
5200021  0.42628559470176697
1000007  0.4262411296367645
1200021  0.4262365996837616
6500020  0.42603108286857605
2300074  0.42581549286842346
2300055  0.42568308115005493
9000089  0.42559298872947693
5000083  0.4254119098186493
4500015  0.4253918528556824
6300024  0.4253166913986206
9300068  0.42528241872787476
5500021  0.4251180589199066
7900044  0.42507204413414
6700066  0.42496028542518616
7800035  0.42490527033805847
5000028  0.42482465505599976
5000051  0.42427125573158264
7600028  0.42413413524627686
9100102  0.4240351617336273
9300073  0.4239968955516815
7500024  0.42391258478164673
5700017  0.42389923334121704
1000014  0.4237857162952423
2600032  0.4236544370651245
9100098  0.4235115349292755
5000040  0.4235028028488159
7800041  0.42346465587615967
5500017  0.42339015007019043
1300011  0.42325523495674133
9100100  0.42322075366973877
4900024  0.42307958006858826
2600044  0.42294788360595703
7500030  0.422922819852829
6700053  0.4228776693344116
6700044  0.42286282777786255
6700063  0.4227933883666992
7800085  0.42273980379104614
1500015  0.42262953519821167
7500027  0.4225429892539978
7500045  0.4224824905395508
2600050  0.4224429726600647
2400033  0.42243900895118713
2600015  0.42231008410453796
10000686  0.42219874262809753
1000012  0.42208242416381836
7800040  0.42204582691192627
8500043  0.421958863735199
2300066  0.4216690957546234
7800043  0.4216102957725525
2300070  0.4215909242630005
8500044  0.42157572507858276
7700033  0.42153072357177734
1700023  0.4212818443775177
7500065  0.42109477519989014
6300030  0.4210686981678009
7800037  0.4209386706352234
1200035  0.42058536410331726
5500022  0.42056339979171753
9000056  0.420556902885437
1800024  0.4205237627029419
7900028  0.42046505212783813
7500047  0.42037802934646606
4500016  0.4203187823295593
2700013  0.42024844884872437
9100107  0.4200930595397949
8500072  0.41984352469444275
8500085  0.4198164939880371
9100106  0.4197240471839905
2800035  0.4196753203868866
5500026  0.4196335971355438
2800034  0.4194296598434448
7100053  0.4193539023399353
7300039  0.4189572334289551
8500045  0.4189547896385193
2300011  0.4188538193702698
6700028  0.4188304543495178
8500042  0.41844263672828674
6300029  0.41841205954551697
2700014  0.41840776801109314
6000020  0.4183942377567291
4900020  0.4183933734893799
2600029  0.4181583523750305
7900033  0.41813597083091736
7100051  0.4181130528450012
2600053  0.4181083142757416
7800044  0.4180087447166443
7100044  0.4178575873374939
6700055  0.4178348481655121
2600016  0.4178329408168793
9000057  0.4176580309867859
8900074  0.41760164499282837
9000055  0.4175568222999573
6300018  0.4175405204296112
9100097  0.41750040650367737
5000041  0.4174894094467163
7700065  0.4173830449581146
2800066  0.4173225462436676
7900027  0.4172159731388092
7700030  0.41715162992477417
5000039  0.41687363386154175
7500029  0.4168422222137451
9100099  0.41667166352272034
7800046  0.41663673520088196
7800036  0.4166069030761719
1700027  0.41599518060684204
7100050  0.4158751964569092
9100087  0.4157280921936035
5500020  0.415712833404541
2800063  0.41564372181892395
9000058  0.4155556857585907
9000060  0.41544002294540405
2800027  0.4154300093650818
9000065  0.4153108596801758
7700035  0.4152553081512451
8500081  0.41522377729415894
7100028  0.4150395691394806
9100090  0.4149906635284424
8900050  0.4148900508880615
4900023  0.41484737396240234
8500069  0.41464194655418396
7800028  0.41443005204200745
2600047  0.4143769145011902
9000154  0.41402071714401245
9000059  0.41380783915519714
7700060  0.4137539565563202
2000024  0.4137307107448578
2800062  0.41364380717277527
7700062  0.4134683609008789
5000070  0.4134606122970581
7800087  0.4134242534637451
5200023  0.4132368862628937
6300062  0.41304826736450195
2300046  0.4129929840564728
7800048  0.41282975673675537
5000103  0.4128226637840271
2900013  0.412692666053772
2600017  0.41254740953445435
2300042  0.4124355614185333
5200016  0.4124073088169098
8100030  0.4123804271221161
7500043  0.4123760461807251
7100112  0.4123148024082184
5700020  0.4118497669696808
2700015  0.4118373692035675
2600033  0.4117097854614258
1500011  0.4117053151130676
10001566  0.41165193915367126
10000749  0.4116166830062866
7700034  0.4114638864994049
2700016  0.4113495647907257
2600031  0.41091009974479675
6900020  0.4107784330844879
4900021  0.41075974702835083
2500011  0.41053399443626404
2300054  0.41049861907958984
4900015  0.4104712903499603
1100012  0.41038277745246887
7500034  0.4103788435459137
2600038  0.41031700372695923
2600039  0.4100809097290039
7100023  0.40999093651771545
6600019  0.40977761149406433
8000030  0.4097634255886078
6800052  0.40976008772850037
2600019  0.40972936153411865
7700028  0.4097212851047516
2900016  0.4096728265285492
7100049  0.40951454639434814
5500028  0.40936556458473206
5000019  0.4093114137649536
8300059  0.4093075394630432
2800022  0.4091757535934448
7800039  0.4090386927127838
7800026  0.40887585282325745
2300065  0.40860694646835327
2900017  0.4084174633026123
1300008  0.4083038866519928
6300022  0.4082273244857788
8700043  0.4079171121120453
7900029  0.40785178542137146
6000017  0.4077937602996826
2800013  0.4077310562133789
2600051  0.4077201783657074
7800084  0.40760424733161926
7100093  0.40756356716156006
7100064  0.40756019949913025
6800023  0.4074455499649048
2400032  0.4070054888725281
7100086  0.4070047438144684
5000047  0.4069906175136566
5500023  0.40667954087257385
5000025  0.4057959020137787
7700029  0.4055064916610718
7800032  0.40522968769073486
2600035  0.40514132380485535
10000720  0.4051322638988495
7800076  0.40462619066238403
10000641  0.4044552147388458
2800046  0.40421968698501587
2000018  0.4038574993610382
9100085  0.4035763144493103
8900113  0.40351778268814087
6800028  0.403370201587677
6300028  0.4031578302383423
2000020  0.40312016010284424
2800016  0.4030440151691437
8800043  0.4029393792152405
9000146  0.4028293192386627
8300037  0.40281060338020325
2600018  0.4027926027774811
7100058  0.40271320939064026
7100075  0.4025175869464874
9000147  0.4022887945175171
8500041  0.4021625816822052
5500018  0.40213894844055176
7100111  0.40207722783088684
6700049  0.40204471349716187
7800027  0.402026891708374
7800086  0.401570588350296
2800020  0.4015137851238251
7300024  0.40120911598205566
7700066  0.4010346829891205
9100111  0.4007875919342041
2400011  0.4007871448993683
7100089  0.4007226228713989
9600095  0.40048930048942566
9100095  0.40020328760147095
2600052  0.3998737335205078
4800018  0.39923280477523804
9100096  0.3987438976764679
2800019  0.39852792024612427
6800034  0.3978824317455292
2400020  0.39772093296051025
5000016  0.39767491817474365
6800026  0.39759811758995056
5000038  0.39757785201072693
7500023  0.39751124382019043
9100093  0.3972756564617157
2600012  0.39716652035713196
7000020  0.3967192769050598
6800019  0.39619866013526917
10000673  0.39619168639183044
5000018  0.3960598111152649
5000021  0.3960525691509247
7100084  0.3950948417186737
9000054  0.3950923979282379
4800015  0.3947709798812866
6800035  0.3947488069534302
7300105  0.3942551612854004
2000027  0.3937482535839081
5000082  0.393341600894928
7300100  0.3931438624858856
6800029  0.3909611999988556
7100021  0.39003974199295044
2600034  0.3886338770389557
5000068  0.3880888819694519
6700040  0.3877795338630676
4800017  0.3873424232006073
6800045  0.3871343433856964
9100094  0.3865102529525757
9100081  0.38635605573654175
6800036  0.3845697045326233
9100086  0.3842678964138031
6800044  0.38425078988075256
6800037  0.38324689865112305
9100088  0.3831084966659546
2800047  0.383098840713501
2000010  0.38262856006622314
7300022  0.38242894411087036
6800031  0.3772985637187958
5000076  0.3707405924797058
9000066  0.33113667368888855
