9600479  0.7745966692414834
9600362  0.565685424949238
6200028  0.5555555555555556
5400016  0.5333333333333333
5400017  0.5333333333333333
5400018  0.5333333333333333
9600717  0.4436782547080569
7300030  0.4195906791483445
7300031  0.4195906791483445
6100017  0.4181210050035454
6100018  0.4181210050035454
6100019  0.4181210050035454
6100020  0.4181210050035454
6200017  0.4181210050035454
5100016  0.3464101615137754
5100017  0.3464101615137754
5100018  0.3464101615137754
9600516  0.3464101615137754
5300016  0.26919095102908275
5300017  0.26919095102908275
5300018  0.26919095102908275
9200062  0.264258211290845
9000151  0.2610855807458021
9000148  0.25993457331546355
8900068  0.2541642838876745
8900069  0.2541642838876745
8900073  0.2541642838876745
6900032  0.2535100632816969
6600024  0.25318484177091666
6800060  0.25318484177091666
8900058  0.25062735355854276
1700014  0.24663181183349503
1700018  0.24663181183349503
9000158  0.24663181183349503
8500097  0.24485105343719588
8500104  0.24485105343719588
8500105  0.24485105343719588
6300068  0.24455799402225922
2300070  0.24426598437301575
1000021  0.24112141108520607
8500092  0.23809523809523808
2800026  0.23782574707724705
2800027  0.23782574707724705
3000013  0.23782574707724705
5000028  0.23782574707724705
5000029  0.23782574707724705
6500018  0.23782574707724705
6500019  0.23782574707724705
6500020  0.23782574707724705
6500021  0.23782574707724705
8500080  0.23782574707724705
8500081  0.23782574707724705
8500082  0.23782574707724705
8500083  0.23782574707724705
8500085  0.23782574707724705
8500086  0.23782574707724705
6000023  0.23755716907278993
6000024  0.23755716907278993
6300062  0.23728949893812476
5000052  0.2370227315699886
7500047  0.2367568619051892
6300033  0.236227795630767
6300034  0.236227795630767
1000033  0.23596458909150436
1000037  0.2351802170958993
1600015  0.2351802170958993
1600009  0.23492049286746977
1600010  0.23492049286746977
1600011  0.23492049286746977
7500061  0.23492049286746977
7500068  0.23492049286746977
8500072  0.23414645289542352
8500074  0.23414645289542352
9000182  0.233890134862494
8500069  0.23363465675799885
2800038  0.2333800140046683
5000051  0.2333800140046683
8500067  0.2333800140046683
1100009  0.23186944788008415
1100012  0.23186944788008415
1200017  0.23186944788008415
1200018  0.23186944788008415
1200019  0.23186944788008415
1200020  0.23186944788008415
1200021  0.23186944788008415
1200022  0.23186944788008415
1200023  0.23186944788008415
1200024  0.23186944788008415
1200029  0.23186944788008415
1200030  0.23186944788008415
1200035  0.23186944788008415
1200039  0.23186944788008415
1200042  0.23186944788008415
1700027  0.23186944788008415
2500016  0.23186944788008415
2500017  0.23186944788008415
4500015  0.23186944788008415
4500016  0.23186944788008415
4500017  0.23186944788008415
4900020  0.23186944788008415
4900021  0.23186944788008415
4900023  0.23186944788008415
4900024  0.23186944788008415
4900028  0.23186944788008415
4900035  0.23186944788008415
5700017  0.23186944788008415
5700018  0.23186944788008415
5700020  0.23186944788008415
5700021  0.23186944788008415
5700022  0.23186944788008415
7300038  0.23186944788008415
7500036  0.23186944788008415
7500040  0.23186944788008415
7500041  0.23186944788008415
7500043  0.23186944788008415
7500045  0.23186944788008415
7500046  0.23186944788008415
7900044  0.23162052730603971
8500060  0.23162052730603971
1000007  0.23137240669137377
1000011  0.23137240669137377
1000012  0.23137240669137377
1000013  0.23137240669137377
1000014  0.23137240669137377
1200008  0.23137240669137377
7500059  0.23137240669137377
7500065  0.23137240669137377
6300080  0.23112508176051214
2300074  0.23087854826980506
2800066  0.23014365447458082
9000089  0.22965760608731267
1700023  0.22869467687317413
7500034  0.22869467687317413
7300039  0.2242892704876789
7900026  0.22011272658140596
7900027  0.22011272658140596
7900028  0.22011272658140596
7900033  0.22011272658140596
7100078  0.21637116120395775
7100079  0.21637116120395775
7100117  0.21637116120395775
7100118  0.21637116120395775
7100119  0.21637116120395775
7100120  0.21637116120395775
7900029  0.21275625944540938
9000052  0.21223817998900446
9000053  0.21223817998900446
9000054  0.21223817998900446
9000055  0.21223817998900446
9000056  0.21223817998900446
9000057  0.21223817998900446
9000058  0.21223817998900446
9000059  0.21223817998900446
9000060  0.21223817998900446
9000065  0.21223817998900446
9000146  0.21089989207859847
9000147  0.21089989207859847
9000154  0.21089989207859847
2800058  0.2092457497388747
2800059  0.2092457497388747
5000097  0.2092457497388747
5000098  0.2092457497388747
5000099  0.2092457497388747
5000100  0.2092457497388747
7300111  0.2092457497388747
7300112  0.2092457497388747
2600047  0.2092434876593436
5500017  0.2092434876593436
5500018  0.2092434876593436
5500020  0.2092434876593436
5500021  0.2092434876593436
5500022  0.2092434876593436
5500023  0.2092434876593436
5500026  0.2092434876593436
5500028  0.2092434876593436
2600015  0.2088779965721784
2600016  0.2088779965721784
2600017  0.2088779965721784
2600018  0.2088779965721784
2600019  0.2088779965721784
2600029  0.2088779965721784
2600031  0.2088779965721784
2600032  0.2088779965721784
2600033  0.2088779965721784
2600034  0.2088779965721784
2600035  0.2088779965721784
2600037  0.2088779965721784
2600038  0.2088779965721784
2600039  0.2088779965721784
2600044  0.2088779965721784
2600050  0.2088779965721784
2600051  0.2088779965721784
2600052  0.2088779965721784
2600053  0.2088779965721784
2400033  0.20584674239815456
10000835  0.20567251744743179
2400021  0.20429446161135922
2600012  0.20327890704543544
7700035  0.20211302086361083
1300008  0.20194809793050486
1300011  0.20194809793050486
1500015  0.20194809793050486
1700009  0.20194809793050486
2300042  0.20194809793050486
2500011  0.20194809793050486
4900015  0.20194809793050486
5200016  0.20194809793050486
5200017  0.20194809793050486
5200023  0.20194809793050486
6000017  0.20194809793050486
6000020  0.20194809793050486
6300018  0.20194809793050486
6300022  0.20194809793050486
6300024  0.20194809793050486
6300028  0.20194809793050486
6300029  0.20194809793050486
6300030  0.20194809793050486
6700024  0.20194809793050486
6700028  0.20194809793050486
6700030  0.20194809793050486
6700031  0.20194809793050486
6700032  0.20194809793050486
6700040  0.20194809793050486
6700044  0.20194809793050486
6700049  0.20194809793050486
6700053  0.20194809793050486
6700055  0.20194809793050486
6700059  0.20194809793050486
6700063  0.20194809793050486
6700064  0.20194809793050486
6700066  0.20194809793050486
7100049  0.20194809793050486
7100050  0.20194809793050486
7100051  0.20194809793050486
7100053  0.20194809793050486
7100058  0.20194809793050486
7100061  0.20194809793050486
7100064  0.20194809793050486
7100075  0.20194809793050486
7100076  0.20194809793050486
7100077  0.20194809793050486
7100084  0.20194809793050486
7100085  0.20194809793050486
7100086  0.20194809793050486
7100089  0.20194809793050486
7100093  0.20194809793050486
7100111  0.20194809793050486
7100112  0.20194809793050486
7100113  0.20194809793050486
7500023  0.20194809793050486
7500024  0.20194809793050486
7500027  0.20194809793050486
7500028  0.20194809793050486
7500029  0.20194809793050486
7500030  0.20194809793050486
7800037  0.20194809793050486
7800039  0.20194809793050486
7800040  0.20194809793050486
7800041  0.20194809793050486
7800042  0.20194809793050486
7800043  0.20194809793050486
7800044  0.20194809793050486
7800046  0.20194809793050486
7800048  0.20194809793050486
7800052  0.20194809793050486
8200034  0.20194809793050486
8400039  0.20194809793050486
8500039  0.20194809793050486
8500040  0.20194809793050486
8500041  0.20194809793050486
8500042  0.20194809793050486
8500043  0.20194809793050486
8500044  0.20194809793050486
8500045  0.20194809793050486
8500046  0.20194809793050486
9300068  0.20194809793050486
9300073  0.20194809793050486
2300050  0.2017835780678154
2400014  0.2017835780678154
2400017  0.2017835780678154
2400020  0.2017835780678154
2400032  0.2017835780678154
2800062  0.2017835780678154
2800063  0.2017835780678154
5000047  0.2017835780678154
5000048  0.2017835780678154
7100044  0.2017835780678154
7700033  0.2017835780678154
7700034  0.2017835780678154
7800036  0.2017835780678154
1500009  0.20161945963637795
1500011  0.20161945963637795
2300046  0.20161945963637795
7100021  0.20161945963637795
7100023  0.20161945963637795
7100028  0.20161945963637795
7800035  0.20161945963637795
8000030  0.20161945963637795
8400037  0.20161945963637795
2300065  0.2009669677645352
2300066  0.2009669677645352
10001566  0.2009669677645352
2300011  0.2008048322256247
2900013  0.2
2900016  0.2
2900017  0.2
6600019  0.2
7700026  0.2
7700028  0.2
7700029  0.2
7700030  0.2
7800031  0.2
7800032  0.2
8100030  0.2
8300037  0.2
8300059  0.2
8700043  0.2
8700046  0.2
8900050  0.2
10000630  0.2
10000641  0.2
10000673  0.2
10000686  0.2
10000720  0.2
9600095  0.19984019174435788
2400011  0.199363055707225
7800026  0.199363055707225
7800027  0.199363055707225
7800028  0.199363055707225
2000010  0.1988893210439325
2000018  0.1988893210439325
2000020  0.1988893210439325
2000024  0.1988893210439325
2000027  0.1988893210439325
2800013  0.1988893210439325
2800016  0.1988893210439325
2800019  0.1988893210439325
2800020  0.1988893210439325
2800022  0.1988893210439325
2800046  0.1988893210439325
2800047  0.1988893210439325
4800015  0.1988893210439325
4800017  0.1988893210439325
4800018  0.1988893210439325
5000016  0.1988893210439325
5000018  0.1988893210439325
5000019  0.1988893210439325
5000021  0.1988893210439325
5000025  0.1988893210439325
5000068  0.1988893210439325
5000070  0.1988893210439325
5000076  0.1988893210439325
5000082  0.1988893210439325
5000083  0.1988893210439325
5000103  0.1988893210439325
6800019  0.1988893210439325
6800023  0.1988893210439325
6800026  0.1988893210439325
6800028  0.1988893210439325
6800029  0.1988893210439325
6800031  0.1988893210439325
6800034  0.1988893210439325
6800035  0.1988893210439325
6800036  0.1988893210439325
6800037  0.1988893210439325
6800044  0.1988893210439325
6800045  0.1988893210439325
6800052  0.1988893210439325
6900020  0.1988893210439325
7000020  0.1988893210439325
7300022  0.1988893210439325
7300024  0.1988893210439325
7300100  0.1988893210439325
7300105  0.1988893210439325
8800043  0.1988893210439325
9100081  0.1988893210439325
9100085  0.1988893210439325
9100086  0.1988893210439325
9100087  0.1988893210439325
9100088  0.1988893210439325
9100090  0.1988893210439325
9100093  0.1988893210439325
9100094  0.1988893210439325
9100095  0.1988893210439325
9100111  0.1988893210439325
10001033  0.19425717247145283
9100096  0.19084015713835514
10001395  0.18071249218279814
9000066  0.16712380891074613
1800024  0.16644794391276477
7600024  0.16644794391276477
7600025  0.16644794391276477
7600028  0.16644794391276477
7600029  0.16644794391276477
8900115  0.16591227115686805
8900118  0.16591227115686805
7700062  0.16032286815433391
7700060  0.16001893827313254
7800087  0.158554926774507
7800084  0.15833394419077784
7800085  0.15833394419077784
7800086  0.15833394419077784
7000027  0.15650160901149995
7000028  0.15650160901149995
9100097  0.1562188597127885
9100098  0.1562188597127885
9100099  0.1562188597127885
9100100  0.1562188597127885
9100102  0.1562188597127885
9100106  0.1562188597127885
9100107  0.1562188597127885
10000749  0.1562188597127885
7800080  0.1560378995210988
2300054  0.15537971921347116
2300055  0.15537971921347116
5200021  0.15510299643069234
7800076  0.1532928390922788
7700065  0.15088670723086356
7700066  0.15088670723086356
2700013  0.15058939323315804
2700014  0.15058939323315804
2700015  0.15058939323315804
2700016  0.15058939323315804
2800034  0.15058939323315804
2800035  0.15058939323315804
5000038  0.15058939323315804
5000039  0.15058939323315804
5000040  0.15058939323315804
5000041  0.15058939323315804
10001416  0.1414213562373095
8900074  0.13926212476455826
8900113  0.13926212476455826
10001059  0.12403473458920847
