1200175  1.0
1200176  1.0
1200188  1.0
1200189  1.0
1200192  1.0
1200195  1.0
1200198  1.0
1200199  1.0
1200204  1.0
1200205  1.0
1200211  1.0
1200212  1.0
1200215  1.0
1200219  1.0
1200221  1.0
1200222  1.0
1200248  0.8660254037844387
1000070  0.3611575592573076
1000161  0.3611575592573076
1200127  0.3611575592573076
1200128  0.3611575592573076
1200132  0.3611575592573076
1200133  0.3611575592573076
1200134  0.3611575592573076
1200135  0.3611575592573076
1200288  0.3611575592573076
1200289  0.3611575592573076
1200290  0.3611575592573076
1200380  0.3611575592573076
1200381  0.3611575592573076
1200382  0.3611575592573076
1200383  0.3611575592573076
1200384  0.3611575592573076
1200385  0.3611575592573076
1200386  0.3611575592573076
1200387  0.3611575592573076
1200388  0.3611575592573076
1200390  0.3611575592573076
1200405  0.3611575592573076
1200406  0.3611575592573076
1200407  0.3611575592573076
1200408  0.3611575592573076
1200409  0.3611575592573076
1200410  0.3611575592573076
1200411  0.3611575592573076
1200412  0.3611575592573076
1200413  0.3611575592573076
1200415  0.3611575592573076
