2100047  1.0
2100050  1.0
2100051  1.0
2100056  1.0
2100616  1.0
2200053  1.0
3900052  1.0
3900058  1.0
3900391  1.0
3900392  1.0
3900399  1.0
3900400  1.0
3900401  1.0
3900402  1.0
3900403  1.0
3900413  1.0
3900440  1.0
3900455  1.0
3900456  1.0
3900457  1.0
3900468  1.0
3900473  1.0
3900484  1.0
3900488  1.0
4800099  1.0
4800101  1.0
4800115  1.0
4800117  1.0
4800133  1.0
4800134  1.0
4800135  1.0
4800136  1.0
4800137  1.0
4800138  1.0
4800139  1.0
4800140  1.0
4800142  1.0
4800143  1.0
4800207  1.0
4800215  1.0
4800224  1.0
5600067  1.0
5600068  1.0
5600069  1.0
5600107  1.0
5600203  1.0
5600204  1.0
5600237  1.0
5600238  1.0
5600290  1.0
5600296  1.0
6200097  1.0
6200115  1.0
6200128  1.0
6200141  1.0
6200160  1.0
6200179  1.0
6200198  1.0
6200218  1.0
6200237  1.0
6200256  1.0
6200277  1.0
6200285  1.0
6200288  1.0
6203017  1.0
6203532  1.0
6203535  1.0
6203539  1.0
6203544  1.0
6203545  1.0
6203548  1.0
6400096  1.0
6400097  1.0
6400164  1.0
6400165  1.0
7000043  1.0
7000054  1.0
7000055  1.0
7000056  1.0
7100264  1.0
7100267  1.0
7600043  1.0
7600044  1.0
7600045  1.0
7600067  1.0
7700037  1.0
7700038  1.0
7700039  1.0
7700047  1.0
7800210  1.0
7800211  1.0
7800212  1.0
7900153  1.0
7900176  1.0
7900177  1.0
7900178  1.0
7900179  1.0
7900180  1.0
7900181  1.0
7900182  1.0
7900183  1.0
7900187  1.0
7900189  1.0
8000059  1.0
8400063  1.0
8400064  1.0
8400065  1.0
8400110  1.0
8500231  1.0
8500232  1.0
8500233  1.0
8500235  1.0
8500237  1.0
8500239  1.0
8500260  1.0
8500321  1.0
8500322  1.0
8500323  1.0
8500324  1.0
8500326  1.0
8500342  1.0
8500343  1.0
8500344  1.0
8500345  1.0
8500347  1.0
8500348  1.0
8500349  1.0
8500351  1.0
8500352  1.0
8500353  1.0
8500356  1.0
8500365  1.0
8500369  1.0
8600039  1.0
8600040  1.0
8600041  1.0
8600049  1.0
8700062  1.0
8700423  1.0
8700496  1.0
8700502  1.0
8700505  1.0
8700508  1.0
8700562  1.0
9100672  1.0
9100727  1.0
9200727  1.0
9300395  1.0
9400069  1.0
9400070  1.0
9400071  1.0
9400072  1.0
9400075  1.0
9400078  1.0
9400079  1.0
9400080  1.0
9400094  1.0
9400130  1.0
9400131  1.0
9400132  1.0
9400135  1.0
9400136  1.0
9400139  1.0
9800672  1.0
6300063  0.9655172413793104
6400041  0.9655172413793104
6400053  0.9655172413793104
6400054  0.9655172413793104
6400062  0.9655172413793104
6400069  0.9655172413793104
6400080  0.9655172413793104
6400081  0.9655172413793104
6400084  0.9655172413793104
6400085  0.9655172413793104
6400086  0.9655172413793104
6600070  0.9655172413793104
6600077  0.9655172413793104
6600078  0.9655172413793104
8500051  0.9655172413793104
8500079  0.9655172413793104
8500080  0.9655172413793104
8500081  0.9655172413793104
8700134  0.9655172413793104
8700135  0.9655172413793104
7900109  0.96
7900110  0.96
8000073  0.96
8800270  0.9516129032258065
8800271  0.9516129032258065
8800272  0.9516129032258065
8800273  0.9516129032258065
8800274  0.9516129032258065
8800275  0.9516129032258065
8800276  0.9516129032258065
8800158  0.9302325581395349
8800159  0.9302325581395349
8000049  0.9230769230769231
8000050  0.9230769230769231
8000051  0.9230769230769231
8000052  0.9230769230769231
8000053  0.9230769230769231
7900069  0.8888888888888888
7900070  0.8888888888888888
7900071  0.8888888888888888
7900072  0.8888888888888888
7900073  0.8888888888888888
