2100047  1.0
2100050  1.0
2100051  1.0
2100056  1.0
2100616  1.0
2200053  1.0
3900052  1.0
3900058  1.0
3900391  1.0
3900392  1.0
3900399  1.0
3900400  1.0
3900413  1.0
3900440  1.0
3900455  1.0
3900456  1.0
3900457  1.0
3900468  1.0
3900473  1.0
3900484  1.0
3900488  1.0
4800099  1.0
4800101  1.0
4800115  1.0
4800117  1.0
4800133  1.0
4800134  1.0
4800135  1.0
4800136  1.0
4800137  1.0
4800138  1.0
4800139  1.0
4800140  1.0
4800142  1.0
4800143  1.0
4800207  1.0
4800215  1.0
4800224  1.0
5600067  1.0
5600068  1.0
5600069  1.0
5600107  1.0
5600203  1.0
5600204  1.0
5600237  1.0
5600238  1.0
5600290  1.0
5600296  1.0
6200097  1.0
6200115  1.0
6200128  1.0
6200141  1.0
6200160  1.0
6200179  1.0
6200198  1.0
6200218  1.0
6200237  1.0
6200256  1.0
6200277  1.0
6200285  1.0
6200288  1.0
6203017  1.0
6400096  1.0
6400097  1.0
6400164  1.0
6400165  1.0
7000043  1.0
7000054  1.0
7000055  1.0
7000056  1.0
7100264  1.0
7100267  1.0
7600043  1.0
7600044  1.0
7600045  1.0
7600067  1.0
7700037  1.0
7700038  1.0
7700039  1.0
7700047  1.0
8500231  1.0
8500232  1.0
8500233  1.0
8500235  1.0
8500237  1.0
8500239  1.0
8500260  1.0
8500321  1.0
8500322  1.0
8500323  1.0
8500324  1.0
8500326  1.0
8500342  1.0
8500343  1.0
8500344  1.0
8500345  1.0
8500347  1.0
8500348  1.0
8500349  1.0
8500351  1.0
8500352  1.0
8500353  1.0
8500356  1.0
8500365  1.0
8500369  1.0
8600039  1.0
8600040  1.0
8600041  1.0
8600049  1.0
8700496  1.0
8700502  1.0
8700505  1.0
8700508  1.0
8700562  1.0
9100672  1.0
9100727  1.0
9200727  1.0
9800672  1.0
6203532  0.994029797388005
6203535  0.994029797388005
6203539  0.994029797388005
6203544  0.994029797388005
6203545  0.994029797388005
6203548  0.994029797388005
6300063  0.9826073688810351
6400041  0.9826073688810351
6400053  0.9826073688810351
6400054  0.9826073688810351
6400062  0.9826073688810351
6400069  0.9826073688810351
6400080  0.9826073688810351
6400081  0.9826073688810351
6400084  0.9826073688810351
6400085  0.9826073688810351
6400086  0.9826073688810351
6600070  0.9826073688810351
6600077  0.9826073688810351
6600078  0.9826073688810351
8500051  0.9826073688810351
8500079  0.9826073688810351
8500080  0.9826073688810351
8500081  0.9826073688810351
8700134  0.9826073688810351
8700135  0.9826073688810351
3900401  0.9759000729485332
3900402  0.9759000729485332
3900403  0.9759000729485332
8800270  0.8175541433236976
8800271  0.8175541433236976
8800272  0.8175541433236976
8800273  0.8175541433236976
8800274  0.8175541433236976
8800275  0.8175541433236976
8800276  0.8175541433236976
8800158  0.6655583256397217
8800159  0.6655583256397217
7800210  0.5345224838248488
7800211  0.5345224838248488
7800212  0.5345224838248488
7900176  0.5345224838248488
7900177  0.5345224838248488
7900178  0.5345224838248488
7900179  0.5345224838248488
7900180  0.5345224838248488
7900181  0.5345224838248488
7900182  0.5345224838248488
7900183  0.5345224838248488
7900187  0.5345224838248488
7900189  0.5345224838248488
8000059  0.5345224838248488
8700062  0.5345224838248488
8700423  0.5345224838248488
7900109  0.5237229365663818
7900110  0.5237229365663818
8000073  0.5237229365663818
8000049  0.5135525910130955
8000050  0.5135525910130955
8000051  0.5135525910130955
8000052  0.5135525910130955
8000053  0.5135525910130955
7900069  0.5039526306789697
7900070  0.5039526306789697
7900071  0.5039526306789697
7900072  0.5039526306789697
7900073  0.5039526306789697
7900153  0.5
9300395  0.32732683535398854
9400130  0.32732683535398854
9400131  0.32732683535398854
9400132  0.32732683535398854
9400135  0.32732683535398854
9400136  0.32732683535398854
9400139  0.32732683535398854
8400063  0.2672612419124244
8400064  0.2672612419124244
8400065  0.2672612419124244
8400110  0.2672612419124244
9400069  0.2672612419124244
9400070  0.2672612419124244
9400071  0.2672612419124244
9400072  0.2672612419124244
9400075  0.2672612419124244
9400078  0.2672612419124244
9400079  0.2672612419124244
9400080  0.2672612419124244
9400094  0.2672612419124244
