1400177  1.0
1400178  1.0
1400179  1.0
1400180  1.0
1400181  1.0
1400187  1.0
1400121  0.9819805060619657
1400122  0.9728456051340169
2402927  0.9660917830792959
2403241  0.9660917830792959
2403245  0.9660917830792959
2403249  0.9660917830792959
2403250  0.9660917830792959
2403254  0.9660917830792959
2403258  0.9660917830792959
1400193  0.9636241116594315
1400194  0.9636241116594315
1400195  0.9636241116594315
1400196  0.9636241116594315
1400198  0.9636241116594315
1400199  0.9636241116594315
1400201  0.9636241116594315
1400202  0.9636241116594315
1400204  0.9636241116594315
1400205  0.9636241116594315
1400206  0.9636241116594315
1400207  0.9636241116594315
1400208  0.9636241116594315
1400209  0.9636241116594315
1400213  0.9636241116594315
1400214  0.9636241116594315
1400224  0.9636241116594315
2403255  0.9543135154205277
1400215  0.6943650748294136
1400216  0.6943650748294136
1400217  0.6943650748294136
1400218  0.6943650748294136
1400219  0.6943650748294136
1400220  0.6943650748294136
1400188  0.6408699444616557
1400189  0.6408699444616557
1400190  0.6408699444616557
1400042  0.521387245906701
1400045  0.521387245906701
1400048  0.521387245906701
1400051  0.521387245906701
1400054  0.521387245906701
1400057  0.521387245906701
1400060  0.521387245906701
1400063  0.521387245906701
1400066  0.521387245906701
1400069  0.521387245906701
1400072  0.521387245906701
1400075  0.521387245906701
1400078  0.521387245906701
1400081  0.521387245906701
1400256  0.521387245906701
1400257  0.521387245906701
1400261  0.521387245906701
1400271  0.521387245906701
1400272  0.521387245906701
1400273  0.521387245906701
1400274  0.521387245906701
1400278  0.521387245906701
1400282  0.521387245906701
1400283  0.521387245906701
1400284  0.521387245906701
2400113  0.521387245906701
2400126  0.521387245906701
2400139  0.521387245906701
2400158  0.521387245906701
2400177  0.521387245906701
2400196  0.521387245906701
2400216  0.521387245906701
2400235  0.521387245906701
2400254  0.521387245906701
2400275  0.521387245906701
2400283  0.521387245906701
2400286  0.521387245906701
2402900  0.521387245906701
2800035  0.521387245906701
2800385  0.521387245906701
2800386  0.521387245906701
2800387  0.521387245906701
2800388  0.521387245906701
2800392  0.521387245906701
2800399  0.521387245906701
2800400  0.521387245906701
2800402  0.521387245906701
2800403  0.521387245906701
2800406  0.521387245906701
2800407  0.521387245906701
2800409  0.521387245906701
2800410  0.521387245906701
2800411  0.521387245906701
2800413  0.521387245906701
2800419  0.521387245906701
2800425  0.521387245906701
2800426  0.521387245906701
2800429  0.521387245906701
2800430  0.521387245906701
2800432  0.521387245906701
2800435  0.521387245906701
2800438  0.521387245906701
2800439  0.521387245906701
1300064  0.2879144609812179
1300065  0.2879144609812179
1300066  0.2879144609812179
1300067  0.2879144609812179
1300068  0.2879144609812179
1300069  0.2879144609812179
1300087  0.2879144609812179
1300088  0.2879144609812179
1300089  0.2879144609812179
2100042  0.2879144609812179
2100043  0.2879144609812179
2100044  0.2879144609812179
2100054  0.2879144609812179
2200039  0.28641098093474
2200044  0.28641098093474
2200045  0.28641098093474
2200046  0.28641098093474
2200047  0.28641098093474
2200048  0.28641098093474
2200049  0.28641098093474
2200050  0.28641098093474
2200051  0.28641098093474
2200052  0.28641098093474
2200053  0.28641098093474
2200054  0.28641098093474
2200055  0.28641098093474
2200056  0.28641098093474
2200057  0.28641098093474
2200058  0.28641098093474
2200059  0.28641098093474
2200060  0.28641098093474
2200061  0.28641098093474
2200062  0.28641098093474
2200063  0.28641098093474
2200064  0.28641098093474
2200065  0.28641098093474
2200066  0.28641098093474
2200067  0.28641098093474
2200068  0.28641098093474
2200069  0.28641098093474
2200070  0.28641098093474
2200071  0.28641098093474
2200072  0.28641098093474
2200073  0.28641098093474
2200074  0.28641098093474
2200075  0.28641098093474
2200076  0.28641098093474
2200077  0.28641098093474
2200078  0.28641098093474
2200079  0.28641098093474
2200080  0.28641098093474
2200081  0.28641098093474
2200082  0.28641098093474
2200083  0.28641098093474
2200084  0.28641098093474
2200085  0.28641098093474
2200086  0.28641098093474
2200087  0.28641098093474
2200088  0.28641098093474
2200089  0.28641098093474
2200090  0.28641098093474
2200091  0.28641098093474
2200092  0.28641098093474
2200093  0.28641098093474
2200094  0.28641098093474
2200095  0.28641098093474
2200096  0.28641098093474
2200097  0.28641098093474
2200098  0.28641098093474
2200099  0.28641098093474
2200100  0.28641098093474
2200101  0.28641098093474
2200102  0.28641098093474
2200103  0.28641098093474
2200104  0.28641098093474
2200105  0.28641098093474
2200106  0.28641098093474
2200107  0.28641098093474
2200108  0.28641098093474
2200109  0.28641098093474
2200110  0.28641098093474
2200111  0.28641098093474
2200112  0.28641098093474
2200113  0.28641098093474
2200114  0.28641098093474
2200115  0.28641098093474
2200116  0.28641098093474
2200117  0.28641098093474
2200118  0.28641098093474
2200119  0.28641098093474
2200120  0.28641098093474
2200121  0.28641098093474
2200122  0.28641098093474
2200123  0.28641098093474
2200124  0.28641098093474
2200125  0.28641098093474
2200126  0.28641098093474
2200127  0.28641098093474
2200128  0.28641098093474
2200129  0.28641098093474
2200130  0.28641098093474
2200131  0.28641098093474
2200132  0.28641098093474
2200133  0.28641098093474
2200134  0.28641098093474
2200135  0.28641098093474
2200136  0.28641098093474
2200137  0.28641098093474
2200138  0.28641098093474
2200139  0.28641098093474
2200140  0.28641098093474
2200141  0.28641098093474
2200142  0.28641098093474
2200143  0.28641098093474
2200144  0.28641098093474
2200145  0.28641098093474
2200146  0.28641098093474
2200147  0.28641098093474
2200148  0.28641098093474
2200149  0.28641098093474
2200150  0.28641098093474
2200151  0.28641098093474
2200152  0.28641098093474
2200153  0.28641098093474
2200154  0.28641098093474
2200155  0.28641098093474
2200156  0.28641098093474
2200157  0.28641098093474
2200158  0.28641098093474
2200159  0.28641098093474
2200160  0.28641098093474
2200161  0.28641098093474
2200162  0.28641098093474
2200163  0.28641098093474
2200164  0.28641098093474
2200165  0.28641098093474
2200166  0.28641098093474
2200167  0.28641098093474
2200168  0.28641098093474
2200169  0.28641098093474
2200170  0.28641098093474
2200171  0.28641098093474
2200172  0.28641098093474
2200173  0.28641098093474
2200174  0.28641098093474
2200175  0.28641098093474
2200176  0.28641098093474
2200177  0.28641098093474
2200178  0.28641098093474
2200179  0.28641098093474
2200180  0.28641098093474
2200181  0.28641098093474
2200182  0.28641098093474
2200183  0.28641098093474
2200184  0.28641098093474
2200185  0.28641098093474
2200186  0.28641098093474
2200187  0.28641098093474
2200188  0.28641098093474
2200189  0.28641098093474
2200190  0.28641098093474
2200191  0.28641098093474
2200192  0.28641098093474
2200193  0.28641098093474
2200194  0.28641098093474
2200195  0.28641098093474
2200196  0.28641098093474
2200197  0.28641098093474
2200198  0.28641098093474
2200199  0.28641098093474
2200200  0.28641098093474
2200201  0.28641098093474
2200202  0.28641098093474
2200203  0.28641098093474
2200204  0.28641098093474
2200205  0.28641098093474
2200206  0.28641098093474
2200207  0.28641098093474
2200208  0.28641098093474
2200209  0.28641098093474
2200210  0.28641098093474
2200211  0.28641098093474
2200212  0.28641098093474
2200213  0.28641098093474
2200214  0.28641098093474
2200215  0.28641098093474
2200216  0.28641098093474
2200217  0.28641098093474
2200218  0.28641098093474
2200219  0.28641098093474
2200220  0.28641098093474
2200221  0.28641098093474
2200222  0.28641098093474
2200223  0.28641098093474
2200224  0.28641098093474
2200225  0.28641098093474
2200226  0.28641098093474
2200227  0.28641098093474
2200228  0.28641098093474
2200229  0.28641098093474
2200230  0.28641098093474
2200231  0.28641098093474
2200232  0.28641098093474
2200233  0.28641098093474
2200234  0.28641098093474
2200235  0.28641098093474
2200236  0.28641098093474
2200237  0.28641098093474
2200238  0.28641098093474
2200239  0.28641098093474
2200240  0.28641098093474
2200241  0.28641098093474
2200242  0.28641098093474
2200243  0.28641098093474
2200244  0.28641098093474
2200245  0.28641098093474
2200246  0.28641098093474
2200247  0.28641098093474
2200248  0.28641098093474
2200249  0.28641098093474
2200250  0.28641098093474
2200251  0.28641098093474
2200252  0.28641098093474
2200253  0.28641098093474
2200254  0.28641098093474
2200255  0.28641098093474
2200256  0.28641098093474
2200257  0.28641098093474
2200258  0.28641098093474
2200259  0.28641098093474
2200260  0.28641098093474
2200261  0.28641098093474
2200262  0.28641098093474
2200263  0.28641098093474
2200264  0.28641098093474
2200265  0.28641098093474
2200266  0.28641098093474
2200267  0.28641098093474
2200268  0.28641098093474
2200269  0.28641098093474
2200270  0.28641098093474
2200271  0.28641098093474
2200272  0.28641098093474
2200273  0.28641098093474
2200274  0.28641098093474
2200275  0.28641098093474
2200276  0.28641098093474
2200277  0.28641098093474
2200278  0.28641098093474
2200279  0.28641098093474
2200280  0.28641098093474
2200281  0.28641098093474
2200282  0.28641098093474
2200283  0.28641098093474
2200284  0.28641098093474
2200285  0.28641098093474
2200286  0.28641098093474
2200287  0.28641098093474
2200288  0.28641098093474
2200289  0.28641098093474
2200290  0.28641098093474
2200291  0.28641098093474
2200292  0.28641098093474
2200293  0.28641098093474
2200294  0.28641098093474
2200295  0.28641098093474
2200296  0.28641098093474
2200297  0.28641098093474
2200298  0.28641098093474
2200299  0.28641098093474
2200300  0.28641098093474
2200301  0.28641098093474
2200302  0.28641098093474
2200303  0.28641098093474
2200304  0.28641098093474
2200305  0.28641098093474
2200306  0.28641098093474
2200307  0.28641098093474
2200308  0.28641098093474
2200309  0.28641098093474
2200310  0.28641098093474
2200311  0.28641098093474
2200312  0.28641098093474
2200313  0.28641098093474
2200314  0.28641098093474
2200315  0.28641098093474
2200316  0.28641098093474
2200317  0.28641098093474
2200318  0.28641098093474
2200319  0.28641098093474
2200320  0.28641098093474
2200321  0.28641098093474
2200322  0.28641098093474
2200323  0.28641098093474
2200324  0.28641098093474
2200325  0.28641098093474
2200326  0.28641098093474
2200327  0.28641098093474
2200328  0.28641098093474
2200329  0.28641098093474
2200330  0.28641098093474
2200331  0.28641098093474
2200332  0.28641098093474
2200333  0.28641098093474
2200334  0.28641098093474
2200335  0.28641098093474
2200336  0.28641098093474
2200337  0.28641098093474
2200338  0.28641098093474
2200339  0.28641098093474
2200340  0.28641098093474
2200341  0.28641098093474
2200342  0.28641098093474
2200343  0.28641098093474
2200344  0.28641098093474
2200345  0.28641098093474
2200346  0.28641098093474
2200347  0.28641098093474
2200348  0.28641098093474
2200349  0.28641098093474
2200350  0.28641098093474
2200351  0.28641098093474
2200352  0.28641098093474
2200353  0.28641098093474
2200366  0.28641098093474
2200367  0.28641098093474
2200368  0.28641098093474
2100045  0.2661576119732497
2100050  0.2661576119732497
1100048  0.1889822365046136
1100049  0.1889822365046136
1100050  0.1889822365046136
1000053  0.1336306209562122
1000054  0.1336306209562122
1400182  0.1336306209562122
1400210  0.1336306209562122
1200069  0.10101525445522107
1200070  0.10101525445522107
1200074  0.10101525445522107
1200045  0.0944911182523068
1200046  0.0944911182523068
1200047  0.0944911182523068
1200048  0.0944911182523068
