1000104  1.0
1000107  1.0
1100104  1.0
1100137  1.0
1100152  1.0
1100173  1.0
1100174  1.0
1100177  1.0
1100178  1.0
1100179  1.0
1100180  1.0
1100181  1.0
1100186  1.0
1100187  1.0
1100192  1.0
1100196  1.0
1100197  1.0
1100198  1.0
1100356  1.0
1100359  1.0
1100360  1.0
1100361  1.0
1100362  1.0
1100363  1.0
1100364  1.0
1100366  1.0
1100400  1.0
1100522  1.0
1100523  1.0
1100538  1.0
1100539  1.0
1100549  1.0
1100578  1.0
1100579  1.0
1100582  1.0
1100585  1.0
1100588  1.0
1100591  1.0
1100592  1.0
1100593  1.0
1100855  1.0
1100859  1.0
1100883  1.0
1100886  1.0
1100966  1.0
1200040  1.0
1200042  1.0
1200046  1.0
1200047  1.0
1200055  1.0
1200065  1.0
1200068  1.0
1200069  1.0
1200073  1.0
1300055  1.0
1300059  1.0
1300063  1.0
1300067  1.0
1300071  1.0
1300075  1.0
1300079  1.0
1300083  1.0
1300087  1.0
1300091  1.0
1300095  1.0
1300099  1.0
1300103  1.0
1300107  1.0
1300111  1.0
1300115  1.0
1300119  1.0
1300123  1.0
1300127  1.0
1301627  1.0
1301645  1.0
1301646  1.0
1301730  1.0
