1100104  0.8866720199584961
1000104  0.8831477165222168
1100578  0.8788795471191406
1100549  0.8787157535552979
1100588  0.8712289333343506
1100579  0.8704697489738464
1100592  0.8660674691200256
1100582  0.8659281730651855
1100359  0.864528477191925
1100585  0.8625316023826599
1100356  0.8625158071517944
1100152  0.8605644106864929
1100593  0.8587324023246765
1300075  0.8587262034416199
1300103  0.8554579019546509
1100366  0.8552849888801575
1100855  0.8545220494270325
1100522  0.8542633652687073
1200065  0.8539832234382629
1200046  0.8538730144500732
1200040  0.8538523316383362
1100198  0.8535126447677612
1200042  0.8532793521881104
1100187  0.8520143628120422
1300063  0.8517881035804749
1100591  0.851714015007019
1301627  0.8516560792922974
1300095  0.8511269092559814
1100859  0.8503038287162781
1100192  0.850159764289856
1100179  0.8500307202339172
1300107  0.8498367071151733
1200068  0.8496819138526917
1100196  0.8494828343391418
1100966  0.8491116166114807
1100362  0.8488478064537048
1301646  0.8487018942832947
1100883  0.8484680652618408
1100886  0.8479311466217041
1100178  0.847895622253418
1300119  0.8476619124412537
1300091  0.8473125100135803
1200047  0.8468897938728333
1301645  0.8465635180473328
1300111  0.8465524911880493
1100180  0.8462114334106445
1300079  0.8454667925834656
1100360  0.84512859582901
1300087  0.8444381356239319
1200055  0.8441769480705261
1100538  0.8441388607025146
1100361  0.8436736464500427
1301730  0.8434790968894958
1100137  0.8432766199111938
1100181  0.8432192206382751
1000107  0.8431766629219055
1300067  0.8429965376853943
1300055  0.8428331017494202
1100186  0.8420230746269226
1300099  0.8408477306365967
1100523  0.8403284549713135
1100177  0.8403099775314331
1100400  0.8402131199836731
1300071  0.8401613831520081
1100197  0.8386083841323853
1300127  0.8385116457939148
1200073  0.8380359411239624
1300123  0.8373056054115295
1300059  0.8364138007164001
1100173  0.8349148035049438
1300083  0.8346830606460571
1100539  0.8343340158462524
1100174  0.8338170647621155
1300115  0.8333967924118042
1100364  0.8315386772155762
1100363  0.8303222060203552
1200069  0.8300036787986755
