2900068  inf
2900070  inf
2900071  inf
3000077  inf
5500298  inf
5500300  inf
5500302  inf
5500303  inf
5500304  inf
5500309  inf
6000399  inf
6000400  inf
6000401  inf
6000404  inf
6000406  inf
6000407  inf
6000409  inf
6000411  inf
6000428  inf
6000448  inf
6000449  inf
6000450  inf
6000458  inf
6000459  inf
6000468  inf
6000469  inf
6000470  inf
6000534  inf
6000551  inf
6000552  inf
6300088  inf
6300093  inf
6800047  inf
6900078  inf
6900080  inf
7600056  inf
7700233  inf
7700241  inf
8900217  inf
8900222  inf
5500092  9.0
5500098  9.0
5500103  9.0
5500104  9.0
5500112  9.0
5500113  9.0
5500114  9.0
5500115  9.0
5500136  9.0
5500137  9.0
5500138  9.0
5500144  9.0
5500146  9.0
5800182  9.0
8300104  9.0
8300105  9.0
8900082  9.0
8900084  9.0
8900088  9.0
6300123  5.333333333333333
6300142  5.333333333333333
1000030  4.0
1300073  4.0
1300076  4.0
1300079  4.0
1300082  4.0
1300085  4.0
1300088  4.0
1300091  4.0
1300094  4.0
1300097  4.0
1300100  4.0
1300103  4.0
1300106  4.0
1300110  4.0
1300113  4.0
1300116  4.0
1300119  4.0
1300122  4.0
1300125  4.0
1300128  4.0
1300131  4.0
1300134  4.0
1300137  4.0
1300140  4.0
1300153  4.0
1300154  4.0
1300155  4.0
1300164  4.0
1300173  4.0
1300182  4.0
1300191  4.0
1300200  4.0
1300209  4.0
1300218  4.0
1300227  4.0
1300236  4.0
1300245  4.0
1300254  4.0
1300264  4.0
1300273  4.0
1300282  4.0
1300291  4.0
1300300  4.0
1300309  4.0
1300318  4.0
1300327  4.0
1300336  4.0
1300345  4.0
1300354  4.0
1300363  4.0
1500054  4.0
1500055  4.0
1500660  4.0
1600063  4.0
1700095  4.0
1700115  4.0
1700116  4.0
1700117  4.0
1700133  4.0
1700134  4.0
1700135  4.0
1700136  4.0
1700137  4.0
1700138  4.0
1700141  4.0
1700142  4.0
1700143  4.0
1700148  4.0
1700153  4.0
1700154  4.0
1700157  4.0
1700159  4.0
1700161  4.0
1700174  4.0
1700175  4.0
1700178  4.0
1700181  4.0
1700182  4.0
1700183  4.0
1700184  4.0
1700204  4.0
1700207  4.0
1700210  4.0
1700211  4.0
1700212  4.0
1700415  4.0
1700416  4.0
1700418  4.0
1700419  4.0
1700423  4.0
1700426  4.0
1700429  4.0
1700430  4.0
1700431  4.0
1700443  4.0
1700446  4.0
1700448  4.0
1700458  4.0
1700460  4.0
1700462  4.0
1700466  4.0
1700469  4.0
1700473  4.0
1700514  4.0
1700515  4.0
1700517  4.0
1700518  4.0
1700529  4.0
1700531  4.0
1700532  4.0
1700542  4.0
1700544  4.0
1700545  4.0
1700548  4.0
1700689  4.0
1700690  4.0
1700693  4.0
1700694  4.0
1700706  4.0
1800033  4.0
2000049  4.0
2000050  4.0
2000051  4.0
2000053  4.0
2000055  4.0
2000056  4.0
2000057  4.0
2000059  4.0
2000070  4.0
2000071  4.0
2000072  4.0
2000092  4.0
2300095  4.0
2300098  4.0
2300110  4.0
2300119  4.0
2300183  4.0
2300184  4.0
2300187  4.0
2300188  4.0
2300192  4.0
2300193  4.0
2300194  4.0
2300195  4.0
2300196  4.0
2300200  4.0
2300201  4.0
2300202  4.0
2300203  4.0
2300204  4.0
2300205  4.0
2300209  4.0
2400039  4.0
2400042  4.0
2400045  4.0
2400048  4.0
2400061  4.0
2400062  4.0
2400068  4.0
2400071  4.0
2400084  4.0
2400087  4.0
2400088  4.0
2400089  4.0
2600038  4.0
2600039  4.0
2600040  4.0
2600041  4.0
2600042  4.0
2600088  4.0
2600089  4.0
2600102  4.0
2800082  4.0
2800083  4.0
2800106  4.0
2800107  4.0
2800110  4.0
2800111  4.0
2800114  4.0
2800115  4.0
2800117  4.0
2800118  4.0
2800121  4.0
2800123  4.0
2800124  4.0
2800136  4.0
2800140  4.0
2800141  4.0
2800145  4.0
2800147  4.0
2800150  4.0
2800152  4.0
2800153  4.0
2800154  4.0
2800155  4.0
2800174  4.0
2800196  4.0
2800199  4.0
2800200  4.0
2800201  4.0
2800205  4.0
2800214  4.0
2800224  4.0
2800226  4.0
2800227  4.0
2800228  4.0
2800229  4.0
2800236  4.0
2800237  4.0
2800240  4.0
2800252  4.0
2800253  4.0
2800255  4.0
2800258  4.0
2800260  4.0
2800262  4.0
2800263  4.0
2800274  4.0
2800275  4.0
2800276  4.0
2800277  4.0
2800281  4.0
2800282  4.0
2800284  4.0
2800287  4.0
2800289  4.0
3000063  4.0
3000065  4.0
3000066  4.0
3000067  4.0
3000068  4.0
3000122  4.0
3000123  4.0
3000169  4.0
3000171  4.0
3000173  4.0
3000175  4.0
3000178  4.0
3000180  4.0
3100099  4.0
3100100  4.0
3100101  4.0
3100102  4.0
3100103  4.0
3100156  4.0
3100160  4.0
3100164  4.0
3100168  4.0
3100172  4.0
3100176  4.0
3100180  4.0
3100184  4.0
3100188  4.0
3100192  4.0
3100196  4.0
3100200  4.0
3100204  4.0
3100208  4.0
3100212  4.0
3100216  4.0
3100220  4.0
3100224  4.0
3100228  4.0
3100232  4.0
3100236  4.0
3100240  4.0
3100244  4.0
3100248  4.0
3100252  4.0
3100256  4.0
3100260  4.0
3100264  4.0
3100268  4.0
3100272  4.0
3100276  4.0
3100280  4.0
3100284  4.0
3100288  4.0
3100292  4.0
3100308  4.0
3100319  4.0
3100320  4.0
3100321  4.0
3100323  4.0
3100327  4.0
3100328  4.0
3100329  4.0
3100330  4.0
3100331  4.0
3100332  4.0
3100333  4.0
3100334  4.0
3100335  4.0
3100336  4.0
3100337  4.0
3100338  4.0
3100343  4.0
3100344  4.0
3100345  4.0
3100346  4.0
3100347  4.0
3100348  4.0
3100349  4.0
3100350  4.0
3100351  4.0
3100352  4.0
3100353  4.0
3100354  4.0
3100355  4.0
3100356  4.0
3100357  4.0
3100358  4.0
3100359  4.0
3100360  4.0
3100361  4.0
3100362  4.0
3100363  4.0
3100364  4.0
3100365  4.0
3100369  4.0
3100370  4.0
3100372  4.0
3100385  4.0
3100386  4.0
3700482  4.0
3700504  4.0
3700505  4.0
3700509  4.0
3700510  4.0
3700511  4.0
3700512  4.0
3700513  4.0
3700514  4.0
3700515  4.0
3801166  4.0
3801176  4.0
3801177  4.0
3801178  4.0
3801179  4.0
3801180  4.0
4101341  4.0
4101342  4.0
4101343  4.0
4101344  4.0
4101347  4.0
4101348  4.0
4101349  4.0
4101350  4.0
4101351  4.0
4101353  4.0
4101354  4.0
4101355  4.0
4101356  4.0
4101359  4.0
4101360  4.0
4101364  4.0
4101367  4.0
4101370  4.0
4101371  4.0
4101372  4.0
4101375  4.0
4101500  4.0
4101501  4.0
4101502  4.0
4101503  4.0
4101504  4.0
4101505  4.0
4101506  4.0
4200740  4.0
4200747  4.0
4200748  4.0
4200749  4.0
4200750  4.0
4200751  4.0
4300037  4.0
4300039  4.0
4300040  4.0
4300099  4.0
4400039  4.0
4400041  4.0
4400047  4.0
4400048  4.0
4400049  4.0
4400050  4.0
4400051  4.0
4400052  4.0
4400053  4.0
4400054  4.0
4400055  4.0
4400056  4.0
4400057  4.0
4400058  4.0
4400059  4.0
4400060  4.0
4400063  4.0
4400066  4.0
4400067  4.0
4400282  4.0
4400285  4.0
4600509  4.0
4700060  4.0
4700062  4.0
4700064  4.0
4700066  4.0
4700068  4.0
4700070  4.0
4700072  4.0
4700074  4.0
4700076  4.0
4700078  4.0
4700080  4.0
4700082  4.0
4700094  4.0
4700095  4.0
4700096  4.0
4700105  4.0
4700114  4.0
4700123  4.0
4700132  4.0
4700141  4.0
4700151  4.0
4700160  4.0
4700169  4.0
4700178  4.0
4700187  4.0
4700196  4.0
4700205  4.0
4800259  4.0
4800260  4.0
4800261  4.0
4800278  4.0
5300444  4.0
5300445  4.0
5300446  4.0
5300447  4.0
5300448  4.0
5300452  4.0
5300457  4.0
5400037  4.0
5400038  4.0
5500051  4.0
5500052  4.0
5500053  4.0
5500054  4.0
5500055  4.0
5600055  4.0
5600056  4.0
5600057  4.0
5600058  4.0
5600137  4.0
5700050  4.0
5700051  4.0
5700054  4.0
5700055  4.0
5700058  4.0
5700069  4.0
5800151  4.0
5800152  4.0
5800153  4.0
5900047  4.0
5900048  4.0
5900051  4.0
5900052  4.0
5900066  4.0
6000050  4.0
6000076  4.0
6000077  4.0
6000079  4.0
6000081  4.0
6000083  4.0
6000085  4.0
6000087  4.0
6000090  4.0
6000093  4.0
6000096  4.0
6000099  4.0
6000102  4.0
6000105  4.0
6000108  4.0
6000111  4.0
6000114  4.0
6000117  4.0
6000120  4.0
6000121  4.0
6000126  4.0
6000131  4.0
6000133  4.0
6000138  4.0
6000139  4.0
6000143  4.0
6000146  4.0
6000241  4.0
6000242  4.0
6000243  4.0
6000244  4.0
6000245  4.0
6000246  4.0
6000247  4.0
6000249  4.0
6000250  4.0
6000251  4.0
6000252  4.0
6000253  4.0
6000254  4.0
6000255  4.0
6000256  4.0
6000257  4.0
6000258  4.0
6000259  4.0
6000264  4.0
6000265  4.0
6000268  4.0
6000270  4.0
6000273  4.0
6000275  4.0
6000278  4.0
6000279  4.0
6000280  4.0
6000281  4.0
6000282  4.0
6000283  4.0
6000284  4.0
6000286  4.0
6000288  4.0
6000294  4.0
6000295  4.0
6000296  4.0
6000297  4.0
6000298  4.0
6000360  4.0
6000385  4.0
6000386  4.0
6000387  4.0
6000691  4.0
6000738  4.0
6000739  4.0
6000740  4.0
6000741  4.0
6000743  4.0
6100046  4.0
6100047  4.0
6100048  4.0
6200044  4.0
6200045  4.0
6200046  4.0
6300042  4.0
6300045  4.0
6300053  4.0
6300054  4.0
6300056  4.0
6300057  4.0
6300058  4.0
6300059  4.0
6300061  4.0
6300062  4.0
6300064  4.0
6300066  4.0
6300067  4.0
6300069  4.0
6300075  4.0
6300076  4.0
6300120  4.0
6300139  4.0
6400045  4.0
6400046  4.0
6400047  4.0
6400119  4.0
6500436  4.0
6500437  4.0
6500445  4.0
6500446  4.0
6500448  4.0
6500449  4.0
6500451  4.0
6500452  4.0
6500454  4.0
6500455  4.0
6500457  4.0
6500458  4.0
6500460  4.0
6500461  4.0
6500463  4.0
6500464  4.0
6500466  4.0
6500467  4.0
6500469  4.0
6500470  4.0
6500472  4.0
6500473  4.0
6500475  4.0
6500476  4.0
6500478  4.0
6500485  4.0
6500486  4.0
6500488  4.0
6500489  4.0
6500491  4.0
6500492  4.0
6500494  4.0
6500495  4.0
6500497  4.0
6500498  4.0
6500500  4.0
6500501  4.0
6500503  4.0
6500504  4.0
6500506  4.0
6500507  4.0
6500509  4.0
6500510  4.0
6500512  4.0
6500513  4.0
6500515  4.0
6500516  4.0
6500518  4.0
6500519  4.0
6500521  4.0
6500522  4.0
6500524  4.0
6500525  4.0
6500527  4.0
6500528  4.0
6500530  4.0
6500531  4.0
6500533  4.0
6500534  4.0
6500536  4.0
6500537  4.0
6500539  4.0
6500540  4.0
6500542  4.0
6500543  4.0
6500545  4.0
6500546  4.0
6500548  4.0
6500549  4.0
6500551  4.0
6500552  4.0
6500555  4.0
6500558  4.0
6500562  4.0
6600040  4.0
6600041  4.0
6600042  4.0
6600093  4.0
6600097  4.0
6700054  4.0
6700055  4.0
6700058  4.0
6700061  4.0
6700062  4.0
6700070  4.0
6700086  4.0
6800041  4.0
6800042  4.0
6800043  4.0
6900048  4.0
6900050  4.0
6900054  4.0
6900055  4.0
6900059  4.0
6900060  4.0
6900150  4.0
6900154  4.0
7000750  4.0
7000751  4.0
7100057  4.0
7100059  4.0
7100063  4.0
7100064  4.0
7100065  4.0
7100069  4.0
7100070  4.0
7500040  4.0
7500046  4.0
7500047  4.0
7500087  4.0
7500091  4.0
7600045  4.0
7600046  4.0
7600047  4.0
7700045  4.0
7700068  4.0
7700071  4.0
7700072  4.0
7700081  4.0
7700100  4.0
7700111  4.0
7700115  4.0
7700116  4.0
7700117  4.0
7700118  4.0
7700119  4.0
7700122  4.0
7700126  4.0
7700127  4.0
7700128  4.0
7700129  4.0
7700135  4.0
7700137  4.0
7700138  4.0
7700148  4.0
7700149  4.0
7700191  4.0
7700192  4.0
7700194  4.0
7700197  4.0
7700202  4.0
7700203  4.0
7700211  4.0
7700212  4.0
7700217  4.0
7700221  4.0
7700225  4.0
7700229  4.0
7700237  4.0
7800056  4.0
7800058  4.0
7800062  4.0
7800063  4.0
7800066  4.0
7800070  4.0
7800072  4.0
7800073  4.0
7800075  4.0
7800076  4.0
7800078  4.0
7800079  4.0
7800080  4.0
7800182  4.0
7900052  4.0
7900054  4.0
7900058  4.0
7900059  4.0
7900062  4.0
7900066  4.0
7900067  4.0
7900076  4.0
7900077  4.0
7900087  4.0
7900088  4.0
7900089  4.0
7900090  4.0
7900148  4.0
7900158  4.0
8000042  4.0
8000043  4.0
8000044  4.0
8100041  4.0
8100042  4.0
8100043  4.0
8300043  4.0
8300044  4.0
8300045  4.0
8300054  4.0
8300063  4.0
8400045  4.0
8400046  4.0
8400049  4.0
8500046  4.0
8500047  4.0
8500058  4.0
8500059  4.0
8500073  4.0
8500075  4.0
8500079  4.0
8500081  4.0
8500082  4.0
8500086  4.0
8500087  4.0
8500091  4.0
8500174  4.0
8500183  4.0
8600770  4.0
8600771  4.0
8600772  4.0
8600773  4.0
9000047  4.0
9000048  4.0
9000051  4.0
9000052  4.0
9100052  4.0
9100053  4.0
9100056  4.0
9100059  4.0
9100060  4.0
9200038  4.0
9200044  4.0
9200045  4.0
9200062  4.0
9200071  4.0
9200080  4.0
1500255  2.0
1500256  2.0
1500257  2.0
1500258  2.0
1500259  2.0
1500260  2.0
1500261  2.0
1500262  2.0
1500265  2.0
1500276  2.0
1500277  2.0
1500278  2.0
1500289  2.0
2300225  2.0
2300226  2.0
2300227  2.0
2300252  2.0
2300258  2.0
2300259  2.0
2300268  2.0
2300269  2.0
2300309  2.0
2300310  2.0
2300312  2.0
2300313  2.0
2300314  2.0
2300316  2.0
2300320  2.0
2300323  2.0
2300333  2.0
2300339  2.0
2300343  2.0
2300345  2.0
2300346  2.0
2300348  2.0
2300349  2.0
2300350  2.0
2300351  2.0
2300352  2.0
2300355  2.0
2300356  2.0
2300357  2.0
2300360  2.0
2300362  2.0
2300363  2.0
2300364  2.0
2300366  2.0
2300369  2.0
2300370  2.0
2300371  2.0
2300372  2.0
2300379  2.0
2300383  2.0
2300390  2.0
2300396  2.0
2300397  2.0
2300398  2.0
2300404  2.0
2300405  2.0
2300406  2.0
2300407  2.0
2300410  2.0
2300411  2.0
2300417  2.0
2300418  2.0
2300419  2.0
2300421  2.0
2300423  2.0
2300424  2.0
2300426  2.0
2300427  2.0
2300428  2.0
2900078  2.0
3000086  2.0
3600816  2.0
3600817  2.0
3600818  2.0
3600819  2.0
3600820  2.0
3600827  2.0
3600835  2.0
3600839  2.0
3600843  2.0
3600845  2.0
3600846  2.0
3600849  2.0
3600850  2.0
3600852  2.0
3600855  2.0
3600857  2.0
3600860  2.0
3600863  2.0
3600865  2.0
3600866  2.0
3600867  2.0
3600873  2.0
3700549  2.0
3700550  2.0
3700558  2.0
3700560  2.0
3700561  2.0
3700563  2.0
3700564  2.0
3700565  2.0
3700567  2.0
3700573  2.0
3700574  2.0
3700575  2.0
3700576  2.0
3700577  2.0
3700578  2.0
3700583  2.0
3700672  2.0
3700682  2.0
3700683  2.0
3700706  2.0
3700709  2.0
3700710  2.0
3700711  2.0
3700713  2.0
3700717  2.0
3700718  2.0
3700719  2.0
3700720  2.0
3700725  2.0
3700729  2.0
3700731  2.0
3900948  2.0
3900949  2.0
3900950  2.0
3900963  2.0
3900964  2.0
3900965  2.0
3900966  2.0
3900971  2.0
3900972  2.0
3900973  2.0
3900974  2.0
3900975  2.0
3900976  2.0
3900977  2.0
3900978  2.0
3900985  2.0
3900986  2.0
3900994  2.0
3900995  2.0
3900997  2.0
3901011  2.0
3901018  2.0
3901024  2.0
3901025  2.0
3901026  2.0
3901029  2.0
3901030  2.0
3901032  2.0
3901037  2.0
3901038  2.0
3901042  2.0
3901043  2.0
3901044  2.0
3901045  2.0
3901047  2.0
3901049  2.0
3901066  2.0
3901067  2.0
3901082  2.0
3901085  2.0
3901086  2.0
3901088  2.0
3901089  2.0
3901090  2.0
3901091  2.0
3901092  2.0
3901098  2.0
3901100  2.0
3901101  2.0
3901103  2.0
3901105  2.0
3901110  2.0
3901115  2.0
3901124  2.0
3901131  2.0
3901132  2.0
3901141  2.0
3901142  2.0
3901143  2.0
3901144  2.0
3901154  2.0
4000890  2.0
4000891  2.0
4000892  2.0
4000893  2.0
4000894  2.0
4000895  2.0
4000906  2.0
4000910  2.0
4000914  2.0
4000918  2.0
4000922  2.0
4000929  2.0
4000930  2.0
4000932  2.0
4101389  2.0
4101390  2.0
4101394  2.0
4101395  2.0
4101396  2.0
4101397  2.0
4101399  2.0
4101400  2.0
4101401  2.0
4101403  2.0
4101407  2.0
4101408  2.0
4101409  2.0
4101410  2.0
4101412  2.0
4101417  2.0
4101418  2.0
4101419  2.0
4101420  2.0
4101421  2.0
4101426  2.0
4101428  2.0
4101429  2.0
4101430  2.0
4101431  2.0
4101432  2.0
4101433  2.0
4101434  2.0
4101435  2.0
4101436  2.0
4101457  2.0
4101458  2.0
4101480  2.0
4101690  2.0
4101691  2.0
4200761  2.0
4200772  2.0
4200776  2.0
4400086  2.0
4400283  2.0
4400316  2.0
4400317  2.0
4400319  2.0
4500056  2.0
4500058  2.0
4500059  2.0
4500060  2.0
4500061  2.0
4500062  2.0
4500063  2.0
4500064  2.0
4500065  2.0
4500102  2.0
4500103  2.0
4500104  2.0
4500114  2.0
4500116  2.0
4500163  2.0
4500164  2.0
4500165  2.0
4500173  2.0
4500175  2.0
4500595  2.0
4500596  2.0
4500597  2.0
4500598  2.0
4500599  2.0
4500617  2.0
4500628  2.0
4600515  2.0
4800282  2.0
4800284  2.0
4800292  2.0
4800294  2.0
4800298  2.0
4900057  2.0
5000045  2.0
5000046  2.0
5000056  2.0
5000068  2.0
5100057  2.0
5100106  2.0
5100107  2.0
5100108  2.0
5100109  2.0
5100110  2.0
5100111  2.0
5100254  2.0
5100255  2.0
5100256  2.0
5100257  2.0
5100258  2.0
5100259  2.0
5100308  2.0
5100318  2.0
5200065  2.0
5200298  2.0
5200299  2.0
5200490  2.0
5200491  2.0
5500243  2.0
5500247  2.0
5500248  2.0
5500249  2.0
5500250  2.0
5500252  2.0
5500256  2.0
5500258  2.0
5500271  2.0
5500273  2.0
5500276  2.0
5500280  2.0
5600091  2.0
5700253  2.0
5800190  2.0
5900141  2.0
6000371  2.0
6000372  2.0
6000373  2.0
6000402  2.0
6000410  2.0
6000485  2.0
6000486  2.0
6000537  2.0
6000539  2.0
6000540  2.0
6000554  2.0
6300134  2.0
6300148  2.0
6300149  2.0
6300152  2.0
6300153  2.0
6300156  2.0
6300157  2.0
6300161  2.0
6300166  2.0
6300167  2.0
6300168  2.0
6300170  2.0
6300175  2.0
6300176  2.0
6300177  2.0
6300179  2.0
6300180  2.0
6300182  2.0
6300184  2.0
6300188  2.0
6300190  2.0
6300195  2.0
6300196  2.0
6300198  2.0
6400054  2.0
6400058  2.0
6400059  2.0
6400061  2.0
6400062  2.0
6400063  2.0
6400082  2.0
6400084  2.0
6400088  2.0
6400091  2.0
6800055  2.0
6800096  2.0
7100079  2.0
7100082  2.0
7100111  2.0
7100112  2.0
7100131  2.0
7700209  2.0
8300114  2.0
8300115  2.0
8900100  2.0
8900102  2.0
8900106  2.0
8900187  2.0
8900188  2.0
9200117  2.0
1700147  1.8
6300121  1.3333333333333333
6300140  1.3333333333333333
7700213  1.3333333333333333
3000096  0.6666666666666666
3000099  0.6666666666666666
3000100  0.6666666666666666
3000101  0.6666666666666666
3000104  0.6666666666666666
3000105  0.6666666666666666
3000106  0.6666666666666666
3000110  0.6666666666666666
3000111  0.6666666666666666
3000112  0.6666666666666666
6900141  0.6666666666666666
8900064  0.6666666666666666
8900066  0.6666666666666666
8900070  0.6666666666666666
4101460  0.3333333333333333
4101464  0.3333333333333333
4101465  0.3333333333333333
4200800  0.3333333333333333
4200804  0.3333333333333333
4500674  0.3333333333333333
4500675  0.3333333333333333
5100329  0.3333333333333333
5200704  0.3333333333333333
5200713  0.3333333333333333
