4000050  0.1916419267654419
4000280  0.1916419267654419
4000281  0.1916419267654419
4000282  0.1916419267654419
4000283  0.1916419267654419
4000284  0.1916419267654419
4000286  0.1916419267654419
4000288  0.1916419267654419
4000294  0.1916419267654419
4000295  0.1916419267654419
4000296  0.1916419267654419
4000297  0.1916419267654419
4000298  0.1916419267654419
4000327  0.1916419267654419
4000328  0.1916419267654419
4000329  0.1916419267654419
4000339  0.1916419267654419
4000340  0.1916419267654419
4000342  0.1916419267654419
4000344  0.1916419267654419
4000360  0.1916419267654419
4000385  0.1916419267654419
4000386  0.1916419267654419
4000387  0.1916419267654419
4000399  0.1916419267654419
4000400  0.1916419267654419
4000401  0.1916419267654419
4000402  0.1916419267654419
4000404  0.1916419267654419
4000406  0.1916419267654419
4000407  0.1916419267654419
4000409  0.1916419267654419
4000411  0.1916419267654419
4000414  0.1916419267654419
4000417  0.1916419267654419
4000420  0.1916419267654419
4000422  0.1916419267654419
4000424  0.1916419267654419
4000428  0.1916419267654419
4000435  0.1916419267654419
4000448  0.1916419267654419
4000449  0.1916419267654419
4000450  0.1916419267654419
4000458  0.1916419267654419
4000459  0.1916419267654419
4000468  0.1916419267654419
4000469  0.1916419267654419
4000470  0.1916419267654419
4000485  0.1916419267654419
4000486  0.1916419267654419
4000493  0.1916419267654419
4000494  0.1916419267654419
4000495  0.1916419267654419
4000496  0.1916419267654419
4000508  0.1916419267654419
4000516  0.1916419267654419
4000517  0.1916419267654419
4000520  0.1916419267654419
4000521  0.1916419267654419
4000524  0.1916419267654419
4000534  0.1916419267654419
4000537  0.1916419267654419
4000539  0.1916419267654419
4000540  0.1916419267654419
4000551  0.1916419267654419
4000552  0.1916419267654419
4000554  0.1916419267654419
4000603  0.1916419267654419
4000604  0.1916419267654419
4000605  0.1916419267654419
4000606  0.1916419267654419
4000682  0.1916419267654419
4000691  0.1916419267654419
4000738  0.1916419267654419
4000739  0.1916419267654419
4000740  0.1916419267654419
4000741  0.1916419267654419
4000743  0.1916419267654419
4100045  0.1916419267654419
4100046  0.1916419267654419
4100047  0.1916419267654419
4100054  0.1916419267654419
4100082  0.1916419267654419
4100084  0.1916419267654419
4100095  0.1916419267654419
4100111  0.1916419267654419
4100115  0.1916419267654419
4100119  0.1916419267654419
4100127  0.1916419267654419
4100128  0.1916419267654419
4100129  0.1916419267654419
4100131  0.1916419267654419
4100133  0.1916419267654419
4200046  0.1916419267654419
4200047  0.1916419267654419
4200048  0.1916419267654419
4200127  0.1916419267654419
4200131  0.1916419267654419
4300049  0.1916419267654419
4300050  0.1916419267654419
4300051  0.1916419267654419
4300053  0.1916419267654419
4300055  0.1916419267654419
4300056  0.1916419267654419
4300057  0.1916419267654419
4300059  0.1916419267654419
4300070  0.1916419267654419
4300071  0.1916419267654419
4300072  0.1916419267654419
4300092  0.1916419267654419
4300218  0.1916419267654419
4400045  0.1916419267654419
4400068  0.1916419267654419
4400071  0.1916419267654419
4400072  0.1916419267654419
4400081  0.1916419267654419
4400100  0.1916419267654419
4400111  0.1916419267654419
4400115  0.1916419267654419
4400116  0.1916419267654419
4400117  0.1916419267654419
4400118  0.1916419267654419
4400119  0.1916419267654419
4400122  0.1916419267654419
4400126  0.1916419267654419
4400127  0.1916419267654419
4400128  0.1916419267654419
4400129  0.1916419267654419
4400131  0.1916419267654419
4400132  0.1916419267654419
4400135  0.1916419267654419
4400137  0.1916419267654419
4400138  0.1916419267654419
4400148  0.1916419267654419
4400149  0.1916419267654419
4400171  0.1916419267654419
4400191  0.1916419267654419
4400192  0.1916419267654419
4400194  0.1916419267654419
4400197  0.1916419267654419
4400202  0.1916419267654419
4400203  0.1916419267654419
4400209  0.1916419267654419
4400211  0.1916419267654419
4400212  0.1916419267654419
4400213  0.1916419267654419
4400217  0.1916419267654419
4400221  0.1916419267654419
4400225  0.1916419267654419
4400229  0.1916419267654419
4400233  0.1916419267654419
4400237  0.1916419267654419
4400241  0.1916419267654419
4500042  0.1916419267654419
4500045  0.1916419267654419
4500053  0.1916419267654419
4500054  0.1916419267654419
4500056  0.1916419267654419
4500057  0.1916419267654419
4500058  0.1916419267654419
4500059  0.1916419267654419
4500061  0.1916419267654419
4500062  0.1916419267654419
4500064  0.1916419267654419
4500066  0.1916419267654419
4500067  0.1916419267654419
4500069  0.1916419267654419
4500075  0.1916419267654419
4500076  0.1916419267654419
4500088  0.1916419267654419
4500093  0.1916419267654419
4500120  0.1916419267654419
4500121  0.1916419267654419
4500123  0.1916419267654419
4500134  0.1916419267654419
4500139  0.1916419267654419
4500140  0.1916419267654419
4500142  0.1916419267654419
4500175  0.1916419267654419
4500176  0.1916419267654419
4500177  0.1916419267654419
4500179  0.1916419267654419
4500195  0.1916419267654419
4500196  0.1916419267654419
4500198  0.1916419267654419
4700043  0.1916419267654419
4700044  0.1916419267654419
4700045  0.1916419267654419
4700054  0.1916419267654419
4700063  0.1916419267654419
4700142  0.1916419267654419
4700143  0.1916419267654419
4700144  0.1916419267654419
4700145  0.1916419267654419
4800057  0.1916419267654419
4800059  0.1916419267654419
4800063  0.1916419267654419
4800064  0.1916419267654419
4800065  0.1916419267654419
4800069  0.1916419267654419
4800070  0.1916419267654419
4800079  0.1916419267654419
4800082  0.1916419267654419
4800111  0.1916419267654419
4800112  0.1916419267654419
4800122  0.1916419267654419
4800131  0.1916419267654419
4900048  0.1916419267654419
4900050  0.1916419267654419
4900054  0.1916419267654419
4900055  0.1916419267654419
4900059  0.1916419267654419
4900060  0.1916419267654419
4900078  0.1916419267654419
4900080  0.1916419267654419
4900092  0.1916419267654419
4900095  0.1916419267654419
4900096  0.1916419267654419
4900126  0.1916419267654419
4900129  0.1916419267654419
4900141  0.1916419267654419
4900150  0.1916419267654419
4900154  0.1916419267654419
4900163  0.1916419267654419
5000045  0.1916419267654419
5000046  0.1916419267654419
5000049  0.1916419267654419
5000101  0.1916419267654419
5100054  0.1916419267654419
5100055  0.1916419267654419
5100058  0.1916419267654419
5100061  0.1916419267654419
5100062  0.1916419267654419
5100070  0.1916419267654419
5100082  0.1916419267654419
5100086  0.1916419267654419
5100090  0.1916419267654419
5200750  0.1916419267654419
5200751  0.1916419267654419
5300040  0.1916419267654419
5300041  0.1916419267654419
5300042  0.1916419267654419
5300093  0.1916419267654419
5300097  0.1916419267654419
5400046  0.1916419267654419
5400047  0.1916419267654419
5400058  0.1916419267654419
5400059  0.1916419267654419
5400073  0.1916419267654419
5400075  0.1916419267654419
5400079  0.1916419267654419
5400081  0.1916419267654419
5400082  0.1916419267654419
5400086  0.1916419267654419
5400087  0.1916419267654419
5400091  0.1916419267654419
5400152  0.1916419267654419
5400153  0.1916419267654419
5400165  0.1916419267654419
5400174  0.1916419267654419
5400183  0.1916419267654419
5500056  0.1916419267654419
5500058  0.1916419267654419
5500062  0.1916419267654419
5500063  0.1916419267654419
5500066  0.1916419267654419
5500070  0.1916419267654419
5500072  0.1916419267654419
5500073  0.1916419267654419
5500075  0.1916419267654419
5500076  0.1916419267654419
5500078  0.1916419267654419
5500079  0.1916419267654419
5500080  0.1916419267654419
5500182  0.1916419267654419
5600052  0.1916419267654419
5600054  0.1916419267654419
5600058  0.1916419267654419
5600059  0.1916419267654419
5600062  0.1916419267654419
5600066  0.1916419267654419
5600067  0.1916419267654419
5600076  0.1916419267654419
5600077  0.1916419267654419
5600087  0.1916419267654419
5600088  0.1916419267654419
5600089  0.1916419267654419
5600090  0.1916419267654419
5600139  0.1916419267654419
5600148  0.1916419267654419
5600158  0.1916419267654419
5700045  0.1916419267654419
5700046  0.1916419267654419
5700047  0.1916419267654419
5700056  0.1916419267654419
5700094  0.1916419267654419
5700103  0.1916419267654419
5700112  0.1916419267654419
5800041  0.1916419267654419
5800042  0.1916419267654419
5800043  0.1916419267654419
5800047  0.1916419267654419
5800051  0.1916419267654419
5800055  0.1916419267654419
5800096  0.1916419267654419
5900041  0.1916419267654419
5900042  0.1916419267654419
6300533  0.1916419267654419
6300534  0.1916419267654419
6300536  0.1916419267654419
6300537  0.1916419267654419
6300539  0.1916419267654419
6300540  0.1916419267654419
6300542  0.1916419267654419
6300543  0.1916419267654419
6300545  0.1916419267654419
6300546  0.1916419267654419
6300548  0.1916419267654419
6300549  0.1916419267654419
6300551  0.1916419267654419
6300552  0.1916419267654419
6300555  0.1916419267654419
6300558  0.1916419267654419
6300562  0.1916419267654419
6400770  0.1916419267654419
6400771  0.1916419267654419
6400772  0.1916419267654419
6400773  0.1916419267654419
6600040  0.1916419267654419
6600046  0.1916419267654419
6600047  0.1916419267654419
6600087  0.1916419267654419
6600091  0.1916419267654419
6700284  0.1916419267654419
6700285  0.1916419267654419
6700288  0.1916419267654419
6700289  0.1916419267654419
6700290  0.1916419267654419
6700291  0.1916419267654419
6700298  0.1916419267654419
6800389  0.1916419267654419
6800390  0.1916419267654419
6800393  0.1916419267654419
6800394  0.1916419267654419
6800395  0.1916419267654419
6800396  0.1916419267654419
6800397  0.1916419267654419
6800398  0.1916419267654419
6800399  0.1916419267654419
6900391  0.1916419267654419
6900392  0.1916419267654419
6900393  0.1916419267654419
7000052  0.1916419267654419
7000053  0.1916419267654419
7000056  0.1916419267654419
7000059  0.1916419267654419
7000060  0.1916419267654419
7000069  0.1916419267654419
7101083  0.1916419267654419
7101084  0.1916419267654419
7101085  0.1916419267654419
7200612  0.1916419267654419
7200613  0.1916419267654419
7200622  0.1916419267654419
7200623  0.1916419267654419
7200624  0.1916419267654419
7200625  0.1916419267654419
7200626  0.1916419267654419
7200627  0.1916419267654419
7200630  0.1916419267654419
7200632  0.1916419267654419
7200633  0.1916419267654419
7200634  0.1916419267654419
7200636  0.1916419267654419
7200637  0.1916419267654419
7200644  0.1916419267654419
7200647  0.1916419267654419
7200710  0.1916419267654419
7200711  0.1916419267654419
7200712  0.1916419267654419
7200714  0.1916419267654419
7200715  0.1916419267654419
7200718  0.1916419267654419
7200724  0.1916419267654419
7200725  0.1916419267654419
7200737  0.1916419267654419
7200764  0.1916419267654419
7200768  0.1916419267654419
7200788  0.1916419267654419
7200795  0.1916419267654419
7200826  0.1916419267654419
7200912  0.1916419267654419
7200915  0.1916419267654419
7300074  0.1916419267654419
7300083  0.1916419267654419
7300105  0.1916419267654419
7300108  0.1916419267654419
7300173  0.1916419267654419
7300189  0.1916419267654419
7300191  0.1916419267654419
7300192  0.1916419267654419
7300199  0.1916419267654419
7300200  0.1916419267654419
7300201  0.1916419267654419
7300202  0.1916419267654419
7300214  0.1916419267654419
7300215  0.1916419267654419
7300228  0.1916419267654419
7300230  0.1916419267654419
7300271  0.1916419267654419
7300272  0.1916419267654419
7300465  0.1916419267654419
7300467  0.1916419267654419
7300468  0.1916419267654419
7300469  0.1916419267654419
7300470  0.1916419267654419
7300472  0.1916419267654419
7300473  0.1916419267654419
7300474  0.1916419267654419
7300476  0.1916419267654419
7300480  0.1916419267654419
7300485  0.1916419267654419
7300491  0.1916419267654419
7300497  0.1916419267654419
7300501  0.1916419267654419
7300502  0.1916419267654419
7300503  0.1916419267654419
7300504  0.1916419267654419
7300505  0.1916419267654419
7300506  0.1916419267654419
7300507  0.1916419267654419
7300508  0.1916419267654419
7300509  0.1916419267654419
7300510  0.1916419267654419
7300512  0.1916419267654419
7300517  0.1916419267654419
7300526  0.1916419267654419
7300527  0.1916419267654419
7300532  0.1916419267654419
7300533  0.1916419267654419
7300541  0.1916419267654419
7300543  0.1916419267654419
7300544  0.1916419267654419
7300546  0.1916419267654419
7300549  0.1916419267654419
7300551  0.1916419267654419
7300553  0.1916419267654419
7300555  0.1916419267654419
7300557  0.1916419267654419
7300559  0.1916419267654419
7300561  0.1916419267654419
7300567  0.1916419267654419
7300569  0.1916419267654419
7300570  0.1916419267654419
7300572  0.1916419267654419
7300575  0.1916419267654419
7300579  0.1916419267654419
7400934  0.1916419267654419
7400935  0.1916419267654419
7400945  0.1916419267654419
9800095  0.1916419267654419
9800098  0.1916419267654419
9800110  0.1916419267654419
9800119  0.1916419267654419
9800183  0.1916419267654419
9800184  0.1916419267654419
9800187  0.1916419267654419
9800188  0.1916419267654419
9800192  0.1916419267654419
9800193  0.1916419267654419
9800194  0.1916419267654419
9800195  0.1916419267654419
9800196  0.1916419267654419
9800200  0.1916419267654419
9800201  0.1916419267654419
9800202  0.1916419267654419
9800203  0.1916419267654419
9800204  0.1916419267654419
9800205  0.1916419267654419
9800209  0.1916419267654419
9901341  0.1916419267654419
9901342  0.1916419267654419
9901343  0.1916419267654419
9901344  0.1916419267654419
9901347  0.1916419267654419
9901348  0.1916419267654419
9901349  0.1916419267654419
9901350  0.1916419267654419
9901351  0.1916419267654419
9901353  0.1916419267654419
9901354  0.1916419267654419
9901355  0.1916419267654419
9901356  0.1916419267654419
9901359  0.1916419267654419
9901360  0.1916419267654419
9901364  0.1916419267654419
9901367  0.1916419267654419
9901370  0.1916419267654419
9901371  0.1916419267654419
9901372  0.1916419267654419
9901375  0.1916419267654419
9901500  0.1916419267654419
9901501  0.1916419267654419
9901502  0.1916419267654419
9901503  0.1916419267654419
9901504  0.1916419267654419
9901505  0.1916419267654419
9901506  0.1916419267654419
9901528  0.1916419267654419
9901529  0.1916419267654419
9901530  0.1916419267654419
9901533  0.1916419267654419
9901534  0.1916419267654419
9901535  0.1916419267654419
9901536  0.1916419267654419
9901570  0.1916419267654419
9901571  0.1916419267654419
9901572  0.1916419267654419
9901573  0.1916419267654419
9901574  0.1916419267654419
10000039  0.1916419267654419
10000042  0.1916419267654419
10000045  0.1916419267654419
10000048  0.1916419267654419
10000061  0.1916419267654419
10000062  0.1916419267654419
10000068  0.1916419267654419
10000071  0.1916419267654419
10000084  0.1916419267654419
10000087  0.1916419267654419
10000088  0.1916419267654419
10000089  0.1916419267654419
10000103  0.1916419267654419
10000123  0.1916419267654419
10000140  0.1916419267654419
10000141  0.1916419267654419
10000142  0.1916419267654419
10000143  0.1916419267654419
10000144  0.1916419267654419
10000145  0.1916419267654419
10000146  0.1916419267654419
10000148  0.1916419267654419
10000152  0.1916419267654419
10000153  0.1916419267654419
10000155  0.1916419267654419
10000156  0.1916419267654419
10000158  0.1916419267654419
10000159  0.1916419267654419
10000160  0.1916419267654419
10000166  0.1916419267654419
10100740  0.1916419267654419
10100747  0.1916419267654419
10100748  0.1916419267654419
10100749  0.1916419267654419
10100750  0.1916419267654419
10100751  0.1916419267654419
10200096  0.1916419267654419
10200098  0.1916419267654419
10200099  0.1916419267654419
10200100  0.1916419267654419
10200101  0.1916419267654419
10200102  0.1916419267654419
10200103  0.1916419267654419
10200105  0.1916419267654419
10200106  0.1916419267654419
10200207  0.1916419267654419
10200210  0.1916419267654419
10200211  0.1916419267654419
10200240  0.1916419267654419
10200244  0.1916419267654419
10200426  0.1916419267654419
10200427  0.1916419267654419
10200445  0.1916419267654419
10200446  0.1916419267654419
10200447  0.1916419267654419
10200448  0.1916419267654419
10200449  0.1916419267654419
10200450  0.1916419267654419
10200542  0.1916419267654419
10200545  0.1916419267654419
10200548  0.1916419267654419
10200560  0.1916419267654419
10200563  0.1916419267654419
10200564  0.1916419267654419
10200567  0.1916419267654419
10200600  0.1916419267654419
10200609  0.1916419267654419
10200622  0.1916419267654419
10200625  0.1916419267654419
10200626  0.1916419267654419
10200627  0.1916419267654419
10200628  0.1916419267654419
10201805  0.1916419267654419
10300259  0.1916419267654419
10300260  0.1916419267654419
10300261  0.1916419267654419
10300278  0.1916419267654419
10500444  0.1916419267654419
10500445  0.1916419267654419
10500446  0.1916419267654419
10500447  0.1916419267654419
10500448  0.1916419267654419
10500452  0.1916419267654419
10500457  0.1916419267654419
10500480  0.1916419267654419
10500482  0.1916419267654419
10500492  0.1916419267654419
10500496  0.1916419267654419
10500498  0.1916419267654419
10500516  0.1916419267654419
10500520  0.1916419267654419
10500522  0.1916419267654419
10500524  0.1916419267654419
10500526  0.1916419267654419
7400946  0.09664279222488403
4000279  0.08383312076330185
9700289  0.05918120965361595
8600051  0.05076082423329353
9700152  0.050631191581487656
8600150  0.050618283450603485
9700155  0.05058163404464722
8100087  0.05055040866136551
8600052  0.050536587834358215
8100074  0.050500839948654175
8300055  0.05047786608338356
9700117  0.05046691745519638
9700229  0.050442952662706375
8600151  0.05044122040271759
9700255  0.05042112246155739
9700224  0.050416626036167145
9700118  0.0504101887345314
9700153  0.050401218235492706
9400196  0.05039984732866287
9700196  0.05039452016353607
9700114  0.05037515237927437
9700124  0.05036795511841774
9700123  0.05035242810845375
9700140  0.050344545394182205
9700200  0.05034000054001808
8200228  0.0503384955227375
9700121  0.05029290169477463
9500039  0.0502919927239418
8300065  0.05028858780860901
9700226  0.05027809739112854
8300054  0.05027696117758751
8700049  0.05023742839694023
9600040  0.05023656040430069
8600109  0.05023157224059105
9700263  0.05022832751274109
9700136  0.05022193863987923
9700150  0.050217002630233765
9700237  0.0502108596265316
9400182  0.05021083727478981
8700062  0.05020299553871155
8800531  0.05020233616232872
8300080  0.05020122230052948
9700228  0.05017905682325363
9700236  0.05016572028398514
9000504  0.05016383156180382
9400200  0.05016360059380531
9700111  0.05016269534826279
8700045  0.05015118047595024
9700287  0.05015081539750099
9400183  0.05014843866229057
9700154  0.05014554411172867
8200212  0.050144411623477936
9400178  0.05012590438127518
9400198  0.05012133717536926
9400197  0.05011945590376854
9400181  0.05011836439371109
8300066  0.05011577531695366
9700107  0.05011490359902382
9500038  0.05010884627699852
9700145  0.05010656267404556
8600048  0.05010170489549637
9700110  0.050094399601221085
9700174  0.05009090527892113
9700115  0.05008287355303764
8600149  0.05007573217153549
8200208  0.050074536353349686
9301177  0.050074029713869095
9301178  0.05007302761077881
9301179  0.05007229372859001
8600147  0.050067175179719925
8700071  0.05006429925560951
8100088  0.05005396157503128
9700199  0.05005302652716637
9700281  0.05005091056227684
9700240  0.050048425793647766
8200067  0.05004505813121796
9600099  0.05004015192389488
8300075  0.05003409832715988
8700155  0.05003222078084946
9000510  0.050031810998916626
8500222  0.05002833157777786
9500040  0.050027381628751755
8300081  0.050008583813905716
9700262  0.050006967037916183
9700082  0.05000201612710953
8100089  0.04999995604157448
8500217  0.04999934509396553
9600039  0.049990035593509674
8300100  0.04998864606022835
9700141  0.04998679831624031
9700282  0.04997339844703674
8700044  0.04997183382511139
8500240  0.049962226301431656
9700260  0.049961306154727936
9700227  0.04995013028383255
8200062  0.04994884878396988
9301180  0.04994429275393486
9301176  0.0499347448348999
9500088  0.04993144050240517
9500089  0.049924224615097046
8100075  0.049919530749320984
9700258  0.0499168299138546
9700252  0.049916718155145645
9000505  0.0499151349067688
9000515  0.04990959167480469
9000511  0.04990437254309654
9700214  0.04989229887723923
9400180  0.04988662898540497
8600148  0.04988597333431244
8200068  0.04988502338528633
9700274  0.04987847059965134
9500042  0.04987083002924919
8200080  0.04986775666475296
8100095  0.0498637817800045
8500235  0.04985903576016426
8300082  0.04985722899436951
9700201  0.04985101893544197
9500102  0.04983963444828987
9700106  0.04983243718743324
9700275  0.04980315640568733
9700277  0.04980288818478584
8800532  0.04979638755321503
8200088  0.04979480803012848
9700147  0.04979298263788223
9000509  0.04978901147842407
9700253  0.049773696810007095
8200053  0.04975712299346924
8300084  0.049753040075302124
8700038  0.04974871128797531
9301166  0.04974750801920891
9000514  0.04974391311407089
8300076  0.04974102973937988
9600037  0.049719881266355515
8200052  0.04970691353082657
8200066  0.049678701907396317
9500041  0.049674421548843384
8800530  0.04965335503220558
8300069  0.049637679010629654
8200096  0.04962710663676262
8300068  0.04961458966135979
8300067  0.04958891123533249
9400177  0.049581024795770645
8600047  0.0495658703148365
8700080  0.049563150852918625
8100091  0.04955058544874191
9700276  0.049521904438734055
9700205  0.049504995346069336
8200063  0.04950416460633278
9000513  0.04949440434575081
9000482  0.049440596252679825
9000512  0.04942186549305916
9700284  0.04937266930937767
8200172  0.049280278384685516
9700083  0.04924174025654793
8200192  0.04919767379760742
8200196  0.049130409955978394
5900043  0.048734333366155624
6300531  0.027164682745933533
8100068  0.015498961322009563
1100327  0.013719389215111732
1100140  0.013650375418365002
2300048  0.013640845194458961
2300112  0.013633936643600464
1900615  0.013624538667500019
1100318  0.01361875981092453
1900571  0.013612912967801094
2300039  0.013602365739643574
1100153  0.013595879077911377
1900641  0.013594262301921844
1200094  0.013581709936261177
1900550  0.013577365316450596
1100137  0.013573515228927135
1100336  0.013558226637542248
1600051  0.01355521660298109
1900666  0.013553922064602375
1100073  0.013551264069974422
1900544  0.013535993173718452
1700253  0.013535108417272568
1200205  0.01352967880666256
1900663  0.013524283654987812
1100131  0.013523667119443417
1900669  0.013523653149604797
1700257  0.013521229848265648
1900667  0.01351922657340765
1900567  0.0135185020044446
1100154  0.013518247753381729
1900650  0.013515952043235302
1900573  0.013514654710888863
1500047  0.01350411307066679
2300051  0.013502385467290878
1100134  0.0135004548355937
1900546  0.013499653898179531
2300049  0.013497106730937958
1900529  0.013492911122739315
1700254  0.013486381620168686
1200064  0.013485931791365147
1100345  0.013485138304531574
1900612  0.013483857735991478
2200030  0.013483330607414246
1900548  0.013481682166457176
1900569  0.013481497764587402
1500048  0.013472901657223701
1900505  0.013472603633999825
2300054  0.013464880175888538
1200095  0.013462954200804234
1200066  0.013460168614983559
1100155  0.0134577676653862
1600052  0.01345103420317173
1200096  0.013449522666633129
1900575  0.013445151038467884
1900668  0.013440737500786781
1200080  0.013437481597065926
1200196  0.013432924635708332
1100363  0.013428791426122189
1100354  0.013428318314254284
2300059  0.013422905467450619
2300058  0.01341870054602623
1900499  0.013417847454547882
1900542  0.013415714725852013
1900237  0.013413650915026665
1700256  0.013404719531536102
2300098  0.013403994031250477
1900500  0.013403715565800667
1900233  0.013401244767010212
1100218  0.013400266878306866
1100128  0.013398993760347366
1100273  0.013398892246186733
1200060  0.013394531793892384
1200187  0.0133943110704422
1100200  0.013393920846283436
1100164  0.013390096835792065
1100100  0.013386745005846024
1700270  0.013385258615016937
1300079  0.013383268378674984
2300041  0.013383130542933941
2300053  0.013381916098296642
2300050  0.013373582623898983
1200068  0.013372997753322124
2300056  0.013371255248785019
1100227  0.013370846398174763
1700252  0.013369102962315083
1200076  0.0133658517152071
1100076  0.013364482671022415
1900504  0.01336334366351366
2300047  0.013363299891352654
1200160  0.01336160209029913
1902016  0.013360797427594662
1100291  0.013358679600059986
1200114  0.013354023918509483
1100106  0.013353168964385986
2300055  0.013349161483347416
1200074  0.013347930274903774
1100103  0.013346831314265728
1100254  0.01334668044000864
2300057  0.013344119302928448
1100245  0.013342299498617649
1700284  0.013337654992938042
2300052  0.013334843330085278
1900597  0.013334152288734913
2300100  0.013326664455235004
1900196  0.01331874169409275
1100209  0.01331768836826086
2300067  0.013310335576534271
1200082  0.013309883885085583
1200062  0.013308700174093246
1100082  0.013308631256222725
1200105  0.013306810520589352
1900503  0.013306302018463612
1400062  0.013304393738508224
1100300  0.013301752507686615
1100282  0.013301670551300049
1900200  0.01329969335347414
1100173  0.013295871205627918
1400061  0.013293230906128883
1900501  0.01329279225319624
1200070  0.013292700052261353
1300054  0.013287397101521492
1200123  0.013286971487104893
1100264  0.013285520486533642
2100033  0.013282958418130875
1200178  0.013279316015541553
1100309  0.013276554644107819
1200078  0.013274898752570152
1100088  0.013271326199173927
1100091  0.013270958326756954
2300066  0.013268149457871914
1900600  0.013263212516903877
1100125  0.013252201490104198
1100236  0.013251771219074726
1900471  0.01324035320430994
1200072  0.01323533896356821
2300099  0.013229959644377232
1200132  0.013227209448814392
1900473  0.013224239461123943
1100110  0.013217359781265259
1100097  0.013213207013905048
2300063  0.013207947835326195
2300060  0.013195429928600788
2000063  0.013192028738558292
1100079  0.01318975631147623
1100085  0.013178682886064053
1200169  0.013174516148865223
1100113  0.013161652721464634
1100182  0.013150774873793125
1300055  0.013142503798007965
1100116  0.013129250146448612
1100191  0.013125970028340816
1200151  0.013123278506100178
1200141  0.013117832131683826
1900199  0.013116399757564068
1100122  0.013063503429293633
1100094  0.013059212826192379
1100119  0.012887365184724331
7500141  0.011554978787899017
7900107  0.011539321392774582
7500266  0.011538304388523102
7500268  0.011534938588738441
7400956  0.011511084623634815
7500265  0.01148673240095377
7900104  0.011486065573990345
7700455  0.011477671563625336
7900108  0.011473912745714188
7600101  0.01146794855594635
7500140  0.011467418633401394
7400957  0.011466613039374352
7900110  0.011465413495898247
7700457  0.011464407667517662
7700458  0.011463300324976444
7900112  0.011460134759545326
7900084  0.011458659544587135
7900221  0.011444318108260632
7900211  0.01144275814294815
7900129  0.011441469192504883
7500142  0.011440234258770943
7900128  0.01143704168498516
7600232  0.011434508487582207
7700453  0.01143405120819807
7900220  0.011433753184974194
7700454  0.011432606726884842
7600240  0.01142935175448656
7600247  0.011426948942244053
7400958  0.011422430165112019
7900114  0.011421789415180683
7900113  0.011421525850892067
7900217  0.011417300440371037
7500136  0.011412333697080612
7600099  0.011409413069486618
7600243  0.011403342708945274
7500133  0.011403240263462067
7600246  0.011398456990718842
7500143  0.01139362808316946
7600244  0.011392069980502129
7700456  0.01139022782444954
7500050  0.01138703990727663
7600239  0.011385605670511723
7600242  0.011376903392374516
7600102  0.011374023742973804
7600280  0.011372325010597706
7600072  0.01137184165418148
7600279  0.011368540115654469
7600245  0.011365046724677086
7900212  0.011363155208528042
7600274  0.011363048106431961
8100067  0.011360643431544304
7900224  0.01136026345193386
7500261  0.011358029209077358
7900116  0.011356632225215435
7900236  0.011352339759469032
7600071  0.01135095302015543
7600248  0.011350300163030624
7600262  0.01135018840432167
8000053  0.011349841021001339
7900216  0.01134837418794632
7400959  0.011347566731274128
7600103  0.011342737823724747
7600249  0.011332404799759388
7900226  0.011331470683217049
7900231  0.01132841594517231
7600067  0.011322472244501114
7900065  0.011316688731312752
7500224  0.011313754133880138
7400961  0.011313268914818764
7500269  0.01131306029856205
7600074  0.011313023045659065
7600260  0.011307467706501484
7900229  0.0113062784075737
7600238  0.011305266059935093
7900071  0.011300725862383842
7600271  0.01129995845258236
8100064  0.011299606412649155
7600215  0.011297455057501793
7500271  0.011294877156615257
7600233  0.011294696480035782
8000052  0.011289883404970169
8000106  0.011289325542747974
7900074  0.011287004686892033
7500219  0.011286322958767414
7900234  0.011286110617220402
7600252  0.01128424797207117
7600216  0.011283529922366142
7600253  0.011281642131507397
7600231  0.01128107775002718
7500249  0.011280679143965244
7500241  0.01128047239035368
7500083  0.011277355253696442
7500245  0.011275590397417545
7900207  0.011274761520326138
8000051  0.011273538693785667
7600259  0.011271163821220398
7500211  0.01126968115568161
7600217  0.011268320493400097
7500237  0.0112675242125988
7600256  0.01126192044466734
7500079  0.011253253556787968
7600221  0.011251051910221577
7500253  0.011245271191000938
7600218  0.011242116801440716
7600235  0.01124091912060976
7600213  0.011236939579248428
7500221  0.01123641524463892
7600263  0.011234063655138016
7600237  0.011228661984205246
7600234  0.011228254996240139
7600250  0.011226708069443703
7600257  0.01122472994029522
8000111  0.011222713626921177
7900204  0.011222231201827526
7600219  0.011221903376281261
7600209  0.011220019310712814
7600230  0.011217628605663776
7600214  0.011216455139219761
7600251  0.011215112172067165
7600081  0.011211950331926346
7500071  0.011208619922399521
7500257  0.011207536794245243
7600229  0.011205465532839298
7600264  0.01120320986956358
7500114  0.011200242675840855
8100065  0.011199651286005974
7500207  0.011198177002370358
7600224  0.011196884326636791
7400962  0.011195400729775429
7500152  0.011194540187716484
7500085  0.011192998848855495
8100054  0.011190302670001984
8100066  0.01118752732872963
7500078  0.011187057942152023
7900206  0.011181947775185108
7600268  0.01117344107478857
7500233  0.011172208935022354
7500163  0.011170781217515469
7500075  0.011170507408678532
7600236  0.011170285753905773
7500132  0.011146347038447857
7500149  0.011136780492961407
7600225  0.011135377921164036
7500151  0.011133130639791489
7600222  0.011126969940960407
7500074  0.011111083440482616
7500162  0.011111041530966759
7500125  0.011102123185992241
8100053  0.011088007129728794
7600223  0.011049888096749783
7500131  0.011044428683817387
7500129  0.011003395542502403
7500130  0.010952327400445938
3100527  0.01060130912810564
3100518  0.01059785857796669
3400037  0.010583123192191124
4000157  0.010578745044767857
2800178  0.010564775206148624
4000159  0.010562053881585598
4000247  0.010559268295764923
4000172  0.010551425628364086
4000108  0.01054953783750534
2800182  0.010547313839197159
4000102  0.01054149866104126
2800462  0.010540961287915707
4000244  0.010530715808272362
4000117  0.010527701117098331
4000173  0.01052749715745449
2800460  0.010526642203330994
4000167  0.01052621565759182
2800458  0.010524327866733074
4000243  0.010522942990064621
2800466  0.0105217220261693
4000120  0.010520480573177338
4000114  0.010519244708120823
4000111  0.010514426976442337
4000105  0.01051442138850689
4000153  0.010513285174965858
3400038  0.010509456507861614
3800152  0.010509442538022995
3800153  0.010507909581065178
3700890  0.010507741011679173
4000096  0.010506446473300457
2800448  0.010503384284675121
4000249  0.010503330267965794
4000174  0.010501178912818432
3800151  0.010498914867639542
4000175  0.010496686212718487
4000254  0.010494373738765717
3300118  0.010493259876966476
3900052  0.010493239387869835
3500055  0.010491423308849335
4000093  0.01048820000141859
2800181  0.010487799532711506
4000099  0.010487310588359833
3900048  0.010485908947885036
3100516  0.010484440252184868
4000246  0.010484172962605953
3300256  0.01048374269157648
3500054  0.01048190239816904
3800160  0.010476621799170971
4000090  0.010472835972905159
2800183  0.010472466237843037
3900047  0.010472129099071026
3700055  0.010471181012690067
3700069  0.010470523498952389
4000087  0.010468469001352787
3900051  0.010465200059115887
4000257  0.010461180470883846
4000177  0.01045854389667511
2800418  0.010456911288201809
4000270  0.010451747104525566
4000278  0.01045034546405077
2800446  0.010449335910379887
3300120  0.010448601096868515
4000077  0.010447698645293713
4000250  0.01044689491391182
3300119  0.010446249507367611
4000258  0.010445431806147099
4000242  0.010444938205182552
3900055  0.01044438686221838
4000255  0.01044329721480608
4000251  0.010443267412483692
2800531  0.010441494174301624
3500052  0.010440251789987087
4000121  0.01043959241360426
2800544  0.010436234064400196
4000245  0.010436016134917736
2800529  0.010436002165079117
3500303  0.010432585142552853
3500072  0.010432309471070766
3700058  0.010431934148073196
3500051  0.010430635884404182
4000079  0.010429970920085907
3500053  0.010429010726511478
4000133  0.01042837742716074
2800545  0.010426556691527367
2800419  0.010426457971334457
2800469  0.010425591841340065
4000252  0.010423590429127216
2800517  0.01042318157851696
2800518  0.010422985069453716
3600055  0.010422615334391594
2800548  0.010422596707940102
4000143  0.01042122021317482
4000253  0.010420875623822212
4000256  0.010419473983347416
3500309  0.01041580643504858
4000138  0.010414661839604378
4000268  0.010413669049739838
3700888  0.010413442738354206
4000146  0.010413138195872307
4000259  0.010412140749394894
3500315  0.01041090302169323
4000076  0.010410337708890438
4000139  0.010409845970571041
2800706  0.010408967733383179
3500304  0.01040782779455185
2801250  0.010402937419712543
3500300  0.010399477556347847
3700726  0.01039890293031931
4000085  0.010398437269032001
3500334  0.010398240759968758
2900509  0.010394885204732418
3700887  0.010393776930868626
4000185  0.010392114520072937
3700886  0.01039134431630373
4000131  0.010391226038336754
4000126  0.010390888899564743
2800184  0.010386784560978413
3500302  0.01038515754044056
2800423  0.010384583845734596
3700054  0.01038249209523201
2800542  0.01038244366645813
4000273  0.010381743311882019
3700050  0.010379847139120102
3500298  0.010379327461123466
2800212  0.010375997982919216
3900066  0.010375455021858215
4000081  0.010366429574787617
3600137  0.010364639572799206
2800207  0.010364037938416004
2800515  0.010361573658883572
3700792  0.010358654893934727
2800211  0.010357022285461426
3600056  0.010357012040913105
4000275  0.010349947027862072
3700051  0.010341506451368332
2800210  0.010340984910726547
2800532  0.010338759049773216
4000265  0.010331247933208942
4000083  0.010330975987017155
2800514  0.010329020209610462
2800416  0.01032684650272131
3600058  0.010325589217245579
2800473  0.010316514410078526
2800426  0.010316286236047745
4000241  0.010315848514437675
4000264  0.01031582336872816
2800204  0.01030641794204712
2800415  0.01030014082789421
3600057  0.010291540063917637
2800429  0.010288214311003685
2800443  0.01024416834115982
2800430  0.010228737257421017
2800431  0.010216226801276207
6200063  0.008250451646745205
6300475  0.008242457173764706
6300497  0.008236289024353027
6200060  0.008234216831624508
6000204  0.008234049193561077
6300466  0.008230522274971008
6300476  0.008217314258217812
6000200  0.00821712426841259
6200157  0.00821535661816597
6300473  0.008215122856199741
6300478  0.008213336579501629
6000208  0.008212272077798843
6300460  0.008212213404476643
5900056  0.008211265318095684
6300486  0.008209358900785446
6200194  0.00820854026824236
6200066  0.008205008693039417
6300485  0.008203577250242233
6200158  0.008200093172490597
6300464  0.008198895491659641
6300503  0.00819765031337738
6300463  0.008197569288313389
6200195  0.008194736205041409
6300457  0.00819383654743433
6200196  0.008192058652639389
6300504  0.008190969936549664
6200201  0.00819062814116478
6200187  0.008189653046429157
6300501  0.008189474232494831
6000044  0.008189369924366474
6300489  0.008187638595700264
6300454  0.00818741787225008
6000189  0.008185714483261108
6200206  0.008185703307390213
6300458  0.008184549398720264
6300491  0.008183915168046951
6200162  0.008182629942893982
6300461  0.00818038173019886
6000191  0.008179902099072933
6200204  0.008179232478141785
6300467  0.008178520947694778
6000046  0.00817827321588993
6200203  0.008177673444151878
6200163  0.00817689299583435
6300488  0.00817596074193716
6200153  0.008175330236554146
6000045  0.00817260891199112
6300507  0.008171039633452892
6300455  0.008170208893716335
6200197  0.008167052641510963
6200200  0.008165187202394009
6200072  0.008164399303495884
6200186  0.00816342607140541
6300451  0.008162599988281727
6300437  0.008162260986864567
6200160  0.008161257021129131
6300498  0.008159478195011616
6000220  0.00815898459404707
6200159  0.008158567361533642
6300530  0.008157247677445412
6000145  0.008156954310834408
6300445  0.008156179450452328
6300518  0.008152238093316555
6300495  0.008150279521942139
6300512  0.008149604313075542
6300452  0.00814899243414402
6200218  0.008148680441081524
6300513  0.008146687410771847
6300510  0.008146063424646854
6200086  0.008145693689584732
6200174  0.008145693689584732
6000235  0.008145053870975971
6200207  0.008144568651914597
6200188  0.008142723701894283
6300516  0.008141634054481983
6200175  0.008141214028000832
6200059  0.008139751851558685
6100044  0.008138338103890419
6200161  0.008138203993439674
6300506  0.008137518540024757
6100065  0.008136175572872162
6200082  0.00813490990549326
6200177  0.008132705464959145
6300519  0.008129598572850227
6200215  0.008128533139824867
6200223  0.008128464221954346
6300472  0.008127584122121334
6300509  0.008127380162477493
6300469  0.008127084001898766
6200173  0.008127033710479736
6100042  0.00812669936567545
6300515  0.008126599714159966
6200178  0.00812550075352192
6000060  0.008124951273202896
6000239  0.008123413659632206
6200193  0.008122936822474003
6300436  0.008121665567159653
6000236  0.008121650665998459
6200169  0.00812140479683876
6200168  0.008121316321194172
6300525  0.008120736107230186
6300500  0.008119714446365833
6100058  0.008118459023535252
6300470  0.00811668112874031
6300492  0.008113856427371502
6200056  0.008113226853311062
6200192  0.008112701587378979
6300527  0.00811031460762024
6200165  0.008110031485557556
6100043  0.008109946735203266
6000146  0.008109835907816887
6000237  0.008109256625175476
6200191  0.008108872920274734
6300449  0.00810684822499752
6000181  0.00810657162219286
6300446  0.00810643844306469
6000155  0.008105437271296978
2800175  0.008105321787297726
6200176  0.008105076849460602
6200190  0.00810332503169775
6200166  0.008102723397314548
6300521  0.008097711950540543
6200189  0.008095069788396358
6000144  0.008094687014818192
6200208  0.008094227872788906
6200183  0.008093546144664288
6200212  0.008091907948255539
6300524  0.008089661598205566
6200184  0.008089512586593628
6000154  0.008088188245892525
6200182  0.008086827583611012
6200167  0.008086628280580044
6200181  0.008085610345005989
6200083  0.008083855733275414
6000128  0.008081692270934582
6300448  0.008081546053290367
6000234  0.008081363514065742
6000134  0.008081221953034401
6300528  0.008078951388597488
6000075  0.008078519254922867
6200224  0.008076815865933895
6000133  0.008069315925240517
6000072  0.008068243972957134
6300522  0.008064295165240765
6000224  0.008060279302299023
6300494  0.008059844374656677
6200179  0.008045949973165989
6000228  0.008044282905757427
6000140  0.008042175322771072
6200180  0.008040744811296463
6000162  0.008019053377211094
6000168  0.008017601445317268
6000179  0.008013631217181683
6000173  0.007972352206707
2300113  0.003462078981101513
2800693  0.002958330325782299
2700134  0.0029526702128350735
2600192  0.0029481565579771996
2600099  0.002943068742752075
2800115  0.0029397474136203527
2700137  0.0029388878028839827
2600323  0.002936383942142129
2600196  0.002936238655820489
2500190  0.002935889409855008
2600372  0.0029343252535909414
2700133  0.0029339040629565716
2300160  0.002932583447545767
2600365  0.002932262606918812
2600333  0.002930083079263568
2500178  0.0029297585133463144
2600364  0.002927314955741167
2800174  0.0029264313634485006
2600188  0.002925036009401083
2600370  0.00292343576438725
2600212  0.002923116087913513
2600216  0.0029229549691081047
2600334  0.002922228304669261
2700136  0.0029219796415418386
2600362  0.0029217740520834923
2600386  0.002921422477811575
2600240  0.0029213405214250088
2700240  0.002921073930338025
2600354  0.0029210224747657776
2600220  0.002919214777648449
2700135  0.002918881829828024
2600200  0.002917008940130472
2600359  0.0029157400131225586
2300114  0.002914466429501772
2700138  0.002912876196205616
2600343  0.002911859890446067
2600385  0.0029118056409060955
2600100  0.0029098447412252426
2600337  0.0029082803521305323
2800133  0.0029072852339595556
2800116  0.00290718418546021
2600336  0.002907062415033579
2600344  0.002906080102548003
2600360  0.002905988832935691
2800117  0.002904169727116823
2600236  0.002904126886278391
2600345  0.0029041050001978874
2300159  0.0029027159325778484
2800137  0.0029026372358202934
2600361  0.0029025892727077007
2800157  0.0029025489930063486
2600369  0.0029020137153565884
2500180  0.0029015913605690002
2600131  0.0029010341968387365
2600332  0.0029010260477662086
2600335  0.0029008439742028713
2600363  0.0029006991535425186
2800690  0.0028991701547056437
2700132  0.002898996463045478
2600176  0.002898938488215208
2800142  0.0028971703723073006
2600346  0.0028971058782190084
2500175  0.0028967545367777348
2600232  0.002896662335842848
2800138  0.0028965494129806757
2600208  0.0028965356759727
2600349  0.002895819488912821
2500066  0.0028953447472304106
2600338  0.0028949743136763573
2700239  0.002894734963774681
2600168  0.0028944651130586863
2600321  0.0028944029472768307
2600204  0.002891597105190158
2600264  0.002890158211812377
2800135  0.0028899339959025383
2600329  0.002889638766646385
2600308  0.0028884559869766235
2600101  0.002888336544856429
2600350  0.0028882347978651524
2800694  0.0028880483005195856
2600228  0.00288778985850513
2600118  0.0028875977732241154
2800136  0.0028868564404547215
2800143  0.002886570990085602
2600252  0.002885698340833187
2600284  0.0028849286027252674
2700242  0.0028844745829701424
2600156  0.0028839372098445892
2600272  0.002883830340579152
2800095  0.002881913911551237
2800134  0.002881911350414157
2600164  0.0028816096018999815
2600351  0.002881324850022793
2500067  0.002880905754864216
2600224  0.0028804412577301264
2600120  0.0028796950355172157
2300302  0.00287945126183331
2600353  0.002878358820453286
2300163  0.0028782300651073456
2500077  0.002876624232158065
2800154  0.0028748218901455402
2600355  0.002874223282560706
2600260  0.0028740703128278255
2600268  0.0028730195481330156
2600320  0.002873010002076626
2600280  0.0028729771729558706
2600331  0.002871912205591798
2600133  0.002870673779398203
2800147  0.0028697948437184095
2700054  0.002869783900678158
2600256  0.00286936666816473
2700660  0.002868515206500888
2700055  0.0028682085685431957
2600276  0.0028678537346422672
2800141  0.002866817871108651
2600160  0.0028658693190664053
2600319  0.002865414135158062
2600172  0.0028646443970501423
2300285  0.0028641351964324713
2600358  0.00286387768574059
2600327  0.002863670699298382
2600184  0.0028634476475417614
2800161  0.002862864639610052
2300282  0.002862693276256323
2800148  0.0028609815053641796
2600357  0.0028606823179870844
2500122  0.002860086504369974
2500063  0.0028598199132829905
2600136  0.002859002910554409
2600180  0.002858266234397888
2600352  0.0028581207152456045
2600348  0.002857748419046402
2500065  0.0028564021922647953
2600244  0.002856122562661767
2600248  0.0028555940371006727
2600330  0.0028536817990243435
2800153  0.0028500694315880537
2800159  0.00284910062327981
2500068  0.0028447716031223536
2600356  0.002844465896487236
2800689  0.0028432069811969995
2600328  0.002839490305632353
2600347  0.0028391447849571705
2600315  0.0028376225382089615
2600103  0.002835685620084405
2300299  0.0028340157587081194
2600292  0.00283298222348094
2500173  0.0028300900012254715
2500123  0.0028272736817598343
2500171  0.002824801253154874
2500133  0.002824061084538698
2600102  0.0028225563000887632
2600288  0.002814013510942459
2500169  0.0027890242636203766
