1000215  1.0
1000216  1.0
1000218  1.0
1000219  1.0
1000222  1.0
1000223  1.0
1000225  1.0
1000226  1.0
1000228  1.0
1000230  1.0
1000231  1.0
1000234  1.0
1000235  1.0
1000236  1.0
1000237  1.0
1000475  1.0
1000476  1.0
1000478  1.0
1000479  1.0
1000480  1.0
1000482  1.0
1000584  1.0
1000585  1.0
1000591  1.0
1000592  1.0
1000594  1.0
1000595  1.0
1000596  1.0
1000598  1.0
1000603  1.0
1000609  1.0
1000610  1.0
1000613  1.0
1000614  1.0
1000616  1.0
1000619  1.0
1000622  1.0
1000623  1.0
1000844  0.6666666666666667
1000847  0.6666666666666667
1000850  0.6666666666666667
1000851  0.6666666666666667
1000151  0.6
1000155  0.6
1000156  0.6
1000373  0.4545454545454546
1000382  0.4545454545454546
1000147  0.4375
1000150  0.4375
1000158  0.4375
1000052  0.4
1000056  0.4
1000060  0.4
1000064  0.4
1000068  0.4
1000072  0.4
1000076  0.4
1000080  0.4
1000084  0.4
1000088  0.4
1000092  0.4
1000096  0.4
1000111  0.4
1000115  0.4
1000119  0.4
1000129  0.4
1000130  0.4
1000131  0.4
1000132  0.4
