1000584  inf
1000585  inf
1000591  81.0
1000592  81.0
1000594  81.0
1000595  81.0
1000598  81.0
1000603  81.0
1000609  81.0
1000613  81.0
1000614  81.0
1000616  81.0
1000619  81.0
1000622  81.0
1000623  81.0
1000215  16.333333333333332
1000218  16.333333333333332
1000222  16.333333333333332
1000225  16.333333333333332
1000234  16.333333333333332
1000235  16.333333333333332
1000236  16.333333333333332
1000237  16.333333333333332
1000610  16.333333333333332
1000373  8.333333333333334
1000382  8.333333333333334
1000052  6.666666666666667
1000056  6.666666666666667
1000060  6.666666666666667
1000064  6.666666666666667
1000068  6.666666666666667
1000072  6.666666666666667
1000076  6.666666666666667
1000080  6.666666666666667
1000084  6.666666666666667
1000088  6.666666666666667
1000092  6.666666666666667
1000096  6.666666666666667
1000111  6.666666666666667
1000115  6.666666666666667
1000119  6.666666666666667
1000129  6.666666666666667
1000130  6.666666666666667
1000131  6.666666666666667
1000132  6.666666666666667
1000596  5.0
1000147  4.083333333333333
1000150  4.083333333333333
1000158  4.083333333333333
1000219  1.2857142857142858
1000151  1.0
1000155  1.0
1000156  1.0
1000844  0.4444444444444444
1000847  0.4444444444444444
1000850  0.4444444444444444
1000851  0.4444444444444444
1000216  0.1111111111111111
1000223  0.1111111111111111
1000226  0.1111111111111111
1000228  0.1111111111111111
1000230  0.1111111111111111
1000231  0.1111111111111111
1000475  0.1111111111111111
1000476  0.1111111111111111
1000478  0.1111111111111111
1000479  0.1111111111111111
1000480  0.1111111111111111
1000482  0.1111111111111111
