1000584  1.0
1000585  1.0
1000591  0.9486832980505138
1000592  0.9486832980505138
1000594  0.9486832980505138
1000595  0.9486832980505138
1000598  0.9486832980505138
1000603  0.9486832980505138
1000609  0.9486832980505138
1000613  0.9486832980505138
1000614  0.9486832980505138
1000616  0.9486832980505138
1000619  0.9486832980505138
1000622  0.9486832980505138
1000623  0.9486832980505138
1000215  0.8366600265340756
1000218  0.8366600265340756
1000222  0.8366600265340756
1000225  0.8366600265340756
1000234  0.8366600265340756
1000235  0.8366600265340756
1000236  0.8366600265340756
1000237  0.8366600265340756
1000610  0.8366600265340756
1000596  0.7071067811865475
1000373  0.674199862463242
1000382  0.674199862463242
1000052  0.6324555320336759
1000056  0.6324555320336759
1000060  0.6324555320336759
1000064  0.6324555320336759
1000068  0.6324555320336759
1000072  0.6324555320336759
1000076  0.6324555320336759
1000080  0.6324555320336759
1000084  0.6324555320336759
1000088  0.6324555320336759
1000092  0.6324555320336759
1000096  0.6324555320336759
1000111  0.6324555320336759
1000115  0.6324555320336759
1000119  0.6324555320336759
1000129  0.6324555320336759
1000130  0.6324555320336759
1000131  0.6324555320336759
1000132  0.6324555320336759
1000147  0.5533985905294664
1000150  0.5533985905294664
1000158  0.5533985905294664
1000219  0.5477225575051661
1000151  0.4242640687119285
1000155  0.4242640687119285
1000156  0.4242640687119285
1000844  0.3651483716701107
1000847  0.3651483716701107
1000850  0.3651483716701107
1000851  0.3651483716701107
1000216  0.31622776601683794
1000223  0.31622776601683794
1000226  0.31622776601683794
1000228  0.31622776601683794
1000230  0.31622776601683794
1000231  0.31622776601683794
1000475  0.31622776601683794
1000476  0.31622776601683794
1000478  0.31622776601683794
1000479  0.31622776601683794
1000480  0.31622776601683794
1000482  0.31622776601683794
