1701672  1.0
1701673  1.0
1701674  1.0
1701675  1.0
1701202  0.4082482904638631
1701203  0.4082482904638631
1701204  0.4082482904638631
1701205  0.4082482904638631
1701206  0.4082482904638631
1701209  0.4082482904638631
1701761  0.22360679774997896
1701762  0.22360679774997896
1701765  0.22360679774997896
1701766  0.22360679774997896
1701769  0.22360679774997896
1701772  0.22360679774997896
1701775  0.22360679774997896
1701776  0.22360679774997896
1701778  0.22360679774997896
1701779  0.22360679774997896
1701780  0.22360679774997896
1701781  0.22360679774997896
1701784  0.22360679774997896
1701114  0.17677669529663687
1701115  0.17677669529663687
1701116  0.17677669529663687
1700121  0.16783627165933782
1700122  0.16783627165933782
1700125  0.16783627165933782
1700126  0.16783627165933782
1700128  0.16783627165933782
1700474  0.1318760946791574
1700475  0.1318760946791574
1700476  0.1318760946791574
1700477  0.1318760946791574
1700469  0.13130643285972254
1700472  0.13130643285972254
1700473  0.13130643285972254
1700479  0.13130643285972254
1000293  0.11145564251507056
1000294  0.11145564251507056
1000295  0.11145564251507056
1100037  0.11145564251507056
1100041  0.11145564251507056
1100045  0.11145564251507056
1100050  0.11145564251507056
1100054  0.11145564251507056
1100058  0.11145564251507056
1100062  0.11145564251507056
1100066  0.11145564251507056
1100070  0.11145564251507056
1100216  0.11145564251507056
1100217  0.11145564251507056
1200389  0.11145564251507056
1200390  0.11145564251507056
1300362  0.11145564251507056
1300363  0.11145564251507056
1500260  0.11145564251507056
1500261  0.11145564251507056
1500262  0.11145564251507056
1500263  0.11145564251507056
1700182  0.10783277320343841
1700228  0.10783277320343841
1700233  0.10783277320343841
