2100170  0.1627287119626999
2100192  0.16269658505916595
2101724  0.16261990368366241
2100911  0.16258151829242706
2101740  0.16256029903888702
2101743  0.16253794729709625
2101721  0.16253554821014404
2101761  0.1625216156244278
2101744  0.16251923143863678
2103464  0.16251277923583984
2103482  0.16251277923583984
2101799  0.16251154243946075
2101748  0.16249892115592957
2101781  0.162496879696846
2101764  0.16249635815620422
2101779  0.16249461472034454
2101790  0.16249340772628784
2101736  0.16249044239521027
2101797  0.1624891757965088
2101729  0.16248591244220734
2101774  0.16247689723968506
2100199  0.16247287392616272
2101806  0.16247141361236572
2101749  0.16246582567691803
2101706  0.16246166825294495
2101776  0.16246065497398376
2101804  0.16245940327644348
2103446  0.16245919466018677
2101785  0.16245852410793304
2101768  0.16245819628238678
2101735  0.16245771944522858
2101765  0.1624533236026764
2100201  0.1624501794576645
2101786  0.16244882345199585
2101802  0.16244815289974213
2101769  0.16244548559188843
2101794  0.16244526207447052
2101709  0.1624431014060974
2101723  0.16243818402290344
2101770  0.16243702173233032
2101758  0.1624360829591751
2101747  0.16243581473827362
2101798  0.16243427991867065
2101720  0.16243408620357513
2101775  0.16243188083171844
2101777  0.162431001663208
2101795  0.1624307781457901
2101727  0.1624305248260498
2101722  0.16243025660514832
2101704  0.16242964565753937
2101725  0.16242821514606476
2100158  0.16242404282093048
2101732  0.16241659224033356
2100183  0.1624060422182083
2101728  0.1624036282300949
2101766  0.1624022126197815
2101705  0.16240012645721436
2101805  0.16239865124225616
2101789  0.16239650547504425
2100915  0.16239002346992493
2101791  0.1623890995979309
2100914  0.16238625347614288
2100961  0.16238531470298767
2101800  0.1623837798833847
2101820  0.16238249838352203
2101830  0.16237764060497284
2101835  0.16237618029117584
2101739  0.16237549483776093
2101831  0.16236896812915802
2101738  0.16236816346645355
2100954  0.1623680144548416
2100936  0.16236712038516998
2101836  0.1623661071062088
2101812  0.16236354410648346
2101783  0.16236265003681183
2101762  0.1623622328042984
2101803  0.16235250234603882
2100205  0.16234378516674042
2101813  0.16234171390533447
2101060  0.162334606051445
2100171  0.16233223676681519
2100193  0.1623295247554779
2101838  0.16232658922672272
2100913  0.16232606768608093
2101731  0.16232411563396454
2100965  0.16232219338417053
2101821  0.16232159733772278
2101752  0.16232095658779144
2101845  0.16231869161128998
2101833  0.1623034030199051
2101796  0.16230277717113495
2100926  0.16230249404907227
2101778  0.16230139136314392
2101849  0.16229645907878876
2100206  0.162296324968338
2100178  0.16228359937667847
2100912  0.1622784435749054
2101784  0.16227151453495026
2101814  0.1622561663389206
2100187  0.1622544825077057
2100920  0.16224822402000427
2101815  0.16224631667137146
2101819  0.1622430980205536
2100181  0.1622381955385208
2100949  0.16223464906215668
2101824  0.16223017871379852
2101807  0.1622275710105896
2101843  0.16222436726093292
2100946  0.16222158074378967
2100123  0.16221682727336884
2101832  0.16221559047698975
2101840  0.16221053898334503
2100919  0.16220809519290924
2101841  0.16220220923423767
2101825  0.16218838095664978
2100945  0.16218659281730652
2101808  0.16217762231826782
2100186  0.16217367351055145
2100924  0.16216768324375153
2101816  0.16216447949409485
2101823  0.16216418147087097
2100933  0.16216343641281128
2101846  0.1621612310409546
2101822  0.16215793788433075
2100174  0.1621493250131607
2100967  0.16214537620544434
2100120  0.16213153302669525
2100916  0.16212524473667145
2100966  0.16212214529514313
2100948  0.1621110588312149
2100932  0.16208422183990479
2100927  0.16208268702030182
2100194  0.1620815098285675
2100931  0.1620783656835556
2100195  0.16207697987556458
2101809  0.16206857562065125
2100155  0.16204915940761566
2100964  0.16204234957695007
2100147  0.1620250940322876
2100918  0.16202127933502197
2100179  0.16201584041118622
2100185  0.16199639439582825
2100962  0.16199539601802826
2100200  0.1619907021522522
2100169  0.1619890183210373
2100126  0.16198480129241943
2100180  0.16198371350765228
2100921  0.16197489202022552
2100947  0.16196803748607635
2100117  0.16196027398109436
2100923  0.16196027398109436
2101059  0.16195328533649445
2100995  0.1619095355272293
2100175  0.16188763082027435
2101035  0.16188201308250427
2100968  0.16186021268367767
2100928  0.1618495136499405
2100997  0.16177409887313843
2101030  0.1617712527513504
2100981  0.1616724580526352
2101037  0.16166386008262634
2101039  0.16161902248859406
2101027  0.16159464418888092
2100973  0.1614929884672165
2101028  0.16148096323013306
2100982  0.16144002974033356
2101056  0.1613975316286087
2100969  0.16139748692512512
2100994  0.16139477491378784
2101042  0.1613195538520813
2101044  0.16129276156425476
2100985  0.16128301620483398
2101054  0.16127952933311462
2101019  0.161275252699852
2101055  0.1612410992383957
2100970  0.1612350344657898
2101022  0.1612202227115631
2100986  0.1612054705619812
2101046  0.1611804962158203
2101031  0.16113251447677612
2100998  0.1610911637544632
2101020  0.16104884445667267
2100971  0.16080248355865479
2101061  0.11750128120183945
2100114  0.10738161206245422
1201303  0.10618829727172852
1201398  0.10590793192386627
1201369  0.10565762966871262
1201419  0.10552950948476791
1201332  0.10539063066244125
1201395  0.10534173250198364
1201350  0.10521460324525833
1201493  0.10520079731941223
1201376  0.10513146966695786
1201491  0.1051274761557579
1200431  0.10511347651481628
1200446  0.10504689812660217
1201401  0.105043925344944
1200407  0.10494676232337952
1201370  0.10486619174480438
1201412  0.10484766215085983
1201302  0.10479848086833954
1201397  0.10479160398244858
1201373  0.1046300157904625
1201296  0.10462499409914017
1200408  0.10462352633476257
1200447  0.10452975332736969
1201682  0.10442259907722473
1201459  0.10441827028989792
1200427  0.10440609604120255
1200456  0.10440525412559509
1200432  0.10439974814653397
1201284  0.10434204339981079
1201467  0.10432887077331543
1200450  0.10431971400976181
1201489  0.10430744290351868
1201383  0.1042591854929924
1201323  0.10423300415277481
1201483  0.10422461479902267
1201389  0.10422298312187195
1201503  0.10420243442058563
1201331  0.10419832915067673
1200455  0.10419730097055435
1200507  0.10418130457401276
1201476  0.10417171567678452
1201291  0.10415344685316086
1201371  0.10412268340587616
1201422  0.10410364717245102
1200445  0.10408465564250946
1201488  0.10407225787639618
1201463  0.10406483709812164
1201286  0.1040252223610878
1201306  0.10397988557815552
1201468  0.10397255420684814
1201285  0.10393369197845459
1201478  0.10390286892652512
1201314  0.10388299822807312
1201507  0.10387346148490906
1201477  0.10383911430835724
1201461  0.10383361577987671
1201367  0.10382861644029617
1200443  0.1037902906537056
1201475  0.10367106646299362
1200508  0.1036677360534668
1201504  0.10365121066570282
1201301  0.1036355122923851
1201497  0.10362709313631058
1200440  0.10362375527620316
1201351  0.10359959304332733
1201313  0.10359447449445724
1201315  0.10358697175979614
1201462  0.10355190187692642
1200439  0.10350678116083145
1201372  0.10343471169471741
1200411  0.10338795930147171
1200493  0.1033736988902092
1201484  0.10333914309740067
1200421  0.10333506017923355
1200716  0.10333200544118881
1200428  0.1033228412270546
1200444  0.10330351442098618
1201470  0.10329935699701309
1200430  0.1032901480793953
1200506  0.10328852385282516
1201474  0.10326004028320312
1200402  0.1032511368393898
1201649  0.10313195735216141
1200519  0.10312425345182419
1200478  0.10310769826173782
1200457  0.10310456156730652
1201498  0.1030915156006813
1201669  0.10307672619819641
1201584  0.10306116193532944
1201464  0.10301566123962402
1200501  0.10298732668161392
1200365  0.1028938889503479
1201294  0.10282379388809204
1200405  0.10274974256753922
1200415  0.10274060070514679
1201292  0.1026664525270462
1200370  0.10266552865505219
1000199  0.10265833884477615
1201465  0.10263914614915848
1200503  0.10263849049806595
1200492  0.10262733697891235
1200463  0.10258891433477402
1200435  0.10257337242364883
1200458  0.10246344655752182
1200434  0.10245075821876526
1200366  0.10242302715778351
1200523  0.10238172113895416
1200429  0.10237150639295578
1200419  0.1023586094379425
1201681  0.10235006362199783
1200494  0.10233686119318008
1200466  0.10231506079435349
1200371  0.10226289182901382
1201632  0.10225891321897507
1200483  0.10219661146402359
1200514  0.1021655797958374
1200525  0.10215669870376587
1200491  0.10212747007608414
1200465  0.10212325304746628
1201648  0.1020830050110817
1200416  0.10206174105405807
1200502  0.1019994392991066
1201663  0.10198411345481873
1200489  0.10194142907857895
1000217  0.1018935963511467
1200412  0.10166227072477341
1200515  0.10161501169204712
1200470  0.10159920901060104
1201668  0.101558156311512
1000230  0.10142681747674942
1201587  0.10135120153427124
1000218  0.10133092105388641
1200393  0.10132718831300735
1200397  0.1012844666838646
1200488  0.101272813975811
1201671  0.10120327025651932
1000174  0.10117435455322266
1000228  0.10108330845832825
1000197  0.10105760395526886
1200469  0.10104642808437347
1201672  0.10099092870950699
1000229  0.1009543314576149
1201674  0.10095013678073883
1201658  0.10086329281330109
1000231  0.10080153495073318
1000223  0.10076344013214111
1201641  0.10074801743030548
1000227  0.10067576915025711
1200714  0.10067173093557358
1000532  0.10063814371824265
1200527  0.10059178620576859
1000233  0.1005558967590332
1000232  0.10050799697637558
1200670  0.10050449520349503
1000606  0.10048028081655502
1201643  0.10046656429767609
1201591  0.10045084357261658
1201642  0.10043981671333313
1201655  0.10031457245349884
1000524  0.1003098413348198
1200700  0.1002144142985344
1000214  0.100214384496212
1000213  0.100153349339962
1201679  0.10014823824167252
1000530  0.10009008646011353
1201662  0.10007388144731522
1000234  0.10005075484514236
1000221  0.10000389814376831
1201650  0.09994079172611237
1000212  0.09993574768304825
1000533  0.0999329462647438
1201647  0.0999084934592247
1201667  0.09990611672401428
1201678  0.09988358616828918
1000194  0.0998566672205925
1000195  0.09982165694236755
1000175  0.09975423663854599
1000216  0.09957362711429596
1000248  0.09955210238695145
1201680  0.09949544072151184
1000525  0.09948083013296127
1201657  0.09945061057806015
1000522  0.09940851479768753
1200671  0.09939098358154297
1000400  0.09935804456472397
1000538  0.09930985420942307
1200639  0.09929715096950531
1000235  0.09929433465003967
1000190  0.09928591549396515
1000219  0.09926286339759827
1000205  0.0992363765835762
1201601  0.09923438727855682
1000209  0.09922665357589722
1000266  0.09915121644735336
1000529  0.09912177175283432
1200701  0.09910714626312256
1000527  0.09910573810338974
1000238  0.09910018742084503
1000220  0.09909599274396896
1000523  0.09904404729604721
1000210  0.09900733828544617
1201656  0.09896738082170486
1200699  0.09893209487199783
1000542  0.09887006878852844
1000536  0.09884124249219894
1201677  0.09883005172014236
1000237  0.09882266819477081
1000236  0.09878995269536972
1000191  0.09877016395330429
1201598  0.09861312806606293
1000215  0.09859471768140793
1000541  0.09859377890825272
1000226  0.09855572879314423
1000188  0.09848102927207947
1000211  0.09834276884794235
1000208  0.09833145141601562
1200530  0.0982203260064125
1200697  0.09818311035633087
1000329  0.09812436252832413
1200695  0.0980525016784668
1200683  0.09803950786590576
1000537  0.09803234040737152
1000193  0.09800198674201965
1200694  0.09795824438333511
1200646  0.09790588915348053
1200704  0.0976778194308281
1000328  0.09763994067907333
1000239  0.09759293496608734
1000242  0.09754698723554611
1000586  0.09754173457622528
1000192  0.09750208258628845
1200705  0.09745434671640396
1200713  0.09729605913162231
1200678  0.09725463390350342
1000543  0.09721216559410095
1000605  0.09716813266277313
1200667  0.09709593653678894
1200669  0.09692360460758209
1200711  0.09672138094902039
1000573  0.0966862216591835
1200710  0.0965876653790474
1200594  0.09638150781393051
1200666  0.09633934497833252
1200682  0.09612292796373367
1200632  0.09605585783720016
1000554  0.09603095054626465
1000570  0.09590649604797363
1200708  0.09587666392326355
1200681  0.09583475440740585
1000546  0.09566635638475418
1200679  0.09560734033584595
1000583  0.0952005535364151
1000587  0.09519045054912567
1000580  0.09487093240022659
1000584  0.09479574114084244
1200601  0.09476972371339798
1000582  0.09469538182020187
1000555  0.09448660165071487
1000579  0.09448549151420593
1000588  0.09431783109903336
1000603  0.09429901838302612
1000589  0.09386788308620453
1000562  0.09341280162334442
1000560  0.09308988600969315
1000604  0.09301422536373138
1000574  0.09299089759588242
1000556  0.09291259199380875
1000593  0.09255092591047287
1000576  0.09254259616136551
1000578  0.09247279912233353
1000590  0.09225238859653473
1000547  0.09197886288166046
1000575  0.09191000461578369
1202065  0.09180936962366104
1000553  0.09178571403026581
1202117  0.09172217547893524
1202089  0.09158223867416382
1202135  0.09154261648654938
1500169  0.09148731082677841
1202081  0.09146789461374283
1202113  0.09140649437904358
1202085  0.09131967276334763
1202064  0.09126796573400497
1202112  0.09126359224319458
1202133  0.09116382896900177
1000551  0.09115367382764816
1202097  0.09114649146795273
1500168  0.0911385640501976
1202121  0.09112166613340378
1202066  0.09107290208339691
1202105  0.09100114554166794
1202107  0.09099555015563965
1202082  0.09086252003908157
1202187  0.09085767716169357
1500149  0.09084191918373108
1201954  0.09083755314350128
1202184  0.09076956659555435
1202104  0.09072542190551758
1202108  0.09055300056934357
1202056  0.09039580821990967
1500163  0.0903613492846489
1500146  0.09035594016313553
1500144  0.09034213423728943
1500152  0.09030113369226456
1202083  0.09017789363861084
1202079  0.09013741463422775
1500145  0.09012638032436371
1202078  0.09011942148208618
1500174  0.09010887145996094
1202070  0.0900416299700737
1201963  0.09001929312944412
1202203  0.08998848497867584
1301000  0.08993734419345856
1202062  0.08992919325828552
1500133  0.08992534130811691
1202084  0.08991291373968124
1500175  0.08991201967000961
1500150  0.0898740217089653
1201967  0.08986417204141617
1202060  0.08985783904790878
1500132  0.08980847895145416
1202103  0.08974403142929077
1500170  0.08974207937717438
1500094  0.08973907679319382
1500131  0.08972136676311493
1400035  0.08969567716121674
1202080  0.08967218548059464
1500172  0.08956559002399445
2100111  0.08951611816883087
1500176  0.08949146419763565
1500134  0.08942132443189621
1202067  0.0894027054309845
1400036  0.08908426016569138
1202057  0.08907715976238251
1400037  0.08906301856040955
1202059  0.08902549743652344
1500173  0.08898413181304932
2100035  0.08810990303754807
2100040  0.08804980665445328
1500210  0.08793975412845612
1500191  0.08790315687656403
2100045  0.0876394510269165
1500190  0.08757747709751129
1500177  0.08738434314727783
2100108  0.0873415619134903
2100050  0.08733164519071579
1500178  0.08727013319730759
1500182  0.08711571246385574
1500187  0.08694460988044739
1500192  0.08691160380840302
1500183  0.08679278194904327
2100098  0.08644340932369232
2100053  0.08642789721488953
1500201  0.0863230973482132
1500193  0.08617454767227173
1500199  0.08596917986869812
2100065  0.08584153652191162
1500195  0.08559414744377136
1500211  0.08556164801120758
1500188  0.08553695678710938
1500189  0.08551185578107834
1200364  0.08542616665363312
2100056  0.08536463975906372
1500180  0.08509384840726852
1201283  0.08504945784807205
2100085  0.08454935252666473
1500194  0.08406040072441101
1500179  0.08373826742172241
1200719  0.07182741910219193
1200848  0.06192009896039963
1200888  0.061908625066280365
1200887  0.06184606999158859
1200753  0.06181619316339493
1200891  0.06150928512215614
1200817  0.06150815263390541
1200897  0.06149498000741005
1200762  0.06147324666380882
1200873  0.0614699125289917
1200892  0.061440154910087585
1200844  0.061324380338191986
1201210  0.06118292734026909
1200742  0.06117558851838112
1200881  0.06116613745689392
1200886  0.06113879010081291
1200720  0.06105487048625946
1200898  0.061050739139318466
1200818  0.06099833548069
1200823  0.06092880666255951
1200739  0.06091872602701187
1201207  0.06083300709724426
1200877  0.0607999712228775
1201213  0.060799069702625275
1201220  0.06075277552008629
1201154  0.06068326532840729
1201153  0.06067894026637077
1200787  0.06057680398225784
1201157  0.060548778623342514
1201214  0.06046735495328903
1201146  0.060459334403276443
1201206  0.060427043586969376
1200738  0.06040548160672188
1200726  0.06035372614860535
1200793  0.06033707037568092
1200729  0.06031991168856621
1200859  0.060290589928627014
1201282  0.06027306243777275
1201167  0.060261521488428116
1200819  0.06025869399309158
1200903  0.06025153398513794
1200864  0.06025104969739914
1201221  0.06023666262626648
1201175  0.06022370979189873
1200902  0.06020689383149147
1200807  0.06019951030611992
1201149  0.060156434774398804
1200899  0.06012570858001709
1200861  0.060124799609184265
1201217  0.06008060649037361
1200907  0.06000176817178726
1201152  0.05998745933175087
1200778  0.059963617473840714
1200725  0.05995907261967659
1201145  0.05987728759646416
1201216  0.05985458940267563
1201150  0.05980002507567406
1201151  0.059792011976242065
1200768  0.059713494032621384
1200731  0.05952824652194977
1200737  0.059488680213689804
1201144  0.05907784774899483
1201280  0.05895558372139931
1201222  0.05884631350636482
1201247  0.05880313739180565
1201268  0.0587807223200798
1201262  0.05816063657402992
1201228  0.058132950216531754
1201248  0.05810953676700592
1201269  0.05808480083942413
1201238  0.057928651571273804
1201250  0.05769502371549606
1201259  0.057650126516819
1201239  0.05754254758358002
1201270  0.0574943907558918
1201267  0.05719206854701042
1201261  0.05718659237027168
1201279  0.057030096650123596
1201258  0.056841835379600525
1201273  0.05673389881849289
1201242  0.05670788139104843
1201271  0.05656052380800247
1201240  0.056541088968515396
1201246  0.056497860699892044
1201257  0.056383512914180756
1201272  0.056259963661432266
1201256  0.05621839314699173
1201278  0.05620851367712021
1201237  0.05598282441496849
1201229  0.05597735568881035
1201255  0.0557449571788311
1201232  0.05573313310742378
1201686  0.052460167557001114
1201945  0.039017725735902786
1000607  0.03616810590028763
1000626  0.03308248519897461
1000731  0.03300641104578972
1000729  0.03284389153122902
1000653  0.0328272208571434
1200357  0.03270565718412399
1000734  0.032640594989061356
1200209  0.0326373428106308
1000733  0.032613687217235565
1000652  0.03257310763001442
1000625  0.0325169563293457
1000647  0.03251337260007858
1000732  0.03249747306108475
1200202  0.03249537572264671
1000662  0.03248702734708786
1200203  0.032468535006046295
1000627  0.03246710076928139
1000657  0.032446883618831635
1000728  0.03244396299123764
1000735  0.032392002642154694
1000648  0.032354943454265594
1100049  0.032302375882864
1000736  0.03226948156952858
1000654  0.03225904330611229
1100046  0.03224797174334526
1000656  0.032229091972112656
1000651  0.03218741714954376
1000616  0.0321689136326313
1000623  0.032146815210580826
1000618  0.03213128447532654
1100038  0.032123129814863205
1200216  0.03212135285139084
1000645  0.032119881361722946
1200351  0.032108306884765625
1000746  0.03207755833864212
1100052  0.03206834942102432
1000630  0.03206241503357887
1000739  0.03205907344818115
1000659  0.03204016759991646
1000743  0.032014135271310806
1000738  0.031995683908462524
1000646  0.031985580921173096
1100032  0.031949061900377274
1200217  0.03191486746072769
1000655  0.03190970793366432
1000621  0.03190259635448456
1100041  0.03189929574728012
1200213  0.0318807028234005
1200214  0.031871993094682693
1000634  0.031861428171396255
1200212  0.0318591482937336
1100035  0.031850606203079224
1000615  0.031844619661569595
1000649  0.03183812275528908
1100055  0.03183189406991005
1200225  0.03183178976178169
1000629  0.031808122992515564
1000737  0.031733084470033646
1000620  0.031698260456323624
1100029  0.03167935833334923
1000741  0.031620096415281296
1000619  0.03151237219572067
1000740  0.03150860592722893
1200334  0.03147588297724724
1200250  0.03137558698654175
1200345  0.030974814668297768
1200240  0.03095252253115177
1200233  0.03086819313466549
1200226  0.030829133465886116
1200324  0.03081468865275383
1200335  0.030757278203964233
1200337  0.030643222853541374
1200333  0.030632218345999718
1200336  0.030621951445937157
1200330  0.030618682503700256
1200234  0.030596740543842316
1200322  0.030554141849279404
1200323  0.030508508905768394
1200235  0.030469680204987526
1200227  0.030468199402093887
1200318  0.030411990359425545
1200342  0.03039688430726528
1200340  0.03024824894964695
1200319  0.0301140658557415
1200236  0.030090803280472755
1200237  0.030080102384090424
1200341  0.03003538027405739
1200339  0.029922643676400185
1200320  0.029916971921920776
1200321  0.029810387641191483
1200232  0.029602698981761932
1200229  0.029383298009634018
1201726  0.024073181673884392
1201704  0.02400565706193447
1201748  0.023995637893676758
1201725  0.02397766336798668
1201705  0.023973623290657997
1201755  0.023957474157214165
1201716  0.023903321474790573
1201743  0.023902444168925285
1201687  0.02388012409210205
1201829  0.023846803233027458
1201749  0.023833896964788437
1201754  0.023803120478987694
1201747  0.023800348863005638
1201828  0.02379002422094345
1201690  0.023778202012181282
1201733  0.023755578324198723
1201728  0.02373001165688038
1201717  0.023728974163532257
1201756  0.023695074021816254
1201736  0.023621203377842903
1201741  0.023612262681126595
1201796  0.02361118607223034
1201837  0.023610811680555344
1201697  0.02358241379261017
1201782  0.02356896735727787
1201835  0.02356601320207119
1201764  0.023539409041404724
1201702  0.023535553365945816
1201757  0.023529229685664177
1201807  0.023516962304711342
1201771  0.023510679602622986
1201817  0.023509714752435684
1201785  0.023502403870224953
1201772  0.02349589206278324
1201712  0.023488499224185944
1201763  0.023486454039812088
1201701  0.023470241576433182
1201721  0.023451372981071472
1201830  0.02343980222940445
1201722  0.023414012044668198
1201831  0.02340204268693924
1201714  0.023387759923934937
1201732  0.023383133113384247
1201825  0.02338309958577156
1201827  0.0233807060867548
1201711  0.02335677295923233
1201758  0.023352978751063347
1201689  0.023341812193393707
1201713  0.023338159546256065
1201688  0.023334061726927757
1201775  0.023319341242313385
1201781  0.023296188563108444
1201706  0.023272860795259476
1201832  0.02326502464711666
1201941  0.02324601821601391
1201769  0.023193208500742912
1201731  0.0231572724878788
1201696  0.02312351204454899
1201838  0.02311033383011818
1201776  0.023110300302505493
1201768  0.02307070791721344
1201694  0.023064732551574707
1201895  0.02291957102715969
1201925  0.02287929505109787
1201839  0.02283291518688202
1201926  0.02280992642045021
1201845  0.022779347375035286
1201884  0.022759759798645973
1201922  0.022701142355799675
1201927  0.0226577240973711
1201940  0.022622862830758095
1201898  0.02260184846818447
1201846  0.02249487303197384
1201849  0.022454801946878433
1201840  0.022440550848841667
1201917  0.02241995371878147
1201930  0.022409411147236824
1201924  0.022401848807930946
1201923  0.022302597761154175
1201933  0.022220604121685028
1201906  0.02219848521053791
1201914  0.02218385599553585
1201928  0.022174807265400887
1201859  0.022062717005610466
1201929  0.022035274654626846
1201864  0.02200855314731598
1201931  0.021960940212011337
1201903  0.021959250792860985
1201844  0.021861080080270767
1201905  0.0217782873660326
1201841  0.021525293588638306
2101701  0.02123865857720375
2101110  0.01781792752444744
2101121  0.01781662553548813
2101109  0.017812488600611687
2101091  0.017799662426114082
2101111  0.017791302874684334
2101075  0.0177898108959198
2101085  0.01778065599501133
2101097  0.017763551324605942
2101120  0.017760714516043663
2101092  0.017756149172782898
2101636  0.01775480806827545
2101100  0.01775432750582695
2101098  0.017733989283442497
2101086  0.01773323491215706
2101074  0.017727462574839592
2101637  0.017712214961647987
2101078  0.0177085492759943
2101123  0.01767614670097828
2101096  0.01766684278845787
2101144  0.01766376383602619
2101632  0.017652688547968864
2101063  0.01765095256268978
2101087  0.017636364325881004
2101094  0.017636027187108994
2101641  0.017633384093642235
2101635  0.017632458359003067
2101084  0.01763036847114563
2101083  0.017630204558372498
2101125  0.01762673631310463
2101099  0.017620179802179337
2101627  0.017618248239159584
2101090  0.01761813461780548
2101064  0.017617514356970787
2101068  0.017616424709558487
2101067  0.01761103793978691
2101072  0.01760800927877426
2101640  0.017607316374778748
2101638  0.017602212727069855
2101080  0.017600737512111664
2101629  0.017597340047359467
2101127  0.017595361918210983
2101126  0.0175889004021883
2101628  0.017584796994924545
2101642  0.017583198845386505
2101137  0.01758202165365219
2101082  0.01757875271141529
2101134  0.017573244869709015
2101630  0.017564084380865097
2101079  0.017561616376042366
2101138  0.017560003325343132
2101700  0.017552651464939117
2101073  0.017543895170092583
2101639  0.017531653866171837
2101141  0.017531225457787514
2101131  0.017529141157865524
2101132  0.017524272203445435
2101128  0.017522554844617844
2101095  0.017518246546387672
2101139  0.017507530748844147
2101070  0.017479313537478447
2101071  0.017450274899601936
2101645  0.01740250177681446
2101664  0.017363838851451874
2101685  0.017341187223792076
2101697  0.017340293154120445
2101663  0.017320673912763596
2101681  0.017308974638581276
2101686  0.01730269007384777
2101651  0.01728534698486328
2101684  0.01728200912475586
2101656  0.017239108681678772
2101688  0.017216399312019348
2101657  0.017204076051712036
2101665  0.017186742275953293
2101696  0.017170680686831474
2101689  0.017167052254080772
2101660  0.017145663499832153
2101652  0.017124976962804794
2101680  0.017124688252806664
2101658  0.017124077305197716
2101679  0.017123427242040634
2101659  0.017097966745495796
2101667  0.01709745265543461
2101693  0.01708129048347473
2101682  0.017068734392523766
2101678  0.01706599071621895
2101692  0.017058800905942917
2101655  0.017051566392183304
2101695  0.017037689685821533
2101654  0.016927992925047874
2101677  0.016904782503843307
