2103446  inf
2103482  inf
1000174  0.03571428571428571
1000175  0.03571428571428571
1000188  0.03571428571428571
1000190  0.03571428571428571
1000191  0.03571428571428571
1000192  0.03571428571428571
1000193  0.03571428571428571
1000194  0.03571428571428571
1000195  0.03571428571428571
1000197  0.03571428571428571
1000199  0.03571428571428571
1000205  0.03571428571428571
1000208  0.03571428571428571
1000209  0.03571428571428571
1000210  0.03571428571428571
1000211  0.03571428571428571
1000212  0.03571428571428571
1000213  0.03571428571428571
1000214  0.03571428571428571
1000215  0.03571428571428571
1000216  0.03571428571428571
1000217  0.03571428571428571
1000218  0.03571428571428571
1000219  0.03571428571428571
1000220  0.03571428571428571
1000221  0.03571428571428571
1000223  0.03571428571428571
1000226  0.03571428571428571
1000227  0.03571428571428571
1000228  0.03571428571428571
1000229  0.03571428571428571
1000230  0.03571428571428571
1000231  0.03571428571428571
1000232  0.03571428571428571
1000233  0.03571428571428571
1000234  0.03571428571428571
1000235  0.03571428571428571
1000236  0.03571428571428571
1000237  0.03571428571428571
1000238  0.03571428571428571
1000239  0.03571428571428571
1000242  0.03571428571428571
1000248  0.03571428571428571
1000266  0.03571428571428571
1000328  0.03571428571428571
1000329  0.03571428571428571
1000400  0.03571428571428571
1000522  0.03571428571428571
1000523  0.03571428571428571
1000524  0.03571428571428571
1000525  0.03571428571428571
1000527  0.03571428571428571
1000529  0.03571428571428571
1000530  0.03571428571428571
1000532  0.03571428571428571
1000533  0.03571428571428571
1000536  0.03571428571428571
1000537  0.03571428571428571
1000538  0.03571428571428571
1000541  0.03571428571428571
1000542  0.03571428571428571
1000543  0.03571428571428571
1000546  0.03571428571428571
1000547  0.03571428571428571
1000551  0.03571428571428571
1000553  0.03571428571428571
1000554  0.03571428571428571
1000555  0.03571428571428571
1000556  0.03571428571428571
1000560  0.03571428571428571
1000562  0.03571428571428571
1000570  0.03571428571428571
1000573  0.03571428571428571
1000574  0.03571428571428571
1000575  0.03571428571428571
1000576  0.03571428571428571
1000578  0.03571428571428571
1000579  0.03571428571428571
1000580  0.03571428571428571
1000582  0.03571428571428571
1000583  0.03571428571428571
1000584  0.03571428571428571
1000586  0.03571428571428571
1000587  0.03571428571428571
1000588  0.03571428571428571
1000589  0.03571428571428571
1000590  0.03571428571428571
1000593  0.03571428571428571
1000603  0.03571428571428571
1000604  0.03571428571428571
1000605  0.03571428571428571
1000606  0.03571428571428571
1000607  0.03571428571428571
1000615  0.03571428571428571
1000616  0.03571428571428571
1000618  0.03571428571428571
1000619  0.03571428571428571
1000620  0.03571428571428571
1000621  0.03571428571428571
1000623  0.03571428571428571
1000625  0.03571428571428571
1000626  0.03571428571428571
1000627  0.03571428571428571
1000629  0.03571428571428571
1000630  0.03571428571428571
1000634  0.03571428571428571
1000645  0.03571428571428571
1000646  0.03571428571428571
1000647  0.03571428571428571
1000648  0.03571428571428571
1000649  0.03571428571428571
1000651  0.03571428571428571
1000652  0.03571428571428571
1000653  0.03571428571428571
1000654  0.03571428571428571
1000655  0.03571428571428571
1000656  0.03571428571428571
1000657  0.03571428571428571
1000659  0.03571428571428571
1000662  0.03571428571428571
1000728  0.03571428571428571
1000729  0.03571428571428571
1000731  0.03571428571428571
1000732  0.03571428571428571
1000733  0.03571428571428571
1000734  0.03571428571428571
1000735  0.03571428571428571
1000736  0.03571428571428571
1000737  0.03571428571428571
1000738  0.03571428571428571
1000739  0.03571428571428571
1000740  0.03571428571428571
1000741  0.03571428571428571
1000743  0.03571428571428571
1000746  0.03571428571428571
1100029  0.03571428571428571
1100032  0.03571428571428571
1100035  0.03571428571428571
1100038  0.03571428571428571
1100041  0.03571428571428571
1100046  0.03571428571428571
1100049  0.03571428571428571
1100052  0.03571428571428571
1100055  0.03571428571428571
1200202  0.03571428571428571
1200203  0.03571428571428571
1200209  0.03571428571428571
1200212  0.03571428571428571
1200213  0.03571428571428571
1200214  0.03571428571428571
1200216  0.03571428571428571
1200217  0.03571428571428571
1200225  0.03571428571428571
1200226  0.03571428571428571
1200227  0.03571428571428571
1200229  0.03571428571428571
1200232  0.03571428571428571
1200233  0.03571428571428571
1200234  0.03571428571428571
1200235  0.03571428571428571
1200236  0.03571428571428571
1200237  0.03571428571428571
1200240  0.03571428571428571
1200250  0.03571428571428571
1200318  0.03571428571428571
1200319  0.03571428571428571
1200320  0.03571428571428571
1200321  0.03571428571428571
1200322  0.03571428571428571
1200323  0.03571428571428571
1200324  0.03571428571428571
1200330  0.03571428571428571
1200333  0.03571428571428571
1200334  0.03571428571428571
1200335  0.03571428571428571
1200336  0.03571428571428571
1200337  0.03571428571428571
1200339  0.03571428571428571
1200340  0.03571428571428571
1200341  0.03571428571428571
1200342  0.03571428571428571
1200345  0.03571428571428571
1200351  0.03571428571428571
1200357  0.03571428571428571
1200364  0.03571428571428571
1200365  0.03571428571428571
1200366  0.03571428571428571
1200370  0.03571428571428571
1200371  0.03571428571428571
1200393  0.03571428571428571
1200397  0.03571428571428571
1200402  0.03571428571428571
1200405  0.03571428571428571
1200407  0.03571428571428571
1200408  0.03571428571428571
1200411  0.03571428571428571
1200412  0.03571428571428571
1200415  0.03571428571428571
1200416  0.03571428571428571
1200419  0.03571428571428571
1200421  0.03571428571428571
1200427  0.03571428571428571
1200428  0.03571428571428571
1200429  0.03571428571428571
1200430  0.03571428571428571
1200431  0.03571428571428571
1200432  0.03571428571428571
1200434  0.03571428571428571
1200435  0.03571428571428571
1200439  0.03571428571428571
1200440  0.03571428571428571
1200443  0.03571428571428571
1200444  0.03571428571428571
1200445  0.03571428571428571
1200446  0.03571428571428571
1200447  0.03571428571428571
1200450  0.03571428571428571
1200455  0.03571428571428571
1200456  0.03571428571428571
1200457  0.03571428571428571
1200458  0.03571428571428571
1200463  0.03571428571428571
1200465  0.03571428571428571
1200466  0.03571428571428571
1200469  0.03571428571428571
1200470  0.03571428571428571
1200478  0.03571428571428571
1200483  0.03571428571428571
1200488  0.03571428571428571
1200489  0.03571428571428571
1200491  0.03571428571428571
1200492  0.03571428571428571
1200493  0.03571428571428571
1200494  0.03571428571428571
1200501  0.03571428571428571
1200502  0.03571428571428571
1200503  0.03571428571428571
1200506  0.03571428571428571
1200507  0.03571428571428571
1200508  0.03571428571428571
1200514  0.03571428571428571
1200515  0.03571428571428571
1200519  0.03571428571428571
1200523  0.03571428571428571
1200525  0.03571428571428571
1200527  0.03571428571428571
1200530  0.03571428571428571
1200594  0.03571428571428571
1200601  0.03571428571428571
1200632  0.03571428571428571
1200639  0.03571428571428571
1200646  0.03571428571428571
1200666  0.03571428571428571
1200667  0.03571428571428571
1200669  0.03571428571428571
1200670  0.03571428571428571
1200671  0.03571428571428571
1200678  0.03571428571428571
1200679  0.03571428571428571
1200681  0.03571428571428571
1200682  0.03571428571428571
1200683  0.03571428571428571
1200694  0.03571428571428571
1200695  0.03571428571428571
1200697  0.03571428571428571
1200699  0.03571428571428571
1200700  0.03571428571428571
1200701  0.03571428571428571
1200704  0.03571428571428571
1200705  0.03571428571428571
1200708  0.03571428571428571
1200710  0.03571428571428571
1200711  0.03571428571428571
1200713  0.03571428571428571
1200714  0.03571428571428571
1200716  0.03571428571428571
1200719  0.03571428571428571
1200720  0.03571428571428571
1200725  0.03571428571428571
1200726  0.03571428571428571
1200729  0.03571428571428571
1200731  0.03571428571428571
1200737  0.03571428571428571
1200738  0.03571428571428571
1200739  0.03571428571428571
1200742  0.03571428571428571
1200753  0.03571428571428571
1200762  0.03571428571428571
1200768  0.03571428571428571
1200778  0.03571428571428571
1200787  0.03571428571428571
1200793  0.03571428571428571
1200807  0.03571428571428571
1200817  0.03571428571428571
1200818  0.03571428571428571
1200819  0.03571428571428571
1200823  0.03571428571428571
1200844  0.03571428571428571
1200848  0.03571428571428571
1200859  0.03571428571428571
1200861  0.03571428571428571
1200864  0.03571428571428571
1200873  0.03571428571428571
1200877  0.03571428571428571
1200881  0.03571428571428571
1200886  0.03571428571428571
1200887  0.03571428571428571
1200888  0.03571428571428571
1200891  0.03571428571428571
1200892  0.03571428571428571
1200897  0.03571428571428571
1200898  0.03571428571428571
1200899  0.03571428571428571
1200902  0.03571428571428571
1200903  0.03571428571428571
1200907  0.03571428571428571
1201144  0.03571428571428571
1201145  0.03571428571428571
1201146  0.03571428571428571
1201149  0.03571428571428571
1201150  0.03571428571428571
1201151  0.03571428571428571
1201152  0.03571428571428571
1201153  0.03571428571428571
1201154  0.03571428571428571
1201157  0.03571428571428571
1201167  0.03571428571428571
1201175  0.03571428571428571
1201206  0.03571428571428571
1201207  0.03571428571428571
1201210  0.03571428571428571
1201213  0.03571428571428571
1201214  0.03571428571428571
1201216  0.03571428571428571
1201217  0.03571428571428571
1201220  0.03571428571428571
1201221  0.03571428571428571
1201222  0.03571428571428571
1201228  0.03571428571428571
1201229  0.03571428571428571
1201232  0.03571428571428571
1201237  0.03571428571428571
1201238  0.03571428571428571
1201239  0.03571428571428571
1201240  0.03571428571428571
1201242  0.03571428571428571
1201246  0.03571428571428571
1201247  0.03571428571428571
1201248  0.03571428571428571
1201250  0.03571428571428571
1201255  0.03571428571428571
1201256  0.03571428571428571
1201257  0.03571428571428571
1201258  0.03571428571428571
1201259  0.03571428571428571
1201261  0.03571428571428571
1201262  0.03571428571428571
1201267  0.03571428571428571
1201268  0.03571428571428571
1201269  0.03571428571428571
1201270  0.03571428571428571
1201271  0.03571428571428571
1201272  0.03571428571428571
1201273  0.03571428571428571
1201278  0.03571428571428571
1201279  0.03571428571428571
1201280  0.03571428571428571
1201282  0.03571428571428571
1201283  0.03571428571428571
1201284  0.03571428571428571
1201285  0.03571428571428571
1201286  0.03571428571428571
1201291  0.03571428571428571
1201292  0.03571428571428571
1201294  0.03571428571428571
1201296  0.03571428571428571
1201301  0.03571428571428571
1201302  0.03571428571428571
1201303  0.03571428571428571
1201306  0.03571428571428571
1201313  0.03571428571428571
1201314  0.03571428571428571
1201315  0.03571428571428571
1201323  0.03571428571428571
1201331  0.03571428571428571
1201332  0.03571428571428571
1201350  0.03571428571428571
1201351  0.03571428571428571
1201367  0.03571428571428571
1201369  0.03571428571428571
1201370  0.03571428571428571
1201371  0.03571428571428571
1201372  0.03571428571428571
1201373  0.03571428571428571
1201376  0.03571428571428571
1201383  0.03571428571428571
1201389  0.03571428571428571
1201395  0.03571428571428571
1201397  0.03571428571428571
1201398  0.03571428571428571
1201401  0.03571428571428571
1201412  0.03571428571428571
1201419  0.03571428571428571
1201422  0.03571428571428571
1201459  0.03571428571428571
1201461  0.03571428571428571
1201462  0.03571428571428571
1201463  0.03571428571428571
1201464  0.03571428571428571
1201465  0.03571428571428571
1201467  0.03571428571428571
1201468  0.03571428571428571
1201470  0.03571428571428571
1201474  0.03571428571428571
1201475  0.03571428571428571
1201476  0.03571428571428571
1201477  0.03571428571428571
1201478  0.03571428571428571
1201483  0.03571428571428571
1201484  0.03571428571428571
1201488  0.03571428571428571
1201489  0.03571428571428571
1201491  0.03571428571428571
1201493  0.03571428571428571
1201497  0.03571428571428571
1201498  0.03571428571428571
1201503  0.03571428571428571
1201504  0.03571428571428571
1201507  0.03571428571428571
1201584  0.03571428571428571
1201587  0.03571428571428571
1201591  0.03571428571428571
1201598  0.03571428571428571
1201601  0.03571428571428571
1201632  0.03571428571428571
1201641  0.03571428571428571
1201642  0.03571428571428571
1201643  0.03571428571428571
1201647  0.03571428571428571
1201648  0.03571428571428571
1201649  0.03571428571428571
1201650  0.03571428571428571
1201655  0.03571428571428571
1201656  0.03571428571428571
1201657  0.03571428571428571
1201658  0.03571428571428571
1201662  0.03571428571428571
1201663  0.03571428571428571
1201667  0.03571428571428571
1201668  0.03571428571428571
1201669  0.03571428571428571
1201671  0.03571428571428571
1201672  0.03571428571428571
1201674  0.03571428571428571
1201677  0.03571428571428571
1201678  0.03571428571428571
1201679  0.03571428571428571
1201680  0.03571428571428571
1201681  0.03571428571428571
1201682  0.03571428571428571
1201686  0.03571428571428571
1201687  0.03571428571428571
1201688  0.03571428571428571
1201689  0.03571428571428571
1201690  0.03571428571428571
1201694  0.03571428571428571
1201696  0.03571428571428571
1201697  0.03571428571428571
1201701  0.03571428571428571
1201702  0.03571428571428571
1201704  0.03571428571428571
1201705  0.03571428571428571
1201706  0.03571428571428571
1201711  0.03571428571428571
1201712  0.03571428571428571
1201713  0.03571428571428571
1201714  0.03571428571428571
1201716  0.03571428571428571
1201717  0.03571428571428571
1201721  0.03571428571428571
1201722  0.03571428571428571
1201725  0.03571428571428571
1201726  0.03571428571428571
1201728  0.03571428571428571
1201731  0.03571428571428571
1201732  0.03571428571428571
1201733  0.03571428571428571
1201736  0.03571428571428571
1201741  0.03571428571428571
1201743  0.03571428571428571
1201747  0.03571428571428571
1201748  0.03571428571428571
1201749  0.03571428571428571
1201754  0.03571428571428571
1201755  0.03571428571428571
1201756  0.03571428571428571
1201757  0.03571428571428571
1201758  0.03571428571428571
1201763  0.03571428571428571
1201764  0.03571428571428571
1201768  0.03571428571428571
1201769  0.03571428571428571
1201771  0.03571428571428571
1201772  0.03571428571428571
1201775  0.03571428571428571
1201776  0.03571428571428571
1201781  0.03571428571428571
1201782  0.03571428571428571
1201785  0.03571428571428571
1201796  0.03571428571428571
1201807  0.03571428571428571
1201817  0.03571428571428571
1201825  0.03571428571428571
1201827  0.03571428571428571
1201828  0.03571428571428571
1201829  0.03571428571428571
1201830  0.03571428571428571
1201831  0.03571428571428571
1201832  0.03571428571428571
1201835  0.03571428571428571
1201837  0.03571428571428571
1201838  0.03571428571428571
1201839  0.03571428571428571
1201840  0.03571428571428571
1201841  0.03571428571428571
1201844  0.03571428571428571
1201845  0.03571428571428571
1201846  0.03571428571428571
1201849  0.03571428571428571
1201859  0.03571428571428571
1201864  0.03571428571428571
1201884  0.03571428571428571
1201895  0.03571428571428571
1201898  0.03571428571428571
1201903  0.03571428571428571
1201905  0.03571428571428571
1201906  0.03571428571428571
1201914  0.03571428571428571
1201917  0.03571428571428571
1201922  0.03571428571428571
1201923  0.03571428571428571
1201924  0.03571428571428571
1201925  0.03571428571428571
1201926  0.03571428571428571
1201927  0.03571428571428571
1201928  0.03571428571428571
1201929  0.03571428571428571
1201930  0.03571428571428571
1201931  0.03571428571428571
1201933  0.03571428571428571
1201940  0.03571428571428571
1201941  0.03571428571428571
1201945  0.03571428571428571
1201954  0.03571428571428571
1201963  0.03571428571428571
1201967  0.03571428571428571
1202056  0.03571428571428571
1202057  0.03571428571428571
1202059  0.03571428571428571
1202060  0.03571428571428571
1202062  0.03571428571428571
1202064  0.03571428571428571
1202065  0.03571428571428571
1202066  0.03571428571428571
1202067  0.03571428571428571
1202070  0.03571428571428571
1202078  0.03571428571428571
1202079  0.03571428571428571
1202080  0.03571428571428571
1202081  0.03571428571428571
1202082  0.03571428571428571
1202083  0.03571428571428571
1202084  0.03571428571428571
1202085  0.03571428571428571
1202089  0.03571428571428571
1202097  0.03571428571428571
1202103  0.03571428571428571
1202104  0.03571428571428571
1202105  0.03571428571428571
1202107  0.03571428571428571
1202108  0.03571428571428571
1202112  0.03571428571428571
1202113  0.03571428571428571
1202117  0.03571428571428571
1202121  0.03571428571428571
1202133  0.03571428571428571
1202135  0.03571428571428571
1202184  0.03571428571428571
1202187  0.03571428571428571
1202203  0.03571428571428571
1301000  0.03571428571428571
1500131  0.03571428571428571
1500132  0.03571428571428571
1500133  0.03571428571428571
1500134  0.03571428571428571
1400035  0.03333333333333333
1400036  0.03333333333333333
1400037  0.03333333333333333
1500094  0.03333333333333333
1500144  0.03333333333333333
1500145  0.03333333333333333
1500146  0.03333333333333333
1500149  0.03333333333333333
1500150  0.03333333333333333
1500152  0.03333333333333333
1500163  0.03333333333333333
1500168  0.03333333333333333
1500169  0.03333333333333333
1500170  0.03333333333333333
1500172  0.03333333333333333
1500173  0.03333333333333333
1500174  0.03333333333333333
1500175  0.03333333333333333
1500176  0.03333333333333333
1500177  0.03333333333333333
1500178  0.03333333333333333
1500179  0.03333333333333333
1500180  0.03333333333333333
1500182  0.03333333333333333
1500183  0.03333333333333333
1500187  0.03333333333333333
1500188  0.03333333333333333
1500189  0.03333333333333333
1500190  0.03333333333333333
1500191  0.03333333333333333
1500192  0.03333333333333333
1500193  0.03333333333333333
1500194  0.03333333333333333
1500195  0.03333333333333333
1500199  0.03333333333333333
1500201  0.03333333333333333
1500210  0.03333333333333333
1500211  0.03333333333333333
2103464  0.006024096385542169
2100035  0.0007102272727272727
2100040  0.0007102272727272727
2100045  0.0007102272727272727
2100050  0.0007102272727272727
2100053  0.0007102272727272727
2100056  0.0007102272727272727
2100065  0.0007102272727272727
2100085  0.0007102272727272727
2100098  0.0007102272727272727
2100108  0.0007102272727272727
2100111  0.0007102272727272727
2100114  0.0007102272727272727
2100117  0.0007102272727272727
2100120  0.0007102272727272727
2100123  0.0007102272727272727
2100126  0.0007102272727272727
2100147  0.0007102272727272727
2100155  0.0007102272727272727
2100158  0.0007102272727272727
2100169  0.0007102272727272727
2100170  0.0007102272727272727
2100171  0.0007102272727272727
2100174  0.0007102272727272727
2100175  0.0007102272727272727
2100178  0.0007102272727272727
2100179  0.0007102272727272727
2100180  0.0007102272727272727
2100181  0.0007102272727272727
2100183  0.0007102272727272727
2100185  0.0007102272727272727
2100186  0.0007102272727272727
2100187  0.0007102272727272727
2100192  0.0007102272727272727
2100193  0.0007102272727272727
2100194  0.0007102272727272727
2100195  0.0007102272727272727
2100199  0.0007102272727272727
2100200  0.0007102272727272727
2100201  0.0007102272727272727
2100205  0.0007102272727272727
2100206  0.0007102272727272727
2100911  0.0007102272727272727
2100912  0.0007102272727272727
2100913  0.0007102272727272727
2100914  0.0007102272727272727
2100915  0.0007102272727272727
2100916  0.0007102272727272727
2100918  0.0007102272727272727
2100919  0.0007102272727272727
2100920  0.0007102272727272727
2100921  0.0007102272727272727
2100923  0.0007102272727272727
2100924  0.0007102272727272727
2100926  0.0007102272727272727
2100927  0.0007102272727272727
2100928  0.0007102272727272727
2100931  0.0007102272727272727
2100932  0.0007102272727272727
2100933  0.0007102272727272727
2100936  0.0007102272727272727
2100945  0.0007102272727272727
2100946  0.0007102272727272727
2100947  0.0007102272727272727
2100948  0.0007102272727272727
2100949  0.0007102272727272727
2100954  0.0007102272727272727
2100961  0.0007102272727272727
2100962  0.0007102272727272727
2100964  0.0007102272727272727
2100965  0.0007102272727272727
2100966  0.0007102272727272727
2100967  0.0007102272727272727
2100968  0.0007102272727272727
2100969  0.0007102272727272727
2100970  0.0007102272727272727
2100971  0.0007102272727272727
2100973  0.0007102272727272727
2100981  0.0007102272727272727
2100982  0.0007102272727272727
2100985  0.0007102272727272727
2100986  0.0007102272727272727
2100994  0.0007102272727272727
2100995  0.0007102272727272727
2100997  0.0007102272727272727
2100998  0.0007102272727272727
2101019  0.0007102272727272727
2101020  0.0007102272727272727
2101022  0.0007102272727272727
2101027  0.0007102272727272727
2101028  0.0007102272727272727
2101030  0.0007102272727272727
2101031  0.0007102272727272727
2101035  0.0007102272727272727
2101037  0.0007102272727272727
2101039  0.0007102272727272727
2101042  0.0007102272727272727
2101044  0.0007102272727272727
2101046  0.0007102272727272727
2101054  0.0007102272727272727
2101055  0.0007102272727272727
2101056  0.0007102272727272727
2101059  0.0007102272727272727
2101060  0.0007102272727272727
2101061  0.0007102272727272727
2101063  0.0007102272727272727
2101064  0.0007102272727272727
2101067  0.0007102272727272727
2101068  0.0007102272727272727
2101070  0.0007102272727272727
2101071  0.0007102272727272727
2101072  0.0007102272727272727
2101073  0.0007102272727272727
2101074  0.0007102272727272727
2101075  0.0007102272727272727
2101078  0.0007102272727272727
2101079  0.0007102272727272727
2101080  0.0007102272727272727
2101082  0.0007102272727272727
2101083  0.0007102272727272727
2101084  0.0007102272727272727
2101085  0.0007102272727272727
2101086  0.0007102272727272727
2101087  0.0007102272727272727
2101090  0.0007102272727272727
2101091  0.0007102272727272727
2101092  0.0007102272727272727
2101094  0.0007102272727272727
2101095  0.0007102272727272727
2101096  0.0007102272727272727
2101097  0.0007102272727272727
2101098  0.0007102272727272727
2101099  0.0007102272727272727
2101100  0.0007102272727272727
2101109  0.0007102272727272727
2101110  0.0007102272727272727
2101111  0.0007102272727272727
2101120  0.0007102272727272727
2101121  0.0007102272727272727
2101123  0.0007102272727272727
2101125  0.0007102272727272727
2101126  0.0007102272727272727
2101127  0.0007102272727272727
2101128  0.0007102272727272727
2101131  0.0007102272727272727
2101132  0.0007102272727272727
2101134  0.0007102272727272727
2101137  0.0007102272727272727
2101138  0.0007102272727272727
2101139  0.0007102272727272727
2101141  0.0007102272727272727
2101144  0.0007102272727272727
2101627  0.0007102272727272727
2101628  0.0007102272727272727
2101629  0.0007102272727272727
2101630  0.0007102272727272727
2101632  0.0007102272727272727
2101635  0.0007102272727272727
2101636  0.0007102272727272727
2101637  0.0007102272727272727
2101638  0.0007102272727272727
2101639  0.0007102272727272727
2101640  0.0007102272727272727
2101641  0.0007102272727272727
2101642  0.0007102272727272727
2101645  0.0007102272727272727
2101651  0.0007102272727272727
2101652  0.0007102272727272727
2101654  0.0007102272727272727
2101655  0.0007102272727272727
2101656  0.0007102272727272727
2101657  0.0007102272727272727
2101658  0.0007102272727272727
2101659  0.0007102272727272727
2101660  0.0007102272727272727
2101663  0.0007102272727272727
2101664  0.0007102272727272727
2101665  0.0007102272727272727
2101667  0.0007102272727272727
2101677  0.0007102272727272727
2101678  0.0007102272727272727
2101679  0.0007102272727272727
2101680  0.0007102272727272727
2101681  0.0007102272727272727
2101682  0.0007102272727272727
2101684  0.0007102272727272727
2101685  0.0007102272727272727
2101686  0.0007102272727272727
2101688  0.0007102272727272727
2101689  0.0007102272727272727
2101692  0.0007102272727272727
2101693  0.0007102272727272727
2101695  0.0007102272727272727
2101696  0.0007102272727272727
2101697  0.0007102272727272727
2101700  0.0007102272727272727
2101701  0.0007102272727272727
2101704  0.0007102272727272727
2101705  0.0007102272727272727
2101706  0.0007102272727272727
2101709  0.0007102272727272727
2101720  0.0007102272727272727
2101721  0.0007102272727272727
2101722  0.0007102272727272727
2101723  0.0007102272727272727
2101724  0.0007102272727272727
2101725  0.0007102272727272727
2101727  0.0007102272727272727
2101728  0.0007102272727272727
2101729  0.0007102272727272727
2101731  0.0007102272727272727
2101732  0.0007102272727272727
2101735  0.0007102272727272727
2101736  0.0007102272727272727
2101738  0.0007102272727272727
2101739  0.0007102272727272727
2101740  0.0007102272727272727
2101743  0.0007102272727272727
2101744  0.0007102272727272727
2101747  0.0007102272727272727
2101748  0.0007102272727272727
2101749  0.0007102272727272727
2101752  0.0007102272727272727
2101758  0.0007102272727272727
2101761  0.0007102272727272727
2101762  0.0007102272727272727
2101764  0.0007102272727272727
2101765  0.0007102272727272727
2101766  0.0007102272727272727
2101768  0.0007102272727272727
2101769  0.0007102272727272727
2101770  0.0007102272727272727
2101774  0.0007102272727272727
2101775  0.0007102272727272727
2101776  0.0007102272727272727
2101777  0.0007102272727272727
2101778  0.0007102272727272727
2101779  0.0007102272727272727
2101781  0.0007102272727272727
2101783  0.0007102272727272727
2101784  0.0007102272727272727
2101785  0.0007102272727272727
2101786  0.0007102272727272727
2101789  0.0007102272727272727
2101790  0.0007102272727272727
2101791  0.0007102272727272727
2101794  0.0007102272727272727
2101795  0.0007102272727272727
2101796  0.0007102272727272727
2101797  0.0007102272727272727
2101798  0.0007102272727272727
2101799  0.0007102272727272727
2101800  0.0007102272727272727
2101802  0.0007102272727272727
2101803  0.0007102272727272727
2101804  0.0007102272727272727
2101805  0.0007102272727272727
2101806  0.0007102272727272727
2101807  0.0007102272727272727
2101808  0.0007102272727272727
2101809  0.0007102272727272727
2101812  0.0007102272727272727
2101813  0.0007102272727272727
2101814  0.0007102272727272727
2101815  0.0007102272727272727
2101816  0.0007102272727272727
2101819  0.0007102272727272727
2101820  0.0007102272727272727
2101821  0.0007102272727272727
2101822  0.0007102272727272727
2101823  0.0007102272727272727
2101824  0.0007102272727272727
2101825  0.0007102272727272727
2101830  0.0007102272727272727
2101831  0.0007102272727272727
2101832  0.0007102272727272727
2101833  0.0007102272727272727
2101835  0.0007102272727272727
2101836  0.0007102272727272727
2101838  0.0007102272727272727
2101840  0.0007102272727272727
2101841  0.0007102272727272727
2101843  0.0007102272727272727
2101845  0.0007102272727272727
2101846  0.0007102272727272727
2101849  0.0007102272727272727
