4500021  1.0
7600063  1.0
7600064  1.0
7600065  1.0
7600066  1.0
7600067  1.0
8400052  1.0
8400053  1.0
8500077  1.0
8500078  1.0
8500079  1.0
8500081  1.0
8500082  1.0
8500084  1.0
10201284  1.0
10201285  1.0
4200065  0.323943661971831
4200066  0.323943661971831
4200061  0.2421052631578947
4200062  0.2421052631578947
6100103  0.2421052631578947
6100104  0.2421052631578947
6100105  0.2421052631578947
6100106  0.2421052631578947
7200112  0.2421052631578947
7200113  0.2421052631578947
7600056  0.19999999999999996
1900043  0.19696969696969702
6000069  0.19696969696969702
6000070  0.19696969696969702
1900040  0.19117647058823528
7600097  0.1477272727272727
8400119  0.10747663551401865
8100068  0.10697674418604652
5000026  0.09090909090909094
5000027  0.09090909090909094
8700258  0.07692307692307687
6000052  0.07281553398058249
7600108  0.07281553398058249
4900042  0.06965174129353235
9800246  0.06666666666666665
6900060  0.06635071090047395
6900082  0.06635071090047395
6900083  0.06635071090047395
7500052  0.0625
7600081  0.0625
7600080  0.06149732620320858
7600076  0.06133333333333335
6100049  0.06052631578947365
6100050  0.06052631578947365
6000107  0.052631578947368474
6000101  0.050000000000000044
6000102  0.050000000000000044
6000105  0.050000000000000044
6000064  0.047945205479452024
6000065  0.047945205479452024
4900022  0.04783599088838264
7500038  0.04772727272727273
7500056  0.04772727272727273
7600102  0.04703476482617586
7600099  0.04693877551020409
7600100  0.04693877551020409
7600101  0.04693877551020409
6000098  0.045454545454545414
7600088  0.045454545454545414
7600096  0.045454545454545414
1400014  0.04427083333333337
1400015  0.04427083333333337
1400020  0.04427083333333337
8700257  0.04347826086956519
8700268  0.04347826086956519
8700269  0.04347826086956519
7400060  0.03778337531486142
7600092  0.03488372093023251
4500016  0.033333333333333326
4500017  0.033333333333333326
8700273  0.033333333333333326
4700079  0.032258064516129004
6900079  0.031636863823933936
6900080  0.031636863823933936
6900118  0.031636863823933936
6900119  0.031636863823933936
6900120  0.031636863823933936
6900121  0.031636863823933936
7500037  0.03137789904502042
2500032  0.03133514986376018
6600034  0.03125
6600035  0.03125
7500035  0.030997304582210283
2500028  0.030955585464333746
5700041  0.02985074626865669
1900038  0.02930402930402931
10201006  0.028880866425992746
7600048  0.028605482717520836
1900026  0.028169014084507005
4200073  0.02810304449648715
4200074  0.02810304449648715
8500042  0.02810304449648715
8500043  0.02810304449648715
8500044  0.02810304449648715
2200014  0.028070175438596467
4800016  0.028070175438596467
5600018  0.028070175438596467
5600021  0.028070175438596467
6000083  0.028070175438596467
6000087  0.028070175438596467
6000088  0.028070175438596467
6000120  0.028070175438596467
6100113  0.028070175438596467
6100116  0.028070175438596467
6100117  0.028070175438596467
6700021  0.028070175438596467
6700025  0.028070175438596467
6700027  0.028070175438596467
6700028  0.028070175438596467
6700032  0.028070175438596467
6700033  0.028070175438596467
6700034  0.028070175438596467
7500024  0.028070175438596467
7500025  0.028070175438596467
7500028  0.028070175438596467
7500029  0.028070175438596467
7500030  0.028070175438596467
7500031  0.028070175438596467
7600037  0.028070175438596467
7600039  0.028070175438596467
7600041  0.028070175438596467
7600042  0.028070175438596467
7600045  0.028070175438596467
7600051  0.028070175438596467
7600053  0.028070175438596467
7600055  0.028070175438596467
7600059  0.028070175438596467
7600070  0.028070175438596467
7600071  0.028070175438596467
7600072  0.028070175438596467
8100030  0.028070175438596467
8100031  0.028070175438596467
8100032  0.028070175438596467
8100033  0.028070175438596467
8400034  0.028070175438596467
8400035  0.028070175438596467
8400039  0.028070175438596467
8400040  0.028070175438596467
8400041  0.028070175438596467
8400042  0.028070175438596467
8400043  0.028070175438596467
8400044  0.028070175438596467
9000043  0.028070175438596467
1900015  0.028037383177570097
1900019  0.028037383177570097
1900022  0.028037383177570097
6000060  0.028037383177570097
7600036  0.028037383177570097
1900025  0.028004667444574083
6000056  0.028004667444574083
7600035  0.028004667444574083
4900017  0.027972027972028024
4900018  0.027972027972028024
4900024  0.027972027972028024
6900045  0.027972027972028024
1900037  0.027939464493597188
1200016  0.027906976744186074
2000013  0.027906976744186074
2000016  0.027906976744186074
6400025  0.027906976744186074
6400029  0.027906976744186074
6400031  0.027906976744186074
6400032  0.027906976744186074
6400033  0.027906976744186074
6400041  0.027906976744186074
6400045  0.027906976744186074
6400050  0.027906976744186074
6400054  0.027906976744186074
6400056  0.027906976744186074
6400060  0.027906976744186074
6400064  0.027906976744186074
6400065  0.027906976744186074
6400067  0.027906976744186074
6900050  0.027906976744186074
6900051  0.027906976744186074
6900052  0.027906976744186074
6900054  0.027906976744186074
6900059  0.027906976744186074
6900062  0.027906976744186074
6900065  0.027906976744186074
6900076  0.027906976744186074
6900077  0.027906976744186074
6900078  0.027906976744186074
6900085  0.027906976744186074
6900086  0.027906976744186074
6900087  0.027906976744186074
6900090  0.027906976744186074
6900094  0.027906976744186074
6900112  0.027906976744186074
6900113  0.027906976744186074
6900114  0.027906976744186074
8600040  0.027906976744186074
9700069  0.027906976744186074
9700074  0.027906976744186074
10201888  0.027906976744186074
6000074  0.027874564459930307
6000075  0.027874564459930307
6000019  0.02784222737819031
6000028  0.02784222737819031
1200010  0.02777777777777779
1200012  0.02777777777777779
6900022  0.02777777777777779
6900024  0.02777777777777779
6900029  0.02777777777777779
8200031  0.02777777777777779
8600038  0.02777777777777779
5200018  0.02771362586605086
5200022  0.02771362586605086
6300020  0.02771362586605086
7800026  0.02771362586605086
7800035  0.02771362586605086
7800044  0.02771362586605086
7800053  0.02771362586605086
7800063  0.02771362586605086
7800072  0.02771362586605086
7800077  0.02771362586605086
7800078  0.02771362586605086
7800079  0.02771362586605086
7800082  0.02771362586605086
8300033  0.02771362586605086
8900040  0.02771362586605086
8900063  0.02771362586605086
10200759  0.02771362586605086
10200770  0.02771362586605086
10200802  0.02771362586605086
10200815  0.02771362586605086
10200856  0.02771362586605086
10200890  0.02771362586605086
9800101  0.02768166089965396
4300016  0.027649769585253448
4300019  0.027649769585253448
4300020  0.027649769585253448
8500035  0.027649769585253448
8500037  0.027649769585253448
8500038  0.027649769585253448
8500039  0.027649769585253448
9200048  0.02758620689655178
9200051  0.02758620689655178
9400056  0.02752293577981646
9400059  0.02752293577981646
2500014  0.027366020524515422
2400014  0.027315914489311144
6700042  0.02285714285714291
6700043  0.02285714285714291
8400102  0.02285714285714291
8400109  0.02285714285714291
8400110  0.02285714285714291
4200049  0.022835394862036118
4200050  0.022835394862036118
6100068  0.022835394862036118
6100071  0.022835394862036118
6100076  0.022835394862036118
6700082  0.022770398481973486
6700084  0.022770398481973486
6000079  0.022727272727272707
1900012  0.022450888681010306
4200016  0.022450888681010306
4200019  0.022450888681010306
4200022  0.022450888681010306
4200023  0.022450888681010306
4200025  0.022450888681010306
6100019  0.022450888681010306
6100021  0.022450888681010306
6100022  0.022450888681010306
6100026  0.022450888681010306
6100081  0.022450888681010306
6100083  0.022450888681010306
6100089  0.022450888681010306
6100090  0.022450888681010306
6100109  0.022450888681010306
7200023  0.022450888681010306
7200025  0.022450888681010306
7200101  0.022450888681010306
7200106  0.022450888681010306
7400048  0.022450888681010306
7400049  0.022450888681010306
7600026  0.022450888681010306
7600027  0.022450888681010306
7600028  0.022450888681010306
7600031  0.022450888681010306
7600032  0.022450888681010306
8700038  0.022450888681010306
1500011  0.022325581395348792
1500019  0.022325581395348792
1500021  0.022325581395348792
1500025  0.022325581395348792
1500028  0.022325581395348792
6800021  0.022325581395348792
7400023  0.022325581395348792
7400030  0.022325581395348792
7400032  0.022325581395348792
7400033  0.022325581395348792
7400035  0.022325581395348792
7400038  0.022325581395348792
7400039  0.022325581395348792
7400040  0.022325581395348792
7400041  0.022325581395348792
6800040  0.02205177372962608
7400056  0.02205177372962608
8400096  0.021428571428571463
8400098  0.021428571428571463
3800015  0.02135231316725983
4200029  0.02135231316725983
4200030  0.02135231316725983
6100030  0.02135231316725983
6100031  0.02135231316725983
6500020  0.02135231316725983
6500021  0.02135231316725983
6500022  0.02135231316725983
8400091  0.02135231316725983
8400092  0.02135231316725983
8400093  0.02135231316725983
6700074  0.0212389380530974
6700075  0.0212389380530974
6100054  0.021201413427561877
1700026  0.021164021164021163
7500048  0.021126760563380254
6700037  0.021015761821365997
6700038  0.021015761821365997
6700039  0.021015761821365997
5600024  0.020979020979020935
5600025  0.020979020979020935
1700042  0.02086956521739125
2300019  0.02086956521739125
2300014  0.02083333333333337
2300015  0.02083333333333337
2300016  0.02083333333333337
7500062  0.02083333333333337
7500069  0.02083333333333337
7200040  0.02076124567474047
8400072  0.020725388601036232
8400075  0.020725388601036232
8400067  0.02065404475043031
8400065  0.020618556701030966
4200041  0.020547945205479423
6100053  0.02051282051282055
8000046  0.02037351443123936
1100010  0.02033898305084747
1100013  0.02033898305084747
2200020  0.02033898305084747
2200021  0.02033898305084747
2200022  0.02033898305084747
2200023  0.02033898305084747
2200024  0.02033898305084747
2200025  0.02033898305084747
2200026  0.02033898305084747
2200027  0.02033898305084747
2200032  0.02033898305084747
2200033  0.02033898305084747
2200038  0.02033898305084747
2200042  0.02033898305084747
2200045  0.02033898305084747
4800021  0.02033898305084747
4800022  0.02033898305084747
4800024  0.02033898305084747
4800025  0.02033898305084747
4800029  0.02033898305084747
4800036  0.02033898305084747
5100018  0.02033898305084747
5100019  0.02033898305084747
5100020  0.02033898305084747
5900019  0.02033898305084747
5900020  0.02033898305084747
7200039  0.02033898305084747
7500041  0.02033898305084747
7500042  0.02033898305084747
7500044  0.02033898305084747
7500046  0.02033898305084747
7500047  0.02033898305084747
5900022  0.02030456852791873
5900023  0.02030456852791873
5900024  0.02030456852791873
8400056  0.02030456852791873
7500060  0.020270270270270285
7500066  0.020270270270270285
6700096  0.0202360876897133
1000008  0.02020202020202022
4200069  0.02010050251256279
7000029  0.020000000000000018
1700012  0.019933554817275767
1700016  0.019933554817275767
1700017  0.019933554817275767
1700018  0.019933554817275767
1700019  0.019933554817275767
9400065  0.01988071570576544
9300092  0.019261637239165297
6800033  0.018907563025210128
8000031  0.018897637795275646
6300025  0.018867924528301883
7400064  0.018867924528301883
2500019  0.01862197392923648
2500023  0.01862197392923648
8000028  0.018575851393188847
8000029  0.018575851393188847
8000030  0.018575851393188847
8000035  0.018575851393188847
9300146  0.018376722817764146
9300147  0.018376722817764146
9300154  0.018376722817764146
1700030  0.0182648401826484
1600027  0.018181818181818188
5700044  0.018181818181818188
8500143  0.018181818181818188
8500144  0.018181818181818188
10201854  0.018181818181818188
10201855  0.018181818181818188
5800019  0.017663043478260865
5800020  0.017663043478260865
5800022  0.01763907734056991
5800023  0.01763907734056991
5800024  0.01763907734056991
5800025  0.01763907734056991
1700038  0.017605633802816878
9300055  0.016997167138810165
9300056  0.016997167138810165
9300057  0.016997167138810165
9300058  0.016997167138810165
9300059  0.016997167138810165
9300060  0.016997167138810165
9300061  0.016997167138810165
9300062  0.016997167138810165
9300063  0.016997167138810165
9300068  0.016997167138810165
9300069  0.016641452344931973
9400073  0.016293279022403295
2500036  0.016260162601625994
1600015  0.01608579088471851
7000025  0.01572327044025157
7000026  0.01572327044025157
7000022  0.015625
7000023  0.015625
7000024  0.015625
7000037  0.015625
1600030  0.015189873417721489
1600031  0.015189873417721489
1600032  0.015189873417721489
1600035  0.015189873417721489
1600036  0.015189873417721489
1600037  0.015189873417721489
1600038  0.015189873417721489
1600039  0.015189873417721489
1600040  0.015189873417721489
1600041  0.015189873417721489
1600042  0.015189873417721489
1600046  0.015189873417721489
1600047  0.015189873417721489
1600048  0.015189873417721489
1600049  0.015189873417721489
1600050  0.015189873417721489
1600051  0.015189873417721489
1600052  0.015189873417721489
1600053  0.015189873417721489
1600057  0.015189873417721489
1600058  0.015189873417721489
1600059  0.015189873417721489
1600060  0.015189873417721489
1600061  0.015189873417721489
1600062  0.015189873417721489
1600063  0.015189873417721489
1600064  0.015189873417721489
1600065  0.015189873417721489
4700066  0.014925373134328401
4700067  0.014925373134328401
6700118  0.014577259475218707
5600036  0.014534883720930258
9400080  0.014373716632443578
9400081  0.014373716632443578
9400085  0.014314928425357865
4700016  0.013850415512465353
4700139  0.013850415512465353
10200901  0.013392857142857095
4900019  0.013157894736842146
4900020  0.013157894736842146
4900027  0.013157894736842146
4900028  0.013157894736842146
4900033  0.013157894736842146
8000033  0.012145748987854255
9800793  0.011560693641618491
4800030  0.011049723756906049
4800031  0.011049723756906049
4800032  0.011049723756906049
7200043  0.011049723756906049
7200044  0.011049723756906049
7200045  0.011049723756906049
9300202  0.011049723756906049
9400086  0.011049723756906049
9400125  0.011049723756906049
7200031  0.010638297872340385
7200032  0.010638297872340385
5000017  0.010526315789473717
5000019  0.010526315789473717
6600020  0.01025641025641022
6600021  0.01025641025641022
6600022  0.01025641025641022
6600023  0.01025641025641022
5700018  0.010000000000000009
9500058  0.00982318271119842
9300088  0.007874015748031482
9400127  0.007462686567164201
9400130  0.007462686567164201
5300018  0.007246376811594235
5300020  0.007246376811594235
5300022  0.007246376811594235
5300023  0.007246376811594235
5300024  0.007246376811594235
8000054  0.007246376811594235
10201227  0.006802721088435382
9300137  0.006211180124223614
7700035  0.006134969325153339
7300023  0.005747126436781658
7300024  0.005747126436781658
7300032  0.005681818181818232
7300034  0.005681818181818232
7700034  0.005681818181818232
7300026  0.005586592178770999
7300027  0.005586592178770999
7300028  0.005586592178770999
7300029  0.005586592178770999
9300131  0.005586592178770999
9300132  0.005586592178770999
9300133  0.005586592178770999
9300134  0.005586592178770999
9300142  0.005586592178770999
8100040  0.005076142131979711
8100041  0.005076142131979711
8100042  0.005076142131979711
8100058  0.005076142131979711
8100065  0.005076142131979711
4700019  0.004716981132075526
5800033  0.004608294930875556
5800029  0.004587155963302725
5800030  0.004587155963302725
2400050  0.004484304932735439
2400040  0.0043290043290042934
2400041  0.0043290043290042934
2400042  0.0043290043290042934
2400018  0.004310344827586188
2400019  0.004310344827586188
2400020  0.004310344827586188
2400021  0.004310344827586188
2400022  0.004310344827586188
2400037  0.004310344827586188
2400038  0.004310344827586188
2400032  0.0042918454935622075
2400034  0.0042918454935622075
2400035  0.0042918454935622075
2400036  0.0042918454935622075
2400047  0.0042918454935622075
2400053  0.0042918454935622075
2400054  0.0042918454935622075
2400055  0.0042918454935622075
2400056  0.0042918454935622075
10201683  0.003984063745019917
7000033  0.0033333333333332993
7000044  0.0033333333333332993
8400080  0.0033333333333332993
4400026  0.0033222591362126463
8400079  0.0033222591362126463
1300025  0.0033112582781457123
7000040  0.0033112582781457123
7000041  0.0033112582781457123
7700030  0.0033112582781457123
7700031  0.0033112582781457123
7700026  0.0033003300330033403
7700027  0.0033003300330033403
2100020  0.003278688524590123
6100057  0.003278688524590123
6100058  0.003278688524590123
6100059  0.003278688524590123
10000130  0.0032679738562091387
10000131  0.0032679738562091387
10000132  0.0032679738562091387
8000042  0.003236245954692518
8500072  0.0031948881789137795
8500073  0.0031948881789137795
4200037  0.0031746031746031633
4200038  0.0031746031746031633
2100014  0.003154574132492094
2100015  0.003154574132492094
2100016  0.003154574132492094
2100017  0.003154574132492094
6100040  0.003154574132492094
6100041  0.003154574132492094
6100042  0.003154574132492094
6100043  0.003154574132492094
4400016  0.0031250000000000444
4400017  0.0031250000000000444
4400018  0.0031250000000000444
4400019  0.0031250000000000444
8500069  0.003095975232198178
8500067  0.0030864197530864335
