7600053  0.2500719726085663
1600030  0.24998405575752258
1600031  0.24998405575752258
1600032  0.24998405575752258
1600035  0.24998405575752258
1700030  0.24998405575752258
2200032  0.24998405575752258
2200033  0.24998405575752258
2400032  0.24998405575752258
2400034  0.24998405575752258
2400035  0.24998405575752258
2500032  0.24998405575752258
4200030  0.24998405575752258
4800030  0.24998405575752258
4800031  0.24998405575752258
4800032  0.24998405575752258
4900033  0.24998405575752258
5800030  0.24998405575752258
5800033  0.24998405575752258
6100031  0.24998405575752258
6400031  0.24998405575752258
6400032  0.24998405575752258
6400033  0.24998405575752258
6600034  0.24998405575752258
6600035  0.24998405575752258
6700032  0.24998405575752258
6700033  0.24998405575752258
6700034  0.24998405575752258
6800033  0.24998405575752258
7000033  0.24998405575752258
7200031  0.24998405575752258
7200032  0.24998405575752258
7300032  0.24998405575752258
7300034  0.24998405575752258
7400032  0.24998405575752258
7400033  0.24998405575752258
7400035  0.24998405575752258
7500031  0.24998405575752258
7500035  0.24998405575752258
7600031  0.24998405575752258
7600032  0.24998405575752258
7600035  0.24998405575752258
7700031  0.24998405575752258
7700034  0.24998405575752258
7700035  0.24998405575752258
7800035  0.24998405575752258
8000030  0.24998405575752258
8000031  0.24998405575752258
8000033  0.24998405575752258
8000035  0.24998405575752258
8100030  0.24998405575752258
8100031  0.24998405575752258
8100032  0.24998405575752258
8100033  0.24998405575752258
8200031  0.24998405575752258
8300033  0.24998405575752258
8400034  0.24998405575752258
8400035  0.24998405575752258
8500035  0.24998405575752258
10200759  0.24992480874061584
10201888  0.2498897761106491
10200770  0.249863401055336
6100109  0.24980750679969788
10000130  0.24970965087413788
8700269  0.24969403445720673
10000131  0.2496912181377411
10201227  0.2495589256286621
8700273  0.24953867495059967
8400109  0.24952374398708344
9300146  0.24950812757015228
6000120  0.2494644671678543
8400110  0.24944069981575012
8500143  0.24943716824054718
9300132  0.2493896484375
10201006  0.24937844276428223
9300137  0.2493571788072586
6900120  0.24935585260391235
10201683  0.24934013187885284
10000132  0.24933956563472748
9400127  0.2493327260017395
9400125  0.2493222951889038
7200113  0.24932032823562622
6900113  0.2493143528699875
6100117  0.24931028485298157
6900121  0.24931013584136963
10201284  0.24930572509765625
9300154  0.24930065870285034
6900118  0.24929329752922058
9300133  0.24928998947143555
9300147  0.24928750097751617
6900112  0.2492852807044983
10200815  0.249282106757164
6100113  0.24927422404289246
9800793  0.2492726743221283
10201285  0.2492515593767166
8400119  0.24924106895923615
10200890  0.24921858310699463
10200901  0.24921740591526031
9300202  0.24919548630714417
7200112  0.24917982518672943
10200856  0.24917484819889069
9300134  0.24913237988948822
6900119  0.2491184026002884
6900114  0.24910302460193634
8700258  0.24910284578800201
8500144  0.24909810721874237
9300142  0.2490687370300293
4700139  0.24903933703899384
6100116  0.24903447926044464
9800246  0.249022975564003
10200802  0.24899698793888092
6700118  0.24898868799209595
9400130  0.24898850917816162
10201855  0.24898599088191986
10201854  0.24897265434265137
8700257  0.24897213280200958
8700268  0.24895767867565155
9300131  0.24893896281719208
7800053  0.24832695722579956
8400053  0.24826306104660034
4200061  0.24824412167072296
7400056  0.24801461398601532
7600055  0.2477482110261917
6100058  0.24769163131713867
1600053  0.24744461476802826
6900059  0.24743548035621643
7600059  0.24738314747810364
7500060  0.24737505614757538
1600060  0.24727778136730194
9300055  0.2472633272409439
9300059  0.24719278514385223
4200062  0.247140035033226
1600057  0.24689868092536926
9300061  0.24669495224952698
6900062  0.24666839838027954
1600063  0.24665528535842896
9300063  0.24647392332553864
9300062  0.2464606612920761
6100057  0.24631962180137634
9500058  0.24631653726100922
6400056  0.2463025599718094
9300060  0.24627041816711426
6100054  0.24622540175914764
7500056  0.24622315168380737
9400059  0.24619881808757782
7600064  0.2461087852716446
1600059  0.24606817960739136
8100058  0.2460310310125351
8900063  0.24602863192558289
6400054  0.24600355327129364
7800063  0.24598485231399536
9300058  0.2458743453025818
7600063  0.2458626925945282
6900054  0.24584880471229553
8000054  0.24583269655704498
1600058  0.24580848217010498
9400056  0.24580270051956177
6100059  0.2455419898033142
9300056  0.24552017450332642
2400055  0.24536438286304474
1600061  0.2453121542930603
6000056  0.24523498117923737
7500062  0.24522913992404938
1600062  0.2450590878725052
9300057  0.24475838243961334
2400054  0.24475261569023132
8400056  0.24469509720802307
2400053  0.24453140795230865
6400060  0.24447698891162872
7400060  0.24426354467868805
7600056  0.24397960305213928
6400064  0.2438632994890213
6000060  0.24370673298835754
6900060  0.24287442862987518
2400056  0.24284285306930542
6100053  0.2331632673740387
6000064  0.2290911078453064
7700030  0.22440685331821442
7600036  0.21234723925590515
4900042  0.17064668238162994
7500042  0.1705092042684555
7400049  0.1700863093137741
6900050  0.1696050763130188
1600052  0.16923761367797852
6400045  0.16869409382343292
7600042  0.16863198578357697
1600049  0.1685364842414856
6400050  0.16791114211082458
1600046  0.16783922910690308
8000046  0.1677805632352829
6100049  0.167684867978096
6000052  0.16768157482147217
8500043  0.16767382621765137
1600047  0.16765344142913818
7500047  0.16762953996658325
6900052  0.16752082109451294
7600051  0.16735611855983734
6100050  0.16728976368904114
8500044  0.16717037558555603
7600045  0.1670815646648407
2400047  0.16705162823200226
7500044  0.16688773036003113
8500042  0.16687974333763123
9200051  0.16687819361686707
7500048  0.16687773168087006
8400042  0.16680248081684113
6700043  0.16675280034542084
2200045  0.16667543351650238
7200045  0.16661189496517181
4200050  0.1665913462638855
6100043  0.1665419340133667
1900043  0.1664823591709137
8400052  0.16636157035827637
6900045  0.16625504195690155
2400050  0.16623173654079437
1600042  0.16619110107421875
7500052  0.16610828042030334
1600050  0.16605789959430695
2400042  0.16602478921413422
7200044  0.16598016023635864
4200049  0.16597945988178253
7500046  0.16594147682189941
7200043  0.16589629650115967
8400043  0.16588804125785828
7800044  0.16586226224899292
6700042  0.16584734618663788
1600051  0.16571134328842163
8100042  0.16568009555339813
5700044  0.16548481583595276
6900051  0.16545280814170837
7600048  0.16536660492420197
9000043  0.16499553620815277
1700042  0.16474270820617676
7400048  0.16474038362503052
8400044  0.16453051567077637
7000044  0.16442422568798065
1600048  0.16430382430553436
9200048  0.16413800418376923
2200042  0.12502017617225647
7600108  0.0972958356142044
1600064  0.09710779041051865
7400064  0.09646667540073395
8400079  0.09585674852132797
9700074  0.09581125527620316
6000075  0.09573952108621597
6900065  0.09498601406812668
4200074  0.09461507946252823
9300069  0.09458912909030914
6100071  0.09451985359191895
8500078  0.09411603212356567
6100076  0.09410513937473297
8500077  0.09410334378480911
6700074  0.09404291957616806
7600070  0.09396664798259735
6700075  0.0939452201128006
7600071  0.09391897916793823
7500069  0.09390248358249664
8500072  0.0938454195857048
6000069  0.0938006266951561
7800072  0.09374251216650009
1600065  0.09371877461671829
7600067  0.0936446487903595
8400075  0.09364310652017593
7800078  0.09363805502653122
8400067  0.09358003735542297
6400067  0.0935305804014206
7800077  0.09348306804895401
9700069  0.09345707297325134
7600065  0.09341675788164139
7600066  0.09323883801698685
9400065  0.09314712136983871
8500069  0.09306339919567108
7800079  0.09304529428482056
8400065  0.09299751371145248
6000070  0.09299737215042114
6000074  0.09299363940954208
6900078  0.09295471012592316
6000065  0.0929320827126503
8400072  0.09289954602718353
6900076  0.0928797572851181
4700066  0.09276987612247467
8500067  0.09273262321949005
7500066  0.0926656424999237
7600076  0.09263141453266144
4200069  0.09262154996395111
6900077  0.09247058629989624
4200066  0.09244287014007568
6900079  0.09244221448898315
8100065  0.0924336165189743
9300068  0.09227652847766876
4700067  0.09220767766237259
6400065  0.09199895709753036
8500073  0.09195379912853241
8100068  0.09190873801708221
7600072  0.09188295155763626
4200065  0.0918271616101265
6100068  0.09176894277334213
4200073  0.0914679765701294
9400073  0.09088267385959625
5600036  0.09049240499734879
4800036  0.08961981534957886
7200040  0.08896538615226746
1600036  0.08892187476158142
2400040  0.08876123279333115
6100041  0.0881524384021759
7200039  0.08811216801404953
8500039  0.08785488456487656
2500036  0.08783809095621109
2400038  0.08782288432121277
6100040  0.0878206342458725
1900040  0.08770139515399933
7400041  0.08761877566576004
8400039  0.08759178966283798
1900037  0.08756455034017563
8400041  0.08755245059728622
6800040  0.08747309446334839
6700039  0.08744778484106064
1600041  0.08737555146217346
7400038  0.08736878633499146
7400040  0.0873282253742218
8000042  0.08728286623954773
2400041  0.0872669443488121
8700038  0.08723527193069458
1600039  0.08720333129167557
7500038  0.08713554590940475
7000041  0.08707987517118454
6700038  0.08706635236740112
8100040  0.08704910427331924
5700041  0.08698633313179016
1700038  0.0869760662317276
7600039  0.0868951678276062
2400037  0.08684631437063217
7500041  0.08679233491420746
6400041  0.08674708008766174
8500037  0.08674423396587372
7600037  0.08670959621667862
8500038  0.08669698983430862
7400039  0.086646668612957
4200037  0.08661758154630661
7600041  0.08660455048084259
7000037  0.08654267340898514
2200038  0.08653751760721207
6100042  0.08652212470769882
2400036  0.08651939779520035
6700037  0.08648205548524857
8100041  0.08646363765001297
1900038  0.0864187702536583
4200038  0.0863795354962349
4200041  0.08637670427560806
7500037  0.08634065091609955
1600037  0.0863112211227417
8600040  0.08614514768123627
8900040  0.08600149303674698
7000040  0.08594921976327896
8600038  0.08569467067718506
1600038  0.08566591143608093
8400040  0.08550854027271271
1600040  0.08534342795610428
4800024  0.06261366605758667
4900024  0.06163812801241875
6000028  0.061348807066679
1500028  0.06131720915436745
4900028  0.06104707717895508
7300024  0.06102396547794342
7500030  0.060924503952264786
7300028  0.06067471206188202
7600027  0.06051976606249809
7500029  0.06047307327389717
5600025  0.06017196923494339
5000027  0.06014931946992874
6700027  0.0601406954228878
4400026  0.06011391803622246
7000029  0.06008441373705864
2500028  0.059992894530296326
5000026  0.059992410242557526
1900026  0.059982504695653915
1600027  0.05996454507112503
5800025  0.05990636721253395
5600024  0.05984248220920563
7300027  0.05975249782204628
7300029  0.05971254035830498
7400030  0.05969662591814995
6900029  0.05969424545764923
4200025  0.0596940815448761
2200025  0.059677544981241226
6100030  0.05954950302839279
7700026  0.05951012298464775
1500025  0.05948306992650032
2200026  0.059482671320438385
8000029  0.05944408103823662
6400025  0.059424567967653275
8000028  0.05940999835729599
6400029  0.059316083788871765
5800029  0.059307631105184555
4200029  0.05929435044527054
6100026  0.0592685304582119
7200025  0.05924104526638985
7500025  0.059144917875528336
7000025  0.059135258197784424
4900027  0.0591326579451561
4800025  0.059128228574991226
6300025  0.05912502855062485
7800026  0.05908754840493202
7700027  0.05900883302092552
6700025  0.058930084109306335
4800029  0.05887952446937561
1900025  0.05887077748775482
7600028  0.05885946750640869
7000026  0.058840349316596985
1700026  0.05881180986762047
2200024  0.05874079838395119
1300025  0.05847586691379547
7600026  0.05844143033027649
7500028  0.058346811681985855
6700028  0.058300506323575974
7300026  0.05818340182304382
2200027  0.058059997856616974
6900024  0.041826460510492325
6000079  0.035033464431762695
1000008  0.03014306351542473
1100010  0.030017631128430367
1700018  0.02996942773461342
2400019  0.02986849658191204
2400018  0.02953478693962097
5600018  0.02931784652173519
4400016  0.029278676956892014
1200010  0.029264694079756737
4400017  0.029192375019192696
5800019  0.029084650799632072
4800016  0.029043514281511307
4300019  0.029015060514211655
1700016  0.028947217389941216
2100017  0.028932133689522743
1400014  0.02891707979142666
6000019  0.028908759355545044
1600015  0.028903137892484665
1700017  0.0288893673568964
2300015  0.028880996629595757
5900019  0.0288619976490736
4300016  0.028855402022600174
4900017  0.028836753219366074
4400018  0.028824131935834885
1400015  0.028805190697312355
1500011  0.02878621779382229
2500014  0.02878023497760296
2000016  0.028740767389535904
4700016  0.028712395578622818
5700018  0.028708187863230705
4900018  0.028706518933176994
6100019  0.02869528904557228
2300016  0.028683654963970184
1700012  0.02867942862212658
4700019  0.028671545907855034
2000013  0.028649814426898956
2200014  0.028639620169997215
4400019  0.028621731325984
4200016  0.02858138456940651
2300014  0.02855776809155941
2300019  0.02853439375758171
5300018  0.028516273945569992
4200019  0.0285016056150198
2400014  0.028453737497329712
2100015  0.028448032215237617
5100019  0.028422316536307335
4500016  0.028400663286447525
1700019  0.02833869680762291
1900012  0.028337417170405388
1200016  0.028324682265520096
1200012  0.02831989899277687
3800015  0.02831106446683407
2100016  0.02827908657491207
2100014  0.02823937125504017
1100013  0.028221523389220238
1900015  0.028161397203803062
5000017  0.02815488539636135
4900019  0.02814318984746933
4500017  0.028040563687682152
5100018  0.02796676941215992
5200018  0.02790822647511959
5000019  0.02378828264772892
2500019  0.023675987496972084
5900023  0.023639244958758354
5800024  0.023525673896074295
5300023  0.023508621379733086
2200022  0.023370634764432907
1500019  0.023301584646105766
1500021  0.023266661912202835
6100022  0.023236501961946487
7000022  0.02318231575191021
5300022  0.023174472153186798
2500023  0.023159446194767952
5800022  0.023117175325751305
7400023  0.023100651800632477
7500024  0.02309671975672245
5800023  0.023077839985489845
6600021  0.02307409793138504
4500021  0.023069120943546295
7000023  0.02304236777126789
2200020  0.023022152483463287
6800021  0.023020951077342033
1900019  0.023017285391688347
6700021  0.023015154525637627
1900022  0.023006178438663483
1400020  0.0230033490806818
5100020  0.022998960688710213
5900022  0.0229775570333004
5200022  0.022976813837885857
6900022  0.02294827066361904
4300020  0.022941457107663155
6300020  0.022929124534130096
5900024  0.02292419597506523
4200023  0.022921426221728325
2400022  0.02291172929108143
6600020  0.022894209250807762
7200023  0.02289356291294098
4200022  0.022890985012054443
2400020  0.02284923754632473
6600023  0.022843802347779274
2200021  0.02284173108637333
2200023  0.022839784622192383
4900020  0.022834820672869682
7300023  0.022825321182608604
6500021  0.02282089553773403
7000024  0.022816384211182594
5300024  0.02281377464532852
6500020  0.022766845300793648
5800020  0.022742781788110733
5300020  0.022725889459252357
4800021  0.022720763459801674
2100020  0.02271810546517372
6100021  0.022709818556904793
5900020  0.022681474685668945
5600021  0.02265084721148014
4800022  0.02264954335987568
2400021  0.022623801603913307
6500022  0.022604050114750862
6600022  0.02254839986562729
4900022  0.0223078653216362
8500079  0.00784746091812849
7600100  0.007817360572516918
7600099  0.007815711200237274
4700079  0.007806690875440836
6000107  0.007773051969707012
7600088  0.007740876171737909
9300092  0.007738104090094566
6000098  0.0077316854149103165
8400098  0.00771991815418005
6700084  0.007716748397797346
9400080  0.007713130209594965
7600102  0.007706793956458569
6100103  0.007704237941652536
6000087  0.007703728042542934
7600080  0.007696517277508974
8400092  0.007689553778618574
8400093  0.007684545125812292
6900083  0.00768323615193367
6100105  0.007680550217628479
7600092  0.0076789697632193565
8400091  0.0076771024614572525
9300088  0.0076765394769608974
6100083  0.007673419546335936
6000101  0.00767337204888463
9800101  0.007661283947527409
6100089  0.007660910487174988
6100081  0.007657909765839577
7600101  0.007655919995158911
9400081  0.007653797511011362
7200106  0.007652939297258854
9400085  0.0076496959663927555
6900090  0.0076492647640407085
8500084  0.007648827042430639
6900086  0.0076470100320875645
6000105  0.0076453713700175285
6000088  0.007644509896636009
6900087  0.00764205027371645
6700082  0.007641382049769163
6900082  0.007640445604920387
7200101  0.007639642339199781
6000102  0.00763847166672349
8500082  0.00763479620218277
6100104  0.0076317512430250645
6100090  0.007630881387740374
6900080  0.007628927938640118
8400102  0.0076277549378573895
8400080  0.007617745082825422
8500081  0.007616162765771151
7800082  0.007614342495799065
6000083  0.007612689398229122
6900094  0.007610769476741552
6100106  0.007610315922647715
7600097  0.00760079687461257
7600081  0.007600565906614065
6900085  0.0075986022129654884
9400086  0.007598027121275663
6700096  0.007585956249386072
7600096  0.007567788008600473
8400096  0.007559544872492552
