1700014  inf
1700017  inf
1700020  inf
2300062  inf
2300063  inf
4700047  inf
4700048  inf
6900034  inf
6900035  inf
1900048  398161.0
6600044  398161.0
7000035  398161.0
1200009  199080.5
1200011  199080.5
6600021  199080.5
6600023  199080.5
6600028  199080.5
7200030  199080.5
7600037  199080.5
1700032  198450.0
1900052  198450.0
7000036  198450.0
6900036  197820.5
1200015  131880.33333333334
1900076  131880.33333333334
1900080  131880.33333333334
1900081  131880.33333333334
2000012  131880.33333333334
2000015  131880.33333333334
2400013  131880.33333333334
4200015  131880.33333333334
4200018  131880.33333333334
4600015  131880.33333333334
4800016  131880.33333333334
4800017  131880.33333333334
4800023  131880.33333333334
6000024  131880.33333333334
6000028  131880.33333333334
6000030  131880.33333333334
6000031  131880.33333333334
6000032  131880.33333333334
6000040  131880.33333333334
6000044  131880.33333333334
6000049  131880.33333333334
6000053  131880.33333333334
6000055  131880.33333333334
6000059  131880.33333333334
6000063  131880.33333333334
6000064  131880.33333333334
6000066  131880.33333333334
6200020  131880.33333333334
6200024  131880.33333333334
6200026  131880.33333333334
6200027  131880.33333333334
6200031  131880.33333333334
6200032  131880.33333333334
6200033  131880.33333333334
6600049  131880.33333333334
6600050  131880.33333333334
6600051  131880.33333333334
6600053  131880.33333333334
6600058  131880.33333333334
6600061  131880.33333333334
6600064  131880.33333333334
6600075  131880.33333333334
6600076  131880.33333333334
6600077  131880.33333333334
6600084  131880.33333333334
6600085  131880.33333333334
6600086  131880.33333333334
6600089  131880.33333333334
6600093  131880.33333333334
6600111  131880.33333333334
6600112  131880.33333333334
6600113  131880.33333333334
6800023  131880.33333333334
6800024  131880.33333333334
6800027  131880.33333333334
6800028  131880.33333333334
6800029  131880.33333333334
6800030  131880.33333333334
7000037  131880.33333333334
7000039  131880.33333333334
7000041  131880.33333333334
7000042  131880.33333333334
7000043  131880.33333333334
7000046  131880.33333333334
7000052  131880.33333333334
7000054  131880.33333333334
7000056  131880.33333333334
7000060  131880.33333333334
7400033  131880.33333333334
7500033  131880.33333333334
7500034  131880.33333333334
7500038  131880.33333333334
7500039  131880.33333333334
7500040  131880.33333333334
7500041  131880.33333333334
7500042  131880.33333333334
7500043  131880.33333333334
7600039  131880.33333333334
8400068  131880.33333333334
8400073  131880.33333333334
1700021  98282.25
1900012  66360.16666666667
2700013  65940.16666666667
1900067  56520.142857142855
1900068  56520.142857142855
8801558  49298.0
5900019  28170.285714285714
7300032  28170.285714285714
7700038  28170.285714285714
7700060  28170.285714285714
8800621  28170.285714285714
8800632  28170.285714285714
8800664  28170.285714285714
8800677  28170.285714285714
8800711  28170.285714285714
6900026  26544.066666666666
6900028  26544.066666666666
6900029  26544.066666666666
6900030  26544.066666666666
7000031  26544.066666666666
7000032  26544.066666666666
8600095  26292.266666666666
4300015  23273.0
4300018  23273.0
4300019  23273.0
8000044  23273.0
8000047  23273.0
8100051  23273.0
1700011  20955.842105263157
7000026  20955.842105263157
7000027  20955.842105263157
7000028  20955.842105263157
7000049  19777.315789473683
1400010  18098.227272727272
1400018  18098.227272727272
1400020  18098.227272727272
1400024  18098.227272727272
1400027  18098.227272727272
2300013  18098.227272727272
2300016  18098.227272727272
2300019  18098.227272727272
2300020  18098.227272727272
2300022  18098.227272727272
2300046  18098.227272727272
2300047  18098.227272727272
4700016  18098.227272727272
4700018  18098.227272727272
4700019  18098.227272727272
4700021  18098.227272727272
4700025  18098.227272727272
4700068  18098.227272727272
4700070  18098.227272727272
4700076  18098.227272727272
4700082  18098.227272727272
4700083  18098.227272727272
4700103  18098.227272727272
4900016  18098.227272727272
4900018  18098.227272727272
4900019  18098.227272727272
6100019  18098.227272727272
6100023  18098.227272727272
6100026  18098.227272727272
6100028  18098.227272727272
6100029  18098.227272727272
6100031  18098.227272727272
6100034  18098.227272727272
6100035  18098.227272727272
6100036  18098.227272727272
6100037  18098.227272727272
6100044  18098.227272727272
6100045  18098.227272727272
6100052  18098.227272727272
6400020  18098.227272727272
6500020  18098.227272727272
6700022  18098.227272727272
6700024  18098.227272727272
6700100  18098.227272727272
6700105  18098.227272727272
7800043  18098.227272727272
8300081  18098.227272727272
8300085  18098.227272727272
8300086  18098.227272727272
8300087  18098.227272727272
8300088  18098.227272727272
8300090  18098.227272727272
8300093  18098.227272727272
8300094  18098.227272727272
8300095  18098.227272727272
8300111  18098.227272727272
1700033  14124.461538461539
8800827  14077.884615384615
2200012  8080.2
2200015  6844.5
2200016  6844.5
2200017  6844.5
2200018  6844.5
2200019  6844.5
2200029  6844.5
2200031  6844.5
2200032  6844.5
2200033  6844.5
2200034  6844.5
2200035  6844.5
2200037  6844.5
2200038  6844.5
2200039  6844.5
2200044  6844.5
2200050  6844.5
2200051  6844.5
2200052  6844.5
2200053  6844.5
2200047  6536.326923076923
5000017  6536.326923076923
5000018  6536.326923076923
5000020  6536.326923076923
5000021  6536.326923076923
5000022  6536.326923076923
5000023  6536.326923076923
5000026  6536.326923076923
5000028  6536.326923076923
8200053  4888.242424242424
8200054  4888.242424242424
8200055  4888.242424242424
8200056  4888.242424242424
8200057  4888.242424242424
8200058  4888.242424242424
8200059  4888.242424242424
8200060  4888.242424242424
8200061  4888.242424242424
8200066  4888.242424242424
6600078  3466.4651162790697
6600079  3466.4651162790697
6600117  3466.4651162790697
6600118  3466.4651162790697
6600119  3466.4651162790697
6600120  3466.4651162790697
8200147  2819.61
8200148  2819.61
8200155  2819.61
7100026  2743.5392156862745
7100027  2743.5392156862745
7100028  2743.5392156862745
7100033  2743.5392156862745
8200067  2700.9615384615386
7100029  2499.853211009174
2700027  1722.0071428571428
6800034  1722.0071428571428
8200090  1595.918918918919
2300066  1582.8108108108108
6200091  1542.4066666666668
1000007  1525.8278145695365
6800059  1525.8278145695365
6800065  1525.8278145695365
7100044  1509.4802631578948
7500055  1509.4802631578948
1600011  1496.1038961038962
1600015  1496.1038961038962
1600016  1496.1038961038962
1600017  1496.1038961038962
1600018  1496.1038961038962
1100009  1493.359477124183
1100012  1493.359477124183
2400019  1493.359477124183
2400020  1493.359477124183
2400021  1493.359477124183
2400022  1493.359477124183
2400023  1493.359477124183
2400024  1493.359477124183
2400025  1493.359477124183
2400026  1493.359477124183
2400031  1493.359477124183
2400032  1493.359477124183
2400037  1493.359477124183
2400041  1493.359477124183
2400044  1493.359477124183
2700031  1493.359477124183
4600020  1493.359477124183
4600021  1493.359477124183
4600023  1493.359477124183
4600024  1493.359477124183
4600028  1493.359477124183
4600035  1493.359477124183
5100017  1493.359477124183
5100018  1493.359477124183
5100019  1493.359477124183
5600018  1493.359477124183
5600019  1493.359477124183
5600021  1493.359477124183
5600022  1493.359477124183
5600023  1493.359477124183
6700038  1493.359477124183
6800036  1493.359477124183
6800040  1493.359477124183
6800041  1493.359477124183
6800043  1493.359477124183
6800045  1493.359477124183
6800046  1493.359477124183
2300038  1386.50625
4700051  1386.50625
6700039  1386.50625
7500062  1386.50625
7500064  1372.0496894409937
8200183  1372.0496894409937
7500067  1343.7055214723925
7500069  1343.7055214723925
2500013  1302.5602409638554
2500014  1302.5602409638554
2500015  1302.5602409638554
6800061  1302.5602409638554
6800068  1302.5602409638554
1600041  1289.197604790419
2500018  1289.197604790419
4200021  1250.1235294117646
4200022  1250.1235294117646
1600037  1240.953488372093
6200036  1237.4269005847952
6200037  1237.4269005847952
6200038  1237.4269005847952
6800047  1224.889534883721
4700052  1200.2816091954023
6200071  1188.2057142857143
2300026  1164.497175141243
2300027  1164.497175141243
2600013  1164.497175141243
4700028  1164.497175141243
4700029  1164.497175141243
5800018  1164.497175141243
5800019  1164.497175141243
5800020  1164.497175141243
7500075  1164.497175141243
7500076  1164.497175141243
7500077  1164.497175141243
7500079  1164.497175141243
7500080  1164.497175141243
7500086  1152.8595505617977
1600025  1023.5842105263158
6200079  919.9004975124378
1900072  915.3465346534654
4800018  915.3465346534654
4800019  915.3465346534654
4800026  915.3465346534654
4800027  915.3465346534654
4800032  915.3465346534654
6200041  911.0940594059406
6200042  911.0940594059406
7500091  911.0940594059406
7500098  911.0940594059406
7500099  911.0940594059406
2700018  840.0188679245283
2700022  840.0188679245283
8200159  840.0188679245283
8100059  743.4711111111111
8100069  665.0168776371308
8100070  665.0168776371308
8100074  665.0168776371308
2300070  596.9878542510121
4700107  596.9878542510121
4900040  478.22878228782287
7500083  478.22878228782287
4900041  460.85818181818183
1500029  297.5232198142415
1500030  297.5232198142415
1500031  297.5232198142415
1500034  297.5232198142415
1500035  297.5232198142415
1500036  297.5232198142415
1500037  297.5232198142415
1500038  297.5232198142415
1500039  297.5232198142415
1500040  297.5232198142415
1500041  297.5232198142415
1500045  297.5232198142415
1500046  297.5232198142415
1500047  297.5232198142415
1500048  297.5232198142415
1500049  297.5232198142415
1500050  297.5232198142415
1500051  297.5232198142415
1500052  297.5232198142415
1500056  297.5232198142415
1500057  297.5232198142415
1500058  297.5232198142415
1500059  297.5232198142415
1500060  297.5232198142415
1500061  297.5232198142415
1500062  297.5232198142415
1500063  297.5232198142415
1500064  297.5232198142415
1500014  250.04105571847506
8100076  213.3781512605042
8100080  211.24301675977654
8100082  211.24301675977654
8100084  211.24301675977654
8100086  211.24301675977654
8100088  211.24301675977654
8100090  211.24301675977654
8100092  211.24301675977654
6100056  204.94579945799458
8100094  202.8756906077348
8100096  202.8756906077348
8100098  202.8756906077348
8100100  200.82644628099175
8100102  200.82644628099175
8100104  200.82644628099175
8100106  200.82644628099175
8100110  200.82644628099175
4700061  89.42165898617512
4700062  89.42165898617512
4700063  89.42165898617512
2300042  87.21330275229357
2300043  87.21330275229357
2300030  66.24945295404814
4700032  66.24945295404814
4700033  66.24945295404814
4700034  66.24945295404814
6900040  51.23368421052631
6900041  51.23368421052631
6900055  47.50208333333333
6600059  27.142300194931774
6600081  27.142300194931774
6600082  27.142300194931774
5400022  14.974683544303797
5400023  14.974683544303797
5400024  14.974683544303797
5400027  14.974683544303797
5400029  14.974683544303797
5400030  14.974683544303797
5400031  14.974683544303797
2300058  9.813620071684587
2300059  9.813620071684587
4700097  9.813620071684587
4700098  9.813620071684587
4700099  9.813620071684587
4700100  9.813620071684587
6700111  9.813620071684587
6700112  9.813620071684587
8800800  0.27346278317152106
3900014  0.1610305958132045
3900015  0.1610305958132045
6900042  0.1610305958132045
7800077  0.1610305958132045
8000058  0.16051364365971107
8000059  0.16051364365971107
8000063  0.16051364365971107
8000053  0.16025641025641027
8000054  0.16025641025641027
8000065  0.13001605136436598
8000069  0.10272873194221509
6600065  0.039936102236421724
6900032  0.039936102236421724
4300036  0.014331210191082803
4300032  0.014308426073131956
4300027  0.006359300476947536
4300022  0.006329113924050633
4300023  0.006329113924050633
