4100578  0.6268242001533508
4100605  0.6268082857131958
4100575  0.6265058517456055
4100698  0.6262245774269104
2600347  0.6259404420852661
4100598  0.6258299946784973
2600343  0.625547468662262
4100583  0.6254066228866577
4100581  0.6252226233482361
2500061  0.6251624226570129
2600096  0.624931275844574
2500043  0.6248225569725037
4100579  0.6246480345726013
4101421  0.6246365904808044
2600138  0.6245116591453552
3300125  0.6244676113128662
4100572  0.6244638562202454
4100615  0.6241437196731567
4100833  0.6241162419319153
4100597  0.6238594055175781
4100622  0.6237897872924805
4100644  0.6236645579338074
2600622  0.6235130429267883
4101292  0.6234639883041382
4101071  0.6233276128768921
2600160  0.6233185529708862
4101235  0.6232782602310181
2600372  0.6232534050941467
4100588  0.6231682300567627
2600254  0.6231402158737183
4100603  0.6231234073638916
4101179  0.6230740547180176
3300119  0.6230075359344482
4100237  0.6230058670043945
4101347  0.6228412389755249
4100621  0.6228333711624146
4101003  0.6226544380187988
4101396  0.622641384601593
4101407  0.6225869059562683
4100246  0.6225374937057495
2600275  0.6224552392959595
4100239  0.6224513649940491
2600315  0.6224133372306824
2600274  0.6223715543746948
2600129  0.6223199367523193
2600331  0.6222041249275208
4100699  0.6221559643745422
4100571  0.6219722628593445
2500056  0.6219441890716553
4400106  0.6219378113746643
4101209  0.621889054775238
4100960  0.6217028498649597
2600335  0.6216410994529724
2500066  0.6216047406196594
2600410  0.6214619874954224
2500045  0.6214323043823242
2600115  0.621340274810791
2600404  0.621330201625824
4101074  0.6213251948356628
4101310  0.6212731003761292
4100618  0.6212334632873535
4100645  0.6212015151977539
4101093  0.6211620569229126
2500055  0.6211461424827576
2600488  0.621133029460907
2600094  0.6211317777633667
4100654  0.6211257576942444
4100864  0.6210657954216003
2600320  0.6210631728172302
2600314  0.6210294365882874
4100647  0.6209954023361206
3300120  0.6208375692367554
4101378  0.6207998991012573
2600373  0.620762825012207
2600485  0.6207439303398132
4100602  0.6206839680671692
4100200  0.6206176280975342
4100619  0.6204845905303955
2600334  0.6204696297645569
2500044  0.6204130053520203
4101047  0.6204041242599487
2600126  0.6203989386558533
3500612  0.6203896999359131
4100848  0.6203855872154236
2600277  0.6203847527503967
2600118  0.6203436255455017
4100863  0.6203214526176453
2600484  0.6203140020370483
4101005  0.6202903389930725
4100620  0.620290219783783
2600273  0.6201667785644531
2600623  0.6201485395431519
4100648  0.6201035976409912
4101452  0.6200801730155945
4101391  0.6199934482574463
4101132  0.6199286580085754
2600336  0.6199177503585815
2600095  0.6198733448982239
4100963  0.619871199131012
2600341  0.6198418140411377
4100201  0.6198274493217468
4101180  0.619741678237915
4101053  0.6196596622467041
4100587  0.6196067333221436
2400030  0.6195462346076965
4100827  0.619529664516449
4100880  0.61952805519104
4100707  0.6194879412651062
4101511  0.6194384098052979
4101686  0.6194270253181458
2600125  0.6193710565567017
4101188  0.6193453669548035
4100888  0.6193442344665527
2600280  0.6193217635154724
4101258  0.6193102598190308
4100965  0.6192962527275085
4101484  0.6192694902420044
4101257  0.6192603707313538
4100692  0.6192473769187927
4100582  0.6192274689674377
4100845  0.6192237138748169
4101275  0.619205117225647
2600283  0.6191827654838562
1200054  0.6191758513450623
4101169  0.6190924048423767
4100574  0.6190855503082275
2600279  0.6190842986106873
4101012  0.6190714240074158
2600483  0.6190521121025085
4101043  0.6190204620361328
3400036  0.6189919114112854
4100894  0.6189858913421631
2600114  0.6189584732055664
2500605  0.6189459562301636
4100623  0.6189437508583069
2600330  0.6189326047897339
2500606  0.6189039349555969
2500616  0.6188393235206604
4101176  0.6187971234321594
4101672  0.6187812089920044
2500067  0.6187719702720642
4100697  0.618747353553772
4100856  0.6187403798103333
4101345  0.618732213973999
4101480  0.6187112331390381
4101526  0.6187030076980591
4101335  0.6186923384666443
4101052  0.6186803579330444
2600282  0.6186583638191223
4101479  0.6186320781707764
4101485  0.6186094284057617
2600271  0.6185857653617859
2600281  0.6185847520828247
4100593  0.6185770034790039
2600077  0.6185670495033264
2400035  0.6185626983642578
4100643  0.6184604167938232
4101159  0.6184489727020264
4101233  0.6184352040290833
2600285  0.6184346079826355
4100651  0.6184346079826355
3300124  0.6184307932853699
3300182  0.6184050440788269
4101190  0.6184037327766418
2600325  0.6183868646621704
4101232  0.6183853149414062
2500604  0.6183369755744934
4101293  0.6183310747146606
4101450  0.618323028087616
2600486  0.6182997226715088
4100992  0.6182349920272827
4100874  0.6182301640510559
4400650  0.6182059049606323
3300094  0.6181805729866028
4101381  0.6181666254997253
4100589  0.6180824041366577
4100830  0.6180789470672607
2600367  0.6180648803710938
4100855  0.6180636286735535
4101172  0.6180455684661865
4101622  0.6180415153503418
4100885  0.6180363893508911
4100238  0.6180166602134705
4101306  0.6180149912834167
2600487  0.6180124282836914
2600121  0.6180115342140198
4101336  0.6179957985877991
4100998  0.6179860234260559
4100198  0.6179804801940918
4100996  0.6179746389389038
4100849  0.6179432272911072
4100646  0.6179160475730896
4100576  0.6178581714630127
4100839  0.6178426742553711
4101261  0.6178305745124817
4100953  0.6178228855133057
4101011  0.6177950501441956
2600136  0.6177831292152405
4101337  0.6177321076393127
4101688  0.6177316308021545
4100875  0.6176809668540955
4100826  0.6176536679267883
4100585  0.6176327466964722
4101259  0.6176205277442932
3400079  0.6176188588142395
4101432  0.6176015138626099
4101314  0.6175197958946228
4101512  0.6174555420875549
4101444  0.6173420548439026
4101311  0.6173334121704102
4101543  0.6173089742660522
4100868  0.6172974109649658
4101284  0.617281973361969
4100946  0.6172733306884766
4101316  0.6172731518745422
4101118  0.617259681224823
4101398  0.6172369122505188
4101273  0.6172330379486084
2600276  0.6172232031822205
4101456  0.617207407951355
4101683  0.6171526312828064
4100878  0.6171347498893738
2600078  0.6171345710754395
3300118  0.6171263456344604
1200053  0.6171122789382935
4100962  0.6170593500137329
4100592  0.6170419454574585
4101687  0.6170198321342468
4101586  0.6170157194137573
4100193  0.6170129179954529
4101692  0.6169959902763367
4100851  0.6169488430023193
4100657  0.6169425845146179
4100584  0.6168890595436096
4100867  0.6168797016143799
4101448  0.6168707013130188
4101278  0.6168582439422607
4101451  0.6168565154075623
4101389  0.616848349571228
4101098  0.6168068051338196
4101084  0.61677485704422
4100700  0.6167707443237305
4101177  0.6167548298835754
4101523  0.6167232394218445
4101175  0.6167142987251282
4101080  0.6167081594467163
4100954  0.6166799664497375
4100696  0.6166295409202576
4101530  0.6166216731071472
4100649  0.6165962815284729
4101285  0.6165895462036133
4101168  0.6165846586227417
4100886  0.6165547370910645
4100600  0.6164864897727966
4100842  0.6164320111274719
4101459  0.6164299249649048
4101066  0.6163892149925232
4101517  0.6163842082023621
4100695  0.6163777709007263
4101187  0.6163589358329773
4101198  0.6163582801818848
4100591  0.616352915763855
4101199  0.6163471341133118
4101472  0.6162809729576111
4101520  0.6162797808647156
4101434  0.6162776947021484
4100952  0.6162663698196411
4100708  0.6161814332008362
4101304  0.6161769032478333
4100205  0.6161490678787231
4101290  0.616133451461792
4101344  0.6160644292831421
2400044  0.6160452961921692
4101400  0.6160089373588562
4101508  0.6159735321998596
4101170  0.6158711314201355
4101507  0.6158592104911804
4101689  0.6158552169799805
4101460  0.6158387660980225
4101254  0.6158304214477539
4101183  0.6158300638198853
4101263  0.6158115267753601
4101509  0.6157827973365784
4100937  0.6157699823379517
4400656  0.615714967250824
4101621  0.6156620383262634
2600122  0.6155193448066711
4101682  0.6155165433883667
4101684  0.6155065894126892
4101162  0.6154942512512207
4101281  0.6154739856719971
4101301  0.6154695153236389
4100964  0.6154651641845703
4101234  0.6154389381408691
4101457  0.615431010723114
3500611  0.61541348695755
4101410  0.6154040098190308
4100877  0.6153969168663025
2600491  0.6153890490531921
4101377  0.6153887510299683
4101255  0.6153823733329773
4101390  0.6153208613395691
4100883  0.6153035759925842
4101481  0.6152878403663635
4101317  0.6152730584144592
4101399  0.6152721047401428
4100191  0.615253746509552
4101627  0.6152524352073669
3300121  0.6152074933052063
4101342  0.615207314491272
4100936  0.6152019500732422
2500919  0.6151544451713562
4101197  0.6151538491249084
2600076  0.615148663520813
4101685  0.6151354908943176
4101260  0.615117609500885
4100829  0.6151110529899597
4101282  0.6151065826416016
4100850  0.6151063442230225
4101158  0.6150991320610046
4101534  0.6150906682014465
4101544  0.6150873303413391
4101212  0.6150857210159302
4101294  0.6149868965148926
4101014  0.6149438619613647
4100887  0.6149324774742126
4100599  0.6149317622184753
4101402  0.6148926019668579
4101409  0.6148862838745117
4101274  0.6148585081100464
4101503  0.614841639995575
4101216  0.6148409843444824
4101535  0.6148390173912048
4101433  0.614834189414978
3300122  0.6148238182067871
4101438  0.6148105263710022
4101540  0.6148045063018799
4101392  0.6147939562797546
4101379  0.6147878170013428
2600289  0.6146653890609741
4101346  0.6146434545516968
4101205  0.6146225333213806
4101334  0.6145927906036377
4101445  0.6145448088645935
4100194  0.6145411729812622
4101238  0.6145264506340027
4101302  0.6145134568214417
4100893  0.6145099401473999
4101095  0.6144924759864807
4100199  0.6144818663597107
4100854  0.6144772171974182
4100195  0.6144564151763916
3300123  0.6144298315048218
4101145  0.6143479347229004
4101382  0.6143369674682617
4100243  0.6142884492874146
2600278  0.6142638921737671
4101312  0.6142334938049316
4101283  0.6141937971115112
4101157  0.6141732335090637
4101411  0.6141701340675354
4101419  0.6141530871391296
4101475  0.6140874028205872
2600326  0.614075779914856
4101387  0.6140416264533997
4101201  0.6140024662017822
3500606  0.61396324634552
4101291  0.6139434576034546
4100940  0.6139308214187622
4101230  0.6138797998428345
4101625  0.6138797402381897
4101305  0.6138580441474915
3300173  0.6138296127319336
4100977  0.6137984991073608
4100865  0.6137815117835999
4101478  0.6137211918830872
4100869  0.6137207746505737
4101160  0.6136605143547058
4100955  0.6136201024055481
4101202  0.6136122345924377
3400077  0.6136038899421692
4101289  0.6135879158973694
4101280  0.6135857701301575
4101504  0.6135072708129883
4101308  0.6134928464889526
2500603  0.6134624481201172
1200030  0.6134583353996277
4101533  0.6134560704231262
4101352  0.6134018301963806
4100846  0.6133852005004883
4101300  0.6133576035499573
4100970  0.6133493781089783
4101253  0.6133399605751038
4101536  0.6132926940917969
4101303  0.6132593750953674
4101077  0.6132404208183289
4100860  0.6132103800773621
3300117  0.6132021546363831
4101319  0.6131932139396667
4101299  0.6131085157394409
4101690  0.6131038069725037
3400078  0.6130635142326355
4101401  0.6130344867706299
4101194  0.6130220890045166
2600482  0.6130089163780212
4101276  0.6130074262619019
4100601  0.6129853129386902
4100873  0.6129826903343201
4101256  0.6129650473594666
4101231  0.6129207015037537
4100573  0.612847089767456
4100898  0.6127918362617493
4101380  0.6127899885177612
4101416  0.6127764582633972
4101529  0.6126816868782043
4100942  0.6126646399497986
4101458  0.6126174926757812
4100859  0.6125415563583374
4100828  0.6125139594078064
4101351  0.6124594211578369
4101474  0.6123296618461609
4101454  0.6122785210609436
4100951  0.6122699975967407
4101210  0.6122615337371826
4101288  0.6122490763664246
4101101  0.6120639443397522
2600130  0.6120344400405884
4101330  0.6120052337646484
1200055  0.6120014786720276
4101218  0.6119872331619263
4101412  0.6119771599769592
4101279  0.6118479371070862
4101100  0.6118223667144775
4101049  0.6117440462112427
4100995  0.6117351055145264
4101186  0.6116880178451538
4101332  0.6116366982460022
4101082  0.6116047501564026
4101167  0.6115162968635559
4100941  0.6114346385002136
4100866  0.6114152669906616
4101309  0.6112481951713562
4100204  0.6111775040626526
4101120  0.6110795736312866
3300095  0.6110740303993225
4101313  0.6107834577560425
4101521  0.6107597351074219
4101502  0.6107523441314697
4101513  0.6107493042945862
4101537  0.6107428669929504
4101208  0.6103548407554626
4100240  0.6102985739707947
4101161  0.6100849509239197
4101331  0.6095925569534302
4100847  0.6095380187034607
4101418  0.6094663143157959
4100973  0.608336865901947
4101083  0.60809326171875
4101163  0.6074495911598206
