7400045  1.0
7400049  1.0
7400055  1.0
7400032  0.9375
7400033  0.9375
7400034  0.9375
7400036  0.9375
7400037  0.9375
7400054  0.9375
7400067  0.9375
7400062  0.8333333333333334
7400063  0.8333333333333334
8700045  0.39473684210526316
10900997  0.3846153846153846
2300037  0.36585365853658536
8400057  0.3571428571428571
2400042  0.34883720930232553
3100062  0.34883720930232553
3100063  0.34883720930232553
2400039  0.33333333333333337
8700038  0.32608695652173914
8700041  0.32608695652173914
2300016  0.30612244897959184
2300017  0.30612244897959184
1300012  0.30000000000000004
1300013  0.30000000000000004
1300014  0.30000000000000004
2300025  0.2941176470588235
2300026  0.2941176470588235
2300031  0.2941176470588235
2300033  0.2941176470588235
2300035  0.2941176470588235
2300036  0.2941176470588235
2300039  0.2941176470588235
2300041  0.2941176470588235
2300042  0.2941176470588235
2300046  0.2941176470588235
2300047  0.2941176470588235
2300049  0.2941176470588235
1300009  0.28846153846153844
2300011  0.28846153846153844
2300013  0.28846153846153844
2300024  0.28846153846153844
2300028  0.28846153846153844
8400093  0.24193548387096775
7500059  0.09146341463414631
7500081  0.09146341463414631
7500082  0.09146341463414631
10000208  0.08333333333333337
10000215  0.07692307692307687
1100010  0.06451612903225812
6200022  0.06451612903225812
6600027  0.06451612903225812
8800036  0.06451612903225812
10000211  0.0625
7300030  0.04761904761904767
8500035  0.04225352112676062
8700085  0.04201680672268904
8700086  0.04201680672268904
10200119  0.04201680672268904
10200120  0.04201680672268904
8700035  0.04178272980501396
5700041  0.04166666666666663
3100045  0.040462427745664775
8400104  0.040462427745664775
9100116  0.03888888888888886
8400088  0.03856041131105403
1700017  0.03826530612244894
1700019  0.03826530612244894
1700022  0.03826530612244894
1700023  0.03826530612244894
1700009  0.03807106598984766
1700011  0.03807106598984766
1700029  0.03807106598984766
1700030  0.03807106598984766
1700031  0.03807106598984766
8400084  0.03246753246753242
8400092  0.03246753246753242
5700018  0.030991735537190035
5700019  0.030991735537190035
5700026  0.030991735537190035
5700027  0.030991735537190035
5700032  0.030991735537190035
5400041  0.02941176470588236
5400048  0.02941176470588236
5600074  0.02941176470588236
7900036  0.02857142857142858
7900037  0.02857142857142858
7900038  0.02857142857142858
1500015  0.02777777777777779
1500016  0.02777777777777779
1500019  0.02777777777777779
1500020  0.02777777777777779
1500023  0.02777777777777779
1500028  0.02777777777777779
1500029  0.02777777777777779
1500030  0.02777777777777779
5400028  0.02777777777777779
5400034  0.02777777777777779
5400035  0.02777777777777779
7300020  0.02777777777777779
7300021  0.02777777777777779
7300023  0.02777777777777779
7300024  0.02777777777777779
7300025  0.02777777777777779
7300026  0.02777777777777779
9800227  0.02777777777777779
9800236  0.02777777777777779
9800237  0.02777777777777779
8400098  0.027649769585253448
8400095  0.02758620689655178
8400096  0.02758620689655178
8400097  0.02758620689655178
7900034  0.027027027027026973
7900035  0.027027027027026973
5400025  0.02631578947368418
5400026  0.02631578947368418
5400027  0.02631578947368418
5400036  0.02631578947368418
5600070  0.02631578947368418
5600071  0.02631578947368418
5600073  0.02631578947368418
8600118  0.02631578947368418
8100051  0.024922118380062308
8400077  0.024922118380062308
8400076  0.024464831804281384
8400072  0.024390243902439046
2200017  0.023809523809523836
2200018  0.023809523809523836
6500018  0.023809523809523836
6500019  0.023809523809523836
6500020  0.023809523809523836
6500021  0.023809523809523836
6500023  0.023809523809523836
6500024  0.023809523809523836
6500025  0.023809523809523836
6500028  0.023809523809523836
6500032  0.023809523809523836
10000219  0.023809523809523836
8600087  0.023255813953488413
8600089  0.023255813953488413
5400015  0.022727272727272707
5400021  0.022727272727272707
2200035  0.022222222222222254
2200036  0.022222222222222254
8400049  0.021067415730337102
2400025  0.020689655172413834
4900072  0.02063273727647863
4900073  0.02063273727647863
9300045  0.02063273727647863
9300046  0.02063273727647863
9300047  0.02063273727647863
3100080  0.020604395604395642
3100081  0.020604395604395642
3200013  0.020604395604395642
4800015  0.020604395604395642
4800018  0.020604395604395642
5300015  0.020604395604395642
6700107  0.020604395604395642
6700110  0.020604395604395642
6700111  0.020604395604395642
7700021  0.020604395604395642
7700025  0.020604395604395642
7700027  0.020604395604395642
7700028  0.020604395604395642
7700032  0.020604395604395642
7700033  0.020604395604395642
7700034  0.020604395604395642
8100023  0.020604395604395642
8100024  0.020604395604395642
8100027  0.020604395604395642
8100028  0.020604395604395642
8100029  0.020604395604395642
8100030  0.020604395604395642
8400037  0.020604395604395642
8400039  0.020604395604395642
8400041  0.020604395604395642
8400042  0.020604395604395642
8400043  0.020604395604395642
8400046  0.020604395604395642
8400052  0.020604395604395642
8400054  0.020604395604395642
8400056  0.020604395604395642
8400060  0.020604395604395642
9000036  0.020604395604395642
9100037  0.020604395604395642
9100038  0.020604395604395642
9100042  0.020604395604395642
9100043  0.020604395604395642
9100044  0.020604395604395642
9100045  0.020604395604395642
9100046  0.020604395604395642
9100047  0.020604395604395642
2400014  0.020576131687242816
2400018  0.020576131687242816
2400021  0.020576131687242816
3100053  0.020576131687242816
8400036  0.020576131687242816
2400024  0.020547945205479423
3100076  0.020547945205479423
8400035  0.020547945205479423
3100049  0.020519835841313228
5700016  0.020519835841313228
5700017  0.020519835841313228
5700023  0.020519835841313228
2400036  0.020491803278688492
7500044  0.02046384720327421
10901720  0.02046384720327421
3100067  0.02043596730245234
3100068  0.02043596730245234
1600015  0.020408163265306145
2500012  0.020408163265306145
2500015  0.020408163265306145
7100024  0.020408163265306145
7100028  0.020408163265306145
7100030  0.020408163265306145
7100031  0.020408163265306145
7100032  0.020408163265306145
7100040  0.020408163265306145
7100044  0.020408163265306145
7100049  0.020408163265306145
7100053  0.020408163265306145
7100055  0.020408163265306145
7100059  0.020408163265306145
7100063  0.020408163265306145
7100064  0.020408163265306145
7100066  0.020408163265306145
7500049  0.020408163265306145
7500050  0.020408163265306145
7500051  0.020408163265306145
7500053  0.020408163265306145
7500058  0.020408163265306145
7500061  0.020408163265306145
7500064  0.020408163265306145
7500068  0.020408163265306145
7500075  0.020408163265306145
7500076  0.020408163265306145
7500077  0.020408163265306145
7500084  0.020408163265306145
7500085  0.020408163265306145
7500086  0.020408163265306145
7500089  0.020408163265306145
7500093  0.020408163265306145
7500111  0.020408163265306145
7500112  0.020408163265306145
7500113  0.020408163265306145
9500039  0.020408163265306145
10400073  0.020408163265306145
3300013  0.020352781546811416
1600009  0.020297699594046037
1600011  0.020297699594046037
6300017  0.020297699594046037
6300021  0.020297699594046037
7000019  0.020297699594046037
7500021  0.020297699594046037
7500023  0.020297699594046037
7500028  0.020297699594046037
7500030  0.020297699594046037
7500037  0.020297699594046037
8300025  0.020297699594046037
8300027  0.020297699594046037
8300028  0.020297699594046037
8300029  0.020297699594046037
8300030  0.020297699594046037
8300031  0.020297699594046037
8300036  0.020297699594046037
8300037  0.020297699594046037
8300038  0.020297699594046037
8300041  0.020297699594046037
8800032  0.020297699594046037
10900680  0.020297699594046037
10900691  0.020297699594046037
10900723  0.020297699594046037
10900736  0.020297699594046037
10900777  0.020297699594046037
10900811  0.020297699594046037
10500100  0.020270270270270285
9200038  0.020215633423180557
9200060  0.020215633423180557
3100013  0.020188425302826385
5000015  0.020161290322580627
5000018  0.020161290322580627
5000019  0.020161290322580627
8400031  0.020161290322580627
8400032  0.020161290322580627
9300038  0.020161290322580627
9300040  0.020161290322580627
9300041  0.020161290322580627
9300042  0.020161290322580627
6700048  0.02005730659025784
6700049  0.02005730659025784
8400026  0.020053475935828846
8400027  0.020053475935828846
8400028  0.020053475935828846
9700044  0.020026702269692942
9700047  0.020026702269692942
9900051  0.01997336884154466
2400011  0.019946808510638347
8500047  0.019841269841269882
7400031  0.01976284584980237
10200108  0.01976284584980237
10200131  0.01976284584980237
8700083  0.019736842105263164
8700084  0.019736842105263164
10200117  0.019710906701708275
10200118  0.019710906701708275
7200039  0.019685039370078705
10200105  0.019685039370078705
5600067  0.019230769230769273
8100036  0.01845018450184499
3300031  0.018416206261510082
8100034  0.017921146953404965
3300027  0.017889087656529523
8600075  0.017241379310344862
8600076  0.017241379310344862
8600078  0.017241379310344862
8600079  0.017241379310344862
8600080  0.017241379310344862
8600081  0.017241379310344862
8600083  0.017241379310344862
8000026  0.015806111696522684
7400029  0.01572327044025157
7400030  0.01572327044025157
7400058  0.01572327044025157
8500040  0.01572327044025157
8500042  0.01572327044025157
8500045  0.01572327044025157
8500046  0.01572327044025157
8500052  0.01572327044025157
8700081  0.01572327044025157
8700082  0.01572327044025157
8700098  0.01572327044025157
10200095  0.01572327044025157
10200096  0.01572327044025157
10200098  0.01572327044025157
10200112  0.01572327044025157
10200113  0.01572327044025157
1900010  0.015706806282722474
1900018  0.015706806282722474
1900020  0.015706806282722474
1900024  0.015706806282722474
1900027  0.015706806282722474
4900015  0.015706806282722474
4900018  0.015706806282722474
4900021  0.015706806282722474
4900022  0.015706806282722474
4900024  0.015706806282722474
4900048  0.015706806282722474
4900049  0.015706806282722474
6700018  0.015706806282722474
6700020  0.015706806282722474
6700021  0.015706806282722474
6700025  0.015706806282722474
6700069  0.015706806282722474
6700071  0.015706806282722474
6700077  0.015706806282722474
6700083  0.015706806282722474
6700084  0.015706806282722474
6700103  0.015706806282722474
7200020  0.015706806282722474
7400021  0.015706806282722474
7800022  0.015706806282722474
7800024  0.015706806282722474
7800100  0.015706806282722474
7800105  0.015706806282722474
8000022  0.015706806282722474
8000029  0.015706806282722474
8000031  0.015706806282722474
8000032  0.015706806282722474
8000034  0.015706806282722474
8000037  0.015706806282722474
8000038  0.015706806282722474
8000039  0.015706806282722474
8000040  0.015706806282722474
8000047  0.015706806282722474
8000048  0.015706806282722474
8000055  0.015706806282722474
8500026  0.015706806282722474
8500028  0.015706806282722474
8500029  0.015706806282722474
8700028  0.015706806282722474
9800046  0.015706806282722474
10200089  0.015706806282722474
10200093  0.015706806282722474
10200094  0.015706806282722474
10200101  0.015706806282722474
10200102  0.015706806282722474
10200103  0.015706806282722474
5600065  0.015625
5600066  0.015625
2600020  0.015337423312883458
2600019  0.014749262536873142
8000059  0.014749262536873142
2600012  0.014409221902017322
2600015  0.014409221902017322
2600016  0.014409221902017322
10000125  0.013333333333333308
6900047  0.009708737864077666
6900044  0.009433962264150941
2000015  0.009216589861751112
2000018  0.009216589861751112
2000039  0.009216589861751112
6900023  0.008968609865470878
2000013  0.008928571428571397
3000013  0.008141112618724522
6000038  0.008064516129032251
2200031  0.008000000000000007
6000035  0.008000000000000007
6000040  0.008000000000000007
6000041  0.008000000000000007
10000149  0.007957559681697646
10000098  0.007936507936507908
6900027  0.007874015748031482
6900028  0.007874015748031482
10000146  0.007853403141361293
6900035  0.0078125
6900031  0.007575757575757569
6900032  0.007575757575757569
6900037  0.007575757575757569
6900038  0.007575757575757569
6900042  0.007575757575757569
8600053  0.007462686567164201
10000135  0.007407407407407418
10901147  0.007299270072992692
6900018  0.0072289156626506035
6900019  0.0072289156626506035
6900020  0.0072289156626506035
3800036  0.007092198581560294
2200021  0.006535947712418277
3800026  0.006535947712418277
8200034  0.006535947712418277
10000129  0.006535947712418277
10000130  0.006535947712418277
10000131  0.006535947712418277
10000132  0.006535947712418277
10000140  0.006535947712418277
10100057  0.006507592190889366
6000020  0.0064102564102563875
6000021  0.0064102564102563875
6000022  0.0064102564102563875
10000196  0.006369426751592355
3800025  0.006349206349206327
2200011  0.006329113924050667
2200014  0.006329113924050667
6000017  0.006329113924050667
6000032  0.006329113924050667
6000033  0.006329113924050667
6000034  0.006329113924050667
6000042  0.006329113924050667
7700082  0.006329113924050667
7700084  0.006329113924050667
3100072  0.0063157894736841635
8600104  0.006249999999999978
7900022  0.006134969325153339
7900023  0.006134969325153339
7900031  0.0060606060606061
7900033  0.0060606060606061
8200033  0.0060240963855421326
2900013  0.005976095617529875
4900028  0.005976095617529875
4900029  0.005976095617529875
6700029  0.005976095617529875
6700030  0.005976095617529875
6800018  0.005976095617529875
6800019  0.005976095617529875
6800020  0.005976095617529875
9100089  0.005976095617529875
9100090  0.005976095617529875
9100091  0.005976095617529875
7700074  0.005952380952380931
7700075  0.005952380952380931
7900025  0.005952380952380931
7900026  0.005952380952380931
7900027  0.005952380952380931
7900028  0.005952380952380931
2100025  0.005928853754940677
6700053  0.005928853754940677
7700037  0.0059055118110236116
7700038  0.0059055118110236116
7700039  0.0059055118110236116
4800021  0.005893909626719096
4800022  0.005893909626719096
3800034  0.005847953216374324
2100041  0.005836575875486361
2800018  0.005836575875486361
2800013  0.005825242718446644
2800014  0.005825242718446644
2800015  0.005825242718446644
8100061  0.005825242718446644
8100068  0.005825242718446644
9100071  0.005780346820809301
9100074  0.005780346820809301
7800039  0.005769230769230749
9100068  0.0057581573896353655
9100066  0.005747126436781658
4900040  0.005725190839694694
6700052  0.005714285714285672
8600045  0.005714285714285672
1200009  0.005671077504725952
1200012  0.005671077504725952
3200019  0.005671077504725952
3200020  0.005671077504725952
3200021  0.005671077504725952
3200022  0.005671077504725952
3200023  0.005671077504725952
3200024  0.005671077504725952
3200025  0.005671077504725952
3200026  0.005671077504725952
3200031  0.005671077504725952
3200032  0.005671077504725952
3200037  0.005671077504725952
3200041  0.005671077504725952
3200044  0.005671077504725952
5300020  0.005671077504725952
5300021  0.005671077504725952
5300023  0.005671077504725952
5300024  0.005671077504725952
5300028  0.005671077504725952
5300035  0.005671077504725952
6200017  0.005671077504725952
6200018  0.005671077504725952
6200019  0.005671077504725952
6600018  0.005671077504725952
6600019  0.005671077504725952
7800038  0.005671077504725952
8100040  0.005671077504725952
8100041  0.005671077504725952
8100043  0.005671077504725952
8100045  0.005671077504725952
8100046  0.005671077504725952
6600021  0.005660377358490565
6600022  0.005660377358490565
6600023  0.005660377358490565
9100059  0.005660377358490565
8100059  0.005649717514124242
8100065  0.005649717514124242
7700096  0.005639097744360888
1100007  0.0056285178236398226
4900068  0.005597014925373123
2100011  0.005565862708719838
2100015  0.005565862708719838
2100016  0.005565862708719838
2100017  0.005565862708719838
2100018  0.005565862708719838
10000090  0.005376344086021501
8600030  0.005244755244755206
8600027  0.005172413793103403
8600028  0.005172413793103403
8600029  0.005172413793103403
8600034  0.005172413793103403
10000144  0.005163511187607606
10000145  0.005163511187607606
10000152  0.005163511187607606
6100032  0.005102040816326481
10000067  0.005059021922428353
5600018  0.005025125628140725
2100029  0.0050000000000000044
3800024  0.004878048780487809
8600107  0.004854368932038833
8600103  0.004796163069544335
8600100  0.004761904761904745
8600101  0.004761904761904745
8600102  0.004761904761904745
3800016  0.004750593824228044
3800017  0.004750593824228044
10000053  0.004746835443038
10000054  0.004746835443038
10000055  0.004746835443038
10000056  0.004746835443038
10000057  0.004746835443038
10000058  0.004746835443038
10000059  0.004746835443038
10000060  0.004746835443038
10000061  0.004746835443038
10000066  0.004746835443038
8600057  0.004739336492891044
3800014  0.004672897196261627
3800021  0.004672897196261627
8600095  0.004662004662004615
8600096  0.004662004662004615
8600098  0.004662004662004615
10000094  0.004618937644341847
8100035  0.004545454545454519
6100017  0.004531722054380682
6100018  0.004531722054380682
6100026  0.004531722054380682
6100020  0.004524886877828038
6100021  0.004524886877828038
6100022  0.004524886877828038
6100023  0.004524886877828038
6100028  0.004524886877828038
3000049  0.004491017964071808
8600049  0.004474272930648726
3000039  0.004464285714285698
3000040  0.004464285714285698
3000041  0.004464285714285698
3000017  0.004457652303120341
3000018  0.004457652303120341
3000019  0.004457652303120341
3000020  0.004457652303120341
3000021  0.004457652303120341
3000036  0.004457652303120341
3000037  0.004457652303120341
3000031  0.004451038575667643
3000033  0.004451038575667643
3000034  0.004451038575667643
3000035  0.004451038575667643
3000046  0.004451038575667643
3000052  0.004451038575667643
3000053  0.004451038575667643
3000054  0.004451038575667643
3000055  0.004451038575667643
10000086  0.004366812227074246
7700042  0.004237288135593209
7700043  0.004237288135593209
9100099  0.004237288135593209
9100106  0.004237288135593209
9100107  0.004237288135593209
7600028  0.004201680672268893
10901515  0.004149377593360981
9100093  0.0040000000000000036
9100095  0.0040000000000000036
8100047  0.003937007874015741
2100037  0.00390625
1000010  0.003676470588235281
1000011  0.003676470588235281
1000012  0.003676470588235281
1000014  0.003676470588235281
1000015  0.003676470588235281
10700134  0.00366300366300365
7600032  0.0034965034965035446
7600043  0.0034965034965035446
9100079  0.0034965034965035446
5100025  0.0034843205574912606
9100078  0.0034843205574912606
1400024  0.00347222222222221
7600039  0.00347222222222221
7600040  0.00347222222222221
8200029  0.00347222222222221
8200030  0.00347222222222221
8200025  0.0034602076124568004
8200026  0.0034602076124568004
10700129  0.0034482758620689724
10700130  0.0034482758620689724
10700131  0.0034482758620689724
2700019  0.0034364261168384758
6700056  0.0034364261168384758
6700057  0.0034364261168384758
6700058  0.0034364261168384758
8600041  0.003389830508474523
9300075  0.0033444816053511683
9300076  0.0033444816053511683
4900036  0.0033222591362126463
4900037  0.0033222591362126463
9000038  0.0033112582781457123
2700013  0.0033003300330033403
2700014  0.0033003300330033403
2700015  0.0033003300330033403
2700016  0.0033003300330033403
6700039  0.0033003300330033403
6700040  0.0033003300330033403
6700041  0.0033003300330033403
6700042  0.0033003300330033403
7600024  0.003289473684210509
7600025  0.003289473684210509
5100015  0.0032679738562091387
5100016  0.0032679738562091387
5100017  0.0032679738562091387
5100018  0.0032679738562091387
7600021  0.0032679738562091387
7600022  0.0032679738562091387
7600023  0.0032679738562091387
7600036  0.0032679738562091387
1800016  0.0032573289902280145
1800015  0.0032467532467532756
1800018  0.0032467532467532756
9300072  0.003236245954692518
9300070  0.003225806451612856
7700114  0.0030674846625766694
4800033  0.003058103975535187
1800013  0.0029940119760478723
1800014  0.0029940119760478723
1800019  0.0029940119760478723
5600015  0.0028985507246376274
5600138  0.0028985507246376274
10000156  0.0021505376344086446
3300018  0.0020661157024793875
3300022  0.0020661157024793875
