7400045  1.0
7400049  1.0
7400055  1.0
7400032  0.9682458365518541
7400033  0.9682458365518541
7400034  0.9682458365518541
7400036  0.9682458365518541
7400037  0.9682458365518541
7400054  0.9682458365518541
7400067  0.9682458365518541
7400062  0.9128709291752769
7400063  0.9128709291752769
8700045  0.6282808624375432
10900997  0.6201736729460423
2300037  0.6048583789091339
8400057  0.5976143046671969
2400042  0.5906244232186183
3100062  0.5906244232186183
3100063  0.5906244232186183
2400039  0.5773502691896257
8700038  0.5710402407201607
8700041  0.5710402407201607
2300016  0.5532833351724882
2300017  0.5532833351724882
1300012  0.5477225575051661
1300013  0.5477225575051661
1300014  0.5477225575051661
2300025  0.5423261445466404
2300026  0.5423261445466404
2300031  0.5423261445466404
2300033  0.5423261445466404
2300035  0.5423261445466404
2300036  0.5423261445466404
2300039  0.5423261445466404
2300041  0.5423261445466404
2300042  0.5423261445466404
2300046  0.5423261445466404
2300047  0.5423261445466404
2300049  0.5423261445466404
1300009  0.5370861555295747
2300011  0.5370861555295747
2300013  0.5370861555295747
2300024  0.5370861555295747
2300028  0.5370861555295747
8400093  0.4918693768379647
7500059  0.3024291894545669
7500081  0.3024291894545669
7500082  0.3024291894545669
8500035  0.20555661294825947
8700085  0.20498001542269695
8700086  0.20498001542269695
10200119  0.20498001542269695
10200120  0.20498001542269695
8700035  0.20440824299673904
8400088  0.19636805063720011
1700017  0.1956151991089879
1700019  0.1956151991089879
1700022  0.1956151991089879
1700023  0.1956151991089879
1700009  0.19511808217038143
1700011  0.19511808217038143
1700029  0.19511808217038143
1700030  0.19511808217038143
1700031  0.19511808217038143
8400084  0.1801874925391118
8400092  0.1801874925391118
5700018  0.17604469755488258
5700019  0.17604469755488258
5700026  0.17604469755488258
5700027  0.17604469755488258
5700032  0.17604469755488258
8400098  0.14872731984475066
8400095  0.1485562705416415
8400096  0.1485562705416415
8400097  0.1485562705416415
8400049  0.14514618744678442
2400025  0.14383899044561524
4900072  0.14364100137662186
4900073  0.14364100137662186
9300045  0.14364100137662186
9300046  0.14364100137662186
9300047  0.14364100137662186
3100080  0.14354231294080363
3100081  0.14354231294080363
3200013  0.14354231294080363
4800015  0.14354231294080363
4800018  0.14354231294080363
5300015  0.14354231294080363
6700107  0.14354231294080363
6700110  0.14354231294080363
6700111  0.14354231294080363
7700021  0.14354231294080363
7700025  0.14354231294080363
7700027  0.14354231294080363
7700028  0.14354231294080363
7700032  0.14354231294080363
7700033  0.14354231294080363
7700034  0.14354231294080363
8100023  0.14354231294080363
8100024  0.14354231294080363
8100027  0.14354231294080363
8100028  0.14354231294080363
8100029  0.14354231294080363
8100030  0.14354231294080363
8400037  0.14354231294080363
8400039  0.14354231294080363
8400041  0.14354231294080363
8400042  0.14354231294080363
8400043  0.14354231294080363
8400046  0.14354231294080363
8400052  0.14354231294080363
8400054  0.14354231294080363
8400056  0.14354231294080363
8400060  0.14354231294080363
9000036  0.14354231294080363
9100037  0.14354231294080363
9100038  0.14354231294080363
9100042  0.14354231294080363
9100043  0.14354231294080363
9100044  0.14354231294080363
9100045  0.14354231294080363
9100046  0.14354231294080363
9100047  0.14354231294080363
2400014  0.14344382763731173
2400018  0.14344382763731173
2400021  0.14344382763731173
3100053  0.14344382763731173
8400036  0.14344382763731173
2400024  0.14334554477024897
3100076  0.14334554477024897
8400035  0.14334554477024897
3100049  0.14324746364705124
5700016  0.14324746364705124
5700017  0.14324746364705124
5700023  0.14324746364705124
2400036  0.14314958357846705
7500044  0.1430519038785371
10901720  0.1430519038785371
3100067  0.1429544238645741
3100068  0.1429544238645741
1600015  0.14285714285714285
2500012  0.14285714285714285
2500015  0.14285714285714285
7100024  0.14285714285714285
7100028  0.14285714285714285
7100030  0.14285714285714285
7100031  0.14285714285714285
7100032  0.14285714285714285
7100040  0.14285714285714285
7100044  0.14285714285714285
7100049  0.14285714285714285
7100053  0.14285714285714285
7100055  0.14285714285714285
7100059  0.14285714285714285
7100063  0.14285714285714285
7100064  0.14285714285714285
7100066  0.14285714285714285
7500049  0.14285714285714285
7500050  0.14285714285714285
7500051  0.14285714285714285
7500053  0.14285714285714285
7500058  0.14285714285714285
7500061  0.14285714285714285
7500064  0.14285714285714285
7500068  0.14285714285714285
7500075  0.14285714285714285
7500076  0.14285714285714285
7500077  0.14285714285714285
7500084  0.14285714285714285
7500085  0.14285714285714285
7500086  0.14285714285714285
7500089  0.14285714285714285
7500093  0.14285714285714285
7500111  0.14285714285714285
7500112  0.14285714285714285
7500113  0.14285714285714285
9500039  0.14285714285714285
10400073  0.14285714285714285
3300013  0.14266317516027532
1600009  0.14246999541674032
1600011  0.14246999541674032
6300017  0.14246999541674032
6300021  0.14246999541674032
7000019  0.14246999541674032
7500021  0.14246999541674032
7500023  0.14246999541674032
7500028  0.14246999541674032
7500030  0.14246999541674032
7500037  0.14246999541674032
8300025  0.14246999541674032
8300027  0.14246999541674032
8300028  0.14246999541674032
8300029  0.14246999541674032
8300030  0.14246999541674032
8300031  0.14246999541674032
8300036  0.14246999541674032
8300037  0.14246999541674032
8300038  0.14246999541674032
8300041  0.14246999541674032
8800032  0.14246999541674032
10900680  0.14246999541674032
10900691  0.14246999541674032
10900723  0.14246999541674032
10900736  0.14246999541674032
10900777  0.14246999541674032
10900811  0.14246999541674032
10500100  0.14237369936287486
9200038  0.14218169158924995
9200060  0.14218169158924995
3100013  0.1420859785581476
5000015  0.1419904585617662
5000018  0.1419904585617662
5000019  0.1419904585617662
8400031  0.1419904585617662
8400032  0.1419904585617662
9300038  0.1419904585617662
9300040  0.1419904585617662
9300041  0.1419904585617662
9300042  0.1419904585617662
8400026  0.14161029600925518
8400027  0.14161029600925518
8400028  0.14161029600925518
9700044  0.1415157315272508
9700047  0.1415157315272508
9900051  0.14132716950942095
2400011  0.141233170716508
8500047  0.14085904245475275
7400031  0.1405803892788833
10200108  0.1405803892788833
10200131  0.1405803892788833
8700083  0.1404878717372541
8700084  0.1404878717372541
10200117  0.14039553661604873
10200118  0.14039553661604873
7200039  0.14030338331657843
10200105  0.14030338331657843
5700041  0.13944333775567927
3100045  0.13741348653356486
8400104  0.13741348653356486
9100116  0.13471506281091267
10000208  0.12909944487358058
8000026  0.12572235957268163
7400029  0.1253924656438798
7400030  0.1253924656438798
7400058  0.1253924656438798
8500040  0.1253924656438798
8500042  0.1253924656438798
8500045  0.1253924656438798
8500046  0.1253924656438798
8500052  0.1253924656438798
8700081  0.1253924656438798
8700082  0.1253924656438798
8700098  0.1253924656438798
10200095  0.1253924656438798
10200096  0.1253924656438798
10200098  0.1253924656438798
10200112  0.1253924656438798
10200113  0.1253924656438798
1900010  0.12532679794330703
1900018  0.12532679794330703
1900020  0.12532679794330703
1900024  0.12532679794330703
1900027  0.12532679794330703
4900015  0.12532679794330703
4900018  0.12532679794330703
4900021  0.12532679794330703
4900022  0.12532679794330703
4900024  0.12532679794330703
4900048  0.12532679794330703
4900049  0.12532679794330703
6700018  0.12532679794330703
6700020  0.12532679794330703
6700021  0.12532679794330703
6700025  0.12532679794330703
6700069  0.12532679794330703
6700071  0.12532679794330703
6700077  0.12532679794330703
6700083  0.12532679794330703
6700084  0.12532679794330703
6700103  0.12532679794330703
7200020  0.12532679794330703
7400021  0.12532679794330703
7800022  0.12532679794330703
7800024  0.12532679794330703
7800100  0.12532679794330703
7800105  0.12532679794330703
8000022  0.12532679794330703
8000029  0.12532679794330703
8000031  0.12532679794330703
8000032  0.12532679794330703
8000034  0.12532679794330703
8000037  0.12532679794330703
8000038  0.12532679794330703
8000039  0.12532679794330703
8000040  0.12532679794330703
8000047  0.12532679794330703
8000048  0.12532679794330703
8000055  0.12532679794330703
8500026  0.12532679794330703
8500028  0.12532679794330703
8500029  0.12532679794330703
8700028  0.12532679794330703
9800046  0.12532679794330703
10200089  0.12532679794330703
10200093  0.12532679794330703
10200094  0.12532679794330703
10200101  0.12532679794330703
10200102  0.12532679794330703
10200103  0.12532679794330703
10000215  0.12403473458920847
8100051  0.1152900536445645
8400077  0.1152900536445645
8400076  0.11422744983416515
8400072  0.11405318970244022
8100036  0.11090591959507848
3300031  0.11080374921908893
8100034  0.10930430596399217
3300027  0.10920649448492678
6700048  0.09674748786809408
6700049  0.09674748786809408
1100010  0.09274777915203367
6200022  0.09274777915203367
6600027  0.09274777915203367
8800036  0.09274777915203367
10000211  0.09128709291752768
2600020  0.0715015694766752
2600019  0.07011719365194521
8000059  0.07011719365194521
2600012  0.0693042132004909
2600015  0.0693042132004909
2600016  0.0693042132004909
3000013  0.05706527006411013
7300030  0.0563436169819011
5400041  0.04428074427700476
5400048  0.04428074427700476
5600074  0.04428074427700476
7900036  0.04364357804719848
7900037  0.04364357804719848
7900038  0.04364357804719848
1500015  0.04303314829119352
1500016  0.04303314829119352
1500019  0.04303314829119352
1500020  0.04303314829119352
1500023  0.04303314829119352
1500028  0.04303314829119352
1500029  0.04303314829119352
1500030  0.04303314829119352
5400028  0.04303314829119352
5400034  0.04303314829119352
5400035  0.04303314829119352
7300020  0.04303314829119352
7300021  0.04303314829119352
7300023  0.04303314829119352
7300024  0.04303314829119352
7300025  0.04303314829119352
7300026  0.04303314829119352
9800227  0.04303314829119352
9800236  0.04303314829119352
9800237  0.04303314829119352
7900034  0.04244763599780089
7900035  0.04244763599780089
5400025  0.04188539082916955
5400026  0.04188539082916955
5400027  0.04188539082916955
5400036  0.04188539082916955
5600070  0.04188539082916955
5600071  0.04188539082916955
5600073  0.04188539082916955
8600118  0.04188539082916955
10000149  0.039893758112510815
2200017  0.03984095364447979
2200018  0.03984095364447979
6500018  0.03984095364447979
6500019  0.03984095364447979
6500020  0.03984095364447979
6500021  0.03984095364447979
6500023  0.03984095364447979
6500024  0.03984095364447979
6500025  0.03984095364447979
6500028  0.03984095364447979
6500032  0.03984095364447979
10000219  0.03984095364447979
10000146  0.03963181333565563
8600087  0.039374961547907886
8600089  0.039374961547907886
5400015  0.03892494720807615
5400021  0.03892494720807615
2200035  0.03849001794597505
2200036  0.03849001794597505
6900018  0.03802345503146868
6900019  0.03802345503146868
6900020  0.03802345503146868
10100057  0.03607656355832515
5600067  0.03580574370197165
7700082  0.035578403348241
7700084  0.035578403348241
3100072  0.03554093266554554
2000015  0.03505536546997459
2000018  0.03505536546997459
2000039  0.03505536546997459
6900023  0.034580553042562044
2900013  0.03457194127476755
4900028  0.03457194127476755
4900029  0.03457194127476755
6700029  0.03457194127476755
6700030  0.03457194127476755
6800018  0.03457194127476755
6800019  0.03457194127476755
6800020  0.03457194127476755
9100089  0.03457194127476755
9100090  0.03457194127476755
9100091  0.03457194127476755
2000013  0.03450327796711771
7700074  0.03450327796711771
7700075  0.03450327796711771
2100025  0.03443502215750909
6700053  0.03443502215750909
7700037  0.034367169831173536
7700038  0.034367169831173536
7700039  0.034367169831173536
4800021  0.0343333937347273
4800022  0.0343333937347273
2100041  0.03416599442570458
2800018  0.03416599442570458
2800013  0.03413280743931446
2800014  0.03413280743931446
2800015  0.03413280743931446
8100061  0.03413280743931446
8100068  0.03413280743931446
9100071  0.034001020045902296
9100074  0.034001020045902296
7800039  0.03396831102433787
9100068  0.03393569621986652
8600075  0.033903175181040524
8600076  0.033903175181040524
8600078  0.033903175181040524
8600079  0.033903175181040524
8600080  0.033903175181040524
8600081  0.033903175181040524
8600083  0.033903175181040524
9100066  0.03390317518104052
4900040  0.033838412609620616
6700052  0.033806170189140665
8600045  0.033806170189140665
1200009  0.03367811605397754
1200012  0.03367811605397754
3200019  0.03367811605397754
3200020  0.03367811605397754
3200021  0.03367811605397754
3200022  0.03367811605397754
3200023  0.03367811605397754
3200024  0.03367811605397754
3200025  0.03367811605397754
3200026  0.03367811605397754
3200031  0.03367811605397754
3200032  0.03367811605397754
3200037  0.03367811605397754
3200041  0.03367811605397754
3200044  0.03367811605397754
5300020  0.03367811605397754
5300021  0.03367811605397754
5300023  0.03367811605397754
5300024  0.03367811605397754
5300028  0.03367811605397754
5300035  0.03367811605397754
6200017  0.03367811605397754
6200018  0.03367811605397754
6200019  0.03367811605397754
6600018  0.03367811605397754
6600019  0.03367811605397754
7800038  0.03367811605397754
8100040  0.03367811605397754
8100041  0.03367811605397754
8100043  0.03367811605397754
8100045  0.03367811605397754
8100046  0.03367811605397754
6600021  0.03364632924552265
6600022  0.03364632924552265
6600023  0.03364632924552265
9100059  0.03364632924552265
8100059  0.033614632272640714
8100065  0.033614632272640714
7700096  0.03358302471297338
1100007  0.033551506146937055
4900068  0.03345748025591029
2100011  0.03336424046406527
2100015  0.03336424046406527
2100016  0.03336424046406527
2100017  0.03336424046406527
2100018  0.03336424046406527
10000090  0.03279129178919765
8600030  0.032387513781564785
5600065  0.03227486121839514
5600066  0.03227486121839514
8600027  0.03216337604513385
8600028  0.03216337604513385
8600029  0.03216337604513385
8600034  0.03216337604513385
10000144  0.03213568479932417
10000145  0.03213568479932417
10000152  0.03213568479932417
10000067  0.03180887273208006
10000053  0.030811801125666036
10000054  0.030811801125666036
10000055  0.030811801125666036
10000056  0.030811801125666036
10000057  0.030811801125666036
10000058  0.030811801125666036
10000059  0.030811801125666036
10000060  0.030811801125666036
10000061  0.030811801125666036
10000066  0.030811801125666036
6100017  0.030105554485445586
6100018  0.030105554485445586
6100026  0.030105554485445586
6100020  0.03008284187980934
6100021  0.03008284187980934
6100022  0.03008284187980934
6100023  0.03008284187980934
6100028  0.03008284187980934
3000049  0.029970044925131015
3000039  0.029880715233359844
3000040  0.029880715233359844
3000041  0.029880715233359844
3000017  0.029858507340858004
3000018  0.029858507340858004
3000019  0.029858507340858004
3000020  0.029858507340858004
3000021  0.029858507340858004
3000036  0.029858507340858004
3000037  0.029858507340858004
3000031  0.02983634889079981
3000033  0.02983634889079981
3000034  0.02983634889079981
3000035  0.02983634889079981
3000046  0.02983634889079981
3000052  0.02983634889079981
3000053  0.02983634889079981
3000054  0.02983634889079981
3000055  0.02983634889079981
10000125  0.0298142396999972
3800025  0.029095718698132315
8600104  0.028867513459481284
3800024  0.025503068522533534
6900047  0.025441092565739218
8600107  0.025441092565739218
8600103  0.02528810806036272
8600100  0.02519763153394848
8600101  0.02519763153394848
8600102  0.02519763153394848
3800016  0.025167687813882914
3800017  0.025167687813882914
8600057  0.025137850591995053
6900044  0.02507849312877596
3800014  0.024961028814965893
3800021  0.024961028814965893
8600095  0.02493191973355886
8600096  0.02493191973355886
8600098  0.02493191973355886
10000094  0.02481649355930259
8100035  0.024618298195866545
8600049  0.024424776848243724
10000086  0.02412968359254975
7700042  0.023769134427076417
7700043  0.023769134427076417
9100099  0.023769134427076417
9100106  0.023769134427076417
9100107  0.023769134427076417
6000038  0.023186944788008416
2200031  0.023094010767585032
6000035  0.023094010767585032
6000040  0.023094010767585032
6000041  0.023094010767585032
9100093  0.023094010767585032
9100095  0.023094010767585032
10000098  0.023002185311411807
6900027  0.02291144655411569
6900028  0.02291144655411569
8100047  0.02291144655411569
2100037  0.02282177322938192
6900035  0.02282177322938192
6900031  0.022473328748774737
6900032  0.022473328748774737
6900037  0.022473328748774737
6900038  0.022473328748774737
6900042  0.022473328748774737
8600053  0.022304986837273527
10000135  0.022222222222222223
10901147  0.02205941986694528
3800036  0.021744269101781406
2200021  0.020874143036171647
3800026  0.020874143036171647
8200034  0.020874143036171647
10000129  0.020874143036171647
10000130  0.020874143036171647
10000131  0.020874143036171647
10000132  0.020874143036171647
10000140  0.020874143036171647
6000020  0.020672455764868078
6000021  0.020672455764868078
6000022  0.020672455764868078
10000196  0.02060651474913109
2200011  0.020541200750444025
2200014  0.020541200750444025
6000017  0.020541200750444025
6000032  0.020541200750444025
6000033  0.020541200750444025
6000034  0.020541200750444025
6000042  0.020541200750444025
7900022  0.02022369785697524
7900023  0.02022369785697524
7900031  0.02010075630518424
7900033  0.02010075630518424
8200033  0.020040120401405057
7900025  0.019920476822239894
7900026  0.019920476822239894
7900027  0.019920476822239894
7900028  0.019920476822239894
3800034  0.019744962591969745
6100032  0.01844277783908294
5600018  0.018303234009578204
2100029  0.018257418583505537
7600028  0.01673654817511446
10901515  0.01663205257599714
1000010  0.01565560727712874
1000011  0.01565560727712874
1000012  0.01565560727712874
1000014  0.01565560727712874
1000015  0.01565560727712874
10700134  0.015626907697949846
7600032  0.01526762041381148
7600043  0.01526762041381148
9100079  0.01526762041381148
5100025  0.015240998561973753
9100078  0.015240998561973753
1400024  0.015214515486254614
7600039  0.015214515486254614
7600040  0.015214515486254614
8200029  0.015214515486254614
8200030  0.015214515486254614
8200025  0.015188169985127124
8200026  0.015188169985127124
10700129  0.015161960871578069
10700130  0.015161960871578069
10700131  0.015161960871578069
2700019  0.015135886972883327
6700056  0.015135886972883327
6700057  0.015135886972883327
6700058  0.015135886972883327
8600041  0.015032920560056576
9300075  0.014932027335788824
9300076  0.014932027335788824
4900036  0.01488233659121359
4900037  0.01488233659121359
9000038  0.014857676530210895
2700013  0.014833138649666159
2700014  0.014833138649666159
2700015  0.014833138649666159
2700016  0.014833138649666159
6700039  0.014833138649666159
6700040  0.014833138649666159
6700041  0.014833138649666159
6700042  0.014833138649666159
7600024  0.014808721943977308
7600025  0.014808721943977308
5100015  0.014760248092334923
5100016  0.014760248092334923
5100017  0.014760248092334923
5100018  0.014760248092334923
7600021  0.014760248092334923
7600022  0.014760248092334923
7600023  0.014760248092334923
7600036  0.014760248092334923
1800016  0.014736188992246296
1800015  0.014712247158412491
1800018  0.014712247158412491
9300072  0.014688421641307724
9300070  0.014664711502135329
7700114  0.01430031389533504
4800033  0.014278431229270644
1800013  0.014128014666017078
1800014  0.014128014666017078
1800019  0.014128014666017078
5600015  0.013900960937138317
5600138  0.013900960937138317
10000156  0.011973686801784993
3300018  0.011736313170325505
3300022  0.011736313170325505
