2900127  0.9558643102645874
2900124  0.9554832577705383
2900123  0.9552075862884521
2900122  0.9542596340179443
2800094  0.9540827870368958
2900057  0.9539858102798462
2900056  0.9536797404289246
2900058  0.9535645246505737
2800093  0.9535597562789917
2900120  0.9533735513687134
2500120  0.9531984925270081
2900121  0.9531307816505432
2500121  0.9527969360351562
2900078  0.952549934387207
3000064  0.9525008201599121
2900059  0.9523172974586487
2700180  0.9517849683761597
2900077  0.9516579508781433
2900076  0.9516285061836243
2500119  0.9515699744224548
2800084  0.9514882564544678
2500102  0.951468288898468
2700175  0.9513108730316162
2700184  0.9512514472007751
2800061  0.9512414932250977
2800062  0.9511568546295166
2800085  0.9511512517929077
2600035  0.9510561227798462
2500105  0.9510520100593567
2700171  0.9510202407836914
2800092  0.9509745240211487
2500118  0.9509481191635132
2800083  0.9509043097496033
2500103  0.9505853652954102
2700167  0.9505598545074463
2800060  0.950433611869812
2500117  0.950388491153717
2500106  0.9502676129341125
2500109  0.9499273300170898
2500084  0.9498757123947144
2500083  0.9497933387756348
2500110  0.9495728015899658
2500107  0.9495720863342285
2500081  0.9490988254547119
2400608  0.9490053057670593
2700163  0.948969841003418
2500108  0.9489473104476929
2400607  0.9489270448684692
2500080  0.9487676620483398
2400637  0.9487507939338684
3000065  0.9486181735992432
2600059  0.9484153985977173
2800081  0.9483484625816345
2400606  0.9482516646385193
2400636  0.9482466578483582
2500082  0.9480462670326233
2400579  0.9480144381523132
2800080  0.9479466080665588
2400635  0.9478123784065247
2400578  0.9476240873336792
3000066  0.9473870396614075
2500079  0.9473667144775391
2600062  0.9466958045959473
2400643  0.9466179013252258
2700137  0.9460485577583313
2700039  0.9452530145645142
2400647  0.9449965953826904
3400256  0.9190647006034851
3400258  0.9181739687919617
3400227  0.9175314903259277
3400125  0.9169142246246338
3400230  0.9155910015106201
3400114  0.9149231314659119
3400124  0.9140370488166809
3400127  0.9140024185180664
3400259  0.9138885140419006
3400126  0.9133118987083435
3400207  0.9131215810775757
3400204  0.9129515886306763
3400205  0.9125716686248779
3400113  0.9123110771179199
3300084  0.9114773869514465
3400179  0.9107551574707031
3300066  0.9107353091239929
3400091  0.910275936126709
3300085  0.9101707935333252
3400180  0.9100868105888367
3400112  0.9100252389907837
3300111  0.9098645448684692
3400111  0.9097683429718018
3400260  0.909360408782959
3300067  0.9091057777404785
3300114  0.9088626503944397
3300086  0.9083662629127502
3400084  0.9069326519966125
3300065  0.9065399169921875
3300145  0.9059537649154663
3400075  0.9051175713539124
3400263  0.9022337198257446
3400262  0.9020309448242188
3000067  0.8803865313529968
3200169  0.8488110899925232
3600058  0.8178929686546326
3600076  0.8161625266075134
3400424  0.8158608078956604
3600059  0.8146459460258484
3600057  0.8137767314910889
3500057  0.8112668395042419
3400264  0.8106776475906372
3500080  0.810251772403717
3500058  0.809022068977356
3500056  0.8084814548492432
3600056  0.8069524765014648
3400420  0.8060553073883057
3500076  0.805090069770813
3500079  0.8043081760406494
3400417  0.8041198253631592
3500059  0.8040044903755188
3600077  0.8039055466651917
3400413  0.8034618496894836
3500077  0.8031015992164612
3400416  0.8027598857879639
3400407  0.8024114370346069
3400405  0.8021717071533203
3400404  0.8021713495254517
3400414  0.8016142845153809
3400268  0.8009602427482605
3400402  0.8009202480316162
2400168  0.8004202842712402
3400410  0.799940824508667
3400409  0.799660325050354
3400408  0.7989974021911621
2400167  0.7982285022735596
3400265  0.7972607016563416
3400412  0.7928379774093628
3600079  0.7922704815864563
2400164  0.7917574644088745
2400124  0.7916514277458191
2400161  0.7914085984230042
3400411  0.7912733554840088
2400118  0.7903625965118408
3600080  0.7902380228042603
2400112  0.7895719408988953
2400115  0.7886249423027039
2400150  0.787419855594635
2400205  0.7867953777313232
2400158  0.7867852449417114
2400154  0.7863426208496094
2400151  0.7856118083000183
2400103  0.7836880087852478
2400155  0.7833840250968933
2400091  0.7826798558235168
2400079  0.7824900150299072
2400152  0.7823306322097778
2400073  0.7819680571556091
2400082  0.7809372544288635
2400088  0.7805958986282349
2400106  0.7798440456390381
2400153  0.7779293060302734
2400076  0.7771856784820557
2400070  0.7771793603897095
2400100  0.7769779562950134
2400085  0.7743531465530396
2400109  0.7741652131080627
2400239  0.7717519998550415
2400097  0.7688815593719482
2400094  0.7670262455940247
2400286  0.7648923397064209
2400577  0.7648705840110779
3200162  0.7436595559120178
3200158  0.7424097657203674
3100077  0.738417387008667
3200159  0.7374508380889893
3200157  0.7311791777610779
3200079  0.7310354709625244
3200081  0.7292881608009338
3200080  0.7290259003639221
3100076  0.7283764481544495
3200092  0.72699373960495
3200129  0.7250040173530579
2400067  0.7247669100761414
3200165  0.7242408394813538
3200082  0.7203233242034912
3200091  0.7189687490463257
3200089  0.7183910608291626
3100056  0.7174074649810791
3000131  0.7161778211593628
3000135  0.7158689498901367
3100057  0.7158082127571106
3100075  0.7154102921485901
3100058  0.715299665927887
3000132  0.7151662111282349
3200090  0.7148604989051819
3000086  0.7134983539581299
3000134  0.7129283547401428
3000085  0.7125777006149292
3000100  0.71245938539505
3000133  0.7103626132011414
3000084  0.7041593194007874
3000138  0.6970537900924683
3200166  0.6962095499038696
3100055  0.695200502872467
3200167  0.6938132643699646
1803791  0.3550271987915039
1803796  0.3550271987915039
1803804  0.3550271987915039
1803807  0.3550271987915039
1803809  0.3550271987915039
1900080  0.3550271987915039
1900104  0.3550271987915039
1900106  0.3550271987915039
1900115  0.3550271987915039
1900128  0.3550271987915039
1900141  0.3550271987915039
1900160  0.3550271987915039
1900179  0.3550271987915039
1900198  0.3550271987915039
1900218  0.3550271987915039
1900237  0.3550271987915039
1900256  0.3550271987915039
1900277  0.3550271987915039
1900285  0.3550271987915039
1900288  0.3550271987915039
1900375  0.3550271987915039
1900807  0.3550271987915039
1900826  0.3550271987915039
1900864  0.3550271987915039
1900866  0.3550271987915039
1900874  0.3550271987915039
1900875  0.3550271987915039
1900882  0.3550271987915039
1900883  0.3550271987915039
1900884  0.3550271987915039
1900890  0.3550271987915039
1900899  0.3550271987915039
1900900  0.3550271987915039
1900901  0.3550271987915039
1900902  0.3550271987915039
1900903  0.3550271987915039
1900910  0.3550271987915039
1900911  0.3550271987915039
1900917  0.3550271987915039
1900919  0.3550271987915039
1900922  0.3550271987915039
1900925  0.3550271987915039
1900931  0.3550271987915039
1901096  0.3550271987915039
1901106  0.3550271987915039
1901109  0.3550271987915039
1901112  0.3550271987915039
1901123  0.3550271987915039
1901132  0.3550271987915039
1901134  0.3550271987915039
1901154  0.3550271987915039
1901155  0.3550271987915039
1901160  0.3550271987915039
1901161  0.3550271987915039
1901162  0.3550271987915039
1901163  0.3550271987915039
1901164  0.3550271987915039
1901165  0.3550271987915039
1901166  0.3550271987915039
1901168  0.3550271987915039
1901169  0.3550271987915039
1901171  0.3550271987915039
1901173  0.3550271987915039
1901174  0.3550271987915039
1901176  0.3550271987915039
1901177  0.3550271987915039
1901178  0.3550271987915039
1901181  0.3550271987915039
1901182  0.3550271987915039
1901184  0.3550271987915039
1901185  0.3550271987915039
1901186  0.3550271987915039
1901190  0.3550271987915039
1901191  0.3550271987915039
1901193  0.3550271987915039
1901194  0.3550271987915039
1901195  0.3550271987915039
1901197  0.3550271987915039
1901202  0.3550271987915039
1901213  0.3550271987915039
1901215  0.3550271987915039
1901216  0.3550271987915039
1901218  0.3550271987915039
1901269  0.3550271987915039
1901270  0.3550271987915039
1901271  0.3550271987915039
1901272  0.3550271987915039
1901273  0.3550271987915039
1901274  0.3550271987915039
1901275  0.3550271987915039
1901292  0.3550271987915039
1901293  0.3550271987915039
1901294  0.3550271987915039
1901295  0.3550271987915039
1901296  0.3550271987915039
1901297  0.3550271987915039
1901299  0.3550271987915039
1901300  0.3550271987915039
1901301  0.3550271987915039
1901302  0.3550271987915039
1901304  0.3550271987915039
1901305  0.3550271987915039
1901306  0.3550271987915039
1901307  0.3550271987915039
1901309  0.3550271987915039
1901310  0.3550271987915039
1901311  0.3550271987915039
1901312  0.3550271987915039
1901314  0.3550271987915039
1901315  0.3550271987915039
1901316  0.3550271987915039
1901317  0.3550271987915039
1901319  0.3550271987915039
1901324  0.3550271987915039
2000029  0.3550271987915039
2001535  0.3550271987915039
2003043  0.3550271987915039
2004074  0.3550271987915039
2005103  0.3550271987915039
2006142  0.3550271987915039
2006150  0.3550271987915039
2006158  0.3550271987915039
2006166  0.3550271987915039
2006174  0.3550271987915039
2103711  0.3550271987915039
2103722  0.3550271987915039
2103747  0.3550271987915039
2103748  0.3550271987915039
2103750  0.3550271987915039
2203754  0.3550271987915039
2203766  0.3550271987915039
2203784  0.3550271987915039
2203785  0.3550271987915039
2203787  0.3550271987915039
2400123  0.3550271987915039
