2900076  0.40027427673339844
3000086  0.39969703555107117
2800081  0.3986092805862427
2800080  0.3964688181877136
3500080  0.39565882086753845
2400151  0.3953946828842163
2400168  0.394957572221756
2500102  0.39432159066200256
3000085  0.39422714710235596
2800085  0.39409300684928894
2800084  0.3930183947086334
3500079  0.39188453555107117
3100075  0.391742467880249
2400150  0.39112967252731323
2400161  0.3910343050956726
3000084  0.390750527381897
3600076  0.3906787931919098
2400164  0.39062392711639404
3500077  0.3904852271080017
3300084  0.39029765129089355
3600080  0.38996484875679016
2400158  0.3891563415527344
3100077  0.3885973393917084
2400647  0.38855424523353577
2400154  0.38837453722953796
2500106  0.38736045360565186
2400205  0.3869161009788513
2400239  0.3868311643600464
2400152  0.38610512018203735
2400124  0.386089950799942
2400070  0.38531047105789185
2900078  0.38507533073425293
2400153  0.38497892022132874
3500076  0.3847349286079407
2500103  0.38417378067970276
3600079  0.3839990794658661
3600077  0.3839258849620819
2500108  0.3836075961589813
2800083  0.3833012282848358
2900077  0.3824883997440338
2400167  0.3824596405029297
3400258  0.38239264488220215
2400106  0.3823147416114807
3200092  0.38099974393844604
3100076  0.3806963264942169
3200090  0.38037416338920593
2500105  0.38012459874153137
2500109  0.38002830743789673
2400155  0.3786778450012207
3200091  0.3783918023109436
2400103  0.37744322419166565
2400094  0.37731707096099854
2400097  0.37718307971954346
3400112  0.3765189051628113
2500107  0.37630924582481384
2800092  0.37618085741996765
2400109  0.3760331869125366
1901169  0.37581273913383484
2500110  0.3755788207054138
2500117  0.375406414270401
2004074  0.3736765682697296
2400100  0.3736758530139923
2400079  0.37360697984695435
3300085  0.3733813166618347
2900127  0.3732593357563019
1900375  0.3729900121688843
1901193  0.37252363562583923
3200129  0.3722268044948578
1901216  0.3721269369125366
3300086  0.3718029260635376
1900864  0.37180083990097046
1901168  0.371368408203125
1901195  0.37130239605903625
2400115  0.37126559019088745
3400411  0.3712228834629059
1901173  0.37110069394111633
2400082  0.3709520399570465
3200089  0.3707527220249176
3400204  0.37069374322891235
2400076  0.37068381905555725
2500118  0.370622456073761
3400410  0.370598167181015
3400230  0.3698994517326355
3400113  0.3694523274898529
2600062  0.3694250285625458
1901182  0.3693077862262726
1901194  0.3692886233329773
1901165  0.3692607879638672
3400404  0.3691372275352478
3400114  0.36835309863090515
1901185  0.36832597851753235
3400265  0.36822739243507385
1901317  0.36812731623649597
1900080  0.36772844195365906
2400123  0.367675244808197
1901191  0.36752137541770935
2400073  0.36750757694244385
3400207  0.36700132489204407
3400179  0.36647310853004456
2400088  0.3660520613193512
3000132  0.3655020594596863
3400227  0.3654150366783142
3400417  0.3654111325740814
1901162  0.36453360319137573
1901314  0.3644830584526062
1901295  0.3640999495983124
1803807  0.3637743890285492
2800094  0.36376169323921204
3400180  0.36366012692451477
1901177  0.36355170607566833
1900874  0.3634876310825348
2400085  0.36344313621520996
1901271  0.36322805285453796
3400405  0.36311227083206177
2006166  0.36303895711898804
3400125  0.36285829544067383
1901163  0.36282235383987427
2400608  0.3627873361110687
3000138  0.3625257611274719
3400111  0.3623795211315155
1901292  0.36223623156547546
2400091  0.36198750138282776
1900917  0.3619724214076996
3400413  0.36194729804992676
1900903  0.3618588149547577
1901166  0.36177003383636475
3400205  0.3616484999656677
1901197  0.3616389036178589
3400408  0.36154401302337646
3200157  0.36153435707092285
2400067  0.36130258440971375
1901106  0.36118343472480774
1901297  0.36117085814476013
2500120  0.3611375391483307
3400263  0.360806941986084
1901160  0.360793799161911
1901272  0.36061179637908936
1901274  0.3605937063694
3300145  0.3605438470840454
3400409  0.3604452908039093
1901171  0.36040252447128296
3000100  0.36040011048316956
1901296  0.36014777421951294
2600059  0.3601205050945282
2400635  0.3601164221763611
1901123  0.35996732115745544
2400118  0.3598407506942749
1901186  0.3597157895565033
3000133  0.3593434989452362
2400606  0.3592993915081024
1900807  0.35925713181495667
3400264  0.35924240946769714
1900931  0.3592199683189392
1901273  0.3591648042201996
2103711  0.35911545157432556
1901181  0.35907474160194397
2400579  0.3588108718395233
1901161  0.3586425185203552
1900882  0.35863426327705383
2103748  0.35855624079704285
2700167  0.3585051894187927
3400262  0.3582344949245453
2900120  0.35813018679618835
3200079  0.3579646944999695
3400402  0.35791581869125366
2500119  0.3576582968235016
3200162  0.35746923089027405
1900866  0.3574138879776001
2001535  0.3573838472366333
2400112  0.35719847679138184
2800061  0.3571516275405884
3400127  0.3571154773235321
2400577  0.35698235034942627
3000134  0.35691672563552856
2500080  0.3567520081996918
2900124  0.35661470890045166
1901174  0.3565453290939331
3200169  0.3565326929092407
2400286  0.35649964213371277
1901109  0.3564898371696472
1901190  0.35631299018859863
2800093  0.35616534948349
2005103  0.3560642600059509
1901178  0.35581356287002563
1900883  0.35578471422195435
2400643  0.35574954748153687
2400607  0.35560184717178345
1901293  0.355538934469223
1901213  0.3554289937019348
1901275  0.35536232590675354
2500121  0.35534992814064026
2500079  0.35520249605178833
1901324  0.35504934191703796
3400126  0.35489723086357117
1901164  0.3548380434513092
3300114  0.3547881543636322
1901184  0.35469579696655273
1901154  0.3546209931373596
2500081  0.35460740327835083
2006174  0.3543822467327118
1901304  0.35437464714050293
1900826  0.35432153940200806
3400124  0.3540409207344055
3400420  0.3539217412471771
1803791  0.35391831398010254
3200080  0.3539044260978699
1901176  0.353738933801651
3400256  0.35371074080467224
1900218  0.3533986508846283
3600057  0.35300883650779724
3400412  0.35296425223350525
3400260  0.35290664434432983
3400084  0.35288992524147034
3400414  0.3528759479522705
1900890  0.35280558466911316
3000135  0.3527742624282837
1900902  0.3527059853076935
2400636  0.35266855359077454
1900884  0.3526563346385956
2900123  0.35263732075691223
1901134  0.3521208167076111
1901316  0.35191047191619873
2003043  0.3519026041030884
1900910  0.3517666757106781
1901301  0.3516956567764282
1900922  0.35155391693115234
2103722  0.35146695375442505
1901306  0.3514133095741272
1901307  0.35126441717147827
3600058  0.3512299954891205
1901215  0.3512285351753235
2203766  0.3511335551738739
2103747  0.3510430157184601
3400268  0.35083600878715515
1900128  0.35077327489852905
3200165  0.35075893998146057
1901299  0.35062268376350403
2203787  0.3505610525608063
2700175  0.3504081964492798
1900198  0.3503839373588562
3100058  0.35011452436447144
1901294  0.35010895133018494
1901300  0.3500412404537201
3400424  0.35001665353775024
1901096  0.34981048107147217
2203785  0.3498084545135498
1900115  0.3496243953704834
1900141  0.34955841302871704
1901112  0.3495320975780487
3400259  0.3494662642478943
2006158  0.34944817423820496
1901270  0.3493265211582184
1901311  0.34925633668899536
3000067  0.34903326630592346
1900919  0.3488234281539917
2500083  0.34878626465797424
3500057  0.34876692295074463
1901302  0.3484714925289154
1901202  0.34842535853385925
1803804  0.34827715158462524
1900285  0.34821778535842896
3400416  0.3482005000114441
2400578  0.34794601798057556
3200167  0.34784549474716187
2000029  0.3477347791194916
3200158  0.347677081823349
1900900  0.3474845588207245
2006142  0.3471531867980957
1900925  0.34704092144966125
3100055  0.34674903750419617
2600035  0.34674781560897827
1901132  0.34674036502838135
1803796  0.34669679403305054
2103750  0.3466207683086395
3100057  0.34660604596138
2500084  0.3465498089790344
1901312  0.3465019166469574
3600059  0.3463183045387268
1901155  0.3461858034133911
3200166  0.34609758853912354
1900106  0.34606438875198364
2203784  0.3460429310798645
1901309  0.34598508477211
3300111  0.345885694026947
1901315  0.34585991501808167
3400407  0.34582722187042236
2800062  0.3457179367542267
3000131  0.3455372452735901
3200081  0.3454439342021942
1901310  0.3452857434749603
1900160  0.34521010518074036
2400637  0.3452034294605255
2900058  0.34501904249191284
1901218  0.34450826048851013
1900911  0.3443866968154907
1900875  0.34414786100387573
1901269  0.34380027651786804
1900899  0.3437069058418274
2700163  0.3434974253177643
2006150  0.34343546628952026
1900179  0.3432095944881439
3200159  0.34297022223472595
2700171  0.3428301513195038
3100056  0.34265968203544617
1900901  0.34258952736854553
1901305  0.3424801528453827
2500082  0.34233903884887695
1901319  0.34223806858062744
3400091  0.34223291277885437
2203754  0.342163622379303
1900256  0.3417726159095764
3600056  0.34171953797340393
1803809  0.34165963530540466
2700137  0.341314435005188
1900237  0.34071084856987
3500058  0.3404976725578308
3000064  0.3402724862098694
3300066  0.33917346596717834
2700039  0.33892324566841125
3000065  0.338664710521698
2900057  0.33805230259895325
3500059  0.33801713585853577
2900056  0.3375700116157532
2700184  0.33752626180648804
3400075  0.3372805416584015
3300065  0.33637768030166626
2700180  0.3357295095920563
2900121  0.3345739245414734
2900059  0.3344208598136902
1900277  0.33293384313583374
2900122  0.3322084844112396
1900104  0.3315950632095337
3000066  0.3312162756919861
3200082  0.3300018012523651
3300067  0.3297021985054016
3500056  0.32768920063972473
2800060  0.3271888494491577
1900288  0.3222047984600067
