2400150  1.0
2400151  1.0
2400152  1.0
2400153  1.0
2400154  1.0
2400155  1.0
2400158  1.0
2400161  1.0
2400164  1.0
2400167  1.0
2400168  1.0
3500076  1.0
3500077  1.0
3500079  1.0
3500080  1.0
3600076  1.0
3600077  1.0
3600079  1.0
3600080  1.0
2900076  0.9901475429766743
2900077  0.9901475429766743
2900078  0.9901475429766743
3100075  0.9901475429766743
3100076  0.9901475429766743
3100077  0.9901475429766743
2500102  0.9805806756909201
2500103  0.9805806756909201
2500105  0.9805806756909201
2500106  0.9805806756909201
2500107  0.9805806756909201
2500108  0.9805806756909201
2500109  0.9805806756909201
2500110  0.9805806756909201
2800080  0.9805806756909201
2800081  0.9805806756909201
2800083  0.9805806756909201
2800084  0.9805806756909201
2800085  0.9805806756909201
3000084  0.9797958971132713
3000085  0.9797958971132713
3000086  0.9797958971132713
2400067  0.9365858115816941
2400070  0.9365858115816941
2400073  0.9365858115816941
2400076  0.9365858115816941
2400079  0.9365858115816941
2400082  0.9365858115816941
2400085  0.9365858115816941
2400088  0.9365858115816941
2400091  0.9365858115816941
2400094  0.9365858115816941
2400097  0.9365858115816941
2400100  0.9365858115816941
2400103  0.9365858115816941
2400106  0.9365858115816941
2400109  0.9365858115816941
2400112  0.9365858115816941
2400115  0.9365858115816941
2400118  0.9365858115816941
2400123  0.9365858115816941
2400124  0.9365858115816941
3200089  0.9365858115816941
3200090  0.9365858115816941
3200091  0.9365858115816941
3200092  0.9365858115816941
3300084  0.9365858115816941
3300085  0.9365858115816941
3300086  0.9365858115816941
3400111  0.9365858115816941
3400112  0.9365858115816941
3400113  0.9365858115816941
3400114  0.9365858115816941
1900080  0.9053574604251853
2000029  0.9053574604251853
2001535  0.9053574604251853
2003043  0.9053574604251853
2004074  0.9053574604251853
2005103  0.9053574604251853
1900375  0.8991223791184263
1901096  0.8991223791184263
1901106  0.8837516331823904
1901109  0.8837516331823904
1901112  0.8837516331823904
1901123  0.8837516331823904
1901132  0.8837516331823904
1901134  0.8837516331823904
1901154  0.8837516331823904
1901269  0.8771855821059449
1901270  0.8771855821059449
1901271  0.8771855821059449
1901272  0.8771855821059449
1901273  0.8771855821059449
1901274  0.8771855821059449
1901275  0.8771855821059449
1803791  0.8616589466551585
1803796  0.8616589466551585
1803804  0.8616589466551585
1803807  0.8616589466551585
1803809  0.8616589466551585
1901202  0.8616589466551585
1901213  0.8616589466551585
1901215  0.8616589466551585
1901216  0.8616589466551585
1901218  0.8616589466551585
1901292  0.8616589466551585
1901293  0.8616589466551585
1901294  0.8616589466551585
1901295  0.8616589466551585
1901296  0.8616589466551585
1901297  0.8616589466551585
1901299  0.8616589466551585
1901300  0.8616589466551585
1901301  0.8616589466551585
1901302  0.8616589466551585
1901304  0.8616589466551585
1901305  0.8616589466551585
1901306  0.8616589466551585
1901307  0.8616589466551585
1901309  0.8616589466551585
1901310  0.8616589466551585
1901311  0.8616589466551585
1901312  0.8616589466551585
1901314  0.8616589466551585
1901315  0.8616589466551585
1901316  0.8616589466551585
1901317  0.8616589466551585
1901319  0.8616589466551585
1901324  0.8616589466551585
2006174  0.8616589466551585
2400239  0.8602325267042626
1901155  0.8390470785361213
3400179  0.8378850052670009
2400205  0.8366600265340755
1900104  0.8219949365267865
1900106  0.8219949365267865
1900115  0.8219949365267865
1900128  0.8219949365267865
1900141  0.8219949365267865
1900160  0.8219949365267865
1900179  0.8219949365267865
1900198  0.8219949365267865
1900218  0.8219949365267865
1900237  0.8219949365267865
1900256  0.8219949365267865
1900277  0.8219949365267865
1900285  0.8219949365267865
1900288  0.8219949365267865
3200129  0.812403840463596
2500079  0.8111071056538127
2500080  0.8111071056538127
2500081  0.8111071056538127
2500082  0.8111071056538127
2500083  0.8111071056538127
2500084  0.8111071056538127
2600035  0.8111071056538127
2700039  0.8111071056538127
2800060  0.8111071056538127
2800061  0.8111071056538127
2800062  0.8111071056538127
2900056  0.8111071056538127
2900057  0.8111071056538127
2900058  0.8111071056538127
2900059  0.8111071056538127
3000064  0.8111071056538127
3000065  0.8111071056538127
3000066  0.8111071056538127
3000067  0.8111071056538127
3100055  0.8111071056538127
3100056  0.8111071056538127
3100057  0.8111071056538127
3100058  0.8111071056538127
3400075  0.8111071056538127
3400084  0.8111071056538127
3400091  0.8111071056538127
3500056  0.8111071056538127
3500057  0.8111071056538127
3500058  0.8111071056538127
3500059  0.8111071056538127
3600056  0.8111071056538127
3600057  0.8111071056538127
3600058  0.8111071056538127
3600059  0.8111071056538127
1901160  0.7761140001162655
1901161  0.7761140001162655
1901162  0.7761140001162655
1901163  0.7761140001162655
1901164  0.7761140001162655
1901165  0.7761140001162655
1901166  0.7761140001162655
1901168  0.7761140001162655
1901169  0.7761140001162655
1901171  0.7761140001162655
1901173  0.7761140001162655
1901174  0.7761140001162655
1901176  0.7761140001162655
1901177  0.7761140001162655
1901178  0.7761140001162655
1901181  0.7761140001162655
1901182  0.7761140001162655
1901184  0.7761140001162655
1901185  0.7761140001162655
1901186  0.7761140001162655
1901190  0.7761140001162655
1901191  0.7761140001162655
1901193  0.7761140001162655
1901194  0.7761140001162655
1901195  0.7761140001162655
1901197  0.7761140001162655
1900826  0.7167829363048327
1900882  0.7167829363048327
1900883  0.7167829363048327
1900884  0.7167829363048327
1900890  0.7167829363048327
1900899  0.7167829363048327
1900900  0.7167829363048327
1900901  0.7167829363048327
1900902  0.7167829363048327
1900903  0.7167829363048327
1900910  0.7167829363048327
1900911  0.7167829363048327
1900917  0.7167829363048327
1900919  0.7167829363048327
1900925  0.7167829363048327
1900931  0.7167829363048327
2006142  0.7167829363048327
2006150  0.7167829363048327
2006158  0.7167829363048327
2006166  0.7167829363048327
2103711  0.7167829363048327
2103722  0.7167829363048327
2103747  0.7167829363048327
2103748  0.7167829363048327
2103750  0.7167829363048327
2203754  0.7167829363048327
2203766  0.7167829363048327
2203784  0.7167829363048327
2203785  0.7167829363048327
2203787  0.7167829363048327
1900922  0.6599663291074443
1900807  0.6509867769653879
2500117  0.6196773353931867
2500118  0.6196773353931867
2500119  0.6196773353931867
2500120  0.6196773353931867
2500121  0.6196773353931867
2800092  0.6196773353931867
2800093  0.6196773353931867
2800094  0.6196773353931867
1900864  0.610170215847752
1900866  0.610170215847752
1900874  0.610170215847752
1900875  0.610170215847752
2400286  0.6
3000100  0.6
3300111  0.6
2600059  0.5303300858899106
2600062  0.5303300858899106
3400227  0.4913538149119954
3400230  0.4913538149119954
2400643  0.48989794855663565
3400180  0.48989794855663565
3400204  0.46291004988627577
3400205  0.46291004988627577
3400207  0.46291004988627577
3400256  0.46291004988627577
3400258  0.46291004988627577
3400259  0.46291004988627577
3400260  0.46291004988627577
3400262  0.46291004988627577
3400263  0.46291004988627577
3400264  0.46291004988627577
3400265  0.46291004988627577
3400268  0.46291004988627577
3400402  0.46291004988627577
3400404  0.46291004988627577
3400405  0.46291004988627577
3400407  0.46291004988627577
3400408  0.46291004988627577
3400409  0.46291004988627577
3400410  0.46291004988627577
3400411  0.46291004988627577
3400412  0.46291004988627577
3400413  0.46291004988627577
3400414  0.46291004988627577
3400416  0.46291004988627577
3400417  0.46291004988627577
3400424  0.46291004988627577
2400647  0.4472135954999579
2700163  0.44174102722651326
2700167  0.44174102722651326
2700171  0.44174102722651326
2700175  0.44174102722651326
2700180  0.44174102722651326
2700184  0.44174102722651326
3200079  0.44172610429938614
3200080  0.44172610429938614
3200081  0.44172610429938614
3200082  0.44172610429938614
2900120  0.41851106932973126
2900121  0.41851106932973126
2900122  0.41851106932973126
2900123  0.41851106932973126
2900124  0.41851106932973126
2900127  0.41851106932973126
3200157  0.41851106932973126
3200158  0.41851106932973126
3200159  0.41851106932973126
3200162  0.41851106932973126
3200165  0.41851106932973126
3200166  0.41851106932973126
3200167  0.41851106932973126
3200169  0.41851106932973126
2700137  0.4063777271736938
3300114  0.4
3300065  0.3719924439802217
3300066  0.3719924439802217
3300067  0.3719924439802217
2400606  0.3464101615137754
2400607  0.282842712474619
2400608  0.282842712474619
3400124  0.282842712474619
3400125  0.282842712474619
3400126  0.282842712474619
3400127  0.282842712474619
3400420  0.282842712474619
3000131  0.23094010767585027
3000132  0.23094010767585027
3000133  0.23094010767585027
3000134  0.23094010767585027
3000135  0.23094010767585027
3000138  0.23094010767585027
3300145  0.23094010767585027
2400577  0.2
2400578  0.2
2400579  0.2
2400635  0.2
2400636  0.2
2400637  0.2
