1300302  1.0
1301256  1.0
1301266  1.0
1301269  1.0
1301272  1.0
1301283  1.0
1301292  1.0
1301294  1.0
1301314  1.0
1301315  1.0
1301362  1.0
1301373  1.0
1301375  1.0
1301376  1.0
1301378  1.0
1301429  1.0
1301430  1.0
1301431  1.0
1301432  1.0
1301433  1.0
1301434  1.0
1301435  1.0
1301452  1.0
1301453  1.0
1301454  1.0
1301455  1.0
1301456  1.0
1301457  1.0
1301459  1.0
1301460  1.0
1301461  1.0
1301462  1.0
1301464  1.0
1301465  1.0
1301466  1.0
1301467  1.0
1301469  1.0
1301470  1.0
1301471  1.0
1301472  1.0
1301474  1.0
1301475  1.0
1301476  1.0
1301477  1.0
1301479  1.0
1301484  1.0
1302973  1.0
1302977  1.0
1302978  1.0
1302979  1.0
1302980  1.0
1302982  1.0
1302990  1.0
1302991  1.0
1302994  1.0
1302997  1.0
2500058  1.0
2500061  1.0
2500064  1.0
2500066  1.0
2500068  1.0
2500098  1.0
2500099  1.0
2500100  1.0
2500102  1.0
2500103  1.0
2500105  1.0
2500116  1.0
2500119  1.0
2500122  1.0
2500129  1.0
2500132  1.0
2500133  1.0
2500157  1.0
2500158  1.0
2500162  1.0
2500251  1.0
2500252  1.0
2500256  1.0
2500257  1.0
2500260  1.0
2500264  1.0
2500265  1.0
2500267  1.0
2500268  1.0
2500269  1.0
2500270  1.0
2500273  1.0
2500274  1.0
2500275  1.0
2500319  1.0
2500322  1.0
2500323  1.0
2500324  1.0
2500327  1.0
2500355  1.0
2500364  1.0
2500388  1.0
2500417  1.0
2500418  1.0
2500419  1.0
2500421  1.0
2500428  1.0
2500488  1.0
2500489  1.0
2500493  1.0
2500579  1.0
2500583  1.0
2500746  1.0
2500747  1.0
2500750  1.0
2501127  1.0
2501179  1.0
1100085  0.9878048780487805
1102334  0.9838709677419355
1102337  0.9836065573770492
1303410  0.975609756097561
1300080  0.9459459459459459
1300085  0.9459459459459459
1300090  0.9459459459459459
1300095  0.9459459459459459
1300098  0.9459459459459459
1300101  0.9459459459459459
1300110  0.9459459459459459
1300130  0.9459459459459459
1300143  0.9459459459459459
1300153  0.9459459459459459
1300156  0.9459459459459459
1300159  0.9459459459459459
1300162  0.9459459459459459
1300165  0.9459459459459459
1300168  0.9459459459459459
1300171  0.9459459459459459
1300192  0.9459459459459459
1300200  0.9459459459459459
1300203  0.9459459459459459
1300233  0.9459459459459459
1300234  0.9459459459459459
1300235  0.9459459459459459
1300238  0.9459459459459459
1300239  0.9459459459459459
1300242  0.9459459459459459
1300243  0.9459459459459459
1300244  0.9459459459459459
1300245  0.9459459459459459
1300247  0.9459459459459459
1300249  0.9459459459459459
1300250  0.9459459459459459
1300251  0.9459459459459459
1300256  0.9459459459459459
1300257  0.9459459459459459
1300258  0.9459459459459459
1300259  0.9459459459459459
1300263  0.9459459459459459
1300264  0.9459459459459459
1300265  0.9459459459459459
1300269  0.9459459459459459
1300270  0.9459459459459459
1301012  0.9459459459459459
1301013  0.9459459459459459
1301014  0.9459459459459459
1301015  0.9459459459459459
1301016  0.9459459459459459
1301017  0.9459459459459459
1301019  0.9459459459459459
1301020  0.9459459459459459
1301021  0.9459459459459459
1301022  0.9459459459459459
1301024  0.9459459459459459
1301025  0.9459459459459459
1301027  0.9459459459459459
1301028  0.9459459459459459
1301029  0.9459459459459459
1301032  0.9459459459459459
1301033  0.9459459459459459
1301034  0.9459459459459459
1301037  0.9459459459459459
1301046  0.9459459459459459
1301047  0.9459459459459459
1301048  0.9459459459459459
1301049  0.9459459459459459
1301050  0.9459459459459459
1301055  0.9459459459459459
1301062  0.9459459459459459
1301063  0.9459459459459459
1301065  0.9459459459459459
1301066  0.9459459459459459
1301067  0.9459459459459459
1301068  0.9459459459459459
1301069  0.9459459459459459
1301070  0.9459459459459459
1301071  0.9459459459459459
1301072  0.9459459459459459
1301074  0.9459459459459459
1301082  0.9459459459459459
1301083  0.9459459459459459
1301086  0.9459459459459459
1301087  0.9459459459459459
1301095  0.9459459459459459
1301096  0.9459459459459459
1301098  0.9459459459459459
1301099  0.9459459459459459
1301120  0.9459459459459459
1301121  0.9459459459459459
1301123  0.9459459459459459
1301128  0.9459459459459459
1301129  0.9459459459459459
1301131  0.9459459459459459
1301132  0.9459459459459459
1301136  0.9459459459459459
1301138  0.9459459459459459
1301140  0.9459459459459459
1301143  0.9459459459459459
1301145  0.9459459459459459
1301147  0.9459459459459459
1301155  0.9459459459459459
1301156  0.9459459459459459
1301157  0.9459459459459459
1301160  0.9459459459459459
1301161  0.9459459459459459
1301162  0.9459459459459459
1301164  0.9459459459459459
1301165  0.9459459459459459
1301168  0.9459459459459459
1301169  0.9459459459459459
1301171  0.9459459459459459
1301172  0.9459459459459459
1301173  0.9459459459459459
1301174  0.9459459459459459
1301175  0.9459459459459459
1301176  0.9459459459459459
1301179  0.9459459459459459
1301180  0.9459459459459459
1301181  0.9459459459459459
1301183  0.9459459459459459
1301184  0.9459459459459459
1301185  0.9459459459459459
1301186  0.9459459459459459
1301187  0.9459459459459459
1301188  0.9459459459459459
1301191  0.9459459459459459
1301192  0.9459459459459459
1301193  0.9459459459459459
1301195  0.9459459459459459
1301196  0.9459459459459459
1301197  0.9459459459459459
1301198  0.9459459459459459
1301199  0.9459459459459459
1301200  0.9459459459459459
1301201  0.9459459459459459
1301210  0.9459459459459459
1301211  0.9459459459459459
1301212  0.9459459459459459
1301221  0.9459459459459459
1301222  0.9459459459459459
1301224  0.9459459459459459
1301226  0.9459459459459459
1301227  0.9459459459459459
1301228  0.9459459459459459
1301229  0.9459459459459459
1301232  0.9459459459459459
1301233  0.9459459459459459
1301235  0.9459459459459459
1301238  0.9459459459459459
1301239  0.9459459459459459
1301240  0.9459459459459459
1301242  0.9459459459459459
1301245  0.9459459459459459
1301743  0.9459459459459459
1301744  0.9459459459459459
1301745  0.9459459459459459
1301746  0.9459459459459459
1301748  0.9459459459459459
1301751  0.9459459459459459
1301752  0.9459459459459459
1301753  0.9459459459459459
1301754  0.9459459459459459
1301755  0.9459459459459459
1301756  0.9459459459459459
1301757  0.9459459459459459
1301758  0.9459459459459459
1301761  0.9459459459459459
1301767  0.9459459459459459
1301768  0.9459459459459459
1301770  0.9459459459459459
1301771  0.9459459459459459
1301772  0.9459459459459459
1301773  0.9459459459459459
1301774  0.9459459459459459
1301775  0.9459459459459459
1301776  0.9459459459459459
1301779  0.9459459459459459
1301780  0.9459459459459459
1301781  0.9459459459459459
1301783  0.9459459459459459
1301793  0.9459459459459459
1301794  0.9459459459459459
1301795  0.9459459459459459
1301796  0.9459459459459459
1301797  0.9459459459459459
1301798  0.9459459459459459
1301800  0.9459459459459459
1301801  0.9459459459459459
1301802  0.9459459459459459
1301804  0.9459459459459459
1301805  0.9459459459459459
1301808  0.9459459459459459
1301809  0.9459459459459459
1301811  0.9459459459459459
1301812  0.9459459459459459
1301813  0.9459459459459459
1301816  0.9459459459459459
1301817  0.9459459459459459
1301820  0.9459459459459459
1301821  0.9459459459459459
1301822  0.9459459459459459
1301825  0.9459459459459459
1301836  0.9459459459459459
1301837  0.9459459459459459
1301838  0.9459459459459459
1301839  0.9459459459459459
1301840  0.9459459459459459
1301841  0.9459459459459459
1301843  0.9459459459459459
1301844  0.9459459459459459
1301845  0.9459459459459459
1301847  0.9459459459459459
1301848  0.9459459459459459
1301851  0.9459459459459459
1301852  0.9459459459459459
1301854  0.9459459459459459
1301855  0.9459459459459459
1301856  0.9459459459459459
1301859  0.9459459459459459
1301860  0.9459459459459459
1301863  0.9459459459459459
1301864  0.9459459459459459
1301865  0.9459459459459459
1301868  0.9459459459459459
1301874  0.9459459459459459
1301877  0.9459459459459459
1301878  0.9459459459459459
1301880  0.9459459459459459
1301881  0.9459459459459459
1301882  0.9459459459459459
1301884  0.9459459459459459
1301885  0.9459459459459459
1301886  0.9459459459459459
1301890  0.9459459459459459
1301891  0.9459459459459459
1301892  0.9459459459459459
1301893  0.9459459459459459
1301894  0.9459459459459459
1301895  0.9459459459459459
1301897  0.9459459459459459
1301899  0.9459459459459459
1301900  0.9459459459459459
1301901  0.9459459459459459
1301902  0.9459459459459459
1301905  0.9459459459459459
1301906  0.9459459459459459
1301907  0.9459459459459459
1301910  0.9459459459459459
1301911  0.9459459459459459
1301912  0.9459459459459459
1301913  0.9459459459459459
1301914  0.9459459459459459
1301915  0.9459459459459459
1301916  0.9459459459459459
1301918  0.9459459459459459
1301919  0.9459459459459459
1301920  0.9459459459459459
1301921  0.9459459459459459
1301922  0.9459459459459459
1301923  0.9459459459459459
1301924  0.9459459459459459
1301925  0.9459459459459459
1301928  0.9459459459459459
1301929  0.9459459459459459
1301930  0.9459459459459459
1301931  0.9459459459459459
1301932  0.9459459459459459
1301935  0.9459459459459459
1301936  0.9459459459459459
1301937  0.9459459459459459
1301938  0.9459459459459459
1301939  0.9459459459459459
1301940  0.9459459459459459
1301941  0.9459459459459459
1301946  0.9459459459459459
1301947  0.9459459459459459
1301948  0.9459459459459459
1301949  0.9459459459459459
1301951  0.9459459459459459
1301952  0.9459459459459459
1301954  0.9459459459459459
1301956  0.9459459459459459
1301957  0.9459459459459459
1301959  0.9459459459459459
1301961  0.9459459459459459
1301962  0.9459459459459459
1301965  0.9459459459459459
