2100032  1.0
2100227  1.0
2100228  1.0
8200217  1.0
8200218  1.0
8200219  1.0
8200221  1.0
8200212  0.9215686274509804
8200213  0.9215686274509804
8200214  0.9215686274509804
8200215  0.9215686274509804
8200216  0.9215686274509804
8200245  0.9215686274509804
8200248  0.9210526315789473
8200249  0.9210526315789473
8200250  0.9205298013245033
8200251  0.9205298013245033
8200207  0.9155844155844156
8200208  0.9155844155844156
8200202  0.9096774193548387
8200199  0.9038461538461539
8200196  0.8980891719745223
8200190  0.8924050632911392
8200191  0.8924050632911392
8200192  0.8924050632911392
8200193  0.8924050632911392
8200335  0.89171974522293
8200323  0.8695652173913043
8200311  0.8641975308641976
8200176  0.8169014084507042
8200175  0.7792207792207793
8000286  0.7
6800136  0.5454545454545454
6800140  0.5454545454545454
4800038  0.31701631701631705
4800155  0.31701631701631705
4800146  0.31554524361948955
4800147  0.31554524361948955
4800149  0.31554524361948955
4800152  0.31554524361948955
8300484  0.26086956521739135
4200818  0.23089700996677742
1600192  0.2306425041186162
4200804  0.23051409618573793
1600183  0.22988505747126442
1600184  0.22988505747126442
1600185  0.22988505747126442
1600186  0.22988505747126442
1600187  0.22988505747126442
1600213  0.22975206611570242
1600199  0.22937293729372932
1600200  0.22937293729372932
1600201  0.22937293729372932
1600202  0.22937293729372932
1600207  0.22937293729372932
4200758  0.228995057660626
4200772  0.228995057660626
3700105  0.21772939346811815
4800153  0.19191919191919193
8000282  0.17961783439490442
8000284  0.17961783439490442
8000292  0.1681818181818182
8300480  0.11299435028248583
8300482  0.11299435028248583
3700054  0.08935361216730042
3700055  0.08935361216730042
4500340  0.08524590163934431
4500345  0.08469055374592838
5700171  0.07830783078307835
8000298  0.07366482504604055
6300116  0.062123039806996405
8000294  0.058939096267190516
1100285  0.05622489959839361
6500166  0.050086355785837644
6600131  0.04937570942111236
1100287  0.0488904299583911
5700221  0.048802946593001884
4400378  0.04778156996587035
8300492  0.0462633451957295
2800133  0.0437086092715232
1100284  0.043424699722821036
6600129  0.043402170108505445
2800063  0.043106083766432324
2800065  0.043106083766432324
2800066  0.043106083766432324
2800067  0.043106083766432324
2800068  0.043106083766432324
2800122  0.043106083766432324
2800123  0.043106083766432324
2800169  0.043106083766432324
2800171  0.043106083766432324
2800173  0.043106083766432324
2800175  0.043106083766432324
2800177  0.043106083766432324
2800180  0.043106083766432324
4900042  0.043106083766432324
4900048  0.043106083766432324
4900049  0.043106083766432324
4900053  0.043106083766432324
4900094  0.043106083766432324
4900098  0.043106083766432324
5700081  0.043027158986878256
4300146  0.04225352112676062
4300143  0.042165071770334905
5700045  0.04215246636771297
5700068  0.04200178731009829
5700071  0.04200178731009829
5700072  0.04200178731009829
5700100  0.04200178731009829
5700111  0.04200178731009829
5700115  0.04200178731009829
5700116  0.04200178731009829
5700117  0.04200178731009829
5700118  0.04200178731009829
5700119  0.04200178731009829
5700122  0.04200178731009829
5700126  0.04200178731009829
5700127  0.04200178731009829
5700128  0.04200178731009829
5700129  0.04200178731009829
5700135  0.04200178731009829
5700137  0.04200178731009829
5700138  0.04200178731009829
5700148  0.04200178731009829
5700149  0.04200178731009829
5700191  0.04200178731009829
5700192  0.04200178731009829
5700194  0.04200178731009829
5700225  0.04200178731009829
5700229  0.04200178731009829
5700237  0.04200178731009829
4300699  0.04183976261127598
5800042  0.04183976261127598
5800045  0.04183976261127598
5800053  0.04183976261127598
5800054  0.04183976261127598
5800056  0.04183976261127598
5800057  0.04183976261127598
5800058  0.04183976261127598
5800059  0.04183976261127598
5800061  0.04183976261127598
5800062  0.04183976261127598
5800064  0.04183976261127598
5800066  0.04183976261127598
5800067  0.04183976261127598
5800069  0.04183976261127598
5800075  0.04183976261127598
5800076  0.04183976261127598
6800128  0.04176411627129972
6800132  0.04176411627129972
2900321  0.04155614500442084
2900372  0.04155614500442084
1300148  0.04132473622508792
1300134  0.04131262818634629
1300135  0.04131262818634629
1300136  0.04131262818634629
1300137  0.04131262818634629
1300138  0.04131262818634629
1300139  0.04131262818634629
1300142  0.04131262818634629
1300143  0.04131262818634629
1300144  0.04131262818634629
1300149  0.04131262818634629
1300154  0.04131262818634629
1300155  0.04131262818634629
1300158  0.04131262818634629
1300160  0.04131262818634629
1300162  0.04131262818634629
2100092  0.041264266900790214
2900156  0.041264266900790214
2900160  0.041264266900790214
2900164  0.041264266900790214
2900168  0.041264266900790214
2900172  0.041264266900790214
2900176  0.041264266900790214
2900180  0.041264266900790214
2900184  0.041264266900790214
2900188  0.041264266900790214
2900192  0.041264266900790214
2900196  0.041264266900790214
2900200  0.041264266900790214
2900204  0.041264266900790214
2900208  0.041264266900790214
2900212  0.041264266900790214
2900216  0.041264266900790214
2900220  0.041264266900790214
2900224  0.041264266900790214
2900228  0.041264266900790214
2900232  0.041264266900790214
2900236  0.041264266900790214
2900240  0.041264266900790214
2900244  0.041264266900790214
2900248  0.041264266900790214
2900252  0.041264266900790214
2900256  0.041264266900790214
2900260  0.041264266900790214
2900264  0.041264266900790214
2900272  0.041264266900790214
2900276  0.041264266900790214
2900280  0.041264266900790214
2900284  0.041264266900790214
2900292  0.041264266900790214
7200445  0.041264266900790214
7200446  0.041264266900790214
7200448  0.041264266900790214
7200449  0.041264266900790214
7200451  0.041264266900790214
7200452  0.041264266900790214
7200454  0.041264266900790214
7200455  0.041264266900790214
7200457  0.041264266900790214
7200458  0.041264266900790214
7200460  0.041264266900790214
7200461  0.041264266900790214
7200463  0.041264266900790214
7200464  0.041264266900790214
7200466  0.041264266900790214
7200467  0.041264266900790214
7200469  0.041264266900790214
7200470  0.041264266900790214
7200472  0.041264266900790214
7200473  0.041264266900790214
7200475  0.041264266900790214
7200476  0.041264266900790214
7200478  0.041264266900790214
7200485  0.041264266900790214
7200486  0.041264266900790214
7200488  0.041264266900790214
7200489  0.041264266900790214
7200491  0.041264266900790214
7200492  0.041264266900790214
7200494  0.041264266900790214
7200495  0.041264266900790214
7200497  0.041264266900790214
7200498  0.041264266900790214
7200500  0.041264266900790214
7200501  0.041264266900790214
7200503  0.041264266900790214
7200504  0.041264266900790214
7200506  0.041264266900790214
7200507  0.041264266900790214
7200509  0.041264266900790214
7200510  0.041264266900790214
7200512  0.041264266900790214
7200513  0.041264266900790214
7200515  0.041264266900790214
7200516  0.041264266900790214
7200518  0.041264266900790214
7200519  0.041264266900790214
7200521  0.041264266900790214
7200522  0.041264266900790214
7200524  0.041264266900790214
7200525  0.041264266900790214
7200527  0.041264266900790214
7200528  0.041264266900790214
7200530  0.041264266900790214
7200531  0.041264266900790214
7200533  0.041264266900790214
7200534  0.041264266900790214
7200536  0.041264266900790214
7200537  0.041264266900790214
7200539  0.041264266900790214
7200540  0.041264266900790214
7200542  0.041264266900790214
7200543  0.041264266900790214
7200545  0.041264266900790214
7200546  0.041264266900790214
7200548  0.041264266900790214
7200549  0.041264266900790214
7200551  0.041264266900790214
7200552  0.041264266900790214
7200555  0.041264266900790214
7200558  0.041264266900790214
7200562  0.041264266900790214
2100053  0.04125219426565241
2900268  0.04125219426565241
1600660  0.041228070175438614
2900099  0.041228070175438614
2900100  0.041228070175438614
2900101  0.041228070175438614
2900102  0.041228070175438614
2900103  0.041228070175438614
2900288  0.041228070175438614
2900308  0.041228070175438614
2900319  0.041228070175438614
2900320  0.041228070175438614
2900323  0.041228070175438614
2900327  0.041228070175438614
2900328  0.041228070175438614
2900329  0.041228070175438614
2900330  0.041228070175438614
2900331  0.041228070175438614
2900332  0.041228070175438614
2900333  0.041228070175438614
2900334  0.041228070175438614
2900335  0.041228070175438614
2900336  0.041228070175438614
2900337  0.041228070175438614
2900338  0.041228070175438614
2900343  0.041228070175438614
2900344  0.041228070175438614
2900345  0.041228070175438614
2900346  0.041228070175438614
2900347  0.041228070175438614
2900348  0.041228070175438614
2900349  0.041228070175438614
2900350  0.041228070175438614
2900351  0.041228070175438614
2900352  0.041228070175438614
2900353  0.041228070175438614
2900354  0.041228070175438614
2900355  0.041228070175438614
2900356  0.041228070175438614
2900357  0.041228070175438614
2900358  0.041228070175438614
2900359  0.041228070175438614
2900360  0.041228070175438614
2900361  0.041228070175438614
2900362  0.041228070175438614
2900363  0.041228070175438614
2900364  0.041228070175438614
2900365  0.041228070175438614
2900369  0.041228070175438614
2900370  0.041228070175438614
2900385  0.041228070175438614
2900386  0.041228070175438614
4000043  0.041228070175438614
4000044  0.041228070175438614
4000045  0.041228070175438614
4300050  0.041228070175438614
4300076  0.041228070175438614
4300077  0.041228070175438614
4300079  0.041228070175438614
4300081  0.041228070175438614
4300083  0.041228070175438614
4300085  0.041228070175438614
4300087  0.041228070175438614
4300090  0.041228070175438614
4300093  0.041228070175438614
4300096  0.041228070175438614
4300099  0.041228070175438614
4300102  0.041228070175438614
4300105  0.041228070175438614
4300108  0.041228070175438614
4300111  0.041228070175438614
4300114  0.041228070175438614
4300117  0.041228070175438614
4300120  0.041228070175438614
4300121  0.041228070175438614
4300126  0.041228070175438614
4300131  0.041228070175438614
4300133  0.041228070175438614
4300138  0.041228070175438614
4300139  0.041228070175438614
4300250  0.041228070175438614
4300251  0.041228070175438614
4300252  0.041228070175438614
4300253  0.041228070175438614
4300254  0.041228070175438614
4300255  0.041228070175438614
4300256  0.041228070175438614
4300258  0.041228070175438614
4300259  0.041228070175438614
4300260  0.041228070175438614
4300261  0.041228070175438614
4300262  0.041228070175438614
4300263  0.041228070175438614
4300264  0.041228070175438614
4300265  0.041228070175438614
4300266  0.041228070175438614
4300267  0.041228070175438614
4300268  0.041228070175438614
4300273  0.041228070175438614
4300274  0.041228070175438614
4300277  0.041228070175438614
4300279  0.041228070175438614
4300281  0.041228070175438614
4300283  0.041228070175438614
4300285  0.041228070175438614
4300288  0.041228070175438614
4300289  0.041228070175438614
4300290  0.041228070175438614
4300291  0.041228070175438614
4300292  0.041228070175438614
4300293  0.041228070175438614
4300294  0.041228070175438614
4300296  0.041228070175438614
4300298  0.041228070175438614
4300303  0.041228070175438614
4300304  0.041228070175438614
4300305  0.041228070175438614
4300306  0.041228070175438614
4400164  0.041228070175438614
4400173  0.041228070175438614
4400209  0.041228070175438614
4400218  0.041228070175438614
4400236  0.041228070175438614
4400245  0.041228070175438614
4400254  0.041228070175438614
4400264  0.041228070175438614
4400282  0.041228070175438614
4400291  0.041228070175438614
4400300  0.041228070175438614
4400309  0.041228070175438614
4400318  0.041228070175438614
4400336  0.041228070175438614
4400345  0.041228070175438614
4400354  0.041228070175438614
4400363  0.041228070175438614
4500052  0.041228070175438614
4500053  0.041228070175438614
4500054  0.041228070175438614
4500055  0.041228070175438614
4500056  0.041228070175438614
4600056  0.041228070175438614
4600057  0.041228070175438614
4600058  0.041228070175438614
4600059  0.041228070175438614
4600138  0.041228070175438614
4700152  0.041228070175438614
4700153  0.041228070175438614
4700154  0.041228070175438614
5000055  0.041228070175438614
5000056  0.041228070175438614
5000059  0.041228070175438614
5000062  0.041228070175438614
5000063  0.041228070175438614
5000071  0.041228070175438614
5000087  0.041228070175438614
5000091  0.041228070175438614
5100046  0.041228070175438614
5100047  0.041228070175438614
5100048  0.041228070175438614
5600042  0.041228070175438614
5600043  0.041228070175438614
5600044  0.041228070175438614
6100046  0.041228070175438614
6100047  0.041228070175438614
6100050  0.041228070175438614
6200759  0.041228070175438614
6200760  0.041228070175438614
6300046  0.041228070175438614
6300047  0.041228070175438614
6300048  0.041228070175438614
6300120  0.041228070175438614
6400042  0.041228070175438614
6400043  0.041228070175438614
6400044  0.041228070175438614
6400048  0.041228070175438614
6400100  0.041228070175438614
6400104  0.041228070175438614
6500047  0.041228070175438614
6500048  0.041228070175438614
6500059  0.041228070175438614
6500060  0.041228070175438614
6500074  0.041228070175438614
6500076  0.041228070175438614
6500080  0.041228070175438614
6500082  0.041228070175438614
6500083  0.041228070175438614
6500087  0.041228070175438614
6500088  0.041228070175438614
6500092  0.041228070175438614
6500175  0.041228070175438614
6500184  0.041228070175438614
6600058  0.041228070175438614
6600059  0.041228070175438614
6600072  0.041228070175438614
6600073  0.041228070175438614
6600076  0.041228070175438614
6600077  0.041228070175438614
6600080  0.041228070175438614
6600083  0.041228070175438614
6600084  0.041228070175438614
6600085  0.041228070175438614
6600086  0.041228070175438614
6600087  0.041228070175438614
6600088  0.041228070175438614
6600089  0.041228070175438614
6600090  0.041228070175438614
6600091  0.041228070175438614
6600211  0.041228070175438614
6700082  0.041228070175438614
6700083  0.041228070175438614
6700086  0.041228070175438614
6700087  0.041228070175438614
6700088  0.041228070175438614
6700089  0.041228070175438614
6700098  0.041228070175438614
6700099  0.041228070175438614
6700109  0.041228070175438614
6700110  0.041228070175438614
6700122  0.041228070175438614
6700123  0.041228070175438614
6700124  0.041228070175438614
6700125  0.041228070175438614
6700126  0.041228070175438614
6700189  0.041228070175438614
6700199  0.041228070175438614
6800047  0.041228070175438614
6800048  0.041228070175438614
6800049  0.041228070175438614
6900042  0.041228070175438614
6900043  0.041228070175438614
6900044  0.041228070175438614
7000038  0.041228070175438614
7000039  0.041228070175438614
7100045  0.041228070175438614
7100046  0.041228070175438614
7100047  0.041228070175438614
7200436  0.041228070175438614
7200437  0.041228070175438614
8300452  0.041228070175438614
2100049  0.041216018707980084
2100050  0.041216018707980084
2100051  0.041216018707980084
2100055  0.041216018707980084
2100056  0.041216018707980084
2100057  0.041216018707980084
2100059  0.041216018707980084
2100070  0.041216018707980084
2100071  0.041216018707980084
2100072  0.041216018707980084
3100102  0.041216018707980084
4400227  0.041216018707980084
4400273  0.041216018707980084
4400327  0.041216018707980084
5900054  0.041216018707980084
4400200  0.04120397428404443
4800066  0.04120397428404443
7900071  0.04120397428404443
4200069  0.04119193689745837
7900080  0.04119193689745837
5900063  0.04116788321167886
4400191  0.04115586690017514
4200058  0.0411438576014006
4100151  0.04108391608391604
1600054  0.041071948732886665
1600055  0.041071948732886665
1700063  0.041071948732886665
3300123  0.04105090311986859
7900062  0.04100029078220413
5900043  0.040988372093023306
5900044  0.040988372093023306
5900045  0.040988372093023306
7700052  0.04097646033129909
7700053  0.04097646033129909
7700056  0.04097646033129909
7700059  0.04097646033129909
7700060  0.04097646033129909
7800047  0.04097646033129909
7800048  0.04097646033129909
7800051  0.04097646033129909
7800052  0.04097646033129909
4100155  0.04083405734144219
6000058  0.04083405734144219
6000060  0.04083405734144219
6000064  0.04083405734144219
6000065  0.04083405734144219
6000066  0.04083405734144219
6000070  0.04083405734144219
6000071  0.04083405734144219
8000278  0.040822235089751024
7900038  0.04075144508670525
7900044  0.04075144508670525
7900045  0.04075144508670525
1301273  0.040466170281644565
2100218  0.04045307443365698
5300404  0.04045307443365698
5300405  0.04045307443365698
5300408  0.04045307443365698
5300409  0.04045307443365698
5300410  0.04045307443365698
5300411  0.04045307443365698
5300412  0.04045307443365698
5300413  0.04045307443365698
5300414  0.04045307443365698
5400055  0.04045307443365698
5400058  0.04045307443365698
5400059  0.04045307443365698
5400062  0.04045307443365698
5400065  0.04045307443365698
5400071  0.04045307443365698
5400081  0.04045307443365698
5400082  0.04045307443365698
5400085  0.04045307443365698
5400150  0.04045307443365698
5400154  0.04045307443365698
5400155  0.04045307443365698
5400156  0.04045307443365698
5400157  0.04045307443365698
5400158  0.04045307443365698
5400159  0.04045307443365698
5400160  0.04045307443365698
5400162  0.04045307443365698
5400163  0.04045307443365698
5400164  0.04045307443365698
5400165  0.04045307443365698
5400166  0.04045307443365698
5400170  0.04045307443365698
5400171  0.04045307443365698
5400172  0.04045307443365698
5400173  0.04045307443365698
5400174  0.04045307443365698
5400175  0.04045307443365698
5400176  0.04045307443365698
5400177  0.04045307443365698
5400178  0.04045307443365698
5400179  0.04045307443365698
5400180  0.04045307443365698
5400181  0.04045307443365698
5400183  0.04045307443365698
5400184  0.04045307443365698
5400185  0.04045307443365698
5400186  0.04045307443365698
5400187  0.04045307443365698
5400188  0.04045307443365698
5400189  0.04045307443365698
5400190  0.04045307443365698
5400191  0.04045307443365698
5400192  0.04045307443365698
5400193  0.04045307443365698
5400194  0.04045307443365698
5400197  0.04045307443365698
5400198  0.04045307443365698
5400200  0.04045307443365698
5400201  0.04045307443365698
5400203  0.04045307443365698
5400204  0.04045307443365698
5400205  0.04045307443365698
5400209  0.04045307443365698
5400212  0.04045307443365698
5400215  0.04045307443365698
5400220  0.04045307443365698
5400221  0.04045307443365698
7300281  0.04045307443365698
7300282  0.04045307443365698
7300285  0.04045307443365698
7300286  0.04045307443365698
7300287  0.04045307443365698
7300288  0.04045307443365698
7300295  0.04045307443365698
7800109  0.04043998705920415
4100049  0.04040114613180512
4100051  0.04040114613180512
4100055  0.04040114613180512
4100056  0.04040114613180512
4100060  0.04040114613180512
4100061  0.04040114613180512
1100041  0.04021677124928691
1100043  0.04021677124928691
1100049  0.04021677124928691
1100050  0.04021677124928691
1100051  0.04021677124928691
1100052  0.04021677124928691
1100053  0.04021677124928691
1100054  0.04021677124928691
1100055  0.04021677124928691
1100056  0.04021677124928691
1100057  0.04021677124928691
1100058  0.04021677124928691
1100059  0.04021677124928691
1100060  0.04021677124928691
1100061  0.04021677124928691
1100062  0.04021677124928691
1100065  0.04021677124928691
1100068  0.04021677124928691
1100069  0.04021677124928691
7600526  0.04021677124928691
4400182  0.040056818181818166
2900315  0.04001280409731112
4200050  0.03998865570051047
4200051  0.03998865570051047
4200054  0.03998865570051047
4200055  0.03998865570051047
1800033  0.039977317833853165
4400073  0.03995466137716064
4400076  0.03995466137716064
4400079  0.03995466137716064
4400082  0.03995466137716064
4400085  0.03995466137716064
4400088  0.03995466137716064
4400091  0.03995466137716064
4400094  0.03995466137716064
4400097  0.03995466137716064
4400100  0.03995466137716064
4400103  0.03995466137716064
4400106  0.03995466137716064
4400110  0.03995466137716064
4400113  0.03995466137716064
4400116  0.03995466137716064
4400119  0.03995466137716064
4400122  0.03995466137716064
4400125  0.03995466137716064
4400128  0.03995466137716064
4400131  0.03995466137716064
4400134  0.03995466137716064
4400137  0.03995466137716064
4400140  0.03995466137716064
4400153  0.03995466137716064
4400154  0.03995466137716064
4400155  0.03995466137716064
7400141  0.03995466137716064
7400169  0.03995466137716064
7400205  0.03995466137716064
8300444  0.03995466137716064
8300445  0.03995466137716064
8300446  0.03995466137716064
8300447  0.03995466137716064
8300448  0.03995466137716064
7400196  0.03994334277620393
4700161  0.03987240829346095
4800047  0.03984176320994626
4800048  0.03984176320994626
4800051  0.03984176320994626
4800052  0.03984176320994626
2000030  0.03961787018825513
2800077  0.03955841766329349
2800086  0.03952748750567925
7400105  0.03909065705572501
2800102  0.03903903903903905
7400178  0.039025740381954055
7400187  0.03899336283185839
4000059  0.03897723729342062
6900057  0.03897723729342062
6000123  0.0389649923896499
7400160  0.038950276243093884
7400132  0.03885367869936618
7400151  0.03881090008257637
4500335  0.03879577901924269
5900142  0.03879577901924269
5900143  0.03879577901924269
5900144  0.03879577901924269
5900145  0.03879577901924269
6100102  0.03879577901924269
6300112  0.03879577901924269
7100221  0.03879577901924269
7800147  0.03879577901924269
7800148  0.03879577901924269
7800149  0.03879577901924269
7800150  0.03879577901924269
7800151  0.03879577901924269
7900155  0.03879577901924269
7900049  0.03878374185541422
4200726  0.03875968992248058
4800055  0.03873347679065475
5100095  0.038723667905824044
4100142  0.03864734299516903
7400114  0.03864072348588654
7400123  0.038630136986301356
7700069  0.03862793572311496
6600128  0.03849707422235915
6700173  0.03849707422235915
6700180  0.03849707422235915
7100209  0.0384497077822209
4500316  0.03835532371893213
5600052  0.03835532371893213
6300096  0.03830830524057616
1300205  0.03737079247283326
1300208  0.03737079247283326
1300211  0.03737079247283326
1300212  0.03737079247283326
1300213  0.03737079247283326
2500740  0.03737079247283326
2500747  0.03737079247283326
2500748  0.03737079247283326
2500749  0.03737079247283326
2500750  0.03737079247283326
2500751  0.03737079247283326
2600482  0.03737079247283326
2600504  0.03737079247283326
2600505  0.03737079247283326
2600509  0.03737079247283326
2600510  0.03737079247283326
2600511  0.03737079247283326
2600512  0.03737079247283326
2600513  0.03737079247283326
2600514  0.03737079247283326
2600515  0.03737079247283326
3000095  0.03737079247283326
3000098  0.03737079247283326
3000110  0.03737079247283326
3000119  0.03737079247283326
3000183  0.03737079247283326
3000184  0.03737079247283326
3000187  0.03737079247283326
3000188  0.03737079247283326
3000192  0.03737079247283326
3000193  0.03737079247283326
3000194  0.03737079247283326
3000195  0.03737079247283326
3000196  0.03737079247283326
3000200  0.03737079247283326
3000201  0.03737079247283326
3000202  0.03737079247283326
3000203  0.03737079247283326
3000204  0.03737079247283326
3000205  0.03737079247283326
3000209  0.03737079247283326
3201344  0.03737079247283326
3201345  0.03737079247283326
3201346  0.03737079247283326
3201347  0.03737079247283326
3201350  0.03737079247283326
3201351  0.03737079247283326
3201352  0.03737079247283326
3201353  0.03737079247283326
3201354  0.03737079247283326
3201356  0.03737079247283326
3201357  0.03737079247283326
3201358  0.03737079247283326
3201359  0.03737079247283326
3201362  0.03737079247283326
3201363  0.03737079247283326
3201367  0.03737079247283326
3201370  0.03737079247283326
3201373  0.03737079247283326
3201374  0.03737079247283326
3201375  0.03737079247283326
3201378  0.03737079247283326
3201503  0.03737079247283326
3201504  0.03737079247283326
3201505  0.03737079247283326
3201506  0.03737079247283326
3201507  0.03737079247283326
3201508  0.03737079247283326
3201509  0.03737079247283326
3300039  0.03737079247283326
3300042  0.03737079247283326
3300045  0.03737079247283326
3300048  0.03737079247283326
3300061  0.03737079247283326
3300062  0.03737079247283326
3300068  0.03737079247283326
3300071  0.03737079247283326
3300084  0.03737079247283326
3300087  0.03737079247283326
3300088  0.03737079247283326
3300089  0.03737079247283326
3401169  0.03737079247283326
3401179  0.03737079247283326
3401180  0.03737079247283326
3401181  0.03737079247283326
3401182  0.03737079247283326
3401183  0.03737079247283326
3900146  0.03737079247283326
3900223  0.03737079247283326
3900225  0.03737079247283326
3900226  0.03737079247283326
3900227  0.03737079247283326
3900228  0.03737079247283326
3900235  0.03737079247283326
3900236  0.03737079247283326
3900239  0.03737079247283326
1300094  0.03731145805768721
1300116  0.03731145805768721
1300117  0.03731145805768721
1300118  0.03731145805768721
1300443  0.03731145805768721
1300444  0.03731145805768721
1300446  0.03731145805768721
1300447  0.03731145805768721
1300451  0.03731145805768721
1300454  0.03731145805768721
1300457  0.03731145805768721
1300458  0.03731145805768721
1300459  0.03731145805768721
1300471  0.03731145805768721
1300474  0.03731145805768721
1300475  0.03731145805768721
1300484  0.03731145805768721
1300486  0.03731145805768721
1300488  0.03731145805768721
1300491  0.03731145805768721
1300494  0.03731145805768721
1300498  0.03731145805768721
1300539  0.03731145805768721
1300540  0.03731145805768721
1300542  0.03731145805768721
1300543  0.03731145805768721
1300554  0.03731145805768721
1300556  0.03731145805768721
1300557  0.03731145805768721
1300566  0.03731145805768721
1300568  0.03731145805768721
1300569  0.03731145805768721
1300572  0.03731145805768721
1300714  0.03731145805768721
1300715  0.03731145805768721
1300718  0.03731145805768721
1300719  0.03731145805768721
1300731  0.03731145805768721
2400037  0.03731145805768721
2400039  0.03731145805768721
2400040  0.03731145805768721
2400099  0.03731145805768721
3100038  0.03731145805768721
3100039  0.03731145805768721
3100040  0.03731145805768721
3100041  0.03731145805768721
3100042  0.03731145805768721
3100088  0.03731145805768721
3100089  0.03731145805768721
3900082  0.03731145805768721
3900083  0.03731145805768721
3900106  0.03731145805768721
3900107  0.03731145805768721
3900110  0.03731145805768721
3900111  0.03731145805768721
3900114  0.03731145805768721
3900115  0.03731145805768721
3900117  0.03731145805768721
3900118  0.03731145805768721
3900121  0.03731145805768721
3900123  0.03731145805768721
3900124  0.03731145805768721
3900135  0.03731145805768721
3900139  0.03731145805768721
3900140  0.03731145805768721
3900144  0.03731145805768721
3900149  0.03731145805768721
3900151  0.03731145805768721
3900152  0.03731145805768721
3900153  0.03731145805768721
3900154  0.03731145805768721
3900173  0.03731145805768721
3900195  0.03731145805768721
3900198  0.03731145805768721
3900199  0.03731145805768721
3900200  0.03731145805768721
3900204  0.03731145805768721
3900213  0.03731145805768721
3900251  0.03731145805768721
3900252  0.03731145805768721
3900254  0.03731145805768721
3900257  0.03731145805768721
3900259  0.03731145805768721
3900261  0.03731145805768721
3900262  0.03731145805768721
3900273  0.03731145805768721
3900274  0.03731145805768721
3900275  0.03731145805768721
3900276  0.03731145805768721
3900280  0.03731145805768721
3900281  0.03731145805768721
3900283  0.03731145805768721
3900286  0.03731145805768721
3900288  0.03731145805768721
7400060  0.037183544303797444
7400062  0.037183544303797444
7400064  0.037183544303797444
7400066  0.037183544303797444
7400068  0.037183544303797444
7400070  0.037183544303797444
7400072  0.037183544303797444
7400074  0.037183544303797444
7400076  0.037183544303797444
7400078  0.037183544303797444
7400080  0.037183544303797444
7400082  0.037183544303797444
7400094  0.037183544303797444
7400095  0.037183544303797444
7400096  0.037183544303797444
8000259  0.037183544303797444
8000260  0.037183544303797444
8000261  0.037183544303797444
1300175  0.03696369636963692
1300176  0.03696369636963692
1300179  0.03696369636963692
1300182  0.03696369636963692
1300183  0.03696369636963692
1300184  0.03696369636963692
1300185  0.03696369636963692
8300496  0.035024154589372025
1000547  0.033496161898115884
1000548  0.033496161898115884
1000549  0.033496161898115884
1100114  0.033496161898115884
1100115  0.033496161898115884
1100116  0.033496161898115884
1100100  0.03346113628441971
1100101  0.03346113628441971
1100102  0.03346113628441971
1100161  0.03346113628441971
1100162  0.03346113628441971
1100165  0.03346113628441971
2800096  0.032505478451424374
2800099  0.032505478451424374
2800100  0.032505478451424374
2800101  0.032505478451424374
2800104  0.032505478451424374
2800105  0.032505478451424374
2800106  0.032505478451424374
2800110  0.032505478451424374
2800111  0.032505478451424374
2800112  0.032505478451424374
2900107  0.027958062905641512
2900108  0.027958062905641512
2800107  0.027894535727932768
2800108  0.027894535727932768
5700131  0.014675052410901501
5700132  0.014675052410901501
