8200217  1.0
8200218  1.0
8200221  1.0
8200212  0.9599836599916587
8200213  0.9599836599916587
8200214  0.9599836599916587
8200215  0.9599836599916587
8200216  0.9599836599916587
8200245  0.9599836599916587
8200207  0.9568617536428214
8200208  0.9568617536428214
8200248  0.9563055701038872
8200249  0.9563055701038872
8200202  0.9537701082309293
8200250  0.952613584315292
8200251  0.952613584315292
8200199  0.9507082380237135
8200196  0.9476756681346853
8200190  0.9446719342137455
8200191  0.9446719342137455
8200192  0.9446719342137455
8200193  0.9446719342137455
8200335  0.9409545641053613
8200323  0.9291921696774826
8200311  0.9263198531617546
8200176  0.5796812629339881
8200175  0.5758327103479921
4800038  0.5529688993487283
4800155  0.5529688993487283
4800146  0.5516844170115813
4800147  0.5516844170115813
4800149  0.5516844170115813
4800152  0.5516844170115813
1600192  0.4785464885233812
1600183  0.4777600516920024
1600184  0.4777600516920024
1600185  0.4777600516920024
1600186  0.4777600516920024
1600187  0.4777600516920024
4200818  0.4770973433940202
4200804  0.47670157613935127
1600213  0.47591298738411186
1600199  0.4755201577774422
1600200  0.4755201577774422
1600201  0.4755201577774422
1600202  0.4755201577774422
1600207  0.4755201577774422
4200758  0.4751282993196428
4200772  0.4751282993196428
3700105  0.4649572167120321
8000282  0.4238134429143376
8000284  0.4238134429143376
8300480  0.3349521934719761
8300482  0.3349521934719761
3700054  0.29892074562883786
3700055  0.29892074562883786
2100032  0.2228124549277306
2100227  0.2228124549277306
2100228  0.2228124549277306
1100287  0.22111180420409746
5700171  0.21981264230525624
6300116  0.2130273698014963
8000292  0.2100781224617948
1100284  0.2083859393596916
2800063  0.20762004663912462
2800065  0.20762004663912462
2800066  0.20762004663912462
2800067  0.20762004663912462
2800068  0.20762004663912462
2800122  0.20762004663912462
2800123  0.20762004663912462
2800169  0.20762004663912462
2800171  0.20762004663912462
2800173  0.20762004663912462
2800175  0.20762004663912462
2800177  0.20762004663912462
2800180  0.20762004663912462
4900042  0.20762004663912462
4900048  0.20762004663912462
4900049  0.20762004663912462
4900053  0.20762004663912462
4900094  0.20762004663912462
4900098  0.20762004663912462
5700081  0.20742988932860723
4300146  0.2055566129482595
4300143  0.205341354262445
5700045  0.20531065819317076
5700068  0.20494337586294
5700071  0.20494337586294
5700072  0.20494337586294
5700100  0.20494337586294
5700111  0.20494337586294
5700115  0.20494337586294
5700116  0.20494337586294
5700117  0.20494337586294
5700118  0.20494337586294
5700119  0.20494337586294
5700122  0.20494337586294
5700126  0.20494337586294
5700127  0.20494337586294
5700128  0.20494337586294
5700129  0.20494337586294
5700135  0.20494337586294
5700137  0.20494337586294
5700138  0.20494337586294
5700148  0.20494337586294
5700149  0.20494337586294
5700191  0.20494337586294
5700192  0.20494337586294
5700194  0.20494337586294
5700225  0.20494337586294
5700229  0.20494337586294
5700237  0.20494337586294
4300699  0.2045477025323823
5800042  0.2045477025323823
5800045  0.2045477025323823
5800053  0.2045477025323823
5800054  0.2045477025323823
5800056  0.2045477025323823
5800057  0.2045477025323823
5800058  0.2045477025323823
5800059  0.2045477025323823
5800061  0.2045477025323823
5800062  0.2045477025323823
5800064  0.2045477025323823
5800066  0.2045477025323823
5800067  0.2045477025323823
5800069  0.2045477025323823
5800075  0.2045477025323823
5800076  0.2045477025323823
2900321  0.2038532437917554
2900372  0.2038532437917554
1300148  0.20328486472211335
1300134  0.20325508157570457
1300135  0.20325508157570457
1300136  0.20325508157570457
1300137  0.20325508157570457
1300138  0.20325508157570457
1300139  0.20325508157570457
1300142  0.20325508157570457
1300143  0.20325508157570457
1300144  0.20325508157570457
1300149  0.20325508157570457
1300154  0.20325508157570457
1300155  0.20325508157570457
1300158  0.20325508157570457
1300160  0.20325508157570457
1300162  0.20325508157570457
2100092  0.2031360797613023
2900156  0.2031360797613023
2900160  0.2031360797613023
2900164  0.2031360797613023
2900168  0.2031360797613023
2900172  0.2031360797613023
2900176  0.2031360797613023
2900180  0.2031360797613023
2900184  0.2031360797613023
2900188  0.2031360797613023
2900192  0.2031360797613023
2900196  0.2031360797613023
2900200  0.2031360797613023
2900204  0.2031360797613023
2900208  0.2031360797613023
2900212  0.2031360797613023
2900216  0.2031360797613023
2900220  0.2031360797613023
2900224  0.2031360797613023
2900228  0.2031360797613023
2900232  0.2031360797613023
2900236  0.2031360797613023
2900240  0.2031360797613023
2900244  0.2031360797613023
2900248  0.2031360797613023
2900252  0.2031360797613023
2900256  0.2031360797613023
2900260  0.2031360797613023
2900264  0.2031360797613023
2900272  0.2031360797613023
2900276  0.2031360797613023
2900280  0.2031360797613023
2900284  0.2031360797613023
2900292  0.2031360797613023
7200445  0.2031360797613023
7200446  0.2031360797613023
7200448  0.2031360797613023
7200449  0.2031360797613023
7200451  0.2031360797613023
7200452  0.2031360797613023
7200454  0.2031360797613023
7200455  0.2031360797613023
7200457  0.2031360797613023
7200458  0.2031360797613023
7200460  0.2031360797613023
7200461  0.2031360797613023
7200463  0.2031360797613023
7200464  0.2031360797613023
7200466  0.2031360797613023
7200467  0.2031360797613023
7200469  0.2031360797613023
7200470  0.2031360797613023
7200472  0.2031360797613023
7200473  0.2031360797613023
7200475  0.2031360797613023
7200476  0.2031360797613023
7200478  0.2031360797613023
7200485  0.2031360797613023
7200486  0.2031360797613023
7200488  0.2031360797613023
7200489  0.2031360797613023
7200491  0.2031360797613023
7200492  0.2031360797613023
7200494  0.2031360797613023
7200495  0.2031360797613023
7200497  0.2031360797613023
7200498  0.2031360797613023
7200500  0.2031360797613023
7200501  0.2031360797613023
7200503  0.2031360797613023
7200504  0.2031360797613023
7200506  0.2031360797613023
7200507  0.2031360797613023
7200509  0.2031360797613023
7200510  0.2031360797613023
7200512  0.2031360797613023
7200513  0.2031360797613023
7200515  0.2031360797613023
7200516  0.2031360797613023
7200518  0.2031360797613023
7200519  0.2031360797613023
7200521  0.2031360797613023
7200522  0.2031360797613023
7200524  0.2031360797613023
7200525  0.2031360797613023
7200527  0.2031360797613023
7200528  0.2031360797613023
7200530  0.2031360797613023
7200531  0.2031360797613023
7200533  0.2031360797613023
7200534  0.2031360797613023
7200536  0.2031360797613023
7200537  0.2031360797613023
7200539  0.2031360797613023
7200540  0.2031360797613023
7200542  0.2031360797613023
7200543  0.2031360797613023
7200545  0.2031360797613023
7200546  0.2031360797613023
7200548  0.2031360797613023
7200549  0.2031360797613023
7200551  0.2031360797613023
7200552  0.2031360797613023
7200555  0.2031360797613023
7200558  0.2031360797613023
7200562  0.2031360797613023
2100053  0.20310636195267845
2900268  0.20310636195267845
1600660  0.20304696544257586
2900099  0.20304696544257586
2900100  0.20304696544257586
2900101  0.20304696544257586
2900102  0.20304696544257586
2900103  0.20304696544257586
2900288  0.20304696544257586
2900308  0.20304696544257586
2900319  0.20304696544257586
2900320  0.20304696544257586
2900323  0.20304696544257586
2900327  0.20304696544257586
2900328  0.20304696544257586
2900329  0.20304696544257586
2900330  0.20304696544257586
2900331  0.20304696544257586
2900332  0.20304696544257586
2900333  0.20304696544257586
2900334  0.20304696544257586
2900335  0.20304696544257586
2900336  0.20304696544257586
2900337  0.20304696544257586
2900338  0.20304696544257586
2900343  0.20304696544257586
2900344  0.20304696544257586
2900345  0.20304696544257586
2900346  0.20304696544257586
2900347  0.20304696544257586
2900348  0.20304696544257586
2900349  0.20304696544257586
2900350  0.20304696544257586
2900351  0.20304696544257586
2900352  0.20304696544257586
2900353  0.20304696544257586
2900354  0.20304696544257586
2900355  0.20304696544257586
2900356  0.20304696544257586
2900357  0.20304696544257586
2900358  0.20304696544257586
2900359  0.20304696544257586
2900360  0.20304696544257586
2900361  0.20304696544257586
2900362  0.20304696544257586
2900363  0.20304696544257586
2900364  0.20304696544257586
2900365  0.20304696544257586
2900369  0.20304696544257586
2900370  0.20304696544257586
2900385  0.20304696544257586
2900386  0.20304696544257586
4000043  0.20304696544257586
4000044  0.20304696544257586
4000045  0.20304696544257586
4300050  0.20304696544257586
4300076  0.20304696544257586
4300077  0.20304696544257586
4300079  0.20304696544257586
4300081  0.20304696544257586
4300083  0.20304696544257586
4300085  0.20304696544257586
4300087  0.20304696544257586
4300090  0.20304696544257586
4300093  0.20304696544257586
4300096  0.20304696544257586
4300099  0.20304696544257586
4300102  0.20304696544257586
4300105  0.20304696544257586
4300108  0.20304696544257586
4300111  0.20304696544257586
4300114  0.20304696544257586
4300117  0.20304696544257586
4300120  0.20304696544257586
4300121  0.20304696544257586
4300126  0.20304696544257586
4300131  0.20304696544257586
4300133  0.20304696544257586
4300138  0.20304696544257586
4300139  0.20304696544257586
4300250  0.20304696544257586
4300251  0.20304696544257586
4300252  0.20304696544257586
4300253  0.20304696544257586
4300254  0.20304696544257586
4300255  0.20304696544257586
4300256  0.20304696544257586
4300258  0.20304696544257586
4300259  0.20304696544257586
4300260  0.20304696544257586
4300261  0.20304696544257586
4300262  0.20304696544257586
4300263  0.20304696544257586
4300264  0.20304696544257586
4300265  0.20304696544257586
4300266  0.20304696544257586
4300267  0.20304696544257586
4300268  0.20304696544257586
4300273  0.20304696544257586
4300274  0.20304696544257586
4300277  0.20304696544257586
4300279  0.20304696544257586
4300281  0.20304696544257586
4300283  0.20304696544257586
4300285  0.20304696544257586
4300288  0.20304696544257586
4300289  0.20304696544257586
4300290  0.20304696544257586
4300291  0.20304696544257586
4300292  0.20304696544257586
4300293  0.20304696544257586
4300294  0.20304696544257586
4300296  0.20304696544257586
4300298  0.20304696544257586
4300303  0.20304696544257586
4300304  0.20304696544257586
4300305  0.20304696544257586
4300306  0.20304696544257586
4400164  0.20304696544257586
4400173  0.20304696544257586
4400209  0.20304696544257586
4400218  0.20304696544257586
4400236  0.20304696544257586
4400245  0.20304696544257586
4400254  0.20304696544257586
4400264  0.20304696544257586
4400282  0.20304696544257586
4400291  0.20304696544257586
4400300  0.20304696544257586
4400309  0.20304696544257586
4400318  0.20304696544257586
4400336  0.20304696544257586
4400345  0.20304696544257586
4400354  0.20304696544257586
4400363  0.20304696544257586
4500052  0.20304696544257586
4500053  0.20304696544257586
4500054  0.20304696544257586
4500055  0.20304696544257586
4500056  0.20304696544257586
4600056  0.20304696544257586
4600057  0.20304696544257586
4600058  0.20304696544257586
4600059  0.20304696544257586
4600138  0.20304696544257586
4700152  0.20304696544257586
4700153  0.20304696544257586
4700154  0.20304696544257586
5000055  0.20304696544257586
5000056  0.20304696544257586
5000059  0.20304696544257586
5000062  0.20304696544257586
5000063  0.20304696544257586
5000071  0.20304696544257586
5000087  0.20304696544257586
5000091  0.20304696544257586
5100046  0.20304696544257586
5100047  0.20304696544257586
5100048  0.20304696544257586
5600042  0.20304696544257586
5600043  0.20304696544257586
5600044  0.20304696544257586
6100046  0.20304696544257586
6100047  0.20304696544257586
6100050  0.20304696544257586
6200759  0.20304696544257586
6200760  0.20304696544257586
6300046  0.20304696544257586
6300047  0.20304696544257586
6300048  0.20304696544257586
6300120  0.20304696544257586
6400042  0.20304696544257586
6400043  0.20304696544257586
6400044  0.20304696544257586
6400048  0.20304696544257586
6400100  0.20304696544257586
6400104  0.20304696544257586
6500047  0.20304696544257586
6500048  0.20304696544257586
6500059  0.20304696544257586
6500060  0.20304696544257586
6500074  0.20304696544257586
6500076  0.20304696544257586
6500080  0.20304696544257586
6500082  0.20304696544257586
6500083  0.20304696544257586
6500087  0.20304696544257586
6500088  0.20304696544257586
6500092  0.20304696544257586
6500175  0.20304696544257586
6500184  0.20304696544257586
6600058  0.20304696544257586
6600059  0.20304696544257586
6600072  0.20304696544257586
6600073  0.20304696544257586
6600076  0.20304696544257586
6600077  0.20304696544257586
6600080  0.20304696544257586
6600083  0.20304696544257586
6600084  0.20304696544257586
6600085  0.20304696544257586
6600086  0.20304696544257586
6600087  0.20304696544257586
6600088  0.20304696544257586
6600089  0.20304696544257586
6600090  0.20304696544257586
6600091  0.20304696544257586
6600211  0.20304696544257586
6700082  0.20304696544257586
6700083  0.20304696544257586
6700086  0.20304696544257586
6700087  0.20304696544257586
6700088  0.20304696544257586
6700089  0.20304696544257586
6700098  0.20304696544257586
6700099  0.20304696544257586
6700109  0.20304696544257586
6700110  0.20304696544257586
6700122  0.20304696544257586
6700123  0.20304696544257586
6700124  0.20304696544257586
6700125  0.20304696544257586
6700126  0.20304696544257586
6700189  0.20304696544257586
6700199  0.20304696544257586
6800047  0.20304696544257586
6800048  0.20304696544257586
6800049  0.20304696544257586
6900042  0.20304696544257586
6900043  0.20304696544257586
6900044  0.20304696544257586
7000038  0.20304696544257586
7000039  0.20304696544257586
7100045  0.20304696544257586
7100046  0.20304696544257586
7100047  0.20304696544257586
7200436  0.20304696544257586
7200437  0.20304696544257586
8300452  0.20304696544257586
2100049  0.20301728672204275
2100050  0.20301728672204275
2100051  0.20301728672204275
2100055  0.20301728672204275
2100056  0.20301728672204275
2100057  0.20301728672204275
2100059  0.20301728672204275
2100070  0.20301728672204275
2100071  0.20301728672204275
2100072  0.20301728672204275
3100102  0.20301728672204275
4400227  0.20301728672204275
4400273  0.20301728672204275
4400327  0.20301728672204275
5900054  0.20301728672204275
4400200  0.20298762101183515
4800066  0.20298762101183515
7900071  0.20298762101183515
4200069  0.20295796830245016
7900080  0.20295796830245016
5900063  0.2028987018481854
4400191  0.20286908808434845
4200058  0.20283948728341986
4100151  0.20269167739183588
1600054  0.20266215417015257
1600055  0.20266215417015257
1700063  0.20266215417015257
7900062  0.20248528534736576
5900043  0.20245585220739673
5900044  0.20245585220739673
5900045  0.20245585220739673
7700052  0.20242643189884824
7700053  0.20242643189884824
7700056  0.20242643189884824
7700059  0.20242643189884824
7700060  0.20242643189884824
7800047  0.20242643189884824
7800048  0.20242643189884824
7800051  0.20242643189884824
7800052  0.20242643189884824
2800133  0.20228370681156196
4100155  0.20207438566389907
6000058  0.20207438566389907
6000060  0.20207438566389907
6000064  0.20207438566389907
6000065  0.20207438566389907
6000066  0.20207438566389907
6000070  0.20207438566389907
6000071  0.20207438566389907
8000278  0.20204513131909665
7900038  0.20186987166663875
7900044  0.20186987166663875
7900045  0.20186987166663875
4100049  0.20100036351162442
4100051  0.20100036351162442
4100055  0.20100036351162442
4100056  0.20100036351162442
4100060  0.20100036351162442
4100061  0.20100036351162442
1100041  0.20054119589073696
1100043  0.20054119589073696
1100049  0.20054119589073696
1100050  0.20054119589073696
1100051  0.20054119589073696
1100052  0.20054119589073696
1100053  0.20054119589073696
1100054  0.20054119589073696
1100055  0.20054119589073696
1100056  0.20054119589073696
1100057  0.20054119589073696
1100058  0.20054119589073696
1100059  0.20054119589073696
1100060  0.20054119589073696
1100061  0.20054119589073696
1100062  0.20054119589073696
1100065  0.20054119589073696
1100068  0.20054119589073696
1100069  0.20054119589073696
7600526  0.20054119589073696
4400182  0.20014199504806127
4200050  0.19997163724016084
4200051  0.19997163724016084
4200054  0.19997163724016084
4200055  0.19997163724016084
1800033  0.19994328654359247
4400073  0.1998866213060811
4400076  0.1998866213060811
4400079  0.1998866213060811
4400082  0.1998866213060811
4400085  0.1998866213060811
4400088  0.1998866213060811
4400091  0.1998866213060811
4400094  0.1998866213060811
4400097  0.1998866213060811
4400100  0.1998866213060811
4400103  0.1998866213060811
4400106  0.1998866213060811
4400110  0.1998866213060811
4400113  0.1998866213060811
4400116  0.1998866213060811
4400119  0.1998866213060811
4400122  0.1998866213060811
4400125  0.1998866213060811
4400128  0.1998866213060811
4400131  0.1998866213060811
4400134  0.1998866213060811
4400137  0.1998866213060811
4400140  0.1998866213060811
4400153  0.1998866213060811
4400154  0.1998866213060811
4400155  0.1998866213060811
7400141  0.1998866213060811
7400169  0.1998866213060811
7400205  0.1998866213060811
8300444  0.1998866213060811
8300445  0.1998866213060811
8300446  0.1998866213060811
8300447  0.1998866213060811
8300448  0.1998866213060811
7400196  0.1998583067480658
4800047  0.19960401601657796
4800048  0.19960401601657796
4800051  0.19960401601657796
4800052  0.19960401601657796
2000030  0.19904238289433518
7400105  0.1977135732713487
7400178  0.19754933657685123
7400187  0.19746737156264174
7400160  0.1973582434130734
7400132  0.1971133650957393
7400151  0.1970048224855838
7400114  0.19657243826611742
7400123  0.19654550869023024
6600129  0.1953696095884474
1300205  0.19331526704539734
1300208  0.19331526704539734
1300211  0.19331526704539734
1300212  0.19331526704539734
1300213  0.19331526704539734
2500740  0.19331526704539734
2500747  0.19331526704539734
2500748  0.19331526704539734
2500749  0.19331526704539734
2500750  0.19331526704539734
2500751  0.19331526704539734
2600482  0.19331526704539734
2600504  0.19331526704539734
2600505  0.19331526704539734
2600509  0.19331526704539734
2600510  0.19331526704539734
2600511  0.19331526704539734
2600512  0.19331526704539734
2600513  0.19331526704539734
2600514  0.19331526704539734
2600515  0.19331526704539734
3000095  0.19331526704539734
3000098  0.19331526704539734
3000110  0.19331526704539734
3000119  0.19331526704539734
3000183  0.19331526704539734
3000184  0.19331526704539734
3000187  0.19331526704539734
3000188  0.19331526704539734
3000192  0.19331526704539734
3000193  0.19331526704539734
3000194  0.19331526704539734
3000195  0.19331526704539734
3000196  0.19331526704539734
3000200  0.19331526704539734
3000201  0.19331526704539734
3000202  0.19331526704539734
3000203  0.19331526704539734
3000204  0.19331526704539734
3000205  0.19331526704539734
3000209  0.19331526704539734
3201344  0.19331526704539734
3201345  0.19331526704539734
3201346  0.19331526704539734
3201347  0.19331526704539734
3201350  0.19331526704539734
3201351  0.19331526704539734
3201352  0.19331526704539734
3201353  0.19331526704539734
3201354  0.19331526704539734
3201356  0.19331526704539734
3201357  0.19331526704539734
3201358  0.19331526704539734
3201359  0.19331526704539734
3201362  0.19331526704539734
3201363  0.19331526704539734
3201367  0.19331526704539734
3201370  0.19331526704539734
3201373  0.19331526704539734
3201374  0.19331526704539734
3201375  0.19331526704539734
3201378  0.19331526704539734
3201503  0.19331526704539734
3201504  0.19331526704539734
3201505  0.19331526704539734
3201506  0.19331526704539734
3201507  0.19331526704539734
3201508  0.19331526704539734
3201509  0.19331526704539734
3300039  0.19331526704539734
3300042  0.19331526704539734
3300045  0.19331526704539734
3300048  0.19331526704539734
3300061  0.19331526704539734
3300062  0.19331526704539734
3300068  0.19331526704539734
3300071  0.19331526704539734
3300084  0.19331526704539734
3300087  0.19331526704539734
3300088  0.19331526704539734
3300089  0.19331526704539734
3401169  0.19331526704539734
3401179  0.19331526704539734
3401180  0.19331526704539734
3401181  0.19331526704539734
3401182  0.19331526704539734
3401183  0.19331526704539734
3900146  0.19331526704539734
3900223  0.19331526704539734
3900225  0.19331526704539734
3900226  0.19331526704539734
3900227  0.19331526704539734
3900228  0.19331526704539734
3900235  0.19331526704539734
3900236  0.19331526704539734
3900239  0.19331526704539734
1300094  0.19316174066747074
1300116  0.19316174066747074
1300117  0.19316174066747074
1300118  0.19316174066747074
1300443  0.19316174066747074
1300444  0.19316174066747074
1300446  0.19316174066747074
1300447  0.19316174066747074
1300451  0.19316174066747074
1300454  0.19316174066747074
1300457  0.19316174066747074
1300458  0.19316174066747074
1300459  0.19316174066747074
1300471  0.19316174066747074
1300474  0.19316174066747074
1300475  0.19316174066747074
1300484  0.19316174066747074
1300486  0.19316174066747074
1300488  0.19316174066747074
1300491  0.19316174066747074
1300494  0.19316174066747074
1300498  0.19316174066747074
1300539  0.19316174066747074
1300540  0.19316174066747074
1300542  0.19316174066747074
1300543  0.19316174066747074
1300554  0.19316174066747074
1300556  0.19316174066747074
1300557  0.19316174066747074
1300566  0.19316174066747074
1300568  0.19316174066747074
1300569  0.19316174066747074
1300572  0.19316174066747074
1300714  0.19316174066747074
1300715  0.19316174066747074
1300718  0.19316174066747074
1300719  0.19316174066747074
1300731  0.19316174066747074
2400037  0.19316174066747074
2400039  0.19316174066747074
2400040  0.19316174066747074
2400099  0.19316174066747074
3100038  0.19316174066747074
3100039  0.19316174066747074
3100040  0.19316174066747074
3100041  0.19316174066747074
3100042  0.19316174066747074
3100088  0.19316174066747074
3100089  0.19316174066747074
3900082  0.19316174066747074
3900083  0.19316174066747074
3900106  0.19316174066747074
3900107  0.19316174066747074
3900110  0.19316174066747074
3900111  0.19316174066747074
3900114  0.19316174066747074
3900115  0.19316174066747074
3900117  0.19316174066747074
3900118  0.19316174066747074
3900121  0.19316174066747074
3900123  0.19316174066747074
3900124  0.19316174066747074
3900135  0.19316174066747074
3900139  0.19316174066747074
3900140  0.19316174066747074
3900144  0.19316174066747074
3900149  0.19316174066747074
3900151  0.19316174066747074
3900152  0.19316174066747074
3900153  0.19316174066747074
3900154  0.19316174066747074
3900173  0.19316174066747074
3900195  0.19316174066747074
3900198  0.19316174066747074
3900199  0.19316174066747074
3900200  0.19316174066747074
3900204  0.19316174066747074
3900213  0.19316174066747074
3900251  0.19316174066747074
3900252  0.19316174066747074
3900254  0.19316174066747074
3900257  0.19316174066747074
3900259  0.19316174066747074
3900261  0.19316174066747074
3900262  0.19316174066747074
3900273  0.19316174066747074
3900274  0.19316174066747074
3900275  0.19316174066747074
3900276  0.19316174066747074
3900280  0.19316174066747074
3900281  0.19316174066747074
3900283  0.19316174066747074
3900286  0.19316174066747074
3900288  0.19316174066747074
7400060  0.19283035109597624
7400062  0.19283035109597624
7400064  0.19283035109597624
7400066  0.19283035109597624
7400068  0.19283035109597624
7400070  0.19283035109597624
7400072  0.19283035109597624
7400074  0.19283035109597624
7400076  0.19283035109597624
7400078  0.19283035109597624
7400080  0.19283035109597624
7400082  0.19283035109597624
7400094  0.19283035109597624
7400095  0.19283035109597624
7400096  0.19283035109597624
8000259  0.19283035109597624
8000260  0.19283035109597624
8000261  0.19283035109597624
6800128  0.1924186211686094
6800132  0.1924186211686094
5700221  0.1915430499702406
3300123  0.1907685629494876
1301273  0.18940502747836988
2100218  0.18937437693565307
5300404  0.18937437693565307
5300405  0.18937437693565307
5300408  0.18937437693565307
5300409  0.18937437693565307
5300410  0.18937437693565307
5300411  0.18937437693565307
5300412  0.18937437693565307
5300413  0.18937437693565307
5300414  0.18937437693565307
5400055  0.18937437693565307
5400058  0.18937437693565307
5400059  0.18937437693565307
5400062  0.18937437693565307
5400065  0.18937437693565307
5400071  0.18937437693565307
5400081  0.18937437693565307
5400082  0.18937437693565307
5400085  0.18937437693565307
5400150  0.18937437693565307
5400154  0.18937437693565307
5400155  0.18937437693565307
5400156  0.18937437693565307
5400157  0.18937437693565307
5400158  0.18937437693565307
5400159  0.18937437693565307
5400160  0.18937437693565307
5400162  0.18937437693565307
5400163  0.18937437693565307
5400164  0.18937437693565307
5400165  0.18937437693565307
5400166  0.18937437693565307
5400170  0.18937437693565307
5400171  0.18937437693565307
5400172  0.18937437693565307
5400173  0.18937437693565307
5400174  0.18937437693565307
5400175  0.18937437693565307
5400176  0.18937437693565307
5400177  0.18937437693565307
5400178  0.18937437693565307
5400179  0.18937437693565307
5400180  0.18937437693565307
5400181  0.18937437693565307
5400183  0.18937437693565307
5400184  0.18937437693565307
5400185  0.18937437693565307
5400186  0.18937437693565307
5400187  0.18937437693565307
5400188  0.18937437693565307
5400189  0.18937437693565307
5400190  0.18937437693565307
5400191  0.18937437693565307
5400192  0.18937437693565307
5400193  0.18937437693565307
5400194  0.18937437693565307
5400197  0.18937437693565307
5400198  0.18937437693565307
5400200  0.18937437693565307
5400201  0.18937437693565307
5400203  0.18937437693565307
5400204  0.18937437693565307
5400205  0.18937437693565307
5400209  0.18937437693565307
5400212  0.18937437693565307
5400215  0.18937437693565307
5400220  0.18937437693565307
5400221  0.18937437693565307
7300281  0.18937437693565307
7300282  0.18937437693565307
7300285  0.18937437693565307
7300286  0.18937437693565307
7300287  0.18937437693565307
7300288  0.18937437693565307
7300295  0.18937437693565307
7800109  0.18934374126823014
2900315  0.18834103126483073
6000123  0.18807571709504914
4700161  0.18801031804872975
4100142  0.18730753532610675
8000286  0.18641827445195763
4800055  0.18604540884781617
4000059  0.18588783817316307
6900057  0.18588783817316307
4500335  0.185454633580156
5900142  0.185454633580156
5900143  0.185454633580156
5900144  0.185454633580156
5900145  0.185454633580156
6100102  0.185454633580156
6300112  0.185454633580156
7100221  0.185454633580156
7800147  0.185454633580156
7800148  0.185454633580156
7800149  0.185454633580156
7800150  0.185454633580156
7800151  0.185454633580156
7900155  0.185454633580156
7900049  0.18542586084961588
4200726  0.18536835554172046
5100095  0.18528219780732333
7700069  0.18505302988065261
6600128  0.184739307942989
6700173  0.184739307942989
6700180  0.184739307942989
7100209  0.18462562220425763
4500316  0.18439887895357998
5600052  0.18439887895357998
6300096  0.18428582015757228
1100285  0.18301826375290553
6500166  0.175796323019016
6600131  0.1745447314009658
1300175  0.17135120074204324
1300176  0.17135120074204324
1300179  0.17135120074204324
1300182  0.17135120074204324
1300183  0.17135120074204324
1300184  0.17135120074204324
1300185  0.17135120074204324
4800153  0.1608149601043581
2800086  0.1561707424627819
2800077  0.15533135296221626
6800136  0.15235101483570768
6800140  0.15235101483570768
1000547  0.151016215892688
1000548  0.151016215892688
1000549  0.151016215892688
1100114  0.151016215892688
1100115  0.151016215892688
1100116  0.151016215892688
1100100  0.15093723939505657
1100101  0.15093723939505657
1100102  0.15093723939505657
1100161  0.15093723939505657
1100162  0.15093723939505657
1100165  0.15093723939505657
8000298  0.14456079243037026
2800096  0.14323980740976167
2800099  0.14323980740976167
2800100  0.14323980740976167
2800101  0.14323980740976167
2800104  0.14323980740976167
2800105  0.14323980740976167
2800106  0.14323980740976167
2800110  0.14323980740976167
2800111  0.14323980740976167
2800112  0.14323980740976167
4500340  0.1253758446828974
4500345  0.12496678700302383
2800107  0.12017425610659585
2800108  0.12017425610659585
2800102  0.11998906658318398
8300492  0.11312048627830454
8000294  0.1119831828817989
2900107  0.10537509909188028
2900108  0.10537509909188028
8300484  0.10536048862093504
8300496  0.08487372694464212
8200219  0.0842151921066519
4400378  0.0688786567690846
5700131  0.02699164132190607
5700132  0.02699164132190607
