1300597  1.0
1300555  0.8164965809277261
1300319  0.2721655269759087
1300042  0.09853292781642932
1300045  0.09853292781642932
1300048  0.09853292781642932
1300051  0.09853292781642932
1300054  0.09853292781642932
1300057  0.09853292781642932
1300060  0.09853292781642932
1300063  0.09853292781642932
1300066  0.09853292781642932
1300069  0.09853292781642932
1300072  0.09853292781642932
1300075  0.09853292781642932
1300078  0.09853292781642932
1300081  0.09853292781642932
1300256  0.09853292781642932
1300257  0.09853292781642932
1300261  0.09853292781642932
1300271  0.09853292781642932
1300272  0.09853292781642932
1300273  0.09853292781642932
1300274  0.09853292781642932
1300278  0.09853292781642932
1300282  0.09853292781642932
1300283  0.09853292781642932
1300284  0.09853292781642932
1800113  0.09853292781642932
1800126  0.09853292781642932
1800139  0.09853292781642932
1800158  0.09853292781642932
1800177  0.09853292781642932
1800196  0.09853292781642932
1800216  0.09853292781642932
1800235  0.09853292781642932
1800254  0.09853292781642932
1800275  0.09853292781642932
1800283  0.09853292781642932
1800286  0.09853292781642932
1802900  0.09853292781642932
1900035  0.09853292781642932
1900385  0.09853292781642932
1900386  0.09853292781642932
1900387  0.09853292781642932
1900388  0.09853292781642932
1900392  0.09853292781642932
1900399  0.09853292781642932
1900400  0.09853292781642932
1900402  0.09853292781642932
1900403  0.09853292781642932
1900406  0.09853292781642932
1900407  0.09853292781642932
1900409  0.09853292781642932
1900410  0.09853292781642932
1900411  0.09853292781642932
1900413  0.09853292781642932
1900419  0.09853292781642932
1900425  0.09853292781642932
1900426  0.09853292781642932
1900429  0.09853292781642932
1900430  0.09853292781642932
1900432  0.09853292781642932
1900435  0.09853292781642932
1900438  0.09853292781642932
1900439  0.09853292781642932
