15800122  1.0
15800137  1.0
15800152  1.0
15800167  1.0
15800182  1.0
15800197  1.0
15800212  1.0
15800227  1.0
15800244  1.0
15800324  1.0
15800339  1.0
15800373  1.0
15800407  1.0
15800442  1.0
3500032  0.8367346938775511
3500044  0.75
3500048  0.75
3500052  0.75
3500016  0.5294117647058824
3500028  0.5
12400134  0.4580645161290322
15800879  0.4455958549222798
10100062  0.43827160493827155
10100065  0.43827160493827155
12400126  0.4303030303030303
12400149  0.4303030303030303
10100032  0.4219653179190751
10500032  0.41346153846153844
10500033  0.41346153846153844
10100022  0.4075829383886256
10100023  0.4075829383886256
10100024  0.4075829383886256
10100025  0.4075829383886256
8100032  0.40201005025125625
8100033  0.40201005025125625
8100034  0.40201005025125625
10500044  0.40201005025125625
10500045  0.40201005025125625
10500046  0.40201005025125625
13900105  0.3870967741935484
3500020  0.33333333333333337
12400036  0.2883211678832117
3500024  0.27956989247311825
3500013  0.25671641791044775
13000091  0.21698113207547165
9400033  0.2149532710280374
9400034  0.2149532710280374
12400123  0.21238938053097345
12400124  0.21238938053097345
9100028  0.20853080568720384
9100029  0.20853080568720384
3700014  0.20370370370370372
3700015  0.20370370370370372
3700016  0.20370370370370372
8500048  0.19999999999999996
8500049  0.19999999999999996
9100024  0.19909502262443435
4000018  0.19883040935672514
10800050  0.19730941704035876
10800051  0.19730941704035876
10800103  0.19730941704035876
13500080  0.1955555555555556
17201523  0.1955555555555556
5500026  0.19210526315789478
12400108  0.19181585677749358
8500031  0.19130434782608696
8500032  0.19130434782608696
8500033  0.19130434782608696
8500035  0.19130434782608696
8500036  0.19130434782608696
13500070  0.19130434782608696
13000090  0.1908713692946058
13500079  0.18965517241379315
9400031  0.1885245901639344
9400032  0.1885245901639344
10800079  0.18799999999999994
10800049  0.18723404255319154
9400042  0.1869918699186992
9400043  0.1869918699186992
10800080  0.1869918699186992
10800081  0.1869918699186992
10800082  0.1869918699186992
7700022  0.18644067796610164
7300017  0.18623481781376516
7300018  0.18623481781376516
7300019  0.18623481781376516
13900124  0.18623481781376516
13900125  0.18623481781376516
13500065  0.18565400843881852
13500066  0.18565400843881852
10800084  0.18478260869565222
2500022  0.18090452261306533
2500075  0.18090452261306533
9700041  0.18012422360248448
9400020  0.1779359430604982
9400024  0.1779359430604982
9400025  0.1779359430604982
9400026  0.1779359430604982
10800061  0.1779359430604982
10800063  0.1779359430604982
10800064  0.1779359430604982
10800067  0.1779359430604982
10800069  0.1779359430604982
10800070  0.1779359430604982
2500072  0.17733990147783252
7700030  0.1767676767676768
2500068  0.17560975609756102
7700034  0.17560975609756102
9700038  0.17500000000000004
2500037  0.17421602787456447
2500064  0.17307692307692313
2500033  0.1724137931034483
2500029  0.17123287671232879
5600052  0.1706484641638225
5600053  0.1706484641638225
2500025  0.17006802721088432
5600032  0.16988416988416988
9000034  0.16988416988416988
9000035  0.16988416988416988
9000036  0.16988416988416988
7700017  0.16981132075471694
7700018  0.16981132075471694
7700019  0.16981132075471694
9700046  0.16894977168949776
5600044  0.1678082191780822
5600045  0.1678082191780822
9000063  0.16666666666666663
9000064  0.16666666666666663
9000065  0.16666666666666663
9000093  0.16666666666666663
9000094  0.16666666666666663
10800058  0.16666666666666663
10800059  0.16666666666666663
10800060  0.16666666666666663
2500021  0.16501650165016502
15200060  0.16287878787878785
12400114  0.16091954022988508
8200047  0.15822784810126578
2500011  0.1577287066246057
2500013  0.1577287066246057
2500016  0.1577287066246057
2500017  0.1577287066246057
9700021  0.1572327044025157
9700022  0.1572327044025157
9700023  0.1572327044025157
8200044  0.1565762004175365
12400122  0.15517241379310343
9200019  0.1549586776859504
9200020  0.1549586776859504
9200021  0.1549586776859504
12400138  0.15144766146993316
5500030  0.1512605042016807
12400111  0.14478764478764483
12400107  0.14340344168260033
5500025  0.14313725490196083
12400104  0.14258555133079853
12400105  0.14258555133079853
12400106  0.14258555133079853
5500017  0.14231499051233398
5500018  0.14231499051233398
12400061  0.14150943396226412
5500015  0.1404494382022472
5500022  0.1404494382022472
12400099  0.1399253731343284
12400100  0.1399253731343284
12400102  0.1399253731343284
12700045  0.13644524236983846
12400053  0.13636363636363635
14600108  0.13062098501070663
14600110  0.13062098501070663
14600112  0.13062098501070663
14600114  0.13062098501070663
14600120  0.13062098501070663
14600102  0.13034188034188032
14600104  0.13034188034188032
14600106  0.13034188034188032
14600088  0.1297872340425532
14600090  0.1297872340425532
14600092  0.1297872340425532
14600094  0.1297872340425532
14600096  0.1297872340425532
14600098  0.1297872340425532
14600100  0.1297872340425532
14600084  0.12589928057553956
11100035  0.1254480286738351
2800013  0.12292358803986714
2800014  0.12292358803986714
2800058  0.12292358803986714
2800059  0.12292358803986714
2800060  0.12292358803986714
2800061  0.12292358803986714
2800062  0.12292358803986714
2800063  0.12292358803986714
2800064  0.12292358803986714
2800065  0.12292358803986714
2800069  0.12292358803986714
2800070  0.12292358803986714
2800071  0.12292358803986714
2800072  0.12292358803986714
2800073  0.12292358803986714
2800074  0.12292358803986714
2800075  0.12292358803986714
2800076  0.12292358803986714
2800078  0.12292358803986714
2800079  0.12292358803986714
2800080  0.12292358803986714
2800081  0.12292358803986714
2800082  0.12292358803986714
2800083  0.12292358803986714
2800084  0.12292358803986714
2800085  0.12292358803986714
2800086  0.12292358803986714
10800045  0.12277867528271402
10800046  0.12277867528271402
13000093  0.12277867528271402
13000100  0.12277867528271402
13000101  0.12277867528271402
2800042  0.12268907563025211
5600068  0.12268188302425109
10800085  0.12121212121212122
10800087  0.12121212121212122
13000087  0.12116564417177911
13000089  0.12116564417177911
14600079  0.12104283054003728
14600080  0.12104283054003728
9500032  0.120817843866171
11400081  0.12063492063492065
8800024  0.12059369202226344
10600067  0.12059369202226344
9000054  0.12012012012012008
3600039  0.11970534069981587
14600072  0.11970534069981587
4000014  0.11969696969696975
5600028  0.11969696969696975
5600029  0.11969696969696975
9000030  0.11969696969696975
9000031  0.11969696969696975
9100019  0.11969696969696975
9100020  0.11969696969696975
9100021  0.11969696969696975
13000082  0.11969696969696975
13000083  0.11969696969696975
13000084  0.11969696969696975
11100029  0.11951588502269284
11100030  0.11951588502269284
11100031  0.11951588502269284
12300038  0.11951588502269284
12300039  0.11951588502269284
12300040  0.11951588502269284
12300049  0.11951588502269284
12300056  0.11951588502269284
12700059  0.11951588502269284
10800077  0.11879699248120301
10800078  0.11879699248120301
13900054  0.1182965299684543
8500024  0.11791044776119408
8500025  0.11791044776119408
8500026  0.11791044776119408
8500027  0.11791044776119408
10800040  0.1172106824925816
10800041  0.1172106824925816
10800042  0.1172106824925816
13000057  0.1171303074670571
5600040  0.11678832116788318
9000053  0.11661807580174932
13000064  0.11651917404129797
13000067  0.11651917404129797
13000059  0.11617647058823533
14600064  0.1160714285714286
1400009  0.11577424023154848
1400012  0.11577424023154848
7200016  0.11577424023154848
7200017  0.11577424023154848
7200018  0.11577424023154848
8100023  0.11577424023154848
8100031  0.11577424023154848
9900021  0.11577424023154848
9900022  0.11577424023154848
9900024  0.11577424023154848
9900025  0.11577424023154848
9900026  0.11577424023154848
10500040  0.11577424023154848
12700052  0.11577424023154848
12700053  0.11577424023154848
12700055  0.11577424023154848
12700057  0.11577424023154848
12700058  0.11577424023154848
12700048  0.11560693641618502
13000048  0.11560693641618502
14900064  0.11560693641618502
2900038  0.11557788944723613
3600018  0.11557788944723613
3600022  0.11557788944723613
3000012  0.11544011544011545
3000016  0.11544011544011545
3000017  0.11544011544011545
3000018  0.11544011544011545
3000019  0.11544011544011545
3000020  0.11544011544011545
3000021  0.11544011544011545
3000022  0.11544011544011545
3000027  0.11544011544011545
3000028  0.11544011544011545
3000033  0.11544011544011545
3000037  0.11544011544011545
3000040  0.11544011544011545
12700071  0.11544011544011545
12700077  0.11544011544011545
2900012  0.11527377521613835
2900016  0.11527377521613835
2900017  0.11527377521613835
2900018  0.11527377521613835
2900019  0.11527377521613835
3600034  0.11527377521613835
10800099  0.11527377521613835
12700046  0.11527377521613835
8100024  0.11465892597968075
8100026  0.11465892597968075
8100027  0.11465892597968075
8100038  0.11465892597968075
12400049  0.1138328530259366
2900034  0.1132075471698113
3600028  0.11218836565096957
12700044  0.11218836565096957
10500041  0.11094674556213013
2900042  0.106544901065449
4300014  0.1063829787234043
4300015  0.1063829787234043
4300016  0.1063829787234043
12700073  0.1063829787234043
12700080  0.1063829787234043
2900026  0.10566615620214392
12400031  0.10533333333333328
12400032  0.10533333333333328
12400033  0.10533333333333328
12400038  0.10533333333333328
13900058  0.10353866317169069
13900062  0.10349288486416564
9300019  0.1018957345971564
9300020  0.1018957345971564
9300022  0.1018957345971564
9300023  0.1018957345971564
9300024  0.1018957345971564
9300025  0.1018957345971564
12400034  0.10162601626016265
12400109  0.09999999999999998
8200042  0.09973404255319152
8200043  0.09973404255319152
8200050  0.09973404255319152
8200022  0.09815950920245398
13900043  0.09815950920245398
13900044  0.09815950920245398
13900045  0.09815950920245398
13900046  0.09815950920245398
13900047  0.09815950920245398
13900048  0.09815950920245398
13900049  0.09815950920245398
13900050  0.09815950920245398
13900051  0.09815950920245398
8200023  0.09244791666666663
9000049  0.0907150480256137
9000050  0.0907150480256137
5600064  0.09041980624327228
5600065  0.09041980624327228
1300023  0.09033613445378152
1700008  0.09033613445378152
1900012  0.09033613445378152
2000017  0.09033613445378152
7400017  0.09033613445378152
7400021  0.09033613445378152
10600026  0.09031556039173017
5600060  0.0901194353963084
5600061  0.0901194353963084
9000103  0.0901194353963084
9000104  0.0901194353963084
9000105  0.0901194353963084
9000106  0.0901194353963084
10500123  0.0901194353963084
10500124  0.0901194353963084
10000066  0.08774038461538458
10200059  0.08536585365853655
10200061  0.08536585365853655
10200062  0.08536585365853655
10200070  0.08536585365853655
10200080  0.08536585365853655
12100052  0.08517699115044253
5900015  0.08498896247240617
5900017  0.08498896247240617
5900018  0.08498896247240617
5900019  0.08498896247240617
5900020  0.08498896247240617
5900021  0.08498896247240617
5900029  0.08498896247240617
13400050  0.08498896247240617
15300115  0.08498896247240617
15300135  0.08498896247240617
4200042  0.08493427704752277
6700016  0.08493427704752277
7100016  0.08493427704752277
7500017  0.08493427704752277
7500020  0.08493427704752277
7500026  0.08493427704752277
7800017  0.08493427704752277
9500039  0.08493427704752277
10200022  0.08493427704752277
10200032  0.08493427704752277
10200033  0.08493427704752277
10200034  0.08493427704752277
10200035  0.08493427704752277
10200047  0.08493427704752277
10200048  0.08493427704752277
10200056  0.08493427704752277
10200057  0.08493427704752277
10200066  0.08493427704752277
10600055  0.08493427704752277
11000023  0.08493427704752277
11000024  0.08493427704752277
11000025  0.08493427704752277
11000055  0.08493427704752277
11000056  0.08493427704752277
11000057  0.08493427704752277
11000060  0.08493427704752277
11000061  0.08493427704752277
11000062  0.08493427704752277
11000063  0.08493427704752277
11000065  0.08493427704752277
11000068  0.08493427704752277
11000069  0.08493427704752277
11000071  0.08493427704752277
11000073  0.08493427704752277
11000075  0.08493427704752277
11000077  0.08493427704752277
11000090  0.08493427704752277
11000091  0.08493427704752277
11000092  0.08493427704752277
11000094  0.08493427704752277
11000095  0.08493427704752277
11000096  0.08493427704752277
11000097  0.08493427704752277
11000100  0.08493427704752277
11000101  0.08493427704752277
11200048  0.08493427704752277
11900028  0.08493427704752277
12100029  0.08493427704752277
12100030  0.08493427704752277
12100031  0.08493427704752277
12100040  0.08493427704752277
12100041  0.08493427704752277
12100049  0.08493427704752277
12100050  0.08493427704752277
12100051  0.08493427704752277
12100058  0.08493427704752277
12200030  0.08493427704752277
12200032  0.08493427704752277
12200033  0.08493427704752277
12200034  0.08493427704752277
12200035  0.08493427704752277
12200036  0.08493427704752277
12200058  0.08493427704752277
12200059  0.08493427704752277
12200062  0.08493427704752277
12200063  0.08493427704752277
12200079  0.08493427704752277
13400040  0.08493427704752277
13400048  0.08493427704752277
13400049  0.08493427704752277
13400074  0.08493427704752277
14700086  0.08493427704752277
14700087  0.08493427704752277
15300090  0.08493427704752277
15300094  0.08493427704752277
15300095  0.08493427704752277
15300098  0.08493427704752277
15300101  0.08493427704752277
15300102  0.08493427704752277
15300103  0.08493427704752277
15300108  0.08493427704752277
15300109  0.08493427704752277
15300112  0.08493427704752277
15300114  0.08493427704752277
15300117  0.08493427704752277
12200064  0.08489525909592066
12200065  0.08489525909592066
15300121  0.08489525909592066
15300122  0.08489525909592066
2200009  0.08487486398258981
2200011  0.08487486398258981
2200029  0.08487486398258981
2200030  0.08487486398258981
2200031  0.08487486398258981
6800016  0.08476286579212922
6800018  0.08476286579212922
6800019  0.08476286579212922
6800020  0.08476286579212922
7000016  0.08476286579212922
7000017  0.08476286579212922
7000018  0.08476286579212922
10400022  0.08476286579212922
13800042  0.08476286579212922
14700076  0.08476286579212922
14700077  0.08476286579212922
14700081  0.08476286579212922
14700082  0.08476286579212922
15100059  0.08476286579212922
15100061  0.08476286579212922
15100062  0.08476286579212922
15400064  0.08476286579212922
16000133  0.08476286579212922
4200041  0.0845921450151057
4200044  0.0845921450151057
4200046  0.0845921450151057
14700071  0.0845921450151057
14700072  0.0845921450151057
14700091  0.0845921450151057
14700095  0.0845921450151057
2600025  0.08450704225352113
14700067  0.08450704225352113
14700068  0.08450704225352113
2600021  0.08442211055276383
2600022  0.08442211055276383
12600124  0.08433734939759041
12600132  0.08433734939759041
12600133  0.08433734939759041
12600134  0.08433734939759041
12600138  0.08433734939759041
14700066  0.08433734939759041
5600048  0.08431372549019611
5600049  0.08431372549019611
9000068  0.08431372549019611
9000071  0.08431372549019611
9000076  0.08431372549019611
4100020  0.08425275827482448
4200014  0.08425275827482448
4200020  0.08425275827482448
12600037  0.08425275827482448
13300038  0.08425275827482448
13300041  0.08425275827482448
14700055  0.08425275827482448
14700056  0.08425275827482448
14700058  0.08425275827482448
14700059  0.08425275827482448
14700065  0.08425275827482448
12600146  0.08383233532934131
12600150  0.08383233532934131
12600151  0.08383233532934131
12600152  0.08383233532934131
12600156  0.08383233532934131
12600032  0.08349900596421467
12600034  0.08349900596421467
2600017  0.08300395256916993
10200072  0.08294930875576034
10200086  0.08294930875576034
2600014  0.0829220138203356
1100013  0.08285163776493254
1200014  0.08285163776493254
17201285  0.08259587020648973
6500039  0.08243375858684987
5400015  0.08229665071770331
5400018  0.08229665071770331
5600072  0.08229665071770331
5600073  0.08229665071770331
8600024  0.08229665071770331
10000033  0.08229665071770331
10000035  0.08229665071770331
10000036  0.08229665071770331
10000040  0.08229665071770331
11400077  0.08229665071770331
12500049  0.08229665071770331
12500058  0.08229665071770331
12500059  0.08229665071770331
12500143  0.08229665071770331
12500146  0.08229665071770331
12500147  0.08229665071770331
12500148  0.08229665071770331
13500059  0.08229665071770331
13500060  0.08229665071770331
13500061  0.08229665071770331
8500018  0.0822179732313576
8500021  0.0822179732313576
9000113  0.0822179732313576
9000116  0.0822179732313576
9000117  0.0822179732313576
14500053  0.0822179732313576
1100005  0.0821394460362942
1100007  0.0821394460362942
1100010  0.0821394460362942
1200006  0.0821394460362942
1200011  0.0821394460362942
2100015  0.0821394460362942
3400013  0.0821394460362942
3400016  0.0821394460362942
3400017  0.0821394460362942
3400018  0.0821394460362942
3400020  0.0821394460362942
6500072  0.0821394460362942
7900018  0.0821394460362942
7900019  0.0821394460362942
7900025  0.0821394460362942
8100018  0.0821394460362942
8600022  0.0821394460362942
8600023  0.0821394460362942
8600029  0.0821394460362942
8600033  0.0821394460362942
8900024  0.0821394460362942
8900028  0.0821394460362942
8900030  0.0821394460362942
8900031  0.0821394460362942
8900032  0.0821394460362942
8900040  0.0821394460362942
8900044  0.0821394460362942
8900049  0.0821394460362942
8900053  0.0821394460362942
8900055  0.0821394460362942
8900059  0.0821394460362942
8900063  0.0821394460362942
8900064  0.0821394460362942
8900066  0.0821394460362942
10000031  0.0821394460362942
10600063  0.0821394460362942
10800023  0.0821394460362942
10800027  0.0821394460362942
10800029  0.0821394460362942
10800034  0.0821394460362942
10800035  0.0821394460362942
10800036  0.0821394460362942
10800037  0.0821394460362942
10800137  0.0821394460362942
11100024  0.0821394460362942
11100025  0.0821394460362942
11100026  0.0821394460362942
11400040  0.0821394460362942
11400041  0.0821394460362942
11400042  0.0821394460362942
11400043  0.0821394460362942
11400044  0.0821394460362942
11400045  0.0821394460362942
11400046  0.0821394460362942
11400047  0.0821394460362942
11400048  0.0821394460362942
11400049  0.0821394460362942
11400050  0.0821394460362942
11400051  0.0821394460362942
11400052  0.0821394460362942
11400055  0.0821394460362942
11400059  0.0821394460362942
11400060  0.0821394460362942
11400064  0.0821394460362942
11400068  0.0821394460362942
11400069  0.0821394460362942
11400073  0.0821394460362942
11400089  0.0821394460362942
11400090  0.0821394460362942
11400102  0.0821394460362942
11400106  0.0821394460362942
11400114  0.0821394460362942
11700112  0.0821394460362942
11700161  0.0821394460362942
11700175  0.0821394460362942
11700178  0.0821394460362942
11700179  0.0821394460362942
11700180  0.0821394460362942
11700181  0.0821394460362942
11700182  0.0821394460362942
11700186  0.0821394460362942
11700187  0.0821394460362942
11700190  0.0821394460362942
12300031  0.0821394460362942
12300032  0.0821394460362942
12300033  0.0821394460362942
12300034  0.0821394460362942
12500031  0.0821394460362942
12500032  0.0821394460362942
12500033  0.0821394460362942
12500053  0.0821394460362942
12500054  0.0821394460362942
12500056  0.0821394460362942
12500057  0.0821394460362942
12500071  0.0821394460362942
12500085  0.0821394460362942
12500088  0.0821394460362942
12500091  0.0821394460362942
12500102  0.0821394460362942
12500103  0.0821394460362942
12500104  0.0821394460362942
12500105  0.0821394460362942
12500112  0.0821394460362942
12500113  0.0821394460362942
12500114  0.0821394460362942
12500117  0.0821394460362942
12500120  0.0821394460362942
12500123  0.0821394460362942
12500152  0.0821394460362942
12500153  0.0821394460362942
12500154  0.0821394460362942
12500155  0.0821394460362942
12700033  0.0821394460362942
12700035  0.0821394460362942
12700037  0.0821394460362942
12700038  0.0821394460362942
12700039  0.0821394460362942
12700040  0.0821394460362942
12900035  0.0821394460362942
13000035  0.0821394460362942
13000036  0.0821394460362942
13000040  0.0821394460362942
13000041  0.0821394460362942
13000042  0.0821394460362942
13000043  0.0821394460362942
13000044  0.0821394460362942
13000045  0.0821394460362942
13500058  0.0821394460362942
13700042  0.0821394460362942
13700044  0.0821394460362942
14900057  0.0821394460362942
14900060  0.0821394460362942
14900061  0.0821394460362942
14900166  0.0821394460362942
14900171  0.0821394460362942
14900423  0.0821394460362942
15700095  0.0821394460362942
15700100  0.0821394460362942
2100009  0.08206106870229013
2100011  0.08206106870229013
6500066  0.08206106870229013
6500069  0.08206106870229013
11400098  0.08206106870229013
11700108  0.08206106870229013
11700174  0.08206106870229013
6500059  0.08198284080076268
11400094  0.08198284080076268
11700169  0.08198284080076268
6500035  0.08190476190476192
6500038  0.08190476190476192
11700067  0.08190476190476192
11700168  0.08190476190476192
6500015  0.08182683158896287
6500017  0.08182683158896287
6500020  0.08182683158896287
6500023  0.08182683158896287
6500026  0.08182683158896287
6500030  0.08182683158896287
11700063  0.08182683158896287
11700165  0.08182683158896287
11700167  0.08182683158896287
13500052  0.08182683158896287
13500057  0.08182683158896287
10000027  0.0816714150047484
17202287  0.0815939278937381
8600041  0.08156424581005584
10000074  0.08156424581005584
1800008  0.08143939393939392
1800009  0.08143939393939392
1800014  0.08143939393939392
1800019  0.08143939393939392
1800024  0.08143939393939392
11400026  0.08143939393939392
11400031  0.08143939393939392
11400032  0.08143939393939392
11400037  0.08143939393939392
11700027  0.08143939393939392
11700081  0.08143939393939392
11700082  0.08143939393939392
11700085  0.08143939393939392
11300081  0.0811320754716981
17200975  0.0811320754716981
17200986  0.0811320754716981
17201018  0.0811320754716981
17201031  0.0811320754716981
17201118  0.0811320754716981
17201152  0.0811320754716981
8800019  0.08105560791705935
11300025  0.08105560791705935
11300034  0.08105560791705935
11300043  0.08105560791705935
11300052  0.08105560791705935
11300062  0.08105560791705935
11300071  0.08105560791705935
11300076  0.08105560791705935
11300077  0.08105560791705935
11300078  0.08105560791705935
12800034  0.08105560791705935
13100036  0.08105560791705935
13100040  0.08105560791705935
13100055  0.08105560791705935
14000043  0.08105560791705935
14000163  0.08105560791705935
15800108  0.08105560791705935
3900014  0.08082706766917291
3900017  0.08082706766917291
3900018  0.08082706766917291
13500041  0.08082706766917291
13500043  0.08082706766917291
13500044  0.08082706766917291
13500045  0.08082706766917291
14300048  0.08082706766917291
14300051  0.08082706766917291
3600013  0.08067542213883683
14600054  0.08067542213883683
14600057  0.08067542213883683
14600058  0.08067542213883683
12500106  0.08045977011494254
12500107  0.08045977011494254
5600021  0.07977736549165115
5600022  0.07977736549165115
5600024  0.07977736549165115
9000019  0.07977736549165115
9000021  0.07977736549165115
9000022  0.07977736549165115
9000026  0.07977736549165115
9000081  0.07977736549165115
9000083  0.07977736549165115
9000089  0.07977736549165115
9000090  0.07977736549165115
9000109  0.07977736549165115
10500022  0.07977736549165115
10500026  0.07977736549165115
10500112  0.07977736549165115
10500117  0.07977736549165115
10600047  0.07977736549165115
10600048  0.07977736549165115
1300033  0.07933579335793361
2000027  0.07933579335793361
5600015  0.07933579335793361
5600018  0.07933579335793361
9500020  0.07933579335793361
10000022  0.07933579335793361
10000024  0.07933579335793361
10600022  0.07933579335793361
10600029  0.07933579335793361
10600031  0.07933579335793361
10600032  0.07933579335793361
10600034  0.07933579335793361
10600037  0.07933579335793361
10600038  0.07933579335793361
10600039  0.07933579335793361
10600040  0.07933579335793361
14800056  0.07933579335793361
14800068  0.07933579335793361
14800072  0.07933579335793361
14800075  0.07933579335793361
1000005  0.07926267281105992
1300007  0.07926267281105992
1300009  0.07926267281105992
1300012  0.07926267281105992
1300015  0.07926267281105992
1900009  0.07926267281105992
2000011  0.07926267281105992
2400016  0.07926267281105992
2400017  0.07926267281105992
2400020  0.07926267281105992
4600014  0.07926267281105992
4600015  0.07926267281105992
4600016  0.07926267281105992
4600019  0.07926267281105992
4600039  0.07926267281105992
6600016  0.07926267281105992
6600017  0.07926267281105992
6600018  0.07926267281105992
6600024  0.07926267281105992
6600025  0.07926267281105992
6600033  0.07926267281105992
6600046  0.07926267281105992
6600047  0.07926267281105992
6600052  0.07926267281105992
6600055  0.07926267281105992
6600058  0.07926267281105992
6600059  0.07926267281105992
6600064  0.07926267281105992
8600019  0.07926267281105992
14200047  0.07926267281105992
10200076  0.0744336569579288
10000070  0.07407407407407407
7900020  0.0731319554848967
7900021  0.0731319554848967
7900032  0.0731319554848967
7900033  0.0731319554848967
7900038  0.0731319554848967
8600042  0.0700152207001522
17201163  0.05788423153692612
