1800019  0.4041386842727661
2400020  0.4041386842727661
2500021  0.4041386842727661
2500022  0.4041386842727661
2600021  0.4041386842727661
2600022  0.4041386842727661
2900018  0.4041386842727661
2900019  0.4041386842727661
3000018  0.4041386842727661
3000019  0.4041386842727661
3000020  0.4041386842727661
3000021  0.4041386842727661
3000022  0.4041386842727661
3400020  0.4041386842727661
3500020  0.4041386842727661
3600018  0.4041386842727661
3600022  0.4041386842727661
3900018  0.4041386842727661
4000018  0.4041386842727661
4100020  0.4041386842727661
4200020  0.4041386842727661
4600019  0.4041386842727661
5400018  0.4041386842727661
5500018  0.4041386842727661
5500022  0.4041386842727661
5600018  0.4041386842727661
5600021  0.4041386842727661
5600022  0.4041386842727661
5900018  0.4041386842727661
5900019  0.4041386842727661
5900020  0.4041386842727661
5900021  0.4041386842727661
6500020  0.4041386842727661
6500023  0.4041386842727661
6800018  0.4041386842727661
6800019  0.4041386842727661
6800020  0.4041386842727661
7000018  0.4041386842727661
7200018  0.4041386842727661
7300019  0.4041386842727661
7400021  0.4041386842727661
7500020  0.4041386842727661
7700018  0.4041386842727661
7700019  0.4041386842727661
7700022  0.4041386842727661
7900019  0.4041386842727661
7900020  0.4041386842727661
7900021  0.4041386842727661
8100018  0.4041386842727661
8100023  0.4041386842727661
8200022  0.4041386842727661
8200023  0.4041386842727661
8500018  0.4041386842727661
8500021  0.4041386842727661
8600019  0.4041386842727661
8600022  0.4041386842727661
8600023  0.4041386842727661
8800019  0.4041386842727661
9000019  0.4041386842727661
9000021  0.4041386842727661
9000022  0.4041386842727661
9000116  0.4041386842727661
9000117  0.4041386842727661
9100019  0.4041386842727661
9100020  0.4041386842727661
9100021  0.4041386842727661
9200019  0.4041386842727661
9200020  0.4041386842727661
9200021  0.4041386842727661
9300019  0.4041386842727661
9300020  0.4041386842727661
9300022  0.4041386842727661
9300023  0.4041386842727661
9400020  0.4041386842727661
9500020  0.4041386842727661
9700021  0.4041386842727661
9700022  0.4041386842727661
9700023  0.4041386842727661
9900021  0.4041386842727661
9900022  0.4041386842727661
10000022  0.4041386842727661
10100022  0.4041386842727661
10100023  0.4041386842727661
10200022  0.4041386842727661
10400022  0.4041386842727661
10500022  0.4041386842727661
10500117  0.4041386842727661
10500123  0.4041386842727661
10500124  0.4041386842727661
10600022  0.4041386842727661
10800023  0.4041386842727661
10800137  0.4041386842727661
11000023  0.4041386842727661
11700161  0.4041386842727661
11700165  0.4041386842727661
11700167  0.4041386842727661
11700168  0.4041386842727661
11700169  0.4041386842727661
11700174  0.4041386842727661
11700175  0.4041386842727661
11700178  0.4041386842727661
11700179  0.4041386842727661
11700180  0.4041386842727661
11700181  0.4041386842727661
11700182  0.4041386842727661
11700186  0.4041386842727661
11700187  0.4041386842727661
11700190  0.4041386842727661
12400122  0.4041386842727661
12400123  0.4041386842727661
12400124  0.4041386842727661
12400126  0.4041386842727661
12400134  0.4041386842727661
12400138  0.4041386842727661
12400149  0.4041386842727661
12500117  0.4041386842727661
12500120  0.4041386842727661
12500123  0.4041386842727661
12500143  0.4041386842727661
12500146  0.4041386842727661
12500147  0.4041386842727661
12500148  0.4041386842727661
12500152  0.4041386842727661
12500153  0.4041386842727661
12500154  0.4041386842727661
12500155  0.4041386842727661
12600124  0.4041386842727661
12600132  0.4041386842727661
12600133  0.4041386842727661
12600134  0.4041386842727661
12600138  0.4041386842727661
12600146  0.4041386842727661
12600150  0.4041386842727661
12600151  0.4041386842727661
12600152  0.4041386842727661
12600156  0.4041386842727661
13900124  0.4041386842727661
13900125  0.4041386842727661
14000163  0.4041386842727661
14600120  0.4041386842727661
14900166  0.4041386842727661
14900171  0.4041386842727661
14900423  0.4041386842727661
15300115  0.4041386842727661
15300117  0.4041386842727661
15300121  0.4041386842727661
15300122  0.4041386842727661
15300135  0.4041386842727661
15800122  0.4041386842727661
15800137  0.4041386842727661
15800152  0.4041386842727661
15800167  0.4041386842727661
15800182  0.4041386842727661
15800197  0.4041386842727661
15800212  0.4041386842727661
15800227  0.4041386842727661
15800244  0.4041386842727661
15800324  0.4041386842727661
15800339  0.4041386842727661
15800373  0.4041386842727661
15800407  0.4041386842727661
15800442  0.4041386842727661
15800879  0.4041386842727661
16000133  0.4041386842727661
17200975  0.4041386842727661
17200986  0.4041386842727661
17201018  0.4041386842727661
17201031  0.4041386842727661
17201118  0.4041386842727661
17201152  0.4041386842727661
17201163  0.4041386842727661
17201285  0.4041386842727661
17201523  0.4041386842727661
17202287  0.4041386842727661
12400114  0.3419000208377838
1300023  0.3348768353462219
12500031  0.12260228395462036
1800024  0.12245386838912964
3000028  0.12161943316459656
9400024  0.12137850373983383
11100029  0.12133664637804031
11900028  0.12096098810434341
12100029  0.12074320018291473
9900025  0.12072329968214035
2200029  0.12050148844718933
12100031  0.12035749107599258
8600024  0.12026909738779068
8100026  0.12026125192642212
11000025  0.12015289813280106
8500026  0.12014923244714737
11300025  0.11980568617582321
10600029  0.11979435384273529
5600028  0.11968780308961868
3600028  0.11956597119569778
9300025  0.11946564167737961
8900031  0.11918439716100693
11400026  0.11914347112178802
8600029  0.11914084851741791
9100029  0.11906488984823227
5500025  0.11905443668365479
6600025  0.11903843283653259
11100025  0.11902046203613281
5900029  0.11898130923509598
5500030  0.11853071302175522
9100024  0.11846383661031723
8500024  0.11845395714044571
9300024  0.11843966692686081
9400026  0.11835245788097382
8100027  0.11830811947584152
7900025  0.11830056458711624
2200030  0.11816488206386566
2000027  0.11810608208179474
12200030  0.11808621883392334
8100024  0.11803697049617767
9100028  0.11803508549928665
10100024  0.11801706999540329
8100031  0.11792468279600143
12100030  0.11778377741575241
10800027  0.11777891218662262
10100025  0.11774507164955139
8900024  0.11771376430988312
8900028  0.11768074333667755
3500028  0.1176486685872078
11000024  0.11757487803697586
11100030  0.11755827814340591
2200031  0.11755402386188507
10500026  0.11743518710136414
10000024  0.11735738068819046
8500031  0.11734679341316223
11100031  0.11733470112085342
3000027  0.11730082333087921
2500025  0.11728552728891373
12300031  0.11726312339305878
8500025  0.11723984032869339
9000026  0.11718790233135223
8800024  0.11717786639928818
7700030  0.1170540452003479
9000031  0.11698070913553238
11100024  0.11694158613681793
9400025  0.11692043393850327
6600024  0.11686006188392639
6500030  0.11684111505746841
10600026  0.1167965680360794
2500029  0.11664655059576035
11700027  0.11649592965841293
7500026  0.11646959185600281
2900026  0.1163535788655281
12400031  0.11635060608386993
11100026  0.11630304157733917
8500027  0.11627458035945892
10000027  0.11624640226364136
3500024  0.1162448525428772
8900030  0.11612782627344131
5600024  0.1160280853509903
9900024  0.1160254031419754
10600031  0.11602503061294556
2600025  0.11600927263498306
5500026  0.11499344557523727
9900026  0.11498758941888809
6500026  0.11494655162096024
9000030  0.11471403390169144
10800029  0.11440533399581909
5600029  0.11435700953006744
11400031  0.11380304396152496
14600088  0.1113116517663002
10800087  0.10987165570259094
10200080  0.10883694142103195
10800080  0.10843376815319061
9000081  0.1083863228559494
11000075  0.10831309854984283
10000070  0.10812260955572128
10800081  0.10797383636236191
10000074  0.10778839886188507
11700081  0.10770329087972641
2800070  0.10770196467638016
2800076  0.1074628084897995
2800080  0.1074366495013237
13500080  0.10740961134433746
2800081  0.1073240116238594
13500070  0.10730930417776108
13400074  0.10718165338039398
11400081  0.10707677900791168
2800075  0.10707437992095947
11700085  0.10686769336462021
12700073  0.10664690285921097
14800072  0.1066410019993782
11300071  0.10656138509511948
14600072  0.10650073736906052
11000071  0.10642216354608536
10200076  0.10633966326713562
14700071  0.10627391189336777
2800078  0.10626091063022614
12700080  0.1062556803226471
13500079  0.10614899545907974
2500072  0.10612767189741135
14700081  0.10608071833848953
11300076  0.10605908930301666
12200079  0.10604061931371689
14600080  0.10591904819011688
2800086  0.10585204511880875
11400073  0.10576166212558746
2800083  0.10571648180484772
10800082  0.1057112067937851
2800074  0.10563583672046661
10800078  0.10560162365436554
9000083  0.10557647794485092
11300077  0.10556311160326004
13000084  0.10555687546730042
10200072  0.10555391758680344
14700076  0.10554996877908707
11000073  0.10552529245615005
14700087  0.10551980137825012
14700072  0.10539135336875916
13000083  0.1053120344877243
12700071  0.10526962578296661
2800071  0.10523393005132675
10800085  0.10523327440023422
12500071  0.10522698611021042
10800079  0.10515320301055908
14700077  0.10514743626117706
12700077  0.10511711239814758
11300081  0.10510410368442535
2800084  0.10508947819471359
9000076  0.10497988760471344
14600084  0.10491597652435303
12500085  0.10481937974691391
6500072  0.10481571406126022
10800084  0.10474260151386261
10200086  0.1046779602766037
5600073  0.10465969145298004
9000071  0.10444123297929764
2800072  0.10439801216125488
2800079  0.1042572483420372
2500075  0.10424787551164627
11000077  0.10419578850269318
2800085  0.10413073748350143
2800073  0.10404613614082336
14700086  0.10387475043535233
13000087  0.10386766493320465
13000082  0.10385733097791672
5600072  0.10359425097703934
11300078  0.10353272408246994
10200070  0.10349135100841522
14600079  0.10340758413076401
11700082  0.10331498086452484
10800077  0.10328216850757599
10800070  0.10302077233791351
11400077  0.10289274901151657
14700082  0.10267594456672668
14800075  0.1026618555188179
2800082  0.1022239401936531
10800069  0.09635782241821289
9400031  0.08637668937444687
2900038  0.08539783954620361
13000035  0.08527696877717972
10000035  0.08519112318754196
10000031  0.0851173847913742
9000035  0.08505317568778992
10200035  0.08494739979505539
9400033  0.08484651148319244
3000033  0.08462434262037277
12200033  0.08456262201070786
12900035  0.08453206717967987
10200033  0.08451960980892181
8100033  0.08441479504108429
12200032  0.08438071608543396
10500032  0.08430390805006027
8500036  0.08429182320833206
10000033  0.08427361398935318
6500035  0.08425790816545486
8900032  0.08422741293907166
12700035  0.08421800285577774
3500032  0.08420928567647934
12200035  0.08420298248529434
8500035  0.08395791798830032
10500033  0.08394293487071991
8100038  0.08391927182674408
12700037  0.08388172090053558
8500033  0.08377383649349213
9000034  0.08370751887559891
8100032  0.08353246003389359
13100036  0.08352974057197571
12200034  0.08345724642276764
10800034  0.08341722190380096
12300033  0.08341637998819351
12300034  0.08341220766305923
10800037  0.08340524137020111
11100035  0.08337417244911194
10800035  0.08334968239068985
5600032  0.08327393978834152
10100032  0.08325982093811035
1300033  0.08324529975652695
3600034  0.08323783427476883
12400032  0.08323279768228531
11300034  0.08322524279356003
9500032  0.08321920782327652
10600038  0.08318942040205002
10600034  0.0831850916147232
10000036  0.08309363573789597
6600033  0.08306032419204712
12600034  0.08305339515209198
12600032  0.08304695039987564
10600032  0.08304271847009659
10800036  0.08304204791784286
9400034  0.08295996487140656
13300038  0.08295062929391861
3000037  0.08294955641031265
10200032  0.08293712139129639
12300038  0.08290614932775497
7900038  0.08288276940584183
2500037  0.08279085904359818
11400032  0.08277206867933273
8100034  0.08275888115167618
12400038  0.08275765925645828
12300032  0.08275538682937622
12700038  0.0827297791838646
12600037  0.08270805329084396
12400033  0.08270791918039322
7900033  0.08270277082920074
10600037  0.08267334848642349
11400037  0.0826408639550209
10200034  0.08261432498693466
8500032  0.08252368867397308
7700034  0.0823577418923378
8600033  0.08230456709861755
12700033  0.08228065818548203
9700038  0.08209174871444702
9400032  0.08204127848148346
12500032  0.0819302424788475
12800034  0.0818246454000473
2500033  0.08176890015602112
7900032  0.0817188024520874
12400036  0.0816269963979721
12400034  0.0815126895904541
12200036  0.08148559182882309
12500033  0.08141374588012695
2900034  0.08123376965522766
13000036  0.08121870458126068
9000036  0.0810432881116867
6500038  0.0742449015378952
6500069  0.07281829416751862
12200064  0.07172683626413345
6500059  0.0716782808303833
2800069  0.07142861187458038
2500064  0.0713171735405922
13500065  0.07127690315246582
5600064  0.07122170180082321
14700065  0.07120203226804733
2800062  0.07110339403152466
5600061  0.07108286023139954
13500059  0.07105501741170883
10100062  0.07103773951530457
5600065  0.07095538824796677
11300062  0.07094988971948624
10100065  0.07092595845460892
13000059  0.07091126590967178
8900064  0.0708811953663826
12400061  0.0708598867058754
11000061  0.07075289636850357
2800065  0.07071760296821594
12200062  0.07070694863796234
9000065  0.07067952305078506
12200059  0.07057079672813416
10800060  0.07054734230041504
11000069  0.07053197175264359
12200063  0.07049126923084259
13500060  0.07048661261796951
6600064  0.07046058028936386
11700063  0.07044518738985062
15200060  0.07043369114398956
15100059  0.07039854675531387
13500061  0.07039425522089005
11400068  0.07036756724119186
8900066  0.0703638419508934
15100061  0.0703435018658638
11000062  0.0703430250287056
9000064  0.07033772021532059
2800064  0.07032434642314911
12700059  0.07030466198921204
11400064  0.07029969245195389
10800061  0.07029134780168533
13000067  0.07025029510259628
14700067  0.07023898512125015
10800063  0.0702274814248085
11000068  0.07022412121295929
14700068  0.07020542770624161
2800060  0.07019324600696564
13000064  0.07013797760009766
11000065  0.07013460248708725
14900064  0.07010114938020706
5600068  0.07008529454469681
5600060  0.07004880905151367
11400059  0.07003521174192429
10000066  0.07001392543315887
10600067  0.07000956684350967
10800067  0.06999695301055908
14900061  0.06991960853338242
14800068  0.06989587098360062
11700067  0.06987836956977844
10200059  0.0698448121547699
10200066  0.06984478235244751
2800059  0.0698150023818016
9000068  0.06981004774570465
6600059  0.06979059427976608
10600063  0.06978034228086472
11000063  0.06978006660938263
2500068  0.06977780908346176
10800064  0.069764144718647
11000060  0.06973758339881897
2800061  0.06968860328197479
13900062  0.06965484470129013
14600064  0.0696054995059967
2800063  0.06950447708368301
11400060  0.06949785351753235
15100062  0.06949197500944138
12200065  0.06947274506092072
11400069  0.0694587305188179
15400064  0.0693923830986023
14900060  0.06937628239393234
10200061  0.06937076151371002
8900063  0.06925009191036224
14700059  0.06922004371881485
10200062  0.06915604323148727
14700066  0.06911618262529373
9000063  0.06911275535821915
6500066  0.06881226599216461
13500066  0.0687234029173851
12500088  0.06498239189386368
12500114  0.05703076720237732
11400089  0.05624252185225487
9000105  0.055953849107027054
12500105  0.05574733763933182
12400104  0.05572302266955376
11000097  0.05559276044368744
13900105  0.05550703778862953
12400105  0.055429503321647644
9000089  0.05542656406760216
11400106  0.05541958287358284
12500106  0.05538046732544899
14600096  0.055277276784181595
15300114  0.05525140464305878
11400094  0.055251382291316986
15300098  0.05521143600344658
11000096  0.05520560219883919
9000106  0.05518032982945442
13000048  0.05517815053462982
14600106  0.055171988904476166
13000089  0.055168528109788895
13000100  0.05511901527643204
14600104  0.055106814950704575
14700091  0.0550604872405529
12400099  0.05505239963531494
11000091  0.05504104122519493
14600100  0.05502425134181976
12500104  0.05501297488808632
11400114  0.05499723181128502
12500103  0.0549786277115345
12400106  0.05497060716152191
14600102  0.05496874079108238
15300094  0.054937463253736496
11000100  0.05489370971918106
14700095  0.05486366152763367
12400108  0.054860346019268036
14600094  0.05479302629828453
11000094  0.05478113517165184
12500091  0.05476677790284157
15300112  0.05473281070590019
14600090  0.05471665784716606
15300109  0.05471223592758179
14600112  0.0547073557972908
9000104  0.05470717325806618
13000091  0.054690685123205185
12400100  0.054681841284036636
11400090  0.05462929978966713
11000092  0.05462103709578514
11700112  0.05461697280406952
15300108  0.05461578071117401
9000094  0.054602932184934616
15300102  0.05458550527691841
11400098  0.05455853044986725
15300090  0.054546356201171875
15300103  0.05454389750957489
9000113  0.054541368037462234
13000090  0.054510366171598434
15700100  0.054506462067365646
9000109  0.05450550466775894
14600110  0.05447982996702194
9000103  0.05442085862159729
10500112  0.054408591240644455
13000093  0.05437040701508522
12500102  0.05436834692955017
11400044  0.054357219487428665
12500112  0.0543380044400692
12400111  0.054326675832271576
12400109  0.05431473255157471
4600039  0.05430718883872032
15300095  0.05428844690322876
15800108  0.054284244775772095
13000044  0.05427293851971626
12500107  0.05426899716258049
11000095  0.054240863770246506
12500113  0.054178543388843536
14600092  0.05414867028594017
11400102  0.0541427806019783
8200044  0.05410955473780632
9000090  0.05406446009874344
10800103  0.05406360700726509
15700095  0.054056573659181595
12400102  0.054046135395765305
13000101  0.05398563668131828
10600039  0.05398058518767357
10500045  0.053951967507600784
10800041  0.05392096936702728
11000101  0.053919170051813126
14600098  0.053899846971035004
13500044  0.05385265871882439
14600114  0.05384847894310951
9700041  0.053828075528144836
13900048  0.05382448062300682
13100040  0.053819794207811356
4200044  0.053813397884368896
11000090  0.05381113663315773
15300101  0.05374949052929878
12700039  0.05371028929948807
12700044  0.05369829386472702
13500041  0.05365747958421707
9000093  0.05365564301609993
10800099  0.053636178374290466
13000042  0.053628627210855484
14600108  0.05362521484494209
13700044  0.05362223833799362
10000040  0.053619008511304855
11400042  0.0535578578710556
8200042  0.05353625491261482
3500044  0.0535360611975193
12100041  0.05352509394288063
13000043  0.0535101443529129
11700108  0.05350591614842415
13900045  0.05346852168440819
12700040  0.05343286693096161
10800040  0.053389497101306915
12400107  0.05332176759839058
11400041  0.05328257381916046
12300040  0.05328099802136421
5600044  0.05322607234120369
9700046  0.05321400612592697
10200047  0.05320606753230095
12700046  0.05318697914481163
10500046  0.053182873874902725
4200042  0.05316099524497986
4200046  0.05315544083714485
13900044  0.05313848704099655
11400046  0.053134188055992126
11300043  0.05312114208936691
8600041  0.05308370292186737
13900043  0.05307314544916153
13900046  0.053064003586769104
13400040  0.05305862799286842
3600039  0.05304709076881409
10500041  0.053039342164993286
5600045  0.0530119352042675
6600047  0.05300651863217354
8900044  0.05299387872219086
4200041  0.052985936403274536
10600040  0.05298301950097084
3000040  0.05294210463762283
5600040  0.05293732509016991
10500040  0.05290159583091736
10800042  0.052882712334394455
12700045  0.052823394536972046
9400043  0.05281771719455719
11400047  0.0528133288025856
13900047  0.05278867110610008
2800042  0.05276697874069214
2900042  0.05276670306921005
8900040  0.05274105444550514
12300039  0.052734434604644775
14200047  0.05273149907588959
13300041  0.05272678658366203
10600047  0.05272061750292778
14000043  0.052714020013809204
10500044  0.052702102810144424
11400040  0.05262186378240585
10800046  0.052597444504499435
13000040  0.05258333310484886
13500043  0.052572574466466904
9500039  0.052566803991794586
6600046  0.05252044275403023
8200043  0.05250929296016693
8600042  0.05243469402194023
13700042  0.05236077681183815
11400043  0.05233167111873627
12100040  0.05232677236199379
8200047  0.05227118730545044
13000041  0.052258219569921494
6500039  0.052183881402015686
10800045  0.052172254770994186
13000045  0.051931314170360565
13500045  0.05191847309470177
11400045  0.051788393408060074
9400042  0.05165454000234604
13800042  0.051534105092287064
6600018  0.04819205403327942
10800059  0.04787474498152733
10600048  0.03900084272027016
1000005  0.03731539100408554
7900018  0.03717473894357681
3500016  0.036917854100465775
7100016  0.036873284727334976
2500016  0.036828357726335526
1800014  0.03679303452372551
1100005  0.03679146245121956
4200014  0.0366964265704155
3400013  0.03668750077486038
1100007  0.03662950173020363
2400016  0.03660840541124344
4600016  0.036582984030246735
6800016  0.03657170757651329
6700016  0.036547742784023285
3600013  0.03650416061282158
1100010  0.036454200744628906
3500013  0.03644043579697609
2900012  0.03638368472456932
7000016  0.03636986017227173
5500015  0.036339711397886276
6500017  0.03627617657184601
1400012  0.03627435863018036
6600016  0.03626908361911774
4300016  0.03625313565135002
1200006  0.036251287907361984
7500017  0.03624375909566879
3000012  0.03623682260513306
5500017  0.03621562942862511
3000016  0.036210428923368454
2200009  0.03616747632622719
2800014  0.03615722805261612
3400016  0.03613340109586716
1400009  0.03612283989787102
1800008  0.03612113744020462
1300012  0.03612073138356209
5600015  0.036068834364414215
2500017  0.03606646507978439
3900017  0.036058831959962845
4300014  0.036050423979759216
6500015  0.03604559227824211
5900015  0.03599395975470543
1200011  0.035984717309474945
7300018  0.03597462177276611
5900017  0.03596959635615349
1300009  0.035963546484708786
2600017  0.035959452390670776
2900016  0.035936880856752396
7000017  0.03592969477176666
4600015  0.03592966869473457
1200014  0.035915665328502655
7200017  0.03591460734605789
2500013  0.03590250760316849
7200016  0.035871122032403946
2800013  0.03583541885018349
4000014  0.035818394273519516
1800009  0.035779453814029694
7700017  0.03576318547129631
2100009  0.03575754910707474
1300015  0.03575336933135986
2000011  0.03571862727403641
2500011  0.03570814058184624
2100011  0.03568600118160248
3000017  0.03567932918667793
2100015  0.03567622974514961
2000017  0.03567507117986679
1100013  0.03565826267004013
2900017  0.035620078444480896
3700016  0.03561193868517876
1900009  0.03561051934957504
3900014  0.03560464084148407
7800017  0.035563625395298004
4600014  0.035514120012521744
1900012  0.035497553646564484
3700014  0.035495832562446594
3400018  0.035493846982717514
2400017  0.03547360375523567
7400017  0.03541593253612518
1300007  0.035412099212408066
2200011  0.03535075858235359
6600017  0.035302117466926575
3700015  0.03525710478425026
4300015  0.035231251269578934
3400017  0.03522816672921181
5400015  0.03521387279033661
1700008  0.0351988822221756
2600014  0.035103943198919296
7300017  0.034888606518507004
12500059  0.026369012892246246
10200048  0.026246171444654465
14700055  0.026128824800252914
6600055  0.02607417106628418
11000055  0.02599092572927475
12300056  0.025940796360373497
12700055  0.02588295377790928
12100051  0.025862734764814377
13900051  0.025854354724287987
11400048  0.02583434246480465
10600055  0.025832440704107285
9000049  0.025829771533608437
11000056  0.02582077495753765
11400055  0.025820329785346985
9000050  0.02577168308198452
3500052  0.025763818994164467
13400048  0.025750281289219856
13400050  0.025741741061210632
9000053  0.025733986869454384
14700056  0.02571939490735531
12400049  0.025709813460707664
8900059  0.025680625811219215
13100055  0.02567247301340103
8900055  0.025662574917078018
12500056  0.02565053477883339
12100052  0.02564871311187744
12300049  0.025639275088906288
13900054  0.02563030645251274
12200058  0.025623729452490807
14900057  0.025598300620913506
11200048  0.02558848261833191
14600057  0.02558586746454239
12100050  0.025583775714039803
8500048  0.02557968534529209
5600052  0.025579139590263367
10800051  0.025571908801794052
12100058  0.025571594014763832
6600052  0.025569789111614227
13900049  0.025566495954990387
12100049  0.025560392066836357
8500049  0.025550222024321556
14600054  0.02553967572748661
9000054  0.025520125404000282
14600058  0.025508856400847435
13900050  0.025503505021333694
12400053  0.025497112423181534
10200057  0.025493036955595016
11000057  0.02548164315521717
5600049  0.025480985641479492
12500054  0.025477660819888115
13500052  0.025461621582508087
12500058  0.025457195937633514
10200056  0.02545444667339325
5600053  0.025450672954320908
10800058  0.025447923690080643
8200050  0.02544303424656391
13400049  0.025439836084842682
14300048  0.02543875016272068
6600058  0.025433914735913277
2800058  0.025431182235479355
13900058  0.025431105867028236
11400049  0.025430001318454742
3500048  0.025429097935557365
13500058  0.025422681123018265
8900049  0.025421081110835075
11400052  0.02541903778910637
14700058  0.02541521191596985
11400050  0.0254141204059124
12500049  0.02540348470211029
13000057  0.025390006601810455
12700057  0.025387393310666084
11400051  0.025370480492711067
11300052  0.02535158582031727
14500053  0.025314997881650925
10800050  0.02529551088809967
12700058  0.025283897295594215
12700053  0.02527647837996483
12700048  0.02524849772453308
12700052  0.025235962122678757
12500053  0.025232894346117973
5600048  0.0252271369099617
14300051  0.025155525654554367
13500057  0.02512371726334095
8900053  0.02511703222990036
10800049  0.02508416771888733
12500057  0.024991443380713463
14800056  0.024959290400147438
