15800244  0.9879698753356934
15800324  0.9866229891777039
15800167  0.9859042763710022
3500032  0.9727649092674255
15800879  0.950981855392456
3500016  0.9446926116943359
12400114  0.9422154426574707
2900034  0.9345387816429138
11100035  0.9313664436340332
15800339  0.9162782430648804
10100024  0.9151363372802734
10100025  0.9132382273674011
10500032  0.9131386876106262
10100023  0.9120473265647888
10500033  0.911534309387207
10100022  0.909471333026886
3500013  0.9058964848518372
3500048  0.9058160781860352
12400134  0.8980019688606262
15200060  0.8941879868507385
15800122  0.8914071917533875
10200072  0.8905542492866516
8100033  0.8898311257362366
10500045  0.8893691301345825
10500044  0.8889462351799011
10500046  0.8888533115386963
8100034  0.8867602944374084
10200086  0.885535717010498
5600068  0.8852001428604126
13900105  0.8847427368164062
15800373  0.8838580250740051
10600026  0.8832244873046875
15800407  0.8824402689933777
8100032  0.882339596748352
10000066  0.8812045454978943
5500030  0.8803468942642212
10100062  0.8802909255027771
15800442  0.8791612982749939
9000049  0.8785674571990967
10100065  0.878301203250885
15800212  0.87815260887146
15800197  0.8777481913566589
9300023  0.8776407837867737
15800152  0.8766552209854126
10100032  0.8759307265281677
9000050  0.8758653998374939
15800137  0.8755817413330078
15800227  0.875316321849823
9300020  0.8751963973045349
9300022  0.8733950853347778
15800182  0.8732178211212158
9300019  0.8726125955581665
5600061  0.8725394010543823
8200047  0.8720900416374207
9000103  0.8710052371025085
9000106  0.8697503209114075
3500052  0.8689319491386414
12400126  0.8682125210762024
9000104  0.8681889176368713
9300025  0.8678770661354065
10500124  0.86720871925354
9000054  0.866722822189331
12400149  0.8660825490951538
9000105  0.8659828901290894
9300024  0.8652929663658142
12400036  0.8649930357933044
13000082  0.8645211458206177
8500027  0.8642187118530273
5600060  0.864042341709137
13000087  0.8639498353004456
10500123  0.8636583089828491
8500025  0.8633393049240112
9400026  0.863275945186615
2500037  0.8626535534858704
10800064  0.8622578382492065
9400025  0.8616496920585632
10800063  0.8605734705924988
2500033  0.8603491187095642
2500025  0.8602581024169922
9100019  0.8602572083473206
10800059  0.8600687384605408
3500044  0.8600479364395142
8500026  0.8599294424057007
9400020  0.8598193526268005
8500024  0.8595588207244873
12400108  0.8587898015975952
10000074  0.8585337400436401
10800069  0.858453094959259
9400024  0.8574948310852051
9000030  0.8572936654090881
8500048  0.8572892546653748
12400123  0.8572385311126709
13000083  0.8569144606590271
13000089  0.8568823337554932
5600029  0.8565616607666016
13000084  0.8562019467353821
9400033  0.8551220297813416
2500021  0.8550984263420105
9700022  0.8539989590644836
9100021  0.8538613319396973
4000014  0.8533453345298767
12400053  0.8532817959785461
10800070  0.8532685041427612
2500029  0.8530526161193848
10800061  0.85297030210495
9700021  0.8529398441314697
5600028  0.8524407744407654
9000093  0.8524174690246582
10800041  0.8523723483085632
2500013  0.8522987365722656
10800077  0.8522387146949768
8600024  0.8522317409515381
8500049  0.8520185351371765
10800067  0.8519226312637329
9100020  0.8518893122673035
8500031  0.8517399430274963
12400124  0.8517183661460876
13000091  0.8515545725822449
8500032  0.8512665033340454
10800078  0.8510932922363281
8600041  0.8510652184486389
9000094  0.8507893681526184
10800058  0.8502668738365173
9100029  0.8501520752906799
13500080  0.850041389465332
9000031  0.8498164415359497
9100024  0.8497251272201538
8200044  0.849490225315094
9000065  0.8492556214332581
8500035  0.8488909602165222
11700179  0.8482553958892822
9700023  0.8480268716812134
14600084  0.8480185270309448
12300040  0.8475091457366943
9000064  0.8474743366241455
10800060  0.8471673727035522
2500016  0.8470420241355896
5600052  0.8469277620315552
11400040  0.8467031121253967
9400034  0.8466913104057312
3500028  0.8466430306434631
12400049  0.8465960621833801
13000093  0.8462819457054138
13500058  0.846115231513977
5600053  0.845869779586792
2500017  0.845420241355896
12400111  0.8453760147094727
11700190  0.8452260494232178
12300038  0.84515380859375
12500105  0.8450189828872681
12500053  0.8448860049247742
12500088  0.844803512096405
8500018  0.8447951674461365
12700059  0.8445736765861511
12700040  0.8445302844047546
12500117  0.8443056344985962
12500114  0.8440887331962585
11700178  0.8439236879348755
2500011  0.8438328504562378
5600040  0.8437544107437134
10800042  0.8437123894691467
1900012  0.8437089920043945
10200076  0.8434497714042664
1800009  0.8433570861816406
10000070  0.8432899117469788
10800040  0.843047559261322
9000063  0.8429084420204163
1300023  0.8423855304718018
12500120  0.8422101140022278
9100028  0.8421214818954468
13500079  0.841931939125061
5600065  0.8418999910354614
8600033  0.8418396711349487
11400042  0.8417955636978149
8500036  0.8416528105735779
12300049  0.8416222333908081
12700035  0.8416178822517395
5600044  0.8415799736976624
12300039  0.8415496945381165
11100026  0.8415192365646362
7900018  0.8413127064704895
6500020  0.8411014676094055
5600073  0.8409755825996399
8900066  0.8408625721931458
6500023  0.8407427072525024
12700037  0.8407183885574341
12900035  0.8406542539596558
8900032  0.8405643701553345
13500059  0.8405585885047913
13000044  0.8405264019966125
8500033  0.8404391407966614
11400064  0.8401674032211304
12700039  0.8400731682777405
14500053  0.8399873971939087
12500147  0.8399744629859924
5600064  0.8399479389190674
8900024  0.8399024605751038
6500030  0.8398746252059937
14900423  0.8398222327232361
14900166  0.8397074937820435
7900019  0.8396902680397034
12700038  0.8395117521286011
8900044  0.8395070433616638
14700091  0.8393405079841614
8900030  0.8390633463859558
11700027  0.8390607237815857
8900028  0.8390583992004395
10800103  0.8390316963195801
11000071  0.8389976620674133
10000031  0.8389763236045837
12300031  0.8389172554016113
11400102  0.8387666344642639
10000035  0.8387603163719177
6500035  0.8384429216384888
10800051  0.838423490524292
11100030  0.8383869528770447
12300034  0.8383454084396362
12500054  0.8383280634880066
1800019  0.8383234143257141
10800045  0.8383060693740845
12600132  0.8382698893547058
5500018  0.8381752371788025
8900049  0.8381425142288208
11400081  0.8379577398300171
10800087  0.8379290103912354
12600138  0.8378496766090393
3400013  0.8378405570983887
14900171  0.8378118872642517
1800024  0.8377466797828674
11700182  0.8377460837364197
12700044  0.8377267122268677
11400037  0.8376525640487671
3400016  0.8376033306121826
12500056  0.8376019597053528
14900060  0.8375729322433472
12500049  0.8373779058456421
11100029  0.837350070476532
6500015  0.8373197913169861
15700095  0.8372901082038879
13000040  0.8371697068214417
1100013  0.8370412588119507
11400060  0.8370298743247986
12500071  0.8369714021682739
12500148  0.8369330763816833
10200048  0.8368345499038696
8900053  0.8368288278579712
12500153  0.8368099331855774
11100031  0.8367758989334106
10800037  0.8367546200752258
11100025  0.8367024660110474
7400017  0.8367020487785339
14900061  0.8366153240203857
14600104  0.8365535736083984
8900064  0.8364881873130798
6500017  0.8364409804344177
8900040  0.8363907933235168
11700081  0.8362970352172852
7100016  0.836259126663208
13500057  0.8362215161323547
1200011  0.8361248970031738
11400048  0.8360432386398315
12300056  0.836025595664978
6500059  0.8359960913658142
12100029  0.8359640836715698
8500021  0.8359634280204773
11000090  0.8358696699142456
11400052  0.8358657360076904
11700085  0.8358592987060547
17201523  0.8358534574508667
12200033  0.8358513712882996
5600045  0.8358445167541504
11400094  0.8357858061790466
3600028  0.83575040102005
8100018  0.8357499837875366
3700015  0.8356738686561584
5600032  0.8356602191925049
12200062  0.8356320858001709
5500026  0.8356310725212097
11000055  0.8356219530105591
11700165  0.8355254530906677
11700186  0.8355048894882202
12500103  0.8353666067123413
12500031  0.8352888822555542
3400018  0.8352835178375244
4200044  0.8352559804916382
6500069  0.8352183103561401
11700067  0.8351302742958069
13000045  0.8351240158081055
11400043  0.835110068321228
11400077  0.8351061344146729
15700100  0.835054874420166
6500038  0.8349807858467102
10200057  0.8348884582519531
6500072  0.8348793983459473
14000043  0.8348459601402283
3000016  0.8348088264465332
5600072  0.8347963690757751
13000042  0.83478182554245
6500066  0.8347694277763367
2100011  0.8346890211105347
2900017  0.8346599340438843
10800085  0.8345276713371277
12500058  0.8344880938529968
12500123  0.834475040435791
11400055  0.8344480991363525
12200030  0.8344166278839111
13700042  0.8344083428382874
11700180  0.8342584371566772
2900012  0.8342293500900269
12500155  0.8341965675354004
12500104  0.8341280221939087
9000113  0.8340597748756409
11400041  0.8340122103691101
9000117  0.833999514579773
12700071  0.833986759185791
10200035  0.8338611125946045
9000116  0.8338133692741394
11700063  0.8338046669960022
11000069  0.8337844610214233
12700052  0.833651065826416
12400105  0.8336389064788818
11400050  0.8335913419723511
17201152  0.8334704041481018
12500143  0.8334690928459167
1800014  0.8334482908248901
11300081  0.8334265947341919
13500070  0.8333525061607361
8900059  0.8333373665809631
3400017  0.8333261013031006
12700033  0.8333206176757812
11400032  0.833292543888092
12800034  0.8332551717758179
8600022  0.8332229852676392
13000041  0.8331672549247742
12300032  0.8331549167633057
13500041  0.833085298538208
11700112  0.8330612182617188
10000040  0.8330565690994263
2900016  0.8330431580543518
10800079  0.8330303430557251
14700081  0.8329392075538635
9000034  0.8329150080680847
17201018  0.8328291177749634
5500022  0.8328195214271545
11700161  0.8327990770339966
11400073  0.8327694535255432
12200079  0.8327656984329224
11300076  0.8327517509460449
8600023  0.8327274918556213
11300025  0.83266681432724
14600108  0.8326523900032043
12500152  0.8326358199119568
11400059  0.8325344324111938
11400026  0.8324624300003052
11000092  0.8324177265167236
11400051  0.8323544263839722
13000043  0.8322813510894775
11000075  0.8322624564170837
11400106  0.8321784734725952
8900063  0.8321488499641418
11400090  0.8320798277854919
10800029  0.8319858312606812
8600029  0.8319824934005737
13100040  0.8319671154022217
12100031  0.8318837881088257
11700181  0.831849992275238
11700167  0.831834077835083
5400015  0.8317968249320984
11300052  0.8316062092781067
12100050  0.8315593600273132
8900055  0.8315394520759583
13000035  0.8315384387969971
3700016  0.8314850926399231
8800019  0.8314337730407715
5900015  0.8313219547271729
14300051  0.8311874270439148
14900057  0.8311795592308044
2100009  0.8311299681663513
12500033  0.8310440182685852
11000094  0.831027626991272
10800049  0.8309805393218994
13500066  0.8309558629989624
11000091  0.8309129476547241
10200047  0.83089280128479
10000033  0.8308795094490051
11000024  0.8308354020118713
1200006  0.8307406306266785
10200022  0.8306946754455566
2000017  0.8306525945663452
13500060  0.8306097984313965
13500044  0.8305965065956116
11400044  0.8305884599685669
7400021  0.8305841684341431
3700014  0.8305805921554565
12100049  0.8305689096450806
5600048  0.8305641412734985
12200032  0.8305628895759583
14600110  0.8305410742759705
15300114  0.8304833173751831
10800046  0.8304707407951355
11100024  0.8303103446960449
9500039  0.8302994966506958
5400018  0.8302254676818848
14600106  0.8302159905433655
10600063  0.8301684260368347
6800016  0.8301616311073303
11400049  0.8300997018814087
11300071  0.8300371170043945
2100015  0.8299956321716309
10800035  0.8299652338027954
12500085  0.8299221992492676
1700008  0.8298478126525879
10800034  0.8298369646072388
12500032  0.8298051357269287
3900014  0.8297500014305115
12400099  0.8297451138496399
7200016  0.8296154141426086
1100010  0.8295536041259766
15300108  0.8295468688011169
13000057  0.8295401930809021
12200058  0.8295331001281738
12500057  0.8295180201530457
11700187  0.829513430595398
11000060  0.8294912576675415
3400020  0.8294249176979065
11400069  0.8294196724891663
1100007  0.829382061958313
4200042  0.829362690448761
11400031  0.8293522596359253
15300112  0.8293371796607971
11300077  0.829322099685669
6500026  0.829255223274231
14700086  0.8291732668876648
11400098  0.8291574716567993
7500017  0.8291333317756653
11700168  0.8291021585464478
17201031  0.8290955424308777
12500112  0.8290886878967285
11700082  0.829078197479248
12300033  0.8290347456932068
9900024  0.8289988040924072
13300041  0.8289754986763
9000053  0.8288959860801697
10800027  0.8288537859916687
10200032  0.828822910785675
11200048  0.8287492394447327
12100058  0.8287492394447327
15300098  0.8287209272384644
8100023  0.8286516666412354
12100041  0.8286482095718384
1400009  0.8286345601081848
11700175  0.8286023736000061
2900018  0.828586995601654
11400047  0.828495979309082
12500059  0.8284858465194702
12700046  0.8284261226654053
13000100  0.828392744064331
13500065  0.8283688426017761
12400107  0.8283364772796631
11000025  0.8282598853111267
11700174  0.8282569646835327
11400046  0.8282368183135986
12700053  0.8282331824302673
12100051  0.8282303810119629
3000040  0.8280602693557739
15300109  0.82805335521698
9000035  0.8280240297317505
10800050  0.8280158638954163
15400064  0.827970564365387
10500040  0.8279618620872498
13000067  0.8278868198394775
15300103  0.8278568387031555
11300078  0.8278284668922424
7900025  0.8278252482414246
14700076  0.8278226256370544
13400049  0.827788233757019
11400045  0.8277819156646729
15300094  0.827666699886322
12200059  0.8276501297950745
5600049  0.8276481628417969
14600112  0.8276411294937134
13400074  0.8275981545448303
4200041  0.8275792598724365
12400061  0.8275607824325562
2900019  0.8275429010391235
17200975  0.8275049328804016
9900025  0.8274949789047241
7500020  0.8274785876274109
8900031  0.8273619413375854
12500154  0.8273294568061829
3000027  0.8273070454597473
14700077  0.8272294402122498
12700048  0.8272292017936707
12100030  0.8272116184234619
3000017  0.8272067904472351
11000073  0.827196478843689
10000027  0.8271610736846924
13700044  0.8270871043205261
9200021  0.8270836472511292
2200031  0.8270623683929443
14900064  0.8270524740219116
11700169  0.8270426988601685
12700058  0.8270132541656494
12500113  0.8269986510276794
9900026  0.826951801776886
9900021  0.8268467783927917
14600098  0.8267868757247925
10200066  0.8267346620559692
14700071  0.8266831040382385
3000037  0.8266294002532959
13000036  0.8266230821609497
11000057  0.8265467286109924
11700108  0.8263944983482361
10200061  0.8263662457466125
11400068  0.8263219594955444
3000012  0.8263128995895386
11000077  0.8262081742286682
14600058  0.8260822892189026
11400114  0.8260763883590698
14600120  0.8260568976402283
3000021  0.8260532021522522
7200017  0.8259979486465454
15100059  0.8259091377258301
12600133  0.8258695602416992
14700095  0.8258500099182129
12200035  0.8258116841316223
9200019  0.825711727142334
1100005  0.8257074356079102
13000048  0.8256651759147644
6800018  0.8255146145820618
2600025  0.8255070447921753
11000101  0.8253589868545532
13000101  0.8252553343772888
11000061  0.8252450823783875
12500146  0.8252431154251099
14700082  0.8251944780349731
17200986  0.8250904679298401
4200046  0.8250489830970764
1800008  0.825004518032074
5500017  0.8249936699867249
12400100  0.8248928785324097
3000033  0.8248905539512634
3000019  0.8247232437133789
11000100  0.824695348739624
14700087  0.824639081954956
14000163  0.8246175050735474
10400022  0.8244979381561279
1200014  0.8244959115982056
1400012  0.8243855834007263
17202287  0.8243386149406433
13500043  0.8241408467292786
2200011  0.8240754008293152
11400089  0.8240559697151184
10800137  0.8240480422973633
13900051  0.8239268064498901
7000018  0.8237274289131165
14700072  0.8236249685287476
2200030  0.8235911130905151
10800036  0.823582112789154
5900017  0.8235499262809753
14600092  0.8235084414482117
11300062  0.8234022259712219
9900022  0.8233972191810608
12700055  0.8233917355537415
7800017  0.8233084082603455
11000068  0.823188304901123
10200062  0.8231629729270935
12700045  0.8231549263000488
6800019  0.8229532837867737
10200033  0.822903037071228
3000020  0.822899341583252
10000036  0.8228580355644226
11000063  0.8227949142456055
3600013  0.822460949420929
13800042  0.8222876191139221
12400102  0.822256863117218
3900018  0.8219869136810303
14600100  0.8219865560531616
5900018  0.8219307661056519
11000065  0.8216973543167114
12200063  0.8216705322265625
9000090  0.8215898871421814
12500091  0.8215311169624329
11000096  0.8214868307113647
9000071  0.8214817047119141
8100031  0.8214653730392456
12400104  0.8214395642280579
12700077  0.8214352130889893
15300115  0.8211368322372437
13500061  0.8210734128952026
13000059  0.8210512399673462
11000062  0.8210194706916809
15800108  0.8210189342498779
6700016  0.8209033012390137
14600088  0.8208155632019043
17201118  0.8207527995109558
13500052  0.8207510113716125
15300117  0.8207276463508606
2800080  0.820690393447876
13100036  0.8206402063369751
11000023  0.8205897212028503
12500102  0.8203957676887512
10200056  0.820384681224823
9000036  0.8203810453414917
5900019  0.820357620716095
14600094  0.8203550577163696
14600096  0.8202636241912842
15300090  0.820229709148407
14700068  0.8201934695243835
12400106  0.820160984992981
10200059  0.8201561570167542
14600114  0.8201061487197876
11000056  0.8200970888137817
3000028  0.8200151324272156
10500026  0.820012629032135
14600090  0.8199690580368042
15100062  0.8199588060379028
16000133  0.8198791146278381
13400048  0.8196430206298828
3900017  0.8196215629577637
3000022  0.81960529088974
11300043  0.819394588470459
8100027  0.8193356394767761
13000064  0.8193280100822449
10800023  0.8192490935325623
13500045  0.8192475438117981
12700057  0.8191847801208496
10200034  0.8191540241241455
7000017  0.8190710544586182
15300095  0.8189743161201477
14800068  0.8188602328300476
14600102  0.8187885880470276
5900021  0.8187589645385742
11000095  0.8185986876487732
15300101  0.8184711337089539
11000097  0.8183754086494446
8200022  0.8183415532112122
2800079  0.8181893229484558
2800081  0.8180606365203857
9000019  0.8179658651351929
3000018  0.8178854584693909
10500112  0.8178714513778687
9000068  0.8177598714828491
13100055  0.8174921870231628
7200018  0.8171824216842651
14600057  0.8170986771583557
6600064  0.8169919848442078
11300034  0.8169807195663452
5900029  0.8169751167297363
14300048  0.8169716596603394
14600054  0.8166064620018005
2800070  0.8165158629417419
2800059  0.8163794279098511
1300033  0.8163713812828064
2800064  0.8157304525375366
12200064  0.8155769109725952
9000081  0.8154470324516296
12600037  0.8154034614562988
12100052  0.8150867819786072
6800020  0.8150632381439209
12200034  0.8150238990783691
12100040  0.8149347901344299
5600024  0.8148544430732727
15100061  0.8148533701896667
13400040  0.814768373966217
2800086  0.8147189021110535
13900062  0.8146684169769287
12600134  0.8145562410354614
5500015  0.8144589066505432
11900028  0.81443190574646
6600033  0.8143889904022217
9000021  0.8143171072006226
10200070  0.8143155574798584
13900048  0.8142598271369934
6600058  0.8142192959785461
2200029  0.8141751885414124
12600124  0.814115047454834
9000022  0.8139166831970215
14800072  0.8138852715492249
3600034  0.8136155009269714
12400122  0.8134443163871765
5900020  0.8133751749992371
15300102  0.8133191466331482
9200020  0.8132251501083374
15300121  0.8131616115570068
2800071  0.8130608201026917
2600021  0.8130490779876709
9000076  0.813030481338501
2800083  0.8129890561103821
15300135  0.8127867579460144
10600038  0.8127061128616333
10200080  0.8126839399337769
5600021  0.8126715421676636
6500039  0.8126112818717957
13900046  0.8125666975975037
4600016  0.8125417828559875
7500026  0.8122186660766602
1000005  0.8121120929718018
2800073  0.8118180632591248
5600022  0.8118122816085815
10600055  0.8117287755012512
13900049  0.8117157220840454
2800074  0.811713457107544
9000109  0.8117104768753052
2800069  0.8116654753684998
13400050  0.8114955425262451
2800075  0.811453104019165
2000011  0.811133861541748
2800058  0.8108060359954834
9000026  0.8106513619422913
10800099  0.8105366826057434
2000027  0.8105202913284302
2400016  0.8105100989341736
6600025  0.8103052973747253
2800060  0.8102657198905945
6600017  0.8101882934570312
12200036  0.8101285099983215
10600031  0.8099861741065979
4600015  0.8099315762519836
7000016  0.8098481297492981
12200065  0.8097882866859436
13900044  0.809237539768219
10600034  0.8091727495193481
14700067  0.8091052174568176
9000083  0.8090831637382507
1300009  0.8089132905006409
10500022  0.8088980913162231
17201285  0.8088080286979675
8600042  0.8087074756622314
9000089  0.8084884881973267
10600029  0.8083575367927551
2800062  0.8083251118659973
2800076  0.8081969022750854
5600018  0.8080819249153137
2600022  0.8080309629440308
13900043  0.8078402280807495
8100038  0.8078247904777527
8600019  0.8077801465988159
2800085  0.8074389100074768
4600039  0.807231068611145
6600046  0.8071076273918152
2800082  0.8069526553153992
10000024  0.8067448735237122
6600052  0.8065615296363831
14800056  0.8063043355941772
14800075  0.80607670545578
2800061  0.8059436678886414
13300038  0.805742084980011
10600032  0.8057334423065186
2800014  0.8056698441505432
2800072  0.8056613206863403
2800084  0.8053472638130188
2400020  0.8053049445152283
8100024  0.8051465749740601
6600055  0.8050968050956726
1300007  0.8045856952667236
15300122  0.8045581579208374
1300012  0.8045241236686707
5600015  0.8044917583465576
10600040  0.804419219493866
12400033  0.8038710951805115
13900058  0.8037967085838318
2200009  0.8036986589431763
1300015  0.8036503791809082
10600037  0.8034998178482056
10600047  0.8034093379974365
8100026  0.8028249740600586
6600059  0.8028247356414795
10600048  0.8023442029953003
6600024  0.8017106652259827
2800063  0.8013775944709778
4600014  0.8013612627983093
6600047  0.80121910572052
6600018  0.800952672958374
1900009  0.8008958697319031
10600022  0.800686776638031
10600039  0.8006628751754761
4600019  0.8004415035247803
10500117  0.8003937005996704
2800013  0.8003175854682922
3500020  0.8002264499664307
2800065  0.7997741103172302
14200047  0.7994017004966736
13900047  0.7990084886550903
2800042  0.7985875010490417
2400017  0.7982221841812134
6600016  0.7972842454910278
2800078  0.7971334457397461
13900050  0.7969661951065063
9500020  0.7964830994606018
12400032  0.7962378859519958
12400038  0.796126127243042
9700046  0.7949444055557251
13900045  0.794267475605011
14700066  0.7928387522697449
5500025  0.7918750047683716
12400031  0.7915286421775818
14700056  0.7897469997406006
12600146  0.789400577545166
10000022  0.7891210317611694
12600151  0.7870910167694092
2500068  0.7858626842498779
9400042  0.7853207588195801
12600032  0.7851561307907104
7300018  0.7844330668449402
14700055  0.7832822203636169
12600034  0.7828342914581299
13900124  0.7825197577476501
12600150  0.7820249199867249
10800082  0.7819936275482178
7300019  0.7816104292869568
7300017  0.7814619541168213
10500041  0.7813341617584229
14700058  0.7808230519294739
7700030  0.7803182005882263
12600152  0.7801313996315002
14700059  0.7788870930671692
9700041  0.7782852053642273
14700065  0.7762137055397034
2500022  0.7761014103889465
9400032  0.7757611870765686
10800080  0.7756426930427551
9700038  0.7755207419395447
12400034  0.7755107283592224
2600017  0.7751366496086121
4100020  0.7742729187011719
9400043  0.7732362151145935
14600080  0.772081732749939
12600156  0.7717954516410828
4200014  0.7717171907424927
8200050  0.769834578037262
14600079  0.7673378586769104
2500075  0.7646467685699463
9400031  0.7614762187004089
2500072  0.7611031532287598
8200043  0.7598318457603455
7700034  0.7594650983810425
2600014  0.7587528228759766
8200042  0.7582209706306458
2500064  0.7572797536849976
13900125  0.7569369077682495
13900054  0.7564788460731506
10800081  0.7563638091087341
4200020  0.7562425136566162
7900021  0.7551577687263489
7900033  0.7522222995758057
7700017  0.7520883083343506
7700019  0.752078115940094
7700018  0.75202476978302
13000090  0.7486394643783569
7900032  0.7462032437324524
7900038  0.7320900559425354
3600018  0.7289875149726868
3600022  0.7285075187683105
7900020  0.7276320457458496
2900038  0.7214663028717041
12500107  0.708155632019043
12400138  0.706230878829956
4000018  0.7060442566871643
12500106  0.6977310180664062
10600067  0.6958268880844116
3600039  0.6892176866531372
8800024  0.6795563697814941
14600064  0.6792538166046143
14600072  0.6736956834793091
9500032  0.6630409955978394
4300016  0.6519765257835388
4300015  0.6471240520477295
4300014  0.6414808630943298
2900042  0.6340981721878052
12700080  0.6266351342201233
12700073  0.6220177412033081
2900026  0.6156119704246521
7700022  0.608154296875
3500024  0.5518998503684998
12400109  0.5353537201881409
8200023  0.48675820231437683
10800084  0.44139808416366577
17201163  0.43946945667266846
