15800324  0.6819943394704735
15800879  0.6675296659492219
10500032  0.6430097498961727
10500033  0.6430097498961727
10100022  0.638422225794674
10100023  0.638422225794674
10100024  0.638422225794674
10100025  0.638422225794674
3500032  0.6315919573344251
12400134  0.6149549108557443
8100032  0.6115250096627521
8100033  0.6115250096627521
8100034  0.6115250096627521
10500044  0.6115250096627521
10500045  0.6115250096627521
10500046  0.6115250096627521
10100062  0.6015221385341629
10100065  0.6015221385341629
10100032  0.5984812970217168
12400126  0.596028670602689
12400149  0.596028670602689
13900105  0.5692811434213009
15800167  0.539163866017192
15800244  0.539163866017192
12400036  0.5146388693503494
3500013  0.5066719036126315
12400123  0.42168040634549137
12400124  0.42168040634549137
12400108  0.40900033061782315
3500016  0.40768942875016695
5500026  0.40381443197493105
15200060  0.4035824424808243
8200047  0.37146924827486677
8200044  0.36952538747972064
9200019  0.36761172682990373
9200020  0.36761172682990373
9200021  0.36761172682990373
12400122  0.360432779158473
5500030  0.35586050805351355
12400111  0.3553425036115804
12400107  0.35363984645719404
12400104  0.3526299257474798
12400105  0.3526299257474798
12400106  0.3526299257474798
5500017  0.35229520338847053
5500018  0.35229520338847053
12400053  0.3516797505323002
12400061  0.35129672654804217
5600068  0.35025973651599046
5500015  0.34997853530806483
5500022  0.34997853530806483
12400099  0.34932498004997337
12400100  0.34932498004997337
12400102  0.34932498004997337
5500025  0.3485688282078247
12700045  0.3472456141017197
12400138  0.3460481378658355
13000091  0.3406753224056338
9400033  0.33907964467599844
9400034  0.33907964467599844
9000054  0.33427480704260015
13000087  0.33362152852795934
13000089  0.33362152852795934
4000014  0.33159341533529885
5600028  0.33159341533529885
5600029  0.33159341533529885
9000030  0.33159341533529885
9000031  0.33159341533529885
9100019  0.33159341533529885
9100020  0.33159341533529885
9100021  0.33159341533529885
13000082  0.33159341533529885
13000083  0.33159341533529885
13000084  0.33159341533529885
11100029  0.3313424933051646
11100030  0.3313424933051646
11100031  0.3313424933051646
12300038  0.3313424933051646
12300039  0.3313424933051646
12300040  0.3313424933051646
12300049  0.3313424933051646
12300056  0.3313424933051646
12700059  0.3313424933051646
10800077  0.3303444714799752
10800078  0.3303444714799752
13000057  0.3300885116915625
5600040  0.329606278400187
10800045  0.3293965469363048
10800046  0.3293965469363048
13000093  0.3293965469363048
13000100  0.3293965469363048
13000101  0.3293965469363048
9000053  0.3293659529738486
8500024  0.32910953455364994
8500025  0.32910953455364994
8500026  0.32910953455364994
8500027  0.32910953455364994
1400009  0.32817216161224644
1400012  0.32817216161224644
7200016  0.32817216161224644
7200017  0.32817216161224644
7200018  0.32817216161224644
8100023  0.32817216161224644
8100031  0.32817216161224644
9900021  0.32817216161224644
9900022  0.32817216161224644
9900024  0.32817216161224644
9900025  0.32817216161224644
9900026  0.32817216161224644
10500040  0.32817216161224644
12700052  0.32817216161224644
12700053  0.32817216161224644
12700055  0.32817216161224644
12700057  0.32817216161224644
12700058  0.32817216161224644
10800040  0.328131495141278
10800041  0.328131495141278
10800042  0.328131495141278
12700048  0.3279349572721736
13000048  0.3279349572721736
14900064  0.3279349572721736
3000012  0.32769826654680645
3000016  0.32769826654680645
3000017  0.32769826654680645
3000018  0.32769826654680645
3000019  0.32769826654680645
3000020  0.32769826654680645
3000021  0.32769826654680645
3000022  0.32769826654680645
3000027  0.32769826654680645
3000028  0.32769826654680645
3000033  0.32769826654680645
3000037  0.32769826654680645
3000040  0.32769826654680645
12700071  0.32769826654680645
12700077  0.32769826654680645
2900012  0.3274620875852807
2900016  0.3274620875852807
2900017  0.3274620875852807
2900018  0.3274620875852807
2900019  0.3274620875852807
3600034  0.3274620875852807
10800099  0.3274620875852807
12700046  0.3274620875852807
10800085  0.3272883873788334
10800087  0.3272883873788334
13000064  0.32716212376126763
13000067  0.32716212376126763
13000059  0.3266806487045569
9100028  0.3266346271507634
9100029  0.3266346271507634
11400081  0.3265081994100958
2800013  0.325225244217242
2800014  0.325225244217242
2800058  0.325225244217242
2800059  0.325225244217242
2800060  0.325225244217242
2800061  0.325225244217242
2800062  0.325225244217242
2800063  0.325225244217242
2800064  0.325225244217242
2800065  0.325225244217242
2800069  0.325225244217242
2800070  0.325225244217242
2800071  0.325225244217242
2800072  0.325225244217242
2800073  0.325225244217242
2800074  0.325225244217242
2800075  0.325225244217242
2800076  0.325225244217242
2800078  0.325225244217242
2800079  0.325225244217242
2800080  0.325225244217242
2800081  0.325225244217242
2800082  0.325225244217242
2800083  0.325225244217242
2800084  0.325225244217242
2800085  0.325225244217242
2800086  0.325225244217242
3600028  0.3250627420247626
12700044  0.3250627420247626
8100024  0.32454001710461655
8100026  0.32454001710461655
8100027  0.32454001710461655
8100038  0.32454001710461655
12400049  0.3233688114904647
3700014  0.3228319989860621
3700015  0.3228319989860621
3700016  0.3228319989860621
2800042  0.3227120273089696
9400020  0.32163819687085704
9400024  0.32163819687085704
9400025  0.32163819687085704
9400026  0.32163819687085704
10800061  0.32163819687085704
10800063  0.32163819687085704
10800064  0.32163819687085704
10800067  0.32163819687085704
10800069  0.32163819687085704
10800070  0.32163819687085704
13900054  0.32119398883052164
10800079  0.3205373395511225
14600084  0.32011897570746617
8500048  0.31988369979626785
8500049  0.31988369979626785
11100035  0.3195447708044531
13000090  0.3195214988499949
9300019  0.319211112897337
9300020  0.319211112897337
9300022  0.319211112897337
9300023  0.319211112897337
9300024  0.319211112897337
9300025  0.319211112897337
9100024  0.31915916047456144
2500037  0.31825836720998457
10800050  0.31772473002138235
10800051  0.31772473002138235
10800103  0.31772473002138235
9400031  0.31755115221603647
9400032  0.31755115221603647
2500033  0.31660792375701174
13500080  0.3163094680634193
17201523  0.3163094680634193
9400042  0.3162576594579424
9400043  0.3162576594579424
10800080  0.3162576594579424
10800081  0.3162576594579424
10800082  0.3162576594579424
7300017  0.31561681247834483
7300018  0.31561681247834483
7300019  0.31561681247834483
13900124  0.31561681247834483
13900125  0.31561681247834483
2500029  0.315521787026765
5600052  0.31498289374354854
5600053  0.31498289374354854
2500025  0.31444675225915136
8500031  0.31285243018684056
8500032  0.31285243018684056
8500033  0.31285243018684056
8500035  0.31285243018684056
8500036  0.31285243018684056
13500070  0.31285243018684056
13500079  0.31150100948372944
9000093  0.3112864031823452
9000094  0.3112864031823452
10800058  0.3112864031823452
10800059  0.3112864031823452
10800060  0.3112864031823452
12400031  0.3110621962284723
12400032  0.3110621962284723
12400033  0.3110621962284723
12400038  0.3110621962284723
10500041  0.3110560765483801
13900062  0.3102780221614691
2500021  0.3097415479731345
10800049  0.3095063186855545
5600044  0.3092113512862297
5600045  0.3092113512862297
13900058  0.3084008715368564
13500065  0.3081976180300483
13500066  0.3081976180300483
9000063  0.30815781721396834
9000064  0.30815781721396834
9000065  0.30815781721396834
2900038  0.3045178112150439
3600018  0.3045178112150439
3600022  0.3045178112150439
14600108  0.3043842447266724
14600110  0.3043842447266724
14600112  0.3043842447266724
14600114  0.3043842447266724
14600120  0.3043842447266724
14600102  0.3040588739819111
14600104  0.3040588739819111
14600106  0.3040588739819111
14600088  0.3034112505118421
14600090  0.3034112505118421
14600092  0.3034112505118421
14600094  0.3034112505118421
14600096  0.3034112505118421
14600098  0.3034112505118421
14600100  0.3034112505118421
2500011  0.3028245967712241
2500013  0.3028245967712241
2500016  0.3028245967712241
2500017  0.3028245967712241
14600079  0.30246629612551645
14600080  0.30246629612551645
9700021  0.3023480825550552
9700022  0.3023480825550552
9700023  0.3023480825550552
9500032  0.30218506287444385
8200022  0.30217738391732757
13900043  0.30217738391732757
13900044  0.30217738391732757
13900045  0.30217738391732757
13900046  0.30217738391732757
13900047  0.30217738391732757
13900048  0.30217738391732757
13900049  0.30217738391732757
13900050  0.30217738391732757
13900051  0.30217738391732757
8800024  0.3019046126396649
10600067  0.3019046126396649
3600039  0.3007905696793042
14600072  0.3007905696793042
1300023  0.3005597019791268
1700008  0.3005597019791268
1900012  0.3005597019791268
2000017  0.3005597019791268
7400017  0.3005597019791268
7400021  0.3005597019791268
9000049  0.29943316764477
9000050  0.29943316764477
12400034  0.29770344264346305
5600064  0.2971817962991144
5600065  0.2971817962991144
14600064  0.2961898129841987
10600026  0.295237222564106
8200042  0.2949192477471363
8200043  0.2949192477471363
8200050  0.2949192477471363
5600060  0.2949164867577827
5600061  0.2949164867577827
9000103  0.2949164867577827
9000104  0.2949164867577827
9000105  0.2949164867577827
9000106  0.2949164867577827
10500123  0.2949164867577827
10500124  0.2949164867577827
5600032  0.2948177102317964
9000034  0.2948177102317964
9000035  0.2948177102317964
9000036  0.2948177102317964
2900042  0.2944870012249806
4300014  0.29426314182263646
4300015  0.29426314182263646
4300016  0.29426314182263646
12700073  0.29426314182263646
12700080  0.29426314182263646
2900026  0.29116775269369527
3500024  0.29072517999404635
5600048  0.29036825840679636
5600049  0.29036825840679636
9000068  0.29036825840679636
9000071  0.29036825840679636
9000076  0.29036825840679636
4200042  0.2880261469072409
6700016  0.2880261469072409
7100016  0.2880261469072409
7500017  0.2880261469072409
7500020  0.2880261469072409
7500026  0.2880261469072409
7800017  0.2880261469072409
9500039  0.2880261469072409
10200022  0.2880261469072409
10200032  0.2880261469072409
10200033  0.2880261469072409
10200034  0.2880261469072409
10200035  0.2880261469072409
10200047  0.2880261469072409
10200048  0.2880261469072409
10200056  0.2880261469072409
10200057  0.2880261469072409
10200066  0.2880261469072409
10600055  0.2880261469072409
11000023  0.2880261469072409
11000024  0.2880261469072409
11000025  0.2880261469072409
11000055  0.2880261469072409
11000056  0.2880261469072409
11000057  0.2880261469072409
11000060  0.2880261469072409
11000061  0.2880261469072409
11000062  0.2880261469072409
11000063  0.2880261469072409
11000065  0.2880261469072409
11000068  0.2880261469072409
11000069  0.2880261469072409
11000071  0.2880261469072409
11000073  0.2880261469072409
11000075  0.2880261469072409
11000077  0.2880261469072409
11000090  0.2880261469072409
11000091  0.2880261469072409
11000092  0.2880261469072409
11000094  0.2880261469072409
11000095  0.2880261469072409
11000096  0.2880261469072409
11000097  0.2880261469072409
11000100  0.2880261469072409
11000101  0.2880261469072409
11200048  0.2880261469072409
11900028  0.2880261469072409
12100029  0.2880261469072409
12100030  0.2880261469072409
12100031  0.2880261469072409
12100040  0.2880261469072409
12100041  0.2880261469072409
12100049  0.2880261469072409
12100050  0.2880261469072409
12100051  0.2880261469072409
12100058  0.2880261469072409
12200030  0.2880261469072409
12200032  0.2880261469072409
12200033  0.2880261469072409
12200034  0.2880261469072409
12200035  0.2880261469072409
12200036  0.2880261469072409
12200058  0.2880261469072409
12200059  0.2880261469072409
12200062  0.2880261469072409
12200063  0.2880261469072409
12200079  0.2880261469072409
13400040  0.2880261469072409
13400048  0.2880261469072409
13400049  0.2880261469072409
13400074  0.2880261469072409
14700086  0.2880261469072409
14700087  0.2880261469072409
15300090  0.2880261469072409
15300094  0.2880261469072409
15300095  0.2880261469072409
15300098  0.2880261469072409
15300101  0.2880261469072409
15300102  0.2880261469072409
15300103  0.2880261469072409
15300108  0.2880261469072409
15300109  0.2880261469072409
15300112  0.2880261469072409
15300114  0.2880261469072409
15300117  0.2880261469072409
1100013  0.28783960423286536
1200014  0.28783960423286536
6800016  0.2877353581941276
6800018  0.2877353581941276
6800019  0.2877353581941276
6800020  0.2877353581941276
7000016  0.2877353581941276
7000017  0.2877353581941276
7000018  0.2877353581941276
10400022  0.2877353581941276
13800042  0.2877353581941276
14700076  0.2877353581941276
14700077  0.2877353581941276
14700081  0.2877353581941276
14700082  0.2877353581941276
15100059  0.2877353581941276
15100061  0.2877353581941276
15100062  0.2877353581941276
15400064  0.2877353581941276
16000133  0.2877353581941276
4200041  0.28744544843971337
4200044  0.28744544843971337
4200046  0.28744544843971337
14700071  0.28744544843971337
14700072  0.28744544843971337
14700091  0.28744544843971337
14700095  0.28744544843971337
2600025  0.2873008217898335
14700067  0.2873008217898335
14700068  0.2873008217898335
2600021  0.2871564132248972
2600022  0.2871564132248972
12600124  0.28701222219736505
12600132  0.28701222219736505
12600133  0.28701222219736505
12600134  0.28701222219736505
12600138  0.28701222219736505
14700066  0.28701222219736505
5400015  0.28687392826414765
5400018  0.28687392826414765
5600072  0.28687392826414765
5600073  0.28687392826414765
8600024  0.28687392826414765
10000033  0.28687392826414765
10000035  0.28687392826414765
10000036  0.28687392826414765
10000040  0.28687392826414765
11400077  0.28687392826414765
12500049  0.28687392826414765
12500058  0.28687392826414765
12500059  0.28687392826414765
12500143  0.28687392826414765
12500146  0.28687392826414765
12500147  0.28687392826414765
12500148  0.28687392826414765
13500059  0.28687392826414765
13500060  0.28687392826414765
13500061  0.28687392826414765
4100020  0.28686824816162027
4200014  0.28686824816162027
4200020  0.28686824816162027
12600037  0.28686824816162027
13300038  0.28686824816162027
13300041  0.28686824816162027
14700055  0.28686824816162027
14700056  0.28686824816162027
14700058  0.28686824816162027
14700059  0.28686824816162027
14700065  0.28686824816162027
8500018  0.2867367664450402
8500021  0.2867367664450402
9000113  0.2867367664450402
9000116  0.2867367664450402
9000117  0.2867367664450402
14500053  0.2867367664450402
1100005  0.2865998011797883
1100007  0.2865998011797883
1100010  0.2865998011797883
1200006  0.2865998011797883
1200011  0.2865998011797883
2100015  0.2865998011797883
3400013  0.2865998011797883
3400016  0.2865998011797883
3400017  0.2865998011797883
3400018  0.2865998011797883
3400020  0.2865998011797883
6500072  0.2865998011797883
7900018  0.2865998011797883
7900019  0.2865998011797883
7900025  0.2865998011797883
8100018  0.2865998011797883
8600022  0.2865998011797883
8600023  0.2865998011797883
8600029  0.2865998011797883
8600033  0.2865998011797883
8900024  0.2865998011797883
8900028  0.2865998011797883
8900030  0.2865998011797883
8900031  0.2865998011797883
8900032  0.2865998011797883
8900040  0.2865998011797883
8900044  0.2865998011797883
8900049  0.2865998011797883
8900053  0.2865998011797883
8900055  0.2865998011797883
8900059  0.2865998011797883
8900063  0.2865998011797883
8900064  0.2865998011797883
8900066  0.2865998011797883
10000031  0.2865998011797883
10600063  0.2865998011797883
10800023  0.2865998011797883
10800027  0.2865998011797883
10800029  0.2865998011797883
10800034  0.2865998011797883
10800035  0.2865998011797883
10800036  0.2865998011797883
10800037  0.2865998011797883
10800137  0.2865998011797883
11100024  0.2865998011797883
11100025  0.2865998011797883
11100026  0.2865998011797883
11400040  0.2865998011797883
11400041  0.2865998011797883
11400042  0.2865998011797883
11400043  0.2865998011797883
11400044  0.2865998011797883
11400045  0.2865998011797883
11400046  0.2865998011797883
11400047  0.2865998011797883
11400048  0.2865998011797883
11400049  0.2865998011797883
11400050  0.2865998011797883
11400051  0.2865998011797883
11400052  0.2865998011797883
11400055  0.2865998011797883
11400059  0.2865998011797883
11400060  0.2865998011797883
11400064  0.2865998011797883
11400068  0.2865998011797883
11400069  0.2865998011797883
11400073  0.2865998011797883
11400089  0.2865998011797883
11400090  0.2865998011797883
11400102  0.2865998011797883
11400106  0.2865998011797883
11400114  0.2865998011797883
11700112  0.2865998011797883
11700161  0.2865998011797883
11700175  0.2865998011797883
11700178  0.2865998011797883
11700179  0.2865998011797883
11700180  0.2865998011797883
11700181  0.2865998011797883
11700182  0.2865998011797883
11700186  0.2865998011797883
11700187  0.2865998011797883
11700190  0.2865998011797883
12300031  0.2865998011797883
12300032  0.2865998011797883
12300033  0.2865998011797883
12300034  0.2865998011797883
12500031  0.2865998011797883
12500032  0.2865998011797883
12500033  0.2865998011797883
12500053  0.2865998011797883
12500054  0.2865998011797883
12500056  0.2865998011797883
12500057  0.2865998011797883
12500071  0.2865998011797883
12500085  0.2865998011797883
12500088  0.2865998011797883
12500091  0.2865998011797883
12500102  0.2865998011797883
12500103  0.2865998011797883
12500104  0.2865998011797883
12500105  0.2865998011797883
12500112  0.2865998011797883
12500113  0.2865998011797883
12500114  0.2865998011797883
12500117  0.2865998011797883
12500120  0.2865998011797883
12500123  0.2865998011797883
12500152  0.2865998011797883
12500153  0.2865998011797883
12500154  0.2865998011797883
12500155  0.2865998011797883
12700033  0.2865998011797883
12700035  0.2865998011797883
12700037  0.2865998011797883
12700038  0.2865998011797883
12700039  0.2865998011797883
12700040  0.2865998011797883
12900035  0.2865998011797883
13000035  0.2865998011797883
13000036  0.2865998011797883
13000040  0.2865998011797883
13000041  0.2865998011797883
13000042  0.2865998011797883
13000043  0.2865998011797883
13000044  0.2865998011797883
13000045  0.2865998011797883
13500058  0.2865998011797883
13700042  0.2865998011797883
13700044  0.2865998011797883
14900057  0.2865998011797883
14900060  0.2865998011797883
14900061  0.2865998011797883
14900166  0.2865998011797883
14900171  0.2865998011797883
14900423  0.2865998011797883
15700095  0.2865998011797883
15700100  0.2865998011797883
2100009  0.2864630319994014
2100011  0.2864630319994014
6500066  0.2864630319994014
6500069  0.2864630319994014
11400098  0.2864630319994014
11700108  0.2864630319994014
11700174  0.2864630319994014
6500059  0.2863264584364544
11400094  0.2863264584364544
11700169  0.2863264584364544
6500035  0.28619008002508034
6500038  0.28619008002508034
11700067  0.28619008002508034
11700168  0.28619008002508034
12600146  0.28615161389661203
12600150  0.28615161389661203
12600151  0.28615161389661203
12600152  0.28615161389661203
12600156  0.28615161389661203
6500015  0.2860538963009644
6500017  0.2860538963009644
6500020  0.2860538963009644
6500023  0.2860538963009644
6500026  0.2860538963009644
6500030  0.2860538963009644
11700063  0.2860538963009644
11700165  0.2860538963009644
11700167  0.2860538963009644
13500052  0.2860538963009644
13500057  0.2860538963009644
10000027  0.28578211106496565
17202287  0.28564650863215213
12600032  0.28558215738419257
12600034  0.28558215738419257
1800008  0.2853758818460207
1800009  0.2853758818460207
1800014  0.2853758818460207
1800019  0.2853758818460207
1800024  0.2853758818460207
11400026  0.2853758818460207
11400031  0.2853758818460207
11400032  0.2853758818460207
11400037  0.2853758818460207
11700027  0.2853758818460207
11700081  0.2853758818460207
11700082  0.2853758818460207
11700085  0.2853758818460207
11300081  0.2848369278582012
17200975  0.2848369278582012
17200986  0.2848369278582012
17201018  0.2848369278582012
17201031  0.2848369278582012
17201118  0.2848369278582012
17201152  0.2848369278582012
2600017  0.28473431140418815
8800019  0.2847026658060289
11300025  0.2847026658060289
11300034  0.2847026658060289
11300043  0.2847026658060289
11300052  0.2847026658060289
11300062  0.2847026658060289
11300071  0.2847026658060289
11300076  0.2847026658060289
11300077  0.2847026658060289
11300078  0.2847026658060289
12800034  0.2847026658060289
13100036  0.2847026658060289
13100040  0.2847026658060289
13100055  0.2847026658060289
14000043  0.2847026658060289
14000163  0.2847026658060289
15800108  0.2847026658060289
2600014  0.28459373656895776
3900014  0.2843010159481899
3900017  0.2843010159481899
3900018  0.2843010159481899
13500041  0.2843010159481899
13500043  0.2843010159481899
13500044  0.2843010159481899
13500045  0.2843010159481899
14300048  0.2843010159481899
14300051  0.2843010159481899
3600013  0.284034191848159
14600054  0.284034191848159
14600057  0.284034191848159
14600058  0.284034191848159
17201285  0.2840335121348202
6500039  0.2837546377306762
5600021  0.28244887234976035
5600022  0.28244887234976035
5600024  0.28244887234976035
9000019  0.28244887234976035
9000021  0.28244887234976035
9000022  0.28244887234976035
9000026  0.28244887234976035
9000081  0.28244887234976035
9000083  0.28244887234976035
9000089  0.28244887234976035
9000090  0.28244887234976035
9000109  0.28244887234976035
10500022  0.28244887234976035
10500026  0.28244887234976035
10500112  0.28244887234976035
10500117  0.28244887234976035
10600047  0.28244887234976035
10600048  0.28244887234976035
1300033  0.2816661026072068
2000027  0.2816661026072068
5600015  0.2816661026072068
5600018  0.2816661026072068
9500020  0.2816661026072068
10000022  0.2816661026072068
10000024  0.2816661026072068
10600022  0.2816661026072068
10600029  0.2816661026072068
10600031  0.2816661026072068
10600032  0.2816661026072068
10600034  0.2816661026072068
10600037  0.2816661026072068
10600038  0.2816661026072068
10600039  0.2816661026072068
10600040  0.2816661026072068
14800056  0.2816661026072068
14800068  0.2816661026072068
14800072  0.2816661026072068
14800075  0.2816661026072068
1000005  0.28153627263828707
1300007  0.28153627263828707
1300009  0.28153627263828707
1300012  0.28153627263828707
1300015  0.28153627263828707
1900009  0.28153627263828707
2000011  0.28153627263828707
2400016  0.28153627263828707
2400017  0.28153627263828707
2400020  0.28153627263828707
4600014  0.28153627263828707
4600015  0.28153627263828707
4600016  0.28153627263828707
4600019  0.28153627263828707
4600039  0.28153627263828707
6600016  0.28153627263828707
6600017  0.28153627263828707
6600018  0.28153627263828707
6600024  0.28153627263828707
6600025  0.28153627263828707
6600033  0.28153627263828707
6600046  0.28153627263828707
6600047  0.28153627263828707
6600052  0.28153627263828707
6600055  0.28153627263828707
6600058  0.28153627263828707
6600059  0.28153627263828707
6600064  0.28153627263828707
8600019  0.28153627263828707
14200047  0.28153627263828707
4000018  0.28037006106399964
2200009  0.27745184771084663
2200011  0.27745184771084663
2200029  0.27745184771084663
2200030  0.27745184771084663
2200031  0.27745184771084663
10200059  0.2764637730527278
10200061  0.2764637730527278
10200062  0.2764637730527278
10200070  0.2764637730527278
10200080  0.2764637730527278
8200023  0.27626668282433137
12100052  0.276157780957799
5900015  0.27585280264172396
5900017  0.27585280264172396
5900018  0.27585280264172396
5900019  0.27585280264172396
5900020  0.27585280264172396
5900021  0.27585280264172396
5900029  0.27585280264172396
13400050  0.27585280264172396
15300115  0.27585280264172396
15300135  0.27585280264172396
12200064  0.2757006919035841
12200065  0.2757006919035841
15300121  0.2757006919035841
15300122  0.2757006919035841
2500022  0.27518625434823846
2500075  0.27518625434823846
10000066  0.2729053008280268
2500072  0.2724615708597668
2500068  0.27112923245567283
7700034  0.27112923245567283
9700046  0.2696065512391399
2500064  0.26916687204956063
7700030  0.26821695242515997
7700022  0.26747184970075144
9700038  0.26687249808205815
7700017  0.2666154697087569
7700018  0.2666154697087569
7700019  0.2666154697087569
8600041  0.263125002218065
10000074  0.263125002218065
12500106  0.25591113801215093
12500107  0.25591113801215093
9700041  0.24645397901622693
15800339  0.24112141108520607
3500048  0.228747855498907
10200072  0.22822017808215278
10200086  0.22822017808215278
2900034  0.21769061943963972
10200076  0.19953283287745266
10000070  0.19905028602140318
7900020  0.1977804147752392
7900021  0.1977804147752392
7900032  0.1977804147752392
7900033  0.1977804147752392
7900038  0.1977804147752392
8600042  0.19352002937641585
10800084  0.19111984392564735
15800122  0.1867718419094071
15800373  0.1867718419094071
15800407  0.1867718419094071
15800442  0.1867718419094071
12400114  0.16185241494481836
3500044  0.1617491598051576
3500052  0.1617491598051576
3500028  0.15249857033260467
15800137  0.15249857033260467
15800152  0.15249857033260467
15800182  0.15249857033260467
15800197  0.15249857033260467
15800212  0.15249857033260467
15800227  0.15249857033260467
17201163  0.13971077743760243
3500020  0.08804509063256238
12400109  0.04822428221704121
