1900900  1.0
4900331  1.0
4900333  1.0
1900910  0.9834710743801653
8100147  0.9772036474164134
1900882  0.9769021739130435
1900884  0.9769021739130435
1900885  0.9769021739130435
1900887  0.9769021739130435
8100139  0.9683734939759037
8100140  0.9683734939759037
8100141  0.9683734939759037
8100142  0.9683734939759037
8100119  0.9669172932330827
6200170  0.913946587537092
6200171  0.913946587537092
6200172  0.913946587537092
8300190  0.8278688524590164
5900551  0.7323943661971831
5900554  0.7323943661971831
5900709  0.7323943661971831
5900710  0.7323943661971831
5900711  0.7323943661971831
5900725  0.7323943661971831
5900726  0.7323943661971831
7000114  0.6959619952494062
7000115  0.6959619952494062
5501579  0.6933797909407666
5501580  0.6933797909407666
5501583  0.6933797909407666
6001199  0.6933797909407666
6001200  0.6933797909407666
6001201  0.6933797909407666
6001206  0.6933797909407666
6001208  0.6933797909407666
6001218  0.6933797909407666
6001221  0.6933797909407666
6001223  0.6933797909407666
6001233  0.6933797909407666
6001235  0.6933797909407666
5900573  0.6925754060324826
5900574  0.6925754060324826
5900717  0.6925754060324826
5900718  0.6925754060324826
5900719  0.6925754060324826
5900720  0.6925754060324826
5900729  0.6925754060324826
5900731  0.6925754060324826
5501543  0.6923076923076923
6001187  0.6923076923076923
7000098  0.69185360094451
7000103  0.69185360094451
7000104  0.69185360094451
7000112  0.69185360094451
7000113  0.69185360094451
7000136  0.69185360094451
7000137  0.69185360094451
7000138  0.69185360094451
7000144  0.69185360094451
7000146  0.69185360094451
5900549  0.6917728852838934
5900558  0.6917728852838934
5900560  0.6917728852838934
5900561  0.6917728852838934
5900563  0.6917728852838934
5900564  0.6917728852838934
5900565  0.6917728852838934
5900567  0.6917728852838934
5900583  0.6917728852838934
5900672  0.6917728852838934
5900682  0.6917728852838934
5900683  0.6917728852838934
5900706  0.6917728852838934
5900713  0.6917728852838934
6800761  0.6917728852838934
6800776  0.6917728852838934
7000092  0.6897767332549941
6001304  0.6885441527446301
6001305  0.6885441527446301
6001306  0.6885441527446301
6001311  0.6885441527446301
6001319  0.6885441527446301
6001322  0.6885441527446301
6001330  0.6885441527446301
6001332  0.6885441527446301
5900575  0.6860189573459716
5900576  0.6860189573459716
5900577  0.6860189573459716
5900578  0.6860189573459716
5300133  0.6797814207650273
4300253  0.6711560044893379
8900061  0.6629213483146068
8900062  0.6629213483146068
8900063  0.6629213483146068
8900058  0.6603351955307263
3101924  0.6470588235294117
3101925  0.6470588235294117
3101926  0.6470588235294117
3101933  0.6470588235294117
7400535  0.6433189655172413
7400544  0.6433189655172413
10300117  0.6184074457083764
10200070  0.6020100502512562
10200064  0.600802407221665
10200066  0.600802407221665
8700104  0.5996168582375478
8700105  0.5996168582375478
3900953  0.5987261146496815
3900954  0.5987261146496815
3900959  0.5987261146496815
8300140  0.596816976127321
8300180  0.5948616600790514
4600225  0.5884353741496599
8300188  0.58796992481203
4600223  0.5844594594594594
1500167  0.5815602836879432
1500168  0.5815602836879432
1500171  0.5815602836879432
3101875  0.5813253012048193
3101878  0.5813253012048193
3101879  0.5813253012048193
3900916  0.5802469135802469
3900917  0.5802469135802469
3900922  0.5802469135802469
8300121  0.5791505791505791
1500164  0.5779661016949152
1500149  0.576158940397351
6100210  0.5739130434782609
1500146  0.5680379746835442
3900879  0.5662650602409638
3900880  0.5662650602409638
3900885  0.5662650602409638
3002112  0.563049853372434
3002115  0.563049853372434
3901482  0.5595238095238095
3901483  0.5595238095238095
3901490  0.5595238095238095
3901691  0.5595238095238095
3901692  0.5595238095238095
3901699  0.5595238095238095
3101908  0.5561959654178674
3101909  0.5561959654178674
3101913  0.5561959654178674
3101921  0.5561959654178674
3101923  0.5561959654178674
2702621  0.5541561712846348
4000581  0.5489260143198091
4000582  0.5489260143198091
4000583  0.5489260143198091
4000458  0.5476190476190477
4000459  0.5476190476190477
4000460  0.5476190476190477
4000461  0.5476190476190477
3900866  0.5463917525773196
4501180  0.5436893203883495
4501181  0.5436893203883495
4000617  0.540983606557377
4000618  0.540983606557377
4000621  0.540983606557377
4000622  0.540983606557377
4000623  0.540983606557377
4000624  0.540983606557377
4000630  0.540983606557377
4000631  0.540983606557377
3501437  0.5408653846153846
3501438  0.5408653846153846
3501441  0.5408653846153846
3501442  0.5408653846153846
3901358  0.5394402035623409
3901359  0.5394402035623409
3901365  0.5394402035623409
2702614  0.5384615384615384
2702615  0.5384615384615384
2702619  0.5384615384615384
2702624  0.5384615384615384
2702625  0.5384615384615384
2702626  0.5384615384615384
2702628  0.5384615384615384
10200082  0.5355329949238579
10200084  0.5355329949238579
10200088  0.5355329949238579
4200126  0.5327868852459017
4200127  0.5316804407713498
4600304  0.524804177545692
4800424  0.5111111111111111
4400083  0.5094339622641509
4400082  0.5082352941176471
5000522  0.5048309178743962
4400080  0.5023255813953489
4400087  0.5023255813953489
4400090  0.5023255813953489
4600295  0.49245147375988496
5501576  0.485981308411215
5501540  0.48003194888178913
3901703  0.4788461538461538
3901704  0.4788461538461538
3901708  0.4788461538461538
3002101  0.4782608695652174
3901653  0.4655172413793104
3901654  0.4655172413793104
3901658  0.4655172413793104
4100080  0.46545708304256805
3002099  0.45916515426497273
3002100  0.45916515426497273
3002103  0.45916515426497273
3002106  0.45916515426497273
3002236  0.45916515426497273
4400064  0.45318352059925093
4400063  0.4523364485981308
4400066  0.4523364485981308
2501053  0.43999999999999995
3002083  0.43696027633851464
3002084  0.43696027633851464
3002085  0.43696027633851464
3002086  0.43696027633851464
3002087  0.43696027633851464
3002090  0.43696027633851464
3002094  0.43696027633851464
3002095  0.43696027633851464
3002096  0.43696027633851464
2500532  0.42935779816513764
2500535  0.42935779816513764
2500538  0.42935779816513764
2500541  0.42935779816513764
2500559  0.42935779816513764
3101857  0.42935779816513764
3101858  0.42935779816513764
3101860  0.42935779816513764
3101863  0.42935779816513764
3101864  0.42935779816513764
3101865  0.42935779816513764
3101868  0.42935779816513764
3102026  0.42935779816513764
5000498  0.4283765347885402
4000656  0.425414364640884
4000657  0.425414364640884
4000660  0.425414364640884
2500647  0.4241935483870968
4400067  0.4226415094339623
3901681  0.42131979695431476
3901682  0.42131979695431476
3901687  0.42131979695431476
4000935  0.4203910614525139
4000936  0.4203910614525139
4000939  0.4203910614525139
4000942  0.4203910614525139
3901671  0.4191919191919192
3901672  0.4191919191919192
3901677  0.4191919191919192
3901662  0.41778523489932884
3901663  0.41778523489932884
3901667  0.41778523489932884
5000496  0.41123882503192843
4400068  0.40975609756097564
4400074  0.40975609756097564
4400075  0.40975609756097564
4400077  0.40975609756097564
4400078  0.40975609756097564
2500667  0.4070278184480234
2702608  0.40674603174603174
5000492  0.40506329113924056
5300131  0.40327471194663433
2500687  0.40257879656160456
4400050  0.39490445859872614
4400062  0.39490445859872614
4400092  0.39490445859872614
5000524  0.39020771513353114
5501533  0.38798427849522743
5501534  0.38798427849522743
6100204  0.38798427849522743
6100205  0.38798427849522743
6100206  0.38798427849522743
6100208  0.38798427849522743
6200111  0.38798427849522743
5501528  0.38776655443322106
5501529  0.38776655443322106
5501530  0.38776655443322106
5501570  0.38689809630459127
5501571  0.38689809630459127
5501572  0.38689809630459127
5501573  0.38689809630459127
6100185  0.38689809630459127
6100186  0.38689809630459127
6100188  0.38689809630459127
6100189  0.38689809630459127
6100190  0.38689809630459127
6100191  0.38689809630459127
6200148  0.38689809630459127
6200149  0.38689809630459127
6200150  0.38689809630459127
6200151  0.38689809630459127
6200152  0.38689809630459127
6200153  0.38689809630459127
6200154  0.38689809630459127
6200156  0.38689809630459127
6200160  0.38689809630459127
6200161  0.38689809630459127
6200163  0.38689809630459127
6200164  0.38689809630459127
6200166  0.38689809630459127
6200167  0.38689809630459127
6200174  0.38689809630459127
7400167  0.38552854720180896
7400172  0.38552854720180896
7400173  0.38552854720180896
7400174  0.38552854720180896
7400175  0.38552854720180896
7400177  0.38552854720180896
2500737  0.38430311231393777
2500779  0.3835425383542538
6200168  0.3835307388606881
7800056  0.3827380952380952
8300134  0.3820617355853232
9200096  0.3820617355853232
7400534  0.3804733727810651
7000292  0.3790697674418605
7000294  0.3790697674418605
7000296  0.3790697674418605
7000297  0.3790697674418605
7000298  0.3790697674418605
7000303  0.3790697674418605
7400458  0.3790697674418605
7400459  0.3790697674418605
3901604  0.377643504531722
3901605  0.377643504531722
3901610  0.377643504531722
8900082  0.3758620689655172
8900084  0.3758620689655172
3901594  0.37481259370314846
3901595  0.37481259370314846
3901600  0.37481259370314846
4100111  0.37478897017445134
4100112  0.37478897017445134
5000520  0.3718791064388962
7400552  0.370412196499153
4200078  0.3699943598420756
4200080  0.3699943598420756
2500791  0.3692509855453351
8300175  0.3676222596964587
8300176  0.3676222596964587
8300177  0.3676222596964587
8300179  0.3676222596964587
8300195  0.3676222596964587
8300196  0.3676222596964587
8300198  0.3676222596964587
9200055  0.36648044692737425
3901585  0.36588921282798836
3901586  0.36588921282798836
3901590  0.36588921282798836
7400485  0.3643454038997215
7400486  0.3643454038997215
8300123  0.3636831275720165
5000516  0.36294416243654826
2500448  0.36282051282051286
2500451  0.36282051282051286
2500454  0.36282051282051286
2500457  0.36282051282051286
2500460  0.36282051282051286
7400551  0.36238279095421955
8300142  0.3564605329311211
7400448  0.35634517766497464
7400449  0.35634517766497464
7400450  0.35634517766497464
9200047  0.3545454545454545
7400468  0.3538847117794486
7400469  0.3538847117794486
7400470  0.3538847117794486
8900054  0.3531187122736419
8300088  0.3508946322067594
8300093  0.3508946322067594
8300120  0.34972946384653225
4100079  0.3496538081107814
4600256  0.3493606138107417
4600257  0.3493606138107417
8200233  0.34812623274161736
8200241  0.34812623274161736
4600252  0.34811416921508664
4600253  0.34811416921508664
4600254  0.34811416921508664
8300139  0.34628460417678486
7400399  0.346078431372549
7400400  0.346078431372549
7400401  0.346078431372549
7400404  0.346078431372549
7400406  0.346078431372549
7400407  0.346078431372549
7400409  0.346078431372549
7400411  0.346078431372549
7400428  0.346078431372549
8200221  0.34397677793904213
8200202  0.3429533429533429
8200203  0.3429533429533429
8200211  0.3429533429533429
8200212  0.3429533429533429
8200217  0.3429533429533429
10200219  0.340393343419062
10200214  0.3402217741935484
4000153  0.3394833948339483
2500345  0.3390452876376989
2500346  0.3390452876376989
2500347  0.3390452876376989
2500348  0.3390452876376989
4100131  0.3389312977099237
7400605  0.3386138613861386
7400606  0.3386138613861386
7400603  0.33827893175074186
7400604  0.33827893175074186
7400682  0.33827893175074186
10200237  0.33827893175074186
10200232  0.338111715274345
8200197  0.3363207547169811
4400031  0.3354114713216958
2702718  0.3316195372750642
2702727  0.3316195372750642
2702736  0.3316195372750642
2702737  0.3316195372750642
2702738  0.3316195372750642
2702741  0.3316195372750642
8200213  0.3292682926829268
4000171  0.3270676691729323
2500396  0.32456140350877194
2500399  0.32456140350877194
2500402  0.32456140350877194
2500405  0.32456140350877194
2500408  0.32453245324532454
2500209  0.3245283018867925
2500212  0.3245283018867925
3601288  0.3187633262260128
4501174  0.3179871520342612
4501198  0.3179871520342612
2702580  0.3174097664543525
2702581  0.3174097664543525
2702582  0.3174097664543525
2702583  0.3174097664543525
2702584  0.3174097664543525
2702585  0.3174097664543525
2702586  0.3174097664543525
2702588  0.3174097664543525
2702595  0.3174097664543525
2702596  0.3174097664543525
2702597  0.3174097664543525
2702598  0.3174097664543525
2702599  0.3174097664543525
2702600  0.3174097664543525
2702601  0.3174097664543525
2702603  0.3174097664543525
2702715  0.3174097664543525
2702716  0.3174097664543525
2702717  0.3174097664543525
2702720  0.3174097664543525
2702724  0.3174097664543525
2702725  0.3174097664543525
2702726  0.3174097664543525
2702729  0.3174097664543525
2501141  0.31692677070828335
3501430  0.3167372881355932
3501425  0.31640211640211635
3501426  0.31640211640211635
3501427  0.31640211640211635
2501131  0.3161676646706587
3601281  0.31606765327695563
3601282  0.31606765327695563
3601283  0.31606765327695563
3601284  0.31606765327695563
3601285  0.31606765327695563
2500359  0.31562167906482463
4501169  0.31562167906482463
4501170  0.31562167906482463
4501171  0.31562167906482463
2501104  0.3154121863799283
2501105  0.3154121863799283
2501107  0.3154121863799283
2501108  0.3154121863799283
2501109  0.3154121863799283
2501129  0.3154008438818565
2501139  0.3154008438818565
2702701  0.3154008438818565
2702705  0.3154008438818565
7400385  0.31529933481152994
7400386  0.31529933481152994
7400387  0.31529933481152994
2501117  0.3147368421052632
2702569  0.3147368421052632
2702571  0.3147368421052632
2702572  0.3147368421052632
2702574  0.3147368421052632
2702576  0.3147368421052632
2702591  0.3147368421052632
2702605  0.3147368421052632
2702713  0.3147368421052632
2702714  0.3147368421052632
2702733  0.3147368421052632
4600284  0.3124718595227375
2500104  0.3109072375127421
2500105  0.3109072375127421
2500106  0.3109072375127421
2500107  0.3109072375127421
2500109  0.3109072375127421
2500110  0.3109072375127421
2500111  0.3109072375127421
2500113  0.3109072375127421
2500114  0.3109072375127421
4000107  0.3109072375127421
4000108  0.3109072375127421
4000109  0.3109072375127421
4000110  0.3109072375127421
4000111  0.3109072375127421
4000112  0.3109072375127421
4000113  0.3109072375127421
4000114  0.3109072375127421
4000115  0.3109072375127421
4000116  0.3109072375127421
5200077  0.3096274794388002
2501127  0.30933062880324547
2501128  0.30933062880324547
2501137  0.30933062880324547
2501138  0.30933062880324547
4600270  0.3089788732394366
2501100  0.3087044534412956
2501102  0.3087044534412956
2501103  0.3087044534412956
2501116  0.3087044534412956
2501120  0.3087044534412956
2501123  0.3087044534412956
2500083  0.3083923154701719
2500084  0.3083923154701719
2500085  0.3083923154701719
2500336  0.30831643002028397
2500338  0.30831643002028397
2500339  0.30831643002028397
2500340  0.30831643002028397
4700051  0.3077597544936431
4700052  0.3077597544936431
7400360  0.30746011211729196
7400738  0.30746011211729196
7400739  0.30746011211729196
7400740  0.30746011211729196
7400741  0.30746011211729196
7400743  0.30746011211729196
9500770  0.30746011211729196
9500771  0.30746011211729196
9500772  0.30746011211729196
9500773  0.30746011211729196
5300107  0.2986493246623312
5300108  0.2986493246623312
4800061  0.2955023118957545
4800062  0.2955023118957545
5000480  0.29495798319327726
5000482  0.29495798319327726
5200107  0.273185875048506
5200108  0.273185875048506
7400435  0.2729083665338645
7000072  0.27260726072607255
1500255  0.26136363636363635
5200096  0.26112759643916916
5200099  0.26112759643916916
5200100  0.26112759643916916
5200101  0.26112759643916916
5200104  0.26112759643916916
5200105  0.26112759643916916
5200106  0.26112759643916916
5200110  0.26112759643916916
5200111  0.26112759643916916
5200112  0.26112759643916916
9100127  0.2508784258608573
9100131  0.2508784258608573
3002116  0.24603174603174605
3002117  0.24603174603174605
1901227  0.24281366249577274
2200218  0.2427315753887762
8100056  0.2427315753887762
8100059  0.2427315753887762
8100060  0.2427315753887762
8100063  0.2427315753887762
8100066  0.2427315753887762
8100072  0.2427315753887762
8100082  0.2427315753887762
8100083  0.2427315753887762
8100086  0.2427315753887762
8100153  0.2427315753887762
8100157  0.2427315753887762
8100158  0.2427315753887762
8100159  0.2427315753887762
8100160  0.2427315753887762
8100161  0.2427315753887762
8100162  0.2427315753887762
8100163  0.2427315753887762
8100165  0.2427315753887762
8100166  0.2427315753887762
8100167  0.2427315753887762
8100168  0.2427315753887762
8100169  0.2427315753887762
8100173  0.2427315753887762
8100174  0.2427315753887762
8100175  0.2427315753887762
8100176  0.2427315753887762
8100177  0.2427315753887762
8100178  0.2427315753887762
8100179  0.2427315753887762
8100180  0.2427315753887762
8100181  0.2427315753887762
8100182  0.2427315753887762
8100183  0.2427315753887762
8100184  0.2427315753887762
8100186  0.2427315753887762
8100187  0.2427315753887762
8100188  0.2427315753887762
8100189  0.2427315753887762
8100190  0.2427315753887762
8100191  0.2427315753887762
8100192  0.2427315753887762
8100193  0.2427315753887762
8100194  0.2427315753887762
8100195  0.2427315753887762
8100196  0.2427315753887762
8100197  0.2427315753887762
8100200  0.2427315753887762
8100201  0.2427315753887762
8100203  0.2427315753887762
8100204  0.2427315753887762
8100206  0.2427315753887762
8100207  0.2427315753887762
8100208  0.2427315753887762
8100212  0.2427315753887762
8100215  0.2427315753887762
8100218  0.2427315753887762
8100223  0.2427315753887762
8100224  0.2427315753887762
9600389  0.2427315753887762
9600390  0.2427315753887762
9600393  0.2427315753887762
9600394  0.2427315753887762
9600395  0.2427315753887762
9600396  0.2427315753887762
9600397  0.2427315753887762
9600398  0.2427315753887762
9600399  0.2427315753887762
9800284  0.2427315753887762
9800285  0.2427315753887762
9800288  0.2427315753887762
9800289  0.2427315753887762
9800290  0.2427315753887762
9800291  0.2427315753887762
9800298  0.2427315753887762
10000109  0.24264954376478542
5300315  0.24118239838763855
5200133  0.24084844338008893
7200160  0.2390942390942391
6200131  0.23686920700308955
1500252  0.23372395833333337
7000328  0.23236245954692558
7700220  0.23236245954692558
8700142  0.23236245954692558
8700143  0.23236245954692558
8700144  0.23236245954692558
8700145  0.23236245954692558
8800101  0.23236245954692558
8900111  0.23236245954692558
10000147  0.23236245954692558
10000148  0.23236245954692558
10000149  0.23236245954692558
10000150  0.23236245954692558
10000151  0.23236245954692558
10300155  0.23236245954692558
10300049  0.23228728566806855
4300726  0.23213708373747166
7800094  0.23191214470284238
8000090  0.2316129032258064
8500139  0.2316129032258064
7700208  0.23131443298969068
9300056  0.23131443298969068
9400058  0.23131443298969068
10100069  0.23131443298969068
7300055  0.23116548615582744
7000309  0.23071979434447298
9200051  0.23071979434447298
8900095  0.23042362002567396
4100122  0.22880815806246013
5200063  0.22856232068855598
5200065  0.22856232068855598
5200066  0.22856232068855598
5200067  0.22856232068855598
5200068  0.22856232068855598
5200122  0.22856232068855598
5200123  0.22856232068855598
5200169  0.22856232068855598
5200171  0.22856232068855598
5200173  0.22856232068855598
5200175  0.22856232068855598
5200178  0.22856232068855598
5200180  0.22856232068855598
9700040  0.22856232068855598
9700046  0.22856232068855598
9700047  0.22856232068855598
9700087  0.22856232068855598
9700091  0.22856232068855598
8200081  0.22812599427298763
7400146  0.2274746192893401
4200141  0.22724399494310998
7400143  0.22697056030389362
8200045  0.22489834219580862
8200068  0.22405733873480838
8200071  0.22405733873480838
8200072  0.22405733873480838
8200100  0.22405733873480838
8200111  0.22405733873480838
8200115  0.22405733873480838
8200116  0.22405733873480838
8200117  0.22405733873480838
8200118  0.22405733873480838
8200119  0.22405733873480838
8200122  0.22405733873480838
8200126  0.22405733873480838
8200127  0.22405733873480838
8200128  0.22405733873480838
8200129  0.22405733873480838
8200135  0.22405733873480838
8200137  0.22405733873480838
8200138  0.22405733873480838
8200148  0.22405733873480838
8200149  0.22405733873480838
8200191  0.22405733873480838
8200192  0.22405733873480838
8200194  0.22405733873480838
8200225  0.22405733873480838
8200229  0.22405733873480838
8200237  0.22405733873480838
7400691  0.223153320918684
8300042  0.223153320918684
8300045  0.223153320918684
8300053  0.223153320918684
8300054  0.223153320918684
8300056  0.223153320918684
8300057  0.223153320918684
8300058  0.223153320918684
8300059  0.223153320918684
8300061  0.223153320918684
8300062  0.223153320918684
8300064  0.223153320918684
8300066  0.223153320918684
8300067  0.223153320918684
8300069  0.223153320918684
8300075  0.223153320918684
8300076  0.223153320918684
5300321  0.22061982203129793
5300372  0.22061982203129793
2200092  0.219944937289691
5300156  0.219944937289691
5300160  0.219944937289691
5300164  0.219944937289691
5300168  0.219944937289691
5300172  0.219944937289691
5300176  0.219944937289691
5300180  0.219944937289691
5300184  0.219944937289691
5300188  0.219944937289691
5300192  0.219944937289691
5300196  0.219944937289691
5300200  0.219944937289691
5300204  0.219944937289691
5300208  0.219944937289691
5300212  0.219944937289691
5300216  0.219944937289691
5300220  0.219944937289691
5300224  0.219944937289691
5300228  0.219944937289691
5300232  0.219944937289691
5300236  0.219944937289691
5300240  0.219944937289691
5300244  0.219944937289691
5300248  0.219944937289691
5300252  0.219944937289691
5300256  0.219944937289691
5300260  0.219944937289691
5300264  0.219944937289691
5300272  0.219944937289691
5300276  0.219944937289691
5300280  0.219944937289691
5300284  0.219944937289691
5300288  0.219944937289691
5300292  0.219944937289691
8600445  0.219944937289691
8600446  0.219944937289691
8600448  0.219944937289691
8600449  0.219944937289691
8600451  0.219944937289691
8600452  0.219944937289691
8600454  0.219944937289691
8600455  0.219944937289691
8600457  0.219944937289691
8600458  0.219944937289691
8600460  0.219944937289691
8600461  0.219944937289691
8600463  0.219944937289691
8600464  0.219944937289691
8600466  0.219944937289691
8600467  0.219944937289691
8600469  0.219944937289691
8600470  0.219944937289691
8600472  0.219944937289691
8600473  0.219944937289691
8600475  0.219944937289691
8600476  0.219944937289691
8600478  0.219944937289691
8600485  0.219944937289691
8600486  0.219944937289691
8600488  0.219944937289691
8600489  0.219944937289691
8600491  0.219944937289691
8600492  0.219944937289691
8600494  0.219944937289691
8600495  0.219944937289691
8600497  0.219944937289691
8600498  0.219944937289691
8600500  0.219944937289691
8600501  0.219944937289691
8600503  0.219944937289691
8600504  0.219944937289691
8600506  0.219944937289691
8600507  0.219944937289691
8600509  0.219944937289691
8600510  0.219944937289691
8600512  0.219944937289691
8600513  0.219944937289691
8600515  0.219944937289691
8600516  0.219944937289691
8600518  0.219944937289691
8600519  0.219944937289691
8600521  0.219944937289691
8600522  0.219944937289691
8600524  0.219944937289691
8600525  0.219944937289691
8600527  0.219944937289691
8600528  0.219944937289691
8600530  0.219944937289691
8600531  0.219944937289691
8600533  0.219944937289691
8600534  0.219944937289691
8600536  0.219944937289691
8600537  0.219944937289691
8600539  0.219944937289691
8600540  0.219944937289691
8600542  0.219944937289691
8600543  0.219944937289691
8600545  0.219944937289691
8600546  0.219944937289691
8600548  0.219944937289691
8600549  0.219944937289691
8600551  0.219944937289691
8600552  0.219944937289691
8600555  0.219944937289691
8600558  0.219944937289691
8600562  0.219944937289691
2200053  0.21987767584097861
5300268  0.21987767584097861
1800660  0.21974327628361856
3800164  0.21974327628361856
3800173  0.21974327628361856
3800209  0.21974327628361856
3800218  0.21974327628361856
3800236  0.21974327628361856
3800245  0.21974327628361856
3800254  0.21974327628361856
3800264  0.21974327628361856
3800282  0.21974327628361856
3800291  0.21974327628361856
3800300  0.21974327628361856
3800309  0.21974327628361856
3800318  0.21974327628361856
3800336  0.21974327628361856
3800345  0.21974327628361856
3800354  0.21974327628361856
3800363  0.21974327628361856
5000452  0.21974327628361856
5000457  0.21974327628361856
5300099  0.21974327628361856
5300100  0.21974327628361856
5300101  0.21974327628361856
5300102  0.21974327628361856
5300103  0.21974327628361856
5300308  0.21974327628361856
5300319  0.21974327628361856
5300320  0.21974327628361856
5300323  0.21974327628361856
5300327  0.21974327628361856
5300328  0.21974327628361856
5300329  0.21974327628361856
5300330  0.21974327628361856
5300331  0.21974327628361856
5300332  0.21974327628361856
5300333  0.21974327628361856
5300334  0.21974327628361856
5300335  0.21974327628361856
5300336  0.21974327628361856
5300337  0.21974327628361856
5300338  0.21974327628361856
5300343  0.21974327628361856
5300344  0.21974327628361856
5300345  0.21974327628361856
5300346  0.21974327628361856
5300347  0.21974327628361856
5300348  0.21974327628361856
5300349  0.21974327628361856
5300350  0.21974327628361856
5300351  0.21974327628361856
5300352  0.21974327628361856
5300353  0.21974327628361856
5300354  0.21974327628361856
5300355  0.21974327628361856
5300356  0.21974327628361856
5300357  0.21974327628361856
5300358  0.21974327628361856
5300359  0.21974327628361856
5300360  0.21974327628361856
5300361  0.21974327628361856
5300362  0.21974327628361856
5300363  0.21974327628361856
5300364  0.21974327628361856
5300365  0.21974327628361856
5300369  0.21974327628361856
5300370  0.21974327628361856
5300385  0.21974327628361856
5300386  0.21974327628361856
6900037  0.21974327628361856
6900038  0.21974327628361856
7000051  0.21974327628361856
7000052  0.21974327628361856
7000053  0.21974327628361856
7000054  0.21974327628361856
7000055  0.21974327628361856
7100055  0.21974327628361856
7100056  0.21974327628361856
7100057  0.21974327628361856
7100058  0.21974327628361856
7100137  0.21974327628361856
7200151  0.21974327628361856
7200152  0.21974327628361856
7200153  0.21974327628361856
7400050  0.21974327628361856
7400076  0.21974327628361856
7400077  0.21974327628361856
7400079  0.21974327628361856
7400081  0.21974327628361856
7400083  0.21974327628361856
7400085  0.21974327628361856
7400087  0.21974327628361856
7400090  0.21974327628361856
7400093  0.21974327628361856
7400096  0.21974327628361856
7400099  0.21974327628361856
7400102  0.21974327628361856
7400105  0.21974327628361856
7400108  0.21974327628361856
7400111  0.21974327628361856
7400114  0.21974327628361856
7400117  0.21974327628361856
7400120  0.21974327628361856
7400121  0.21974327628361856
7400126  0.21974327628361856
7400131  0.21974327628361856
7400133  0.21974327628361856
7400138  0.21974327628361856
7400139  0.21974327628361856
7400241  0.21974327628361856
7400242  0.21974327628361856
7400243  0.21974327628361856
7400244  0.21974327628361856
7400245  0.21974327628361856
7400246  0.21974327628361856
7400247  0.21974327628361856
7400249  0.21974327628361856
7400250  0.21974327628361856
7400251  0.21974327628361856
7400252  0.21974327628361856
7400253  0.21974327628361856
7400254  0.21974327628361856
7400255  0.21974327628361856
7400256  0.21974327628361856
7400257  0.21974327628361856
7400258  0.21974327628361856
7400259  0.21974327628361856
7400264  0.21974327628361856
7400265  0.21974327628361856
7400268  0.21974327628361856
7400270  0.21974327628361856
7400273  0.21974327628361856
7400275  0.21974327628361856
7400278  0.21974327628361856
7400279  0.21974327628361856
7400280  0.21974327628361856
7400281  0.21974327628361856
7400282  0.21974327628361856
7400283  0.21974327628361856
7400284  0.21974327628361856
7400286  0.21974327628361856
7400288  0.21974327628361856
7400294  0.21974327628361856
7400295  0.21974327628361856
7400296  0.21974327628361856
7400297  0.21974327628361856
7400298  0.21974327628361856
7600750  0.21974327628361856
7600751  0.21974327628361856
7700044  0.21974327628361856
7700045  0.21974327628361856
7700046  0.21974327628361856
7800045  0.21974327628361856
7800046  0.21974327628361856
7800047  0.21974327628361856
7900040  0.21974327628361856
7900041  0.21974327628361856
7900042  0.21974327628361856
7900093  0.21974327628361856
7900097  0.21974327628361856
8000054  0.21974327628361856
8000055  0.21974327628361856
8000058  0.21974327628361856
8000061  0.21974327628361856
8000062  0.21974327628361856
8000070  0.21974327628361856
8000086  0.21974327628361856
8400056  0.21974327628361856
8400058  0.21974327628361856
8400062  0.21974327628361856
8400063  0.21974327628361856
8400066  0.21974327628361856
8400070  0.21974327628361856
8400072  0.21974327628361856
8400073  0.21974327628361856
8400075  0.21974327628361856
8400076  0.21974327628361856
8400078  0.21974327628361856
8400079  0.21974327628361856
8400080  0.21974327628361856
8400182  0.21974327628361856
8500052  0.21974327628361856
8500054  0.21974327628361856
8500058  0.21974327628361856
8500059  0.21974327628361856
8500062  0.21974327628361856
8500066  0.21974327628361856
8500067  0.21974327628361856
8500076  0.21974327628361856
8500077  0.21974327628361856
8500087  0.21974327628361856
8500088  0.21974327628361856
8500089  0.21974327628361856
8500090  0.21974327628361856
8500148  0.21974327628361856
8500158  0.21974327628361856
8600436  0.21974327628361856
8600437  0.21974327628361856
8800045  0.21974327628361856
8800046  0.21974327628361856
8800049  0.21974327628361856
8900045  0.21974327628361856
8900046  0.21974327628361856
8900047  0.21974327628361856
8900119  0.21974327628361856
9000046  0.21974327628361856
9000047  0.21974327628361856
9000058  0.21974327628361856
9000059  0.21974327628361856
9000073  0.21974327628361856
9000075  0.21974327628361856
9000079  0.21974327628361856
9000081  0.21974327628361856
9000082  0.21974327628361856
9000086  0.21974327628361856
9000087  0.21974327628361856
9000091  0.21974327628361856
9000174  0.21974327628361856
9000183  0.21974327628361856
9100046  0.21974327628361856
9100047  0.21974327628361856
9100048  0.21974327628361856
9200041  0.21974327628361856
9200042  0.21974327628361856
9200043  0.21974327628361856
9300041  0.21974327628361856
9300042  0.21974327628361856
9300043  0.21974327628361856
9400042  0.21974327628361856
9400043  0.21974327628361856
9400044  0.21974327628361856
2200049  0.21967613809960285
2200050  0.21967613809960285
2200051  0.21967613809960285
2200055  0.21967613809960285
2200056  0.21967613809960285
2200057  0.21967613809960285
2200059  0.21967613809960285
2200070  0.21967613809960285
2200071  0.21967613809960285
2200072  0.21967613809960285
3800227  0.21967613809960285
3800273  0.21967613809960285
3800327  0.21967613809960285
8700054  0.21967613809960285
3800200  0.21960904092852784
5700102  0.21960904092852784
7300066  0.21960904092852784
10300071  0.21960904092852784
4300069  0.21954198473282438
10300080  0.21954198473282438
8700063  0.21940799511748554
3800191  0.21934106162294087
4300058  0.21927416895394936
4200150  0.21894031668696712
1200063  0.21887366818873666
1800054  0.21887366818873666
1800055  0.21887366818873666
10300062  0.21847462777271343
8700043  0.218408262454435
8700044  0.218408262454435
8700045  0.218408262454435
10000047  0.21834193744306107
10000048  0.21834193744306107
10000051  0.21834193744306107
10000052  0.21834193744306107
10100052  0.21834193744306107
10100053  0.21834193744306107
10100056  0.21834193744306107
10100059  0.21834193744306107
10100060  0.21834193744306107
4100057  0.21754916792738277
4100059  0.21754916792738277
4100063  0.21754916792738277
4100064  0.21754916792738277
4100065  0.21754916792738277
4100069  0.21754916792738277
4100070  0.21754916792738277
4200154  0.21754916792738277
10300038  0.21708937198067635
10300044  0.21708937198067635
10300045  0.21708937198067635
4200048  0.2151406343506882
4200050  0.2151406343506882
4200054  0.2151406343506882
4200055  0.2151406343506882
4200059  0.2151406343506882
4200060  0.2151406343506882
1500035  0.21432835820895524
1500037  0.21432835820895524
9900393  0.21432835820895524
3800182  0.21322657176749704
4300050  0.21284783895796333
4300051  0.21284783895796333
4300054  0.21284783895796333
4300055  0.21284783895796333
2000033  0.21278484758804384
1100141  0.2126589766341319
1100169  0.2126589766341319
1100205  0.2126589766341319
3800073  0.2126589766341319
3800076  0.2126589766341319
3800079  0.2126589766341319
3800082  0.2126589766341319
3800085  0.2126589766341319
3800088  0.2126589766341319
3800091  0.2126589766341319
3800094  0.2126589766341319
3800097  0.2126589766341319
3800100  0.2126589766341319
3800103  0.2126589766341319
3800106  0.2126589766341319
3800110  0.2126589766341319
3800113  0.2126589766341319
3800116  0.2126589766341319
3800119  0.2126589766341319
3800122  0.2126589766341319
3800125  0.2126589766341319
3800128  0.2126589766341319
3800131  0.2126589766341319
3800134  0.2126589766341319
3800137  0.2126589766341319
3800140  0.2126589766341319
3800153  0.2126589766341319
3800154  0.2126589766341319
3800155  0.2126589766341319
5000444  0.2126589766341319
5000445  0.2126589766341319
5000446  0.2126589766341319
5000447  0.2126589766341319
5000448  0.2126589766341319
1100196  0.21259609698403314
7300047  0.21203184901209082
7300048  0.21203184901209082
7300051  0.21203184901209082
7300052  0.21203184901209082
1300030  0.2107886250366462
1100105  0.20798380098351177
1100178  0.20762344787756282
1100187  0.20744373918061165
1100160  0.20720461095100862
1100132  0.20666858292612822
1100151  0.2064312374389894
1100114  0.2054872820805944
1100123  0.2054285714285714
1900212  0.20156994673395012
5501341  0.20156994673395012
5501342  0.20156994673395012
5501343  0.20156994673395012
5501344  0.20156994673395012
5501347  0.20156994673395012
5501348  0.20156994673395012
5501349  0.20156994673395012
5501350  0.20156994673395012
5501351  0.20156994673395012
5501353  0.20156994673395012
5501354  0.20156994673395012
5501355  0.20156994673395012
5501356  0.20156994673395012
5501359  0.20156994673395012
5501360  0.20156994673395012
5501364  0.20156994673395012
5501367  0.20156994673395012
5501370  0.20156994673395012
5501371  0.20156994673395012
5501372  0.20156994673395012
5501375  0.20156994673395012
5501500  0.20156994673395012
5501501  0.20156994673395012
5501502  0.20156994673395012
5501503  0.20156994673395012
5501504  0.20156994673395012
5501505  0.20156994673395012
5501506  0.20156994673395012
5800147  0.20156994673395012
5800224  0.20156994673395012
5800226  0.20156994673395012
5800227  0.20156994673395012
5800228  0.20156994673395012
5800229  0.20156994673395012
5800236  0.20156994673395012
5800237  0.20156994673395012
5800240  0.20156994673395012
5900482  0.20156994673395012
5900504  0.20156994673395012
5900505  0.20156994673395012
5900509  0.20156994673395012
5900510  0.20156994673395012
5900511  0.20156994673395012
5900512  0.20156994673395012
5900513  0.20156994673395012
5900514  0.20156994673395012
5900515  0.20156994673395012
6001166  0.20156994673395012
6001176  0.20156994673395012
6001177  0.20156994673395012
6001178  0.20156994673395012
6001179  0.20156994673395012
6001180  0.20156994673395012
6200039  0.20156994673395012
6200042  0.20156994673395012
6200045  0.20156994673395012
6200048  0.20156994673395012
6200061  0.20156994673395012
6200062  0.20156994673395012
6200068  0.20156994673395012
6200071  0.20156994673395012
6200087  0.20156994673395012
6200088  0.20156994673395012
6200089  0.20156994673395012
6200090  0.20156994673395012
6400095  0.20156994673395012
6400098  0.20156994673395012
6400110  0.20156994673395012
6400119  0.20156994673395012
6400183  0.20156994673395012
6400184  0.20156994673395012
6400187  0.20156994673395012
6400188  0.20156994673395012
6400192  0.20156994673395012
6400193  0.20156994673395012
6400194  0.20156994673395012
6400195  0.20156994673395012
6400196  0.20156994673395012
6400200  0.20156994673395012
6400201  0.20156994673395012
6400202  0.20156994673395012
6400203  0.20156994673395012
6400204  0.20156994673395012
6400205  0.20156994673395012
6400209  0.20156994673395012
6800740  0.20156994673395012
6800747  0.20156994673395012
6800748  0.20156994673395012
6800749  0.20156994673395012
6800750  0.20156994673395012
6800751  0.20156994673395012
1900204  0.20151345291479816
1900207  0.20151345291479816
1900210  0.20151345291479816
1900211  0.20151345291479816
1900706  0.19867366675877318
1900095  0.1985639326152996
1900115  0.1985639326152996
1900116  0.1985639326152996
1900117  0.1985639326152996
1900415  0.1985639326152996
1900416  0.1985639326152996
1900418  0.1985639326152996
1900419  0.1985639326152996
1900423  0.1985639326152996
1900426  0.1985639326152996
1900429  0.1985639326152996
1900430  0.1985639326152996
1900431  0.1985639326152996
1900443  0.1985639326152996
1900446  0.1985639326152996
1900448  0.1985639326152996
1900458  0.1985639326152996
1900460  0.1985639326152996
1900462  0.1985639326152996
1900466  0.1985639326152996
1900469  0.1985639326152996
1900473  0.1985639326152996
1900514  0.1985639326152996
1900515  0.1985639326152996
1900517  0.1985639326152996
1900518  0.1985639326152996
1900529  0.1985639326152996
1900531  0.1985639326152996
1900532  0.1985639326152996
1900542  0.1985639326152996
1900544  0.1985639326152996
1900545  0.1985639326152996
1900548  0.1985639326152996
1900689  0.1985639326152996
1900690  0.1985639326152996
1900693  0.1985639326152996
1900694  0.1985639326152996
5700038  0.1985639326152996
5700039  0.1985639326152996
5700040  0.1985639326152996
5700041  0.1985639326152996
5700042  0.1985639326152996
5700088  0.1985639326152996
5700089  0.1985639326152996
5800082  0.1985639326152996
5800083  0.1985639326152996
5800106  0.1985639326152996
5800107  0.1985639326152996
5800110  0.1985639326152996
5800111  0.1985639326152996
5800114  0.1985639326152996
5800115  0.1985639326152996
5800117  0.1985639326152996
5800118  0.1985639326152996
5800121  0.1985639326152996
5800123  0.1985639326152996
5800124  0.1985639326152996
5800136  0.1985639326152996
5800140  0.1985639326152996
5800141  0.1985639326152996
5800145  0.1985639326152996
5800150  0.1985639326152996
5800152  0.1985639326152996
5800153  0.1985639326152996
5800154  0.1985639326152996
5800155  0.1985639326152996
5800174  0.1985639326152996
5800196  0.1985639326152996
5800199  0.1985639326152996
5800200  0.1985639326152996
5800201  0.1985639326152996
5800205  0.1985639326152996
5800214  0.1985639326152996
5800252  0.1985639326152996
5800253  0.1985639326152996
5800255  0.1985639326152996
5800258  0.1985639326152996
5800260  0.1985639326152996
5800262  0.1985639326152996
5800263  0.1985639326152996
5800274  0.1985639326152996
5800275  0.1985639326152996
5800276  0.1985639326152996
5800277  0.1985639326152996
5800281  0.1985639326152996
5800282  0.1985639326152996
5800284  0.1985639326152996
5800287  0.1985639326152996
5800289  0.1985639326152996
6600037  0.1985639326152996
6600039  0.1985639326152996
6600040  0.1985639326152996
6600099  0.1985639326152996
1000259  0.19741900054914885
1000260  0.19741900054914885
1000261  0.19741900054914885
1100060  0.19741900054914885
1100062  0.19741900054914885
1100064  0.19741900054914885
1100066  0.19741900054914885
1100068  0.19741900054914885
1100070  0.19741900054914885
1100072  0.19741900054914885
1100074  0.19741900054914885
1100076  0.19741900054914885
1100078  0.19741900054914885
1100080  0.19741900054914885
1100082  0.19741900054914885
1100094  0.19741900054914885
1100095  0.19741900054914885
1100096  0.19741900054914885
