4200059  0.5092427134513855
4200060  0.5092427134513855
4200078  0.5092427134513855
4200080  0.5092427134513855
4200126  0.5092427134513855
4200127  0.5092427134513855
4200141  0.5092427134513855
4200150  0.5092427134513855
4200154  0.5092427134513855
4300050  0.5092427134513855
4300051  0.5092427134513855
4300054  0.5092427134513855
4300055  0.5092427134513855
4300058  0.5092427134513855
4300069  0.5092427134513855
4300253  0.5092427134513855
4300726  0.5092427134513855
4400031  0.5092427134513855
4400050  0.5092427134513855
4400062  0.5092427134513855
4400063  0.5092427134513855
4400064  0.5092427134513855
4400066  0.5092427134513855
4400067  0.5092427134513855
4400068  0.5092427134513855
4400074  0.5092427134513855
4400075  0.5092427134513855
4400077  0.5092427134513855
4400078  0.5092427134513855
4400080  0.5092427134513855
4400082  0.5092427134513855
4400083  0.5092427134513855
4400087  0.5092427134513855
4400090  0.5092427134513855
4400092  0.5092427134513855
4501169  0.5092427134513855
4501170  0.5092427134513855
4501171  0.5092427134513855
4501174  0.5092427134513855
4501180  0.5092427134513855
4501181  0.5092427134513855
4501198  0.5092427134513855
4600223  0.5092427134513855
4600225  0.5092427134513855
4600252  0.5092427134513855
4600253  0.5092427134513855
4600254  0.5092427134513855
4600256  0.5092427134513855
4600257  0.5092427134513855
4600270  0.5092427134513855
4600284  0.5092427134513855
4600295  0.5092427134513855
4600304  0.5092427134513855
4700051  0.5092427134513855
4700052  0.5092427134513855
4800061  0.5092427134513855
4800062  0.5092427134513855
4800424  0.5092427134513855
4900331  0.5092427134513855
4900333  0.5092427134513855
5000444  0.5092427134513855
5000445  0.5092427134513855
5000446  0.5092427134513855
5000447  0.5092427134513855
5000448  0.5092427134513855
5000452  0.5092427134513855
5000457  0.5092427134513855
5000480  0.5092427134513855
5000482  0.5092427134513855
5000492  0.5092427134513855
5000496  0.5092427134513855
5000498  0.5092427134513855
5000516  0.5092427134513855
5000520  0.5092427134513855
5000522  0.5092427134513855
5000524  0.5092427134513855
5200063  0.5092427134513855
5200065  0.5092427134513855
5200066  0.5092427134513855
5200067  0.5092427134513855
5200068  0.5092427134513855
5200077  0.5092427134513855
5200096  0.5092427134513855
5200099  0.5092427134513855
5200100  0.5092427134513855
5200101  0.5092427134513855
5200104  0.5092427134513855
5200105  0.5092427134513855
5200106  0.5092427134513855
5200107  0.5092427134513855
5200108  0.5092427134513855
5200110  0.5092427134513855
5200111  0.5092427134513855
5200112  0.5092427134513855
5200122  0.5092427134513855
5200123  0.5092427134513855
5200133  0.5092427134513855
5200169  0.5092427134513855
5200171  0.5092427134513855
5200173  0.5092427134513855
5200175  0.5092427134513855
5200178  0.5092427134513855
5200180  0.5092427134513855
5300099  0.5092427134513855
5300100  0.5092427134513855
5300101  0.5092427134513855
5300102  0.5092427134513855
5300103  0.5092427134513855
5300107  0.5092427134513855
5300108  0.5092427134513855
5300131  0.5092427134513855
5300133  0.5092427134513855
5300156  0.5092427134513855
5300160  0.5092427134513855
5300164  0.5092427134513855
5300168  0.5092427134513855
5300172  0.5092427134513855
5300176  0.5092427134513855
5300180  0.5092427134513855
5300184  0.5092427134513855
5300188  0.5092427134513855
5300192  0.5092427134513855
5300196  0.5092427134513855
5300200  0.5092427134513855
5300204  0.5092427134513855
5300208  0.5092427134513855
5300212  0.5092427134513855
5300216  0.5092427134513855
5300220  0.5092427134513855
5300224  0.5092427134513855
5300228  0.5092427134513855
5300232  0.5092427134513855
5300236  0.5092427134513855
5300240  0.5092427134513855
5300244  0.5092427134513855
5300248  0.5092427134513855
5300252  0.5092427134513855
5300256  0.5092427134513855
5300260  0.5092427134513855
5300264  0.5092427134513855
5300268  0.5092427134513855
8200045  0.5092427134513855
8200137  0.5092427134513855
8200138  0.5092427134513855
8200191  0.5092427134513855
8200192  0.5092427134513855
8200194  0.5092427134513855
8200197  0.5092427134513855
8200202  0.5092427134513855
8200203  0.5092427134513855
8200211  0.5092427134513855
8200212  0.5092427134513855
8200213  0.5092427134513855
8200217  0.5092427134513855
8200221  0.5092427134513855
8200225  0.5092427134513855
8200229  0.5092427134513855
8200233  0.5092427134513855
8200237  0.5092427134513855
8200241  0.5092427134513855
8300042  0.5092427134513855
8300045  0.5092427134513855
8300053  0.5092427134513855
8300054  0.5092427134513855
8300056  0.5092427134513855
8300057  0.5092427134513855
8300058  0.5092427134513855
8300059  0.5092427134513855
8300061  0.5092427134513855
8300062  0.5092427134513855
8300064  0.5092427134513855
8300066  0.5092427134513855
8300067  0.5092427134513855
8300069  0.5092427134513855
8300075  0.5092427134513855
8300076  0.5092427134513855
8300088  0.5092427134513855
8300093  0.5092427134513855
8300120  0.5092427134513855
8300121  0.5092427134513855
8300123  0.5092427134513855
8300134  0.5092427134513855
8300139  0.5092427134513855
8300140  0.5092427134513855
8300142  0.5092427134513855
8300175  0.5092427134513855
8300176  0.5092427134513855
8300177  0.5092427134513855
8300179  0.5092427134513855
8300180  0.5092427134513855
8300188  0.5092427134513855
8300190  0.5092427134513855
8300195  0.5092427134513855
8300196  0.5092427134513855
8300198  0.5092427134513855
8400056  0.5092427134513855
8400058  0.5092427134513855
8400062  0.5092427134513855
8400063  0.5092427134513855
8400066  0.5092427134513855
8400070  0.5092427134513855
8400072  0.5092427134513855
8400073  0.5092427134513855
8400075  0.5092427134513855
8400076  0.5092427134513855
8400078  0.5092427134513855
8400079  0.5092427134513855
8400080  0.5092427134513855
8400182  0.5092427134513855
8500052  0.5092427134513855
8500054  0.5092427134513855
8500058  0.5092427134513855
8500059  0.5092427134513855
8500062  0.5092427134513855
8500066  0.5092427134513855
8500067  0.5092427134513855
8500076  0.5092427134513855
8500077  0.5092427134513855
8500087  0.5092427134513855
8500088  0.5092427134513855
8500089  0.5092427134513855
8500090  0.5092427134513855
8500139  0.5092427134513855
8500148  0.5092427134513855
8500158  0.5092427134513855
8600436  0.5092427134513855
8600437  0.5092427134513855
8600445  0.5092427134513855
8600446  0.5092427134513855
8600448  0.5092427134513855
8600449  0.5092427134513855
8600451  0.5092427134513855
8600452  0.5092427134513855
8600454  0.5092427134513855
8600455  0.5092427134513855
8600457  0.5092427134513855
8600458  0.5092427134513855
8600460  0.5092427134513855
8600461  0.5092427134513855
8600463  0.5092427134513855
8600464  0.5092427134513855
8600466  0.5092427134513855
8600467  0.5092427134513855
8600469  0.5092427134513855
8600470  0.5092427134513855
8600472  0.5092427134513855
8600473  0.5092427134513855
8600475  0.5092427134513855
8600476  0.5092427134513855
8600478  0.5092427134513855
8600485  0.5092427134513855
8600486  0.5092427134513855
8600488  0.5092427134513855
8600489  0.5092427134513855
8600491  0.5092427134513855
8600492  0.5092427134513855
8600494  0.5092427134513855
8600495  0.5092427134513855
8600497  0.5092427134513855
8600498  0.5092427134513855
8600500  0.5092427134513855
8600501  0.5092427134513855
8600503  0.5092427134513855
8600504  0.5092427134513855
8600506  0.5092427134513855
8600507  0.5092427134513855
8600509  0.5092427134513855
8600510  0.5092427134513855
8600512  0.5092427134513855
8600513  0.5092427134513855
8600515  0.5092427134513855
8600516  0.5092427134513855
8600518  0.5092427134513855
8600519  0.5092427134513855
8600521  0.5092427134513855
8600522  0.5092427134513855
8600524  0.5092427134513855
8600525  0.5092427134513855
8600527  0.5092427134513855
8600528  0.5092427134513855
8600530  0.5092427134513855
8600531  0.5092427134513855
8600533  0.5092427134513855
8600534  0.5092427134513855
8600536  0.5092427134513855
8600537  0.5092427134513855
8600539  0.5092427134513855
8600540  0.5092427134513855
8600542  0.5092427134513855
8600543  0.5092427134513855
8600545  0.5092427134513855
8600546  0.5092427134513855
8600548  0.5092427134513855
8600549  0.5092427134513855
8600551  0.5092427134513855
8600552  0.5092427134513855
8600555  0.5092427134513855
8600558  0.5092427134513855
8600562  0.5092427134513855
8700043  0.5092427134513855
8700044  0.5092427134513855
8700045  0.5092427134513855
8700054  0.5092427134513855
8700063  0.5092427134513855
8700104  0.5092427134513855
8700105  0.5092427134513855
8700142  0.5092427134513855
8700143  0.5092427134513855
8700144  0.5092427134513855
8700145  0.5092427134513855
8800045  0.5092427134513855
8800046  0.5092427134513855
8800049  0.5092427134513855
8800101  0.5092427134513855
8900045  0.5092427134513855
8900046  0.5092427134513855
8900047  0.5092427134513855
8900054  0.5092427134513855
8900058  0.5092427134513855
8900061  0.5092427134513855
8900062  0.5092427134513855
8900063  0.5092427134513855
8900082  0.5092427134513855
8900084  0.5092427134513855
8900095  0.5092427134513855
8900111  0.5092427134513855
8900119  0.5092427134513855
9000046  0.5092427134513855
9000047  0.5092427134513855
9000058  0.5092427134513855
9000059  0.5092427134513855
9000073  0.5092427134513855
9000075  0.5092427134513855
9000079  0.5092427134513855
9000081  0.5092427134513855
9000082  0.5092427134513855
9000086  0.5092427134513855
9000087  0.5092427134513855
9000091  0.5092427134513855
9000174  0.5092427134513855
9000183  0.5092427134513855
9100046  0.5092427134513855
9100047  0.5092427134513855
9100048  0.5092427134513855
9100127  0.5092427134513855
9100131  0.5092427134513855
9200041  0.5092427134513855
9200042  0.5092427134513855
9200043  0.5092427134513855
9200047  0.5092427134513855
9200051  0.5092427134513855
9200055  0.5092427134513855
9200096  0.5092427134513855
9300041  0.5092427134513855
9300042  0.5092427134513855
9300043  0.5092427134513855
9300056  0.5092427134513855
9400042  0.5092427134513855
9400043  0.5092427134513855
9400044  0.5092427134513855
9400058  0.5092427134513855
9500770  0.5092427134513855
9500771  0.5092427134513855
9500772  0.5092427134513855
9500773  0.5092427134513855
9600389  0.5092427134513855
9600390  0.5092427134513855
9600393  0.5092427134513855
9600394  0.5092427134513855
9600395  0.5092427134513855
9600396  0.5092427134513855
9600397  0.5092427134513855
9600398  0.5092427134513855
9600399  0.5092427134513855
9700040  0.5092427134513855
9700046  0.5092427134513855
9700047  0.5092427134513855
9700087  0.5092427134513855
9700091  0.5092427134513855
9800284  0.5092427134513855
9800285  0.5092427134513855
9800288  0.5092427134513855
9800289  0.5092427134513855
9800290  0.5092427134513855
9800291  0.5092427134513855
9800298  0.5092427134513855
9900393  0.5092427134513855
10000047  0.5092427134513855
10000048  0.5092427134513855
10000051  0.5092427134513855
10000052  0.5092427134513855
10000109  0.5092427134513855
10000147  0.5092427134513855
10000148  0.5092427134513855
10000149  0.5092427134513855
10000150  0.5092427134513855
10000151  0.5092427134513855
10100052  0.5092427134513855
10100053  0.5092427134513855
10100056  0.5092427134513855
10100059  0.5092427134513855
10100060  0.5092427134513855
10100069  0.5092427134513855
10200064  0.5092427134513855
10200066  0.5092427134513855
10200070  0.5092427134513855
10200082  0.5092427134513855
10200084  0.5092427134513855
10200088  0.5092427134513855
10200214  0.5092427134513855
10200219  0.5092427134513855
10200232  0.5092427134513855
10200237  0.5092427134513855
10300038  0.5092427134513855
10300044  0.5092427134513855
10300045  0.5092427134513855
10300049  0.5092427134513855
10300062  0.5092427134513855
10300071  0.5092427134513855
10300080  0.5092427134513855
10300117  0.5092427134513855
10300155  0.5092427134513855
5300272  0.5092426538467407
5800240  0.5092172622680664
4200055  0.5090001225471497
5300343  0.5083930492401123
5800237  0.5080023407936096
5300350  0.5076124668121338
5300338  0.507549524307251
3800164  0.5073307752609253
5300356  0.5072982907295227
5300276  0.5072468519210815
5300351  0.5071990489959717
4000939  0.5071536302566528
5800107  0.5071379542350769
5300344  0.5070565342903137
5800118  0.5070253610610962
5300345  0.507002055644989
5300330  0.5069301128387451
5800117  0.506808876991272
5300352  0.5067816376686096
5700040  0.5067375302314758
5300355  0.5067042112350464
5300369  0.5066982507705688
5800150  0.5066798329353333
4000115  0.506628155708313
5300331  0.506618320941925
5800205  0.5066031217575073
5800152  0.5065696239471436
5800153  0.5065587162971497
5501354  0.5065502524375916
5800121  0.5064876079559326
5800155  0.5064815878868103
3900866  0.5064689517021179
5501375  0.5064393281936646
3800227  0.5064045786857605
4200054  0.5063706636428833
5800111  0.5063650608062744
5800236  0.5063168406486511
5300337  0.5063138604164124
3800173  0.5062595009803772
5501353  0.5062567591667175
3800140  0.5062447190284729
5800123  0.5062435269355774
5300358  0.5062240362167358
3800282  0.5061842203140259
5300363  0.5061751008033752
5300354  0.5061498880386353
5700042  0.5061432123184204
5501501  0.5061203241348267
5700041  0.5061113834381104
5300333  0.5061002373695374
5800228  0.5060603022575378
5300353  0.5060416460037231
3800245  0.5060158967971802
4000581  0.5060141682624817
5501359  0.5060102939605713
5501506  0.5059919953346252
5501355  0.5059449672698975
5300357  0.5059386491775513
3800254  0.5059138536453247
5800229  0.5059069395065308
5300349  0.505901575088501
5800114  0.5058997869491577
3800182  0.5058850646018982
5501341  0.5058637857437134
5501371  0.505824625492096
5700089  0.505801260471344
5300348  0.5058005452156067
5800154  0.5057989358901978
5300364  0.5057470202445984
5800201  0.5057386159896851
5700038  0.505721390247345
5300370  0.5057125687599182
5501528  0.5057050585746765
3800236  0.5056967735290527
5300346  0.5056880116462708
5800106  0.5056670904159546
3800116  0.5056418776512146
5501529  0.5056262612342834
5501356  0.5056256651878357
5800227  0.5056026577949524
3800273  0.505565345287323
5700039  0.5055651068687439
5501500  0.5055558085441589
5800110  0.5055525302886963
5800214  0.5055381655693054
5501343  0.5055175423622131
5501505  0.5055153369903564
5800140  0.5055081248283386
5800136  0.5054638981819153
5300336  0.5054634213447571
5501580  0.5054476857185364
5800147  0.5054412484169006
5300365  0.5054299831390381
3901359  0.5054188370704651
4100080  0.5054017901420593
5501342  0.5053801536560059
5300323  0.5053626894950867
5300347  0.5053431391716003
3901610  0.5052969455718994
5300362  0.5052661299705505
4000623  0.5052072405815125
5300332  0.5052060484886169
5800083  0.5051988959312439
5800141  0.5051972270011902
5300386  0.5051891803741455
4000621  0.5051631331443787
5501570  0.505153477191925
5800224  0.5051319599151611
4200048  0.5050958395004272
5300329  0.5050914883613586
5300321  0.505082905292511
5800124  0.5050441026687622
5501348  0.505042552947998
5300280  0.5050174593925476
5501372  0.5050147771835327
5501351  0.5050129890441895
3900917  0.5049809217453003
5800174  0.5049628615379333
5501540  0.5049295425415039
3901681  0.5048960447311401
5501347  0.5048855543136597
5800226  0.5048738121986389
4000624  0.5048571228981018
5501576  0.5048514008522034
5501579  0.5048502683639526
5501350  0.5048324465751648
5700088  0.5048251748085022
3800200  0.5047998428344727
5800115  0.5047906041145325
4000114  0.5047799348831177
5501573  0.5047531127929688
3901672  0.5047507286071777
5800082  0.5047237873077393
5800196  0.5046947002410889
5800145  0.504655659198761
3800119  0.5046256184577942
5501530  0.5045908689498901
5300361  0.5045399069786072
3800345  0.5045263767242432
5300328  0.504508376121521
5300360  0.5044543147087097
5501349  0.5044528245925903
3800363  0.5044320225715637
4000583  0.5043929219245911
3800137  0.5043602585792542
4200050  0.5043541193008423
5800200  0.5043314099311829
5501571  0.5043207406997681
3901600  0.5043105483055115
3800125  0.5042946934700012
4000622  0.5042865872383118
4100059  0.5042822360992432
3800122  0.504265546798706
5501344  0.5042544603347778
5300385  0.5042389035224915
5800199  0.5042052865028381
5501572  0.5041969418525696
4000936  0.5041524767875671
4100122  0.504133403301239
4000942  0.504120945930481
4000631  0.5041180849075317
5300335  0.5040774345397949
3901604  0.5040712356567383
5501364  0.5040605068206787
5501370  0.5040087699890137
5300359  0.5040042996406555
4000116  0.5039929747581482
5501533  0.5039905905723572
3901682  0.5039788484573364
5300327  0.5039032101631165
3900922  0.5038881301879883
5501367  0.5038749575614929
4100079  0.5038598775863647
5300334  0.5038440227508545
4000112  0.5038310289382935
5700102  0.5038228034973145
3901483  0.5038121938705444
3800076  0.5037832856178284
4000656  0.5037563443183899
4000113  0.5037115812301636
5300284  0.5036964416503906
3800209  0.5036759972572327
4000582  0.5036687850952148
3800336  0.5036576390266418
4000617  0.5036445260047913
4000461  0.5036394000053406
5300315  0.5036109685897827
5300320  0.5035907626152039
5501534  0.5035805106163025
4000618  0.5035799741744995
3901677  0.5035437941551208
5300372  0.5035385489463806
4000657  0.5035362243652344
5501360  0.5035095810890198
3800354  0.5034942030906677
4100057  0.5034271478652954
3800100  0.5034226775169373
3901365  0.5034036636352539
3800113  0.5033645629882812
4000459  0.5033109784126282
3901667  0.5032832026481628
3901671  0.5032598972320557
3901653  0.5032556056976318
3800327  0.5032491683959961
3800191  0.5032433271408081
4000110  0.5032187700271606
4100131  0.5032126307487488
3800264  0.5031943321228027
4100064  0.5031840205192566
5501583  0.5031786561012268
4000109  0.5031657814979553
5501502  0.5031400322914124
3901482  0.5031024217605591
5300319  0.5030871033668518
5501504  0.5030737519264221
4000153  0.5030397176742554
4100070  0.5030362010002136
4000630  0.5030276775360107
5501503  0.5029976963996887
3800103  0.5029499530792236
3901605  0.5029493570327759
3901703  0.5029381513595581
3900916  0.5029258728027344
4000171  0.5028778314590454
4000107  0.5028563737869263
3800300  0.5027674436569214
3901594  0.5027357339859009
5501543  0.5027247667312622
4100111  0.50264972448349
4100063  0.5026443004608154
3901490  0.5026324391365051
3800134  0.5026145577430725
3901654  0.5025149583816528
4000660  0.5025050640106201
3800291  0.5024607181549072
4100069  0.5024269819259644
3901595  0.5024071335792542
5300292  0.5023895502090454
3901585  0.5023396015167236
3901590  0.5022836923599243
3800218  0.5022419691085815
3900885  0.5020812153816223
4000935  0.502032995223999
3901708  0.5018954873085022
3901358  0.5018943548202515
3800110  0.5018932223320007
4000458  0.5018565058708191
3901663  0.50185626745224
4000460  0.5017866492271423
3900879  0.5017573237419128
4000108  0.5017274022102356
5300288  0.5015958547592163
3800106  0.5015233755111694
3800131  0.5014904141426086
3901658  0.5014664530754089
3901691  0.5014106035232544
4100065  0.5013623237609863
4100112  0.501265287399292
5300308  0.5012641549110413
3800091  0.501100480556488
3901692  0.5010622143745422
3901699  0.5010323524475098
3800318  0.5009990334510803
3900953  0.500923752784729
3901704  0.5009223222732544
3800309  0.5008183717727661
3900880  0.5008079409599304
3901586  0.5007907152175903
3901687  0.5007754564285278
4000111  0.5006418228149414
3800128  0.5005053281784058
3900954  0.5002784729003906
3901662  0.5002177357673645
3800079  0.5000599026679993
3800082  0.49992358684539795
3800097  0.49986377358436584
3900959  0.49967822432518005
3800094  0.4985683560371399
3800085  0.49749863147735596
3800088  0.4968870282173157
5800252  0.38716787099838257
6400196  0.2846815586090088
5900561  0.28368934988975525
6400195  0.283342182636261
5900563  0.2827799618244171
6400194  0.28247612714767456
5900564  0.28226354718208313
6200167  0.28219878673553467
5900513  0.2820613384246826
5900515  0.28197425603866577
5900573  0.2818986177444458
6200152  0.2818383574485779
6200090  0.28183212876319885
6200166  0.28180748224258423
5900514  0.28180041909217834
5900565  0.28177332878112793
5900560  0.28177130222320557
5800289  0.2817622125148773
6200071  0.2816968858242035
6200131  0.281585156917572
6200168  0.28137680888175964
6200089  0.28136682510375977
6200039  0.28136011958122253
6200111  0.28133532404899597
5900706  0.28131142258644104
5900574  0.2813047766685486
5900504  0.2812963128089905
6200151  0.2812929153442383
5900709  0.28125426173210144
6200042  0.2812374532222748
6200160  0.28123369812965393
6001206  0.28123214840888977
5800253  0.28120166063308716
5900718  0.2811968922615051
5900549  0.28118976950645447
6400193  0.2811884880065918
6001201  0.2811741530895233
5900672  0.2811025381088257
5900554  0.28109827637672424
6400192  0.28106963634490967
5900567  0.28106263279914856
6001311  0.2810482382774353
6400183  0.2810428738594055
6001208  0.2810324430465698
6200068  0.28101521730422974
5900682  0.280967116355896
5900482  0.2809451222419739
6200156  0.2808901369571686
5800287  0.2808493673801422
6400188  0.28083479404449463
6200153  0.2808072865009308
5900731  0.2807793915271759
6001319  0.2806980311870575
5900558  0.28069615364074707
5900575  0.2806805968284607
6200161  0.28066253662109375
5900717  0.2806563079357147
6200170  0.2805847227573395
6001306  0.28057509660720825
6001178  0.2805556356906891
6200150  0.2804965078830719
6200171  0.2804962992668152
6100206  0.2804544270038605
5900512  0.28043514490127563
5900551  0.28040531277656555
5900505  0.28039389848709106
5900710  0.2803902328014374
6400119  0.2803817689418793
5900583  0.28037139773368835
6200148  0.2803552746772766
6001305  0.28034508228302
6200088  0.2803436517715454
6100208  0.28033506870269775
5900683  0.28025180101394653
6200164  0.2802433669567108
5900509  0.28023889660835266
6200087  0.2802101969718933
5800255  0.280180960893631
5800277  0.28016233444213867
6200045  0.28012093901634216
6100204  0.28009170293807983
6400110  0.2800775468349457
5900719  0.2800605297088623
6001218  0.2800443768501282
6001322  0.28004133701324463
6001177  0.27998676896095276
6001176  0.2799239754676819
5900511  0.27990254759788513
6100205  0.2798859775066376
6200149  0.27984848618507385
5900576  0.27981722354888916
6400184  0.27977073192596436
6001221  0.2797536849975586
5900713  0.27973249554634094
6001330  0.27971914410591125
5800281  0.27969369292259216
6200154  0.27960067987442017
6100210  0.2795979976654053
6001200  0.2795058786869049
6400098  0.2794913351535797
5900729  0.27939894795417786
6200172  0.2793850898742676
6400187  0.27932053804397583
6200163  0.2793119549751282
6100185  0.2792980968952179
6100190  0.2792607545852661
6200048  0.27922961115837097
6001187  0.2792282998561859
6001199  0.2792046368122101
6001166  0.279203861951828
6200174  0.2791934609413147
6200061  0.2791883945465088
5900577  0.2791779041290283
5800284  0.27917781472206116
5800276  0.2791590690612793
6100189  0.2791233956813812
6400095  0.27908697724342346
5900711  0.2789994776248932
6001304  0.27896448969841003
6200062  0.27892792224884033
5800282  0.2789166271686554
5900578  0.2789100408554077
6100186  0.2788476049900055
6001332  0.2787802815437317
6001179  0.27877774834632874
6100191  0.2787567675113678
5900720  0.2787224352359772
5800258  0.2786751389503479
6100188  0.2785865068435669
5900726  0.27854523062705994
5900510  0.27853262424468994
6001180  0.2782462537288666
5800275  0.2782090902328491
6001235  0.2781493663787842
5900725  0.27787190675735474
5800274  0.2776931822299957
5800260  0.27754759788513184
6001223  0.277523934841156
6001233  0.27748507261276245
6400200  0.27702704071998596
5800262  0.2769562304019928
5800263  0.2765780985355377
7000113  0.2748253047466278
7400401  0.2746938467025757
7000112  0.2742827236652374
7000053  0.27387699484825134
7400400  0.27387553453445435
7000104  0.2736934721469879
7000054  0.2734586000442505
7000052  0.27325502038002014
7400280  0.27308040857315063
7400281  0.27293965220451355
7000114  0.27288779616355896
7400077  0.27284783124923706
7400253  0.2726733684539795
6400201  0.27266108989715576
7400264  0.27251988649368286
7000138  0.2725120484828949
7000051  0.27248910069465637
7000137  0.272487998008728
7400244  0.2723977565765381
7000303  0.27234575152397156
7400273  0.2723430395126343
7400254  0.27233436703681946
7400243  0.2722403407096863
7400282  0.2722129225730896
7400259  0.27220863103866577
7400387  0.272185355424881
7100058  0.2721777558326721
7000103  0.272163987159729
7400245  0.2721068561077118
7400258  0.27209120988845825
7000309  0.2720426023006439
6800740  0.2719910740852356
6800751  0.271948903799057
7000297  0.2719239294528961
7400399  0.2719079554080963
7000055  0.27182915806770325
7000098  0.2718088924884796
7400255  0.2717705965042114
7400079  0.27171435952186584
7000115  0.2717108130455017
7400297  0.2717064619064331
7400256  0.2716712951660156
6800750  0.2716522812843323
7400279  0.2716459035873413
7000328  0.27159854769706726
7000136  0.2715372145175934
7000296  0.271525114774704
7400242  0.2715042233467102
7400270  0.27132129669189453
7400096  0.2712700366973877
7100137  0.27125778794288635
7400105  0.2712559401988983
7000298  0.2712274491786957
7000092  0.2711511552333832
7400247  0.2710898816585541
7000144  0.2710530161857605
7400296  0.2710508406162262
7400102  0.27101632952690125
7400284  0.27097728848457336
7400283  0.270964115858078
7400386  0.27092185616493225
7000072  0.2708951532840729
7400252  0.270861953496933
6600099  0.27084633708000183
7400173  0.2708427309989929
7400076  0.2708319127559662
7300048  0.2707756757736206
7400099  0.27070266008377075
7400251  0.2706576883792877
7400275  0.27063247561454773
7300051  0.27056336402893066
7400241  0.2705310583114624
7100057  0.27048349380493164
7400265  0.27047601342201233
7400175  0.27046796679496765
7400172  0.27045726776123047
7300055  0.27043381333351135
7400108  0.2704251706600189
7400298  0.2703871726989746
7400268  0.27035436034202576
7400246  0.2703292965888977
7400174  0.27031973004341125
6800761  0.27026045322418213
7200151  0.27024731040000916
7400081  0.2701188921928406
6800749  0.27008622884750366
7400360  0.27004045248031616
7400278  0.26993101835250854
7400139  0.269904226064682
7400138  0.2698236107826233
7400294  0.26981234550476074
7400257  0.2698090970516205
6800747  0.26980647444725037
7300052  0.26974770426750183
7300047  0.26968100666999817
7100055  0.269639790058136
7000292  0.2695414423942566
7400249  0.26951372623443604
7400093  0.2695116698741913
6900038  0.2694694697856903
7400286  0.26934102177619934
7000294  0.2692793607711792
7400385  0.26926690340042114
7400111  0.26917147636413574
6400202  0.2691279947757721
7400120  0.2691185772418976
7000146  0.2691013514995575
7400295  0.26905664801597595
7400083  0.26903781294822693
6600040  0.26898711919784546
7400177  0.2689717411994934
6800748  0.26895979046821594
6800776  0.26891079545021057
7400133  0.268898069858551
6900037  0.26889023184776306
7400250  0.26887592673301697
7400167  0.2688583731651306
7400143  0.2688513398170471
7400126  0.26857098937034607
7400146  0.2685305178165436
7400121  0.2684851586818695
6600037  0.2684827744960785
7400288  0.26843351125717163
7300066  0.2684288024902344
7100056  0.2682845890522003
7200160  0.26814937591552734
7400131  0.2680060565471649
7400090  0.26799213886260986
7400114  0.2679542899131775
6400203  0.2679179310798645
7200152  0.26777809858322144
7400117  0.26749926805496216
7200153  0.2673833966255188
7400087  0.2673223316669464
6600039  0.2671855688095093
7400085  0.26689985394477844
6400204  0.26629409193992615
6400205  0.26600658893585205
6400209  0.2656783163547516
8200135  0.2626199424266815
7400404  0.26138824224472046
8200129  0.14720658957958221
7400741  0.14600203931331635
8200128  0.14592492580413818
7400743  0.14572642743587494
7400050  0.14530418813228607
7400605  0.14522649347782135
8100224  0.14519354701042175
7400406  0.14494551718235016
8100184  0.1448953002691269
8200127  0.1448868364095688
7700045  0.14487983286380768
7700044  0.14482295513153076
8100195  0.1447797268629074
8100223  0.14477428793907166
7600750  0.14475810527801514
7400603  0.1447381228208542
8200126  0.14464455842971802
7400604  0.1446097046136856
8100193  0.14460144937038422
7400740  0.14457112550735474
8100203  0.14456231892108917
8100139  0.14447909593582153
7400486  0.14436277747154236
8100186  0.14430738985538483
7900041  0.1442936658859253
8100208  0.14428512752056122
7400485  0.14420604705810547
8100201  0.1441882699728012
8200148  0.14415514469146729
7400682  0.14413054287433624
8000055  0.1441209614276886
8200068  0.1440652310848236
8100161  0.1440635770559311
7400739  0.1440306007862091
7900040  0.1440187692642212
8100204  0.14399975538253784
7400606  0.1439872682094574
8100188  0.14397411048412323
8100183  0.14395222067832947
7800056  0.14390680193901062
8200116  0.14388690888881683
7900042  0.1438744068145752
8000090  0.14386865496635437
8100194  0.14386580884456635
8100140  0.1438121795654297
8100119  0.14379963278770447
7800094  0.1437665969133377
8200122  0.1437276005744934
8100196  0.14367491006851196
7600751  0.1435880959033966
8100141  0.14358797669410706
8000058  0.14357298612594604
7400738  0.14356745779514313
7800047  0.1435653418302536
8100162  0.143562451004982
8100187  0.1435137242078781
7400534  0.14351162314414978
8100207  0.14349940419197083
7400407  0.14346785843372345
8100200  0.14343659579753876
8100181  0.14338445663452148
8200111  0.1433456540107727
8100192  0.14332863688468933
8200115  0.1433221995830536
7400552  0.14331398904323578
8200119  0.14330948889255524
7400535  0.14330536127090454
8100083  0.1432976871728897
7400691  0.14328551292419434
7700208  0.14327628910541534
8100159  0.14327053725719452
7700046  0.14326392114162445
8100179  0.1432444155216217
8100163  0.14323756098747253
7400470  0.1432339996099472
7400458  0.14322467148303986
8100178  0.1432158201932907
8200149  0.14319249987602234
8100056  0.14317819476127625
8100212  0.14317587018013
8100176  0.14314815402030945
7800046  0.14313937723636627
8100182  0.14311723411083221
8000054  0.14306694269180298
8100160  0.1430332064628601
8100218  0.14297781884670258
8100072  0.14294315874576569
8200117  0.1428747922182083
8100215  0.14284320175647736
7400551  0.14283934235572815
8100177  0.1426968276500702
8100165  0.14263665676116943
8100191  0.14261044561862946
8100082  0.1426021158695221
8200072  0.14251956343650818
8100197  0.14246056973934174
7400469  0.1424511969089508
8100190  0.1424279361963272
8100142  0.1424206793308258
8100189  0.1424107849597931
7900097  0.1424049437046051
8200071  0.1423782855272293
8100158  0.14229147136211395
7400459  0.14226651191711426
8100173  0.14223310351371765
8200118  0.1421777755022049
8100206  0.1421605944633484
7400450  0.14211414754390717
8200100  0.14208917319774628
8000086  0.14203256368637085
7700220  0.14202488958835602
8100180  0.14198310673236847
8100174  0.1419810801744461
8100168  0.1419694721698761
8100086  0.1419602930545807
7800045  0.14194871485233307
8100060  0.14191105961799622
8200081  0.14190292358398438
7900093  0.1418217569589615
8100063  0.14179493486881256
7400468  0.14177174866199493
8100066  0.14173969626426697
8100175  0.14158976078033447
8100059  0.14154551923274994
8100169  0.14153902232646942
8100166  0.14142009615898132
8100167  0.1413240134716034
8000070  0.14130468666553497
8000062  0.14122657477855682
8000061  0.1411866396665573
7400544  0.14118117094039917
7400409  0.1411287635564804
8100153  0.14112535119056702
7400448  0.14107726514339447
7400449  0.14096783101558685
8100157  0.1407042294740677
8100147  0.14070308208465576
7400411  0.14068859815597534
7400428  0.14027070999145508
7400435  0.1391284465789795
1000259  0.11168162524700165
1500035  0.11088711023330688
2500454  0.11064600199460983
1200063  0.11044841259717941
1300030  0.11027780920267105
1100151  0.11006803065538406
2500451  0.10992557555437088
1100160  0.10991552472114563
2500104  0.1097259446978569
2500209  0.10953599214553833
2500212  0.10951385647058487
1500037  0.109429270029068
1500167  0.10939379781484604
2500110  0.10938889533281326
1100080  0.10938680171966553
1900448  0.10935638099908829
2200049  0.10935139656066895
1100132  0.10929808765649796
1900116  0.10929398238658905
1100141  0.10910793393850327
2200072  0.10909516364336014
2200092  0.10908424109220505
1000260  0.10907866060733795
1800055  0.1090487390756607
2200059  0.10891343653202057
2500359  0.10884959250688553
2200070  0.10884156078100204
2500448  0.10881906002759933
2500105  0.10877865552902222
1100187  0.10877407342195511
1800054  0.10876566916704178
2200071  0.10874207317829132
1900689  0.10873238742351532
1900690  0.10867482423782349
1100205  0.10864866524934769
1900458  0.1086307018995285
2500408  0.10861338675022125
1500164  0.10859686136245728
1500146  0.1085614562034607
1100169  0.10852476209402084
1100078  0.10849957168102264
2500083  0.10845949500799179
1100076  0.10842408984899521
1900529  0.10841353237628937
1900887  0.10840994119644165
1900517  0.10838830471038818
2500114  0.10838159173727036
2500336  0.10834883898496628
2500339  0.10829822719097137
1100068  0.10826645791530609
1500149  0.10816454887390137
1900515  0.10810010880231857
2500106  0.10806296020746231
1900415  0.1080593541264534
1900518  0.10804944485425949
1900693  0.10802964121103287
1100196  0.10802499949932098
2500348  0.10796108096837997
1900416  0.10795560479164124
1900117  0.10793440788984299
2200056  0.10792664438486099
2500085  0.10792113840579987
2500338  0.10792059451341629
2500405  0.107918381690979
2200218  0.10789359360933304
1100074  0.10786397755146027
1900419  0.10784133523702621
1900443  0.10778925567865372
2200057  0.10777240246534348
1100178  0.10768590867519379
1900910  0.10768107324838638
2200051  0.10766923427581787
1900694  0.10760962218046188
2500109  0.10759279131889343
2500111  0.10756953805685043
1900885  0.10755882412195206
2200053  0.10752541571855545
1900204  0.10749617964029312
1900446  0.10748879611492157
1800660  0.1074356883764267
2500396  0.10742323100566864
1900212  0.10740625113248825
1900900  0.10738831013441086
1100082  0.10736653208732605
2000033  0.10736121237277985
1500168  0.10734155774116516
1900460  0.1073271632194519
2200050  0.10732070356607437
1100070  0.10730215907096863
1900115  0.10729566961526871
1900548  0.1072932779788971
1901227  0.10726331174373627
1900531  0.10722777247428894
2500346  0.10714859515428543
2500084  0.10711649060249329
1900429  0.10708896815776825
2500107  0.1070629134774208
2500399  0.10705728828907013
2500340  0.10702458024024963
1500252  0.1069868728518486
2500347  0.1069481149315834
1900431  0.10691897571086884
1900418  0.10688838362693787
1500171  0.1068490520119667
1900462  0.1068461686372757
2500402  0.10679764300584793
1900532  0.10677772015333176
1900514  0.1066763699054718
1100105  0.10664179176092148
1900884  0.10663363337516785
1900542  0.10659454017877579
2500113  0.10654702037572861
1900430  0.10653145611286163
1900473  0.10652046650648117
1100094  0.10651879012584686
1100064  0.10649803280830383
1900545  0.10642903298139572
1000261  0.10641849040985107
1900423  0.10641069710254669
1100114  0.10639605671167374
1900882  0.10635317116975784
1900706  0.10635102540254593
1900211  0.10628611594438553
1100123  0.1062396690249443
1100066  0.10620766878128052
1500255  0.10611219704151154
2500345  0.10610315203666687
1100072  0.10595931112766266
2200055  0.10584396868944168
1900207  0.10578233748674393
1900095  0.10528841614723206
1900544  0.10525395721197128
1900426  0.10523336380720139
1900210  0.10502391308546066
1100062  0.10488209873437881
1900469  0.1048252210021019
1900466  0.10468080639839172
1100060  0.10462700575590134
1100096  0.10450726002454758
1100095  0.1040138527750969
3800073  0.0920976847410202
2500457  0.03957664221525192
2500460  0.0026444271206855774
3800155  0.0026443186216056347
2501138  0.002644053427502513
2501141  0.0026438673958182335
2702569  0.0026425637770444155
3800153  0.0026424983516335487
2501139  0.002642265986651182
3101933  0.002640503691509366
3002112  0.0026404960080981255
3102026  0.002640464575961232
3101923  0.002640285063534975
2501120  0.002640209626406431
3101879  0.0026400601491332054
2501127  0.0026392305735498667
3800154  0.002639047335833311
2702576  0.002638670615851879
2500532  0.002638315549120307
2501116  0.002637996803969145
2702574  0.0026375455781817436
2702599  0.0026374650187790394
3002115  0.0026372054126113653
2501102  0.002637130208313465
3101863  0.0026370424311608076
3601281  0.002636966062709689
2702715  0.002636868041008711
2702588  0.0026367551181465387
2702591  0.0026365709491074085
2702585  0.0026362135540694
2501129  0.0026357334572821856
2501117  0.0026355518493801355
3601288  0.0026355229783803225
2501123  0.0026355015579611063
2702571  0.002635060576722026
2702600  0.0026349476538598537
3101864  0.002634942764416337
2501104  0.0026347620878368616
3002103  0.002634559292346239
2501105  0.002634442877024412
3601282  0.00263440259732306
2501131  0.0026342207565903664
2702615  0.002634183270856738
3101865  0.002634054282680154
3101868  0.002633744850754738
2702584  0.0026336207520216703
3101908  0.002633522031828761
2702729  0.0026332526467740536
3101926  0.0026331725530326366
3101921  0.002633078722283244
2501103  0.0026328267995268106
2702737  0.002632817951962352
3601285  0.0026327981613576412
3101909  0.002632488962262869
2702572  0.002632471267133951
2501137  0.002632065676152706
3002236  0.002631938084959984
3101860  0.0026319255121052265
2501100  0.0026312959380447865
2702713  0.0026311834808439016
3002106  0.002631175797432661
2702736  0.002631017006933689
3101878  0.002630968112498522
2500779  0.0026308682281523943
2702586  0.0026307343505322933
3002096  0.0026306980289518833
2702727  0.002630147384479642
2702619  0.0026300624012947083
2702595  0.002629820955917239
3002101  0.0026295846328139305
2702717  0.0026295105926692486
3501425  0.0026295045390725136
3101925  0.0026294870767742395
2702614  0.002629444468766451
3002099  0.002629429567605257
3002095  0.0026294132694602013
3501427  0.00262938323430717
2702714  0.0026292959228157997
3501442  0.002629233291372657
3101858  0.002629120834171772
2702733  0.0026290470268577337
3002117  0.0026290055830031633
2702624  0.0026289180386811495
3002090  0.002628711750730872
2702621  0.0026286644861102104
2702716  0.0026283031329512596
2702705  0.002628129441291094
3501426  0.0026279843878000975
2702596  0.0026278779841959476
2702726  0.002627671929076314
3601284  0.002627488225698471
3501430  0.0026273932307958603
2702582  0.002627382054924965
2702601  0.0026272633112967014
2501128  0.0026270607486367226
2702628  0.002626988338306546
3002116  0.002626506146043539
2702718  0.0026260928716510534
3501441  0.0026260889135301113
3002085  0.002626070287078619
2501107  0.002625910332426429
2702598  0.0026258842553943396
3501437  0.002625876571983099
3501438  0.002625690773129463
3101913  0.0026255932170897722
2500791  0.002625329652801156
3002094  0.002625273773446679
3101924  0.002625252353027463
2702738  0.002625230001285672
3101875  0.002624776680022478
3002084  0.0026243447791785
2500535  0.0026243149768561125
2500737  0.0026241689920425415
3601283  0.002623968059197068
3002086  0.0026239431463181973
2500687  0.002623808104544878
2702583  0.002623386448249221
3002100  0.002622962463647127
2702725  0.0026228860951960087
2702581  0.002622700296342373
2702625  0.0026224409230053425
2702701  0.002622412284836173
3002087  0.002622130559757352
2501109  0.0026220656000077724
2702597  0.002622038358822465
2702608  0.0026219559367746115
2501108  0.002621772699058056
2702626  0.002621028106659651
3002083  0.0026206830516457558
2500538  0.0026206516195088625
3101857  0.002620051149278879
2501053  0.002620032522827387
2702580  0.0026197570841759443
2702605  0.002618814120069146
2702741  0.0026181680150330067
2702720  0.0026181477587670088
2500667  0.0026179298292845488
2500647  0.0026167896576225758
2702603  0.002616437617689371
2500541  0.0026161454152315855
2702724  0.0026149072218686342
2500559  0.002611273666843772
