1900900  0.9606712460517883
1900887  0.7452438473701477
1900885  0.7405747175216675
1900884  0.740545392036438
1900910  0.7382898926734924
1900882  0.7361384630203247
8100147  0.3319428265094757
5300133  0.29532909393310547
6200170  0.274145245552063
6200171  0.26406675577163696
6200172  0.2600289583206177
8100139  0.24091081321239471
8100141  0.23727381229400635
4600304  0.23229774832725525
8100142  0.22882641851902008
8100119  0.2162105143070221
8100140  0.21436047554016113
4600295  0.18080580234527588
4600284  0.14794330298900604
4600257  0.1250467300415039
4600256  0.12068633735179901
8700105  0.11944296956062317
8700104  0.1110098585486412
10200082  0.1076435074210167
1500146  0.107537180185318
10200088  0.10638432949781418
1500164  0.09858759492635727
4600225  0.09601040184497833
5501533  0.09406652301549911
10200084  0.09164708852767944
10200214  0.09152766317129135
5501571  0.09026350826025009
6200152  0.08974545449018478
6100206  0.08947425335645676
6100208  0.08905168622732162
1500149  0.08883509039878845
6200161  0.08858735859394073
6200167  0.08811834454536438
6200160  0.08789040893316269
6200148  0.08758144080638885
6200164  0.0874825119972229
5501528  0.08681570738554001
3002101  0.08677642047405243
2500346  0.08662218600511551
6100204  0.08641714602708817
6200150  0.08621186017990112
6200149  0.08598225563764572
6100190  0.08579487353563309
6100205  0.08559683710336685
3900954  0.08530289679765701
6200153  0.08524373918771744
3900959  0.08452516794204712
6100189  0.08438010513782501
6200166  0.08432254195213318
6200111  0.08428017050027847
3900953  0.0840502679347992
6100186  0.08338767290115356
6100188  0.08337462693452835
5501573  0.08331874012947083
6200174  0.0831603854894638
7400175  0.08314286172389984
3901708  0.08262153714895248
6200151  0.08256658911705017
4600223  0.08255045861005783
6200156  0.08222391456365585
5501530  0.08220759779214859
2500347  0.08209408074617386
6100191  0.08199543505907059
5501570  0.08198385685682297
7400174  0.08190125226974487
3900922  0.08182365447282791
5501572  0.0817352831363678
2500345  0.08166968822479248
10200219  0.08164092153310776
1500167  0.08142872154712677
4800424  0.08098744601011276
6100185  0.08072295784950256
3901703  0.08057934790849686
2500348  0.08052363246679306
6200154  0.0802965760231018
3002084  0.07983437925577164
5501529  0.07981816679239273
3901604  0.07951552420854568
7400177  0.07943542301654816
6200163  0.07923340797424316
3900917  0.07871804386377335
7400167  0.07841938734054565
1500171  0.07832438498735428
1500168  0.07830291986465454
3901692  0.07820142805576324
5200108  0.07773488759994507
5501534  0.07748346775770187
3002103  0.07731498777866364
3901671  0.07728247344493866
3900916  0.0771183893084526
3900879  0.07711418718099594
3901704  0.07699510455131531
3101933  0.0769849568605423
7400173  0.07638539373874664
3900880  0.0762142688035965
3101925  0.07612120360136032
3002094  0.07608786225318909
3901490  0.07606486231088638
2501053  0.07600022107362747
3901482  0.0759933590888977
7800056  0.07588415592908859
2500737  0.07574081420898438
3002096  0.07532502710819244
3002106  0.07515561580657959
3901483  0.07505588978528976
3002095  0.07487349212169647
3900885  0.07462076842784882
7400534  0.0744720995426178
5000522  0.07412885129451752
3901600  0.07405985891819
3002083  0.07403940707445145
4900331  0.07395796477794647
7400172  0.07377482205629349
3901672  0.07364930957555771
3002086  0.07360474020242691
3901663  0.07351028919219971
4000153  0.07343821227550507
3002099  0.07329685240983963
5200107  0.0732726976275444
3002087  0.07298396527767181
3002100  0.07277539372444153
3901610  0.07246117293834686
3901662  0.07236729562282562
3901691  0.07232967019081116
3002090  0.07204502820968628
3901594  0.07203555852174759
3901687  0.07186192274093628
5300131  0.07173898071050644
3002236  0.07165756076574326
3002085  0.07155103981494904
3101924  0.07132548093795776
4900333  0.0712968036532402
7400604  0.07067274302244186
3901682  0.07064714282751083
8300140  0.07038675248622894
3901605  0.07020299881696701
3101926  0.06999781727790833
4000939  0.06987784802913666
8300121  0.06963185966014862
3901586  0.06934972107410431
3901699  0.06932251155376434
7000092  0.06929474323987961
4000935  0.06880877912044525
5200111  0.06874548643827438
4100079  0.06860488653182983
5200101  0.06821513921022415
7000114  0.06814433634281158
3901681  0.06805025041103363
5200112  0.06786882877349854
2702727  0.06783238798379898
3901677  0.06771930307149887
4600254  0.06768972426652908
2500212  0.06766707450151443
9800298  0.06761976331472397
10000147  0.0676184892654419
9800291  0.06748738139867783
8600457  0.06733761727809906
7000146  0.06730084866285324
8100182  0.06713173538446426
8100206  0.0669303610920906
5200104  0.06692010164260864
3901590  0.066888727247715
2702737  0.06679295748472214
8100195  0.06654471904039383
8100224  0.06642089784145355
5300349  0.06633374094963074
7000115  0.06629692018032074
7000136  0.06625144928693771
8100168  0.06622347980737686
5200096  0.06612040847539902
5200106  0.06608632206916809
3901595  0.06607459485530853
8200237  0.06599491089582443
7000098  0.06596624106168747
5200105  0.06595452129840851
3901585  0.06593164056539536
3101868  0.06588666886091232
2702738  0.06587013602256775
8100082  0.06584035605192184
5000524  0.06573239713907242
7000103  0.06557238101959229
9000086  0.06548595428466797
7400288  0.06537622958421707
2500209  0.06537557393312454
8200211  0.06530008465051651
3101863  0.0652962401509285
5700102  0.06525515764951706
8300190  0.06515587121248245
2500535  0.06509281694889069
3101857  0.06504253298044205
7000137  0.0649820864200592
4300058  0.06497114896774292
2501104  0.06493911892175674
6001177  0.06491255760192871
5900720  0.06477663666009903
3901658  0.06474413722753525
7400682  0.06465961784124374
3002115  0.06462065130472183
8100157  0.06458843499422073
7400606  0.06458652019500732
10200237  0.06457417458295822
8300058  0.06456249952316284
8300139  0.06455672532320023
2702741  0.06454287469387054
10200066  0.0645228698849678
9600394  0.0645160898566246
2702736  0.0644901916384697
9700046  0.06442701816558838
4100112  0.06440509855747223
4000942  0.06438151001930237
5300329  0.06436941772699356
8100059  0.06436367332935333
7000144  0.06423646211624146
9800290  0.06422613561153412
5900718  0.06419626623392105
5300288  0.06417196244001389
2500687  0.06416617333889008
3101858  0.06415820121765137
7400605  0.06413889676332474
9400043  0.06410714983940125
2500559  0.06408146023750305
8100072  0.06406504660844803
8600469  0.06405375152826309
2500538  0.06405339390039444
2702714  0.06401755660772324
6200168  0.06398782134056091
7400280  0.06394636631011963
9000079  0.06390631943941116
8400080  0.06384910643100739
8600510  0.06384623795747757
8600449  0.0638456717133522
5900706  0.0636928528547287
8100215  0.06366018950939178
8500052  0.0636577159166336
8100177  0.06362792104482651
8100190  0.06357163935899734
2702718  0.06354116648435593
8300045  0.06350112706422806
7400286  0.06347037106752396
8900119  0.06345773488283157
3800336  0.06345389038324356
5501350  0.06345359236001968
7400435  0.06341101974248886
8400063  0.06340467184782028
8500088  0.06339296698570251
8200197  0.06339238584041595
2200055  0.06338527798652649
8100212  0.06338253617286682
8100166  0.0633721873164177
8200229  0.06337129324674606
4000936  0.06336811184883118
4000171  0.06332219392061234
2501108  0.06331847608089447
7000113  0.063314288854599
2501107  0.06325242668390274
4600252  0.06323995441198349
8200212  0.06320828199386597
3800236  0.06320246309041977
8100218  0.06318709254264832
7400254  0.06317264586687088
9000174  0.0631716176867485
8100159  0.06316328793764114
5900563  0.06314823031425476
9800285  0.06310515105724335
7200153  0.06309837102890015
8100086  0.06309204548597336
10000109  0.06303808093070984
3901667  0.06301381438970566
8100179  0.06299877911806107
6001208  0.06296335160732269
8600509  0.0629032552242279
8100194  0.0629025399684906
3800191  0.06287480145692825
7700208  0.06286952644586563
4100111  0.06285510957241058
8100223  0.06284160166978836
7400275  0.06283485144376755
8600446  0.06277964264154434
2500779  0.06273283064365387
8100162  0.06272269785404205
8000055  0.06271465122699738
5200100  0.0626094713807106
9600389  0.0626073032617569
2200092  0.06258033215999603
5300351  0.06251082569360733
8100178  0.062498629093170166
9800288  0.06249341368675232
8100056  0.062475066632032394
8300057  0.06245533749461174
8100204  0.06244971230626106
2500396  0.06243310496211052
2200053  0.06242647394537926
8200191  0.06235929951071739
5200110  0.06232425943017006
5200099  0.062320273369550705
7900093  0.06231953948736191
3800164  0.06231454014778137
7400603  0.062306959182024
5300320  0.0622987262904644
8100193  0.062231868505477905
5900573  0.062203798443078995
9600393  0.062198564410209656
5300352  0.06219213083386421
6001304  0.06217484176158905
2500532  0.062161676585674286
1900515  0.062157124280929565
8100060  0.06213005259633064
7000138  0.06210177019238472
9100131  0.06208938732743263
7400253  0.0620417483150959
8100173  0.06203785538673401
5300319  0.06201895326375961
5300364  0.062011394649744034
8600513  0.062009695917367935
5501375  0.062002792954444885
9800284  0.06199364364147186
1800660  0.0619930662214756
5800237  0.06192215904593468
8600492  0.061915162950754166
2200049  0.06191271170973778
8400066  0.06190012767910957
8100188  0.06187549978494644
8900061  0.06186915561556816
4000109  0.0618375800549984
7700046  0.06183319538831711
5200068  0.061826109886169434
9700087  0.06180379167199135
4400080  0.06177916377782822
4300726  0.06175663322210312
3102026  0.06174652278423309
5300323  0.06170952320098877
8300069  0.061699241399765015
5300327  0.06169361248612404
8100183  0.06166880950331688
4200141  0.061652883887290955
5900583  0.06164760887622833
5300176  0.06164182350039482
4200150  0.06163795292377472
8100207  0.06162401661276817
8300075  0.061613891273736954
2500405  0.061603616923093796
7400247  0.061603132635354996
8200128  0.06155877932906151
5300343  0.06154918298125267
8100189  0.06154309958219528
5300363  0.06153588369488716
9600395  0.06153019890189171
3101865  0.061496566981077194
4000113  0.06149101257324219
8000090  0.06144729629158974
3800363  0.061440564692020416
5300280  0.06141403689980507
8600472  0.06141388416290283
6001179  0.06139722838997841
4000458  0.06139113008975983
8100161  0.06138944998383522
8600475  0.0613892488181591
8600546  0.06138046458363533
8100200  0.06136419251561165
3800309  0.061357419937849045
7400099  0.06132879853248596
8100208  0.061319127678871155
7400241  0.061295099556446075
3800345  0.06129191815853119
8100184  0.061286911368370056
5200169  0.06125596910715103
2501141  0.061251066625118256
9000082  0.06124760955572128
9600390  0.06123901903629303
8500054  0.06121295690536499
6800776  0.06121092662215233
5200063  0.06120036542415619
8300076  0.06118735298514366
7400117  0.061172619462013245
5200067  0.061146412044763565
8100176  0.06113813444972038
5800118  0.061126817017793655
7200151  0.061115067452192307
8200118  0.061105258762836456
8900058  0.06107255816459656
8600555  0.061068303883075714
9200096  0.06106223538517952
5800240  0.061056770384311676
3601283  0.061047788709402084
5900713  0.06100817024707794
8200148  0.06096176430583
8200115  0.06094338372349739
4600253  0.06094057112932205
7400114  0.06092878058552742
8100174  0.060920268297195435
8200202  0.060857560485601425
5501364  0.06083592399954796
8000062  0.06080598011612892
7800094  0.060777753591537476
7900041  0.0607687383890152
5900567  0.060762062668800354
7600751  0.0607612244784832
8200135  0.06072468310594559
5900549  0.060718607157468796
5300372  0.06071813777089119
6200045  0.06070316210389137
5300256  0.060685575008392334
2702725  0.06067774444818497
5300344  0.06066648289561272
2501131  0.06066286936402321
2500402  0.06065712124109268
8600501  0.06065056100487709
5300359  0.06063343957066536
5300365  0.060630928725004196
5300358  0.06062394380569458
9200042  0.06061225384473801
8900046  0.06058075278997421
7400259  0.060579631477594376
6001176  0.06057269498705864
8600524  0.06056170538067818
2501105  0.060559649020433426
2702586  0.06054723262786865
10200232  0.06054449826478958
8600548  0.06053866818547249
7400468  0.06051960587501526
2200051  0.06051064282655716
2501116  0.060509517788887024
8300053  0.060500189661979675
2702628  0.06049753725528717
6800740  0.06049245595932007
8600549  0.06049122288823128
7400085  0.0604751780629158
4400087  0.06047056242823601
8600540  0.06046929210424423
8600445  0.060467515140771866
8300061  0.060462988913059235
4501169  0.06046102195978165
5300204  0.06045551598072052
7400740  0.06045469269156456
4000623  0.060452885925769806
5300354  0.06043463572859764
8600454  0.06043335422873497
4000630  0.06042272597551346
10300155  0.060407187789678574
8200203  0.06038736552000046
9300042  0.060379110276699066
2500408  0.06036703661084175
9600396  0.0603545680642128
8700144  0.06032939255237579
5300385  0.06032601743936539
7400146  0.06031946837902069
9200043  0.06026953458786011
7300066  0.06026485189795494
6400205  0.060264334082603455
7400739  0.060254670679569244
7400083  0.06025290489196777
7100055  0.060251325368881226
8100167  0.060244347900152206
2501120  0.060238469392061234
9300056  0.06023745983839035
5800111  0.06023281812667847
8600470  0.060228679329156876
6400204  0.060217637568712234
3900866  0.0602143332362175
8100163  0.06018374115228653
8200137  0.06017777696251869
7400093  0.06015126034617424
8600463  0.06012997031211853
5300260  0.06012924015522003
8200194  0.060125596821308136
7300055  0.06012377142906189
7000052  0.0601225420832634
2702720  0.06012147665023804
7100058  0.06010451912879944
8400058  0.06007887050509453
7400281  0.06007721275091171
3002112  0.06006143242120743
8500087  0.06005309149622917
9000087  0.06004457175731659
3800245  0.060042887926101685
8600503  0.06003796309232712
4000582  0.06000522896647453
10000148  0.05999203026294708
7100056  0.05998864769935608
7000072  0.05998517945408821
8000054  0.05998275801539421
5300100  0.05998096615076065
5501580  0.05997166410088539
5300216  0.0599580854177475
7400283  0.059958070516586304
5900560  0.05995684489607811
5900505  0.05995626747608185
2702729  0.05995054170489311
8800045  0.0599316842854023
6001330  0.05991189926862717
7100057  0.05991042032837868
5300220  0.0599047988653183
8100191  0.059900783002376556
10300049  0.05989524722099304
8600515  0.059869274497032166
8200117  0.059867776930332184
1900116  0.05986589193344116
8300066  0.059863630682229996
5800152  0.05983234569430351
5900558  0.05983136221766472
7400469  0.05982350558042526
2500399  0.05981728807091713
8600451  0.05981418862938881
9700091  0.0598067045211792
8100063  0.0598052442073822
8600478  0.05979473516345024
8600495  0.05978158861398697
7400090  0.059780437499284744
3101864  0.059773847460746765
5900719  0.059771377593278885
8700143  0.05975418537855148
3101860  0.05973389744758606
7400255  0.05973103269934654
8300142  0.05972867086529732
4100059  0.059728458523750305
8600530  0.05971956625580788
8600455  0.05971602350473404
8600486  0.05970429256558418
8600552  0.059690602123737335
8300062  0.05968913435935974
2200218  0.059675343334674835
7000104  0.059674475342035294
5300334  0.05966823920607567
9000081  0.05963783338665962
5900565  0.05963769182562828
1900706  0.05963212996721268
9100047  0.05962266027927399
8100160  0.05961396545171738
5300361  0.05961235612630844
5300292  0.05961012840270996
9600399  0.05960749089717865
7400108  0.05960472673177719
5900510  0.05959656089544296
5300332  0.05958312377333641
4400074  0.05955859646201134
2702705  0.0595557801425457
2200071  0.059551119804382324
8600461  0.059545379132032394
4400083  0.05954071879386902
6200089  0.059538278728723526
2702615  0.05953815579414368
8200221  0.05953685939311981
2702605  0.05952811613678932
8100066  0.05952339246869087
2702701  0.059522584080696106
7400691  0.059503789991140366
1800054  0.05950162932276726
5501354  0.059494517743587494
2702716  0.05945722758769989
9200047  0.05943620204925537
7000112  0.059422966092824936
8600491  0.05941430479288101
8100165  0.05940189212560654
5300264  0.05940133333206177
1100205  0.05938788503408432
4000115  0.05938296765089035
5300333  0.05938079580664635
8100181  0.059373922646045685
8200116  0.05936412140727043
5000498  0.05936361104249954
2501102  0.05935897305607796
2702591  0.05935762822628021
7400278  0.05934671685099602
1900204  0.05933936685323715
2501139  0.059330277144908905
6900038  0.0593290813267231
8500077  0.05932563170790672
5300348  0.05931786447763443
5300099  0.059313252568244934
5300160  0.05930484086275101
8200071  0.05928468331694603
1100141  0.05927823483943939
10200064  0.05926808714866638
8700142  0.05926664173603058
5900683  0.059263747185468674
5800107  0.05925990268588066
8200217  0.05924762040376663
8300054  0.059241682291030884
8100196  0.05924072489142418
7400131  0.05922788754105568
9000183  0.059204619377851486
10000052  0.05919463559985161
2702596  0.05918910726904869
2200059  0.05915936082601547
7400120  0.059158939868211746
5300346  0.05915052443742752
5300370  0.059141289442777634
1900211  0.059137552976608276
8400079  0.0591360405087471
7400448  0.059127550572156906
8200192  0.059122536331415176
10000051  0.059092506766319275
8600500  0.05907633528113365
9800289  0.0590658001601696
5900564  0.05905997008085251
6001218  0.0590570829808712
8100203  0.05905509367585182
8900063  0.059051450341939926
9600398  0.059046320617198944
8100175  0.05904154106974602
8700054  0.05903970077633858
2500109  0.059035684913396835
2702603  0.05902431160211563
8100169  0.05902425944805145
8200138  0.05902191251516342
3800291  0.05900564044713974
8500066  0.059003327041864395
8300093  0.05900053307414055
5000452  0.05900014191865921
7700045  0.058996882289648056
8600562  0.05898215249180794
7400400  0.05898028239607811
7400743  0.05896902456879616
2500084  0.05896767973899841
2702588  0.05893959850072861
3901359  0.05893215164542198
8100153  0.058920037001371384
5300172  0.05891454964876175
5800263  0.05890873819589615
2702585  0.05887963995337486
7400139  0.058870986104011536
5300353  0.058862440288066864
7400050  0.05885707587003708
6001200  0.058855991810560226
8900045  0.05883008986711502
7400245  0.058826155960559845
8900062  0.058826129883527756
2200072  0.05882194638252258
6200042  0.05880330875515938
5300180  0.058770909905433655
7400105  0.05876648798584938
8600507  0.05876094475388527
8300195  0.05876047536730766
8500148  0.05875593423843384
2500667  0.058751631528139114
8500139  0.058744944632053375
3800254  0.05874291807413101
6400200  0.058737173676490784
1900207  0.0587218701839447
5800287  0.058718010783195496
8100180  0.058717720210552216
5900561  0.05870632082223892
7700044  0.05870082601904869
5300224  0.05870063975453377
6800747  0.05869953706860542
3501430  0.05869673192501068
9700047  0.05866413563489914
2702582  0.058643825352191925
5300200  0.058641478419303894
5300315  0.05864046886563301
4400082  0.058637622743844986
7400133  0.05863253399729729
2702733  0.058624133467674255
9500770  0.05862405523657799
5300208  0.058620791882276535
5200171  0.05862000584602356
2200056  0.05860244482755661
8400073  0.05860182270407677
10000149  0.058590117841959
5300386  0.058589767664670944
8600473  0.05858796462416649
5700038  0.05856248363852501
4000617  0.058560315519571304
5501359  0.05854292958974838
5300268  0.0585346482694149
6600040  0.058526355773210526
8200129  0.05852315574884415
8600542  0.05850391089916229
3800200  0.05850017070770264
3800140  0.05849771574139595
3800354  0.05849738419055939
3501425  0.058490995317697525
9000059  0.05847618356347084
5200066  0.05847448855638504
7900097  0.05846139043569565
8600436  0.058450669050216675
1100169  0.058448806405067444
2501129  0.05843591317534447
5300321  0.058435164391994476
3501438  0.05843455716967583
5800228  0.05841941758990288
3501437  0.05841054022312164
4300069  0.05838298797607422
7400077  0.05837174504995346
9000073  0.05835183709859848
8400056  0.05835038423538208
1901227  0.058341898024082184
5300337  0.05834050849080086
6400187  0.05833997577428818
8300064  0.05830331891775131
3800173  0.05827057734131813
6001199  0.0582660511136055
1500255  0.05826599895954132
4300054  0.058263201266527176
8200119  0.05826301872730255
2702571  0.05824104696512222
1900458  0.058234915137290955
10100053  0.05822994187474251
4400066  0.058222122490406036
2500541  0.058209460228681564
7400294  0.05819278210401535
9700040  0.05817636102437973
9600397  0.058173444122076035
8600476  0.05817113444209099
7400270  0.05816086754202843
7400251  0.058158989995718
4100063  0.05815526843070984
7400738  0.05814548209309578
7400126  0.05812883749604225
8600489  0.05812155827879906
7000053  0.05810588598251343
7400242  0.05810029059648514
8500059  0.05809899419546127
8600458  0.05808264762163162
5900512  0.05806891620159149
5300347  0.05806206911802292
2702624  0.058053839951753616
8400182  0.05805309861898422
7000054  0.0580466091632843
7400265  0.058044809848070145
8600527  0.05803003907203674
5300330  0.05802701413631439
1900431  0.058025240898132324
6400195  0.058021608740091324
6400192  0.05801645293831825
7400411  0.05801626667380333
7400243  0.05801530182361603
8900084  0.057985421270132065
4501174  0.0579853318631649
2200070  0.05798380449414253
7400252  0.05798247829079628
5800141  0.05796913057565689
5800174  0.05796807259321213
8300088  0.05795672535896301
7400284  0.057952988892793655
2702595  0.05794183164834976
5200065  0.05793359875679016
8200149  0.05790872126817703
8800101  0.057904817163944244
9300043  0.0579032339155674
7400428  0.0578547939658165
9000046  0.05785007402300835
6400203  0.057848069816827774
5501583  0.05784023925662041
7400407  0.05783974379301071
6001166  0.0578380711376667
1900212  0.057835903018713
5200178  0.057835500687360764
4100057  0.05780837684869766
5700039  0.05779452621936798
10100069  0.05779166519641876
8600466  0.05779056251049042
8200241  0.057767488062381744
8100083  0.05776618793606758
3800318  0.05776048079133034
7400404  0.05776015296578407
3800273  0.057757481932640076
5700042  0.05774950981140137
7400295  0.05771982669830322
7400258  0.057712215930223465
5800236  0.05770936235785484
4000624  0.05769859254360199
8100187  0.05768977105617523
4501171  0.05768637731671333
4200078  0.057685740292072296
7400450  0.05768444761633873
8600506  0.0576840341091156
1900423  0.057682011276483536
7400143  0.057677410542964935
6001201  0.057659465819597244
4200054  0.05765113979578018
8100192  0.05764584243297577
5300272  0.05764450505375862
3800218  0.057636089622974396
5300188  0.05763304606080055
5900682  0.057624343782663345
5900509  0.05762285366654396
9100048  0.05761326104402542
2500110  0.05760762095451355
4400090  0.05755867063999176
8600452  0.05754100903868675
8900111  0.05753276124596596
9400058  0.05752885341644287
10000047  0.057521115988492966
2702580  0.057509083300828934
7400256  0.0575031116604805
5501504  0.05749884620308876
5501503  0.05749727040529251
3800327  0.0574861504137516
8600533  0.05748378485441208
7000051  0.057466182857751846
5800114  0.057459618896245956
6001235  0.057429440319538116
4000581  0.05742611363530159
6001332  0.05740443244576454
5800147  0.0573950931429863
8900047  0.0573909655213356
1900095  0.057383935898542404
9500772  0.057375967502593994
5501353  0.05736710876226425
2500106  0.05736599862575531
9100127  0.05734233185648918
5800277  0.05733761563897133
10300080  0.05732496455311775
2500107  0.057314105331897736
8400072  0.05728501081466675
8500067  0.05728491023182869
6400110  0.057284608483314514
8900054  0.057281430810689926
7400470  0.05727113038301468
2200050  0.05726127326488495
8400078  0.05725285783410072
5900731  0.057252250611782074
4000583  0.057247698307037354
4000107  0.05723646283149719
8100197  0.05723457410931587
8200127  0.05722914636135101
6800750  0.05721903592348099
5300335  0.05720881372690201
5800136  0.057206328958272934
6001187  0.057171400636434555
5300308  0.05717038735747337
7700220  0.057154469192028046
2702574  0.05715171620249748
5300362  0.057144831866025925
7900040  0.05714412033557892
5300168  0.0571429580450058
8300120  0.05712949484586716
8900082  0.057125385850667953
7400296  0.05711165815591812
6001180  0.057105470448732376
4501170  0.057100314646959305
4000112  0.05709627643227577
7400250  0.0570957325398922
3901654  0.057091645896434784
2501109  0.05708475410938263
8400070  0.057084180414676666
8600498  0.05708107352256775
8300134  0.057072509080171585
7600750  0.0570707842707634
8200225  0.057049743831157684
8600528  0.057037174701690674
6200039  0.05703702196478844
4100131  0.05702126398682594
2702614  0.05700965225696564
6800749  0.05700870230793953
5501543  0.056995000690221786
2702717  0.056994326412677765
2702625  0.05698973312973976
8300042  0.05698734149336815
5300252  0.05697295069694519
9400044  0.05696316435933113
6001206  0.056960489600896835
3800122  0.05695393308997154
8000058  0.056952089071273804
6400119  0.056947313249111176
5300360  0.056934524327516556
3901365  0.05693339928984642
1900115  0.05692993104457855
8600512  0.05692366883158684
8200045  0.05692201852798462
2500359  0.05691944807767868
8600539  0.056917645037174225
7400111  0.05690445005893707
8600543  0.0568978488445282
8300198  0.05688038468360901
7400102  0.05687179043889046
7400386  0.05686670169234276
7400087  0.05683816969394684
5800082  0.05683334916830063
1900545  0.05682842805981636
4200055  0.056828390806913376
8600536  0.056812651455402374
6200062  0.056811586022377014
7400409  0.05680325999855995
5300328  0.05680139362812042
4000631  0.056790295988321304
5300102  0.056779034435749054
5501355  0.056777600198984146
5200133  0.056774526834487915
2702598  0.05677084997296333
6200087  0.05676455795764923
5700041  0.05675033852458
7400081  0.05673100799322128
7000055  0.05672604218125343
8200111  0.0567016564309597
7800045  0.056688301265239716
8600521  0.05668668448925018
5900511  0.056681305170059204
7800047  0.056668031960725784
7400401  0.05666154623031616
3501442  0.05664340406656265
2702600  0.05663898587226868
10100060  0.05663571134209633
5300156  0.056635547429323196
4100064  0.05663315951824188
10000150  0.05662352219223976
2702713  0.056620847433805466
7400138  0.056620512157678604
4300055  0.05660812556743622
10100052  0.05660247430205345
8700063  0.05659355968236923
5501506  0.056590888649225235
8100158  0.05656935274600983
8500089  0.05656277388334274
8000070  0.05654938519001007
5900672  0.056543976068496704
3901653  0.05653697997331619
4000110  0.056536152958869934
2702601  0.05653522536158562
8300179  0.05653172731399536
5200123  0.05650622770190239
3800106  0.0564999058842659
5501342  0.056486666202545166
7400121  0.056480683386325836
8300056  0.05647130310535431
5300103  0.05646047368645668
7400246  0.056459300220012665
2702621  0.05645653232932091
8200081  0.05645586922764778
4000461  0.05644311383366585
5300276  0.056421615183353424
2501103  0.056403838098049164
9000047  0.05640307441353798
8600464  0.05638501048088074
5800140  0.056382570415735245
6400201  0.056352440267801285
6400188  0.05634617805480957
5200173  0.05634568631649017
7400282  0.05634090304374695
7400399  0.0563180036842823
9300041  0.05630848929286003
5501367  0.05630075931549072
7900042  0.05629759281873703
8600448  0.05627823248505592
3601285  0.056266140192747116
3800091  0.056263517588377
8600522  0.05626251548528671
5200175  0.05625763162970543
2501137  0.05624430626630783
5300336  0.0562439039349556
4400064  0.0562315471470356
9500771  0.056230612099170685
2702584  0.05621802434325218
7100137  0.056208930909633636
8200126  0.05618942901492119
1900529  0.05618240311741829
10300071  0.05617814138531685
7400387  0.05617031455039978
5000457  0.056169960647821426
5300248  0.05616547912359238
6200068  0.05616249516606331
8000061  0.056156225502491
5800276  0.05614621937274933
8300176  0.05614312365651131
1900416  0.056137941777706146
5200122  0.05613556504249573
8300059  0.05613478645682335
6900037  0.05613468214869499
5501356  0.056133367121219635
3800209  0.05612219125032425
5300356  0.056120939552783966
5501505  0.0561155341565609
9200055  0.0561148002743721
7000328  0.05611319839954376
8600485  0.05609595403075218
7400552  0.056076209992170334
1800055  0.0560758076608181
6001311  0.05603386089205742
5900515  0.05603073537349701
10200070  0.05602109059691429
5501372  0.05600544065237045
4200060  0.05595394968986511
5700040  0.055951327085494995
8800046  0.05594785138964653
8300177  0.05594208464026451
2702572  0.05592719092965126
4000460  0.055926498025655746
5000446  0.05592541769146919
3601288  0.05592508986592293
2501117  0.05592156574130058
5900513  0.055917587131261826
3800264  0.055914897471666336
8800049  0.05590178072452545
8300123  0.055898409336805344
7400551  0.05589703842997551
7400268  0.05589425936341286
5300284  0.05588811635971069
9500773  0.0558825358748436
2501100  0.05587620660662651
2500083  0.055867668241262436
5300236  0.05584920570254326
6600039  0.05584002286195755
7400249  0.05582062900066376
5300244  0.055807825177907944
8600516  0.05580199882388115
8200100  0.05579181760549545
8600519  0.05577436462044716
4000114  0.05576808750629425
8700044  0.0557633638381958
1100187  0.05576168745756149
5300338  0.0557570680975914
5800145  0.05575466528534889
8600558  0.05574796721339226
1900689  0.055743876844644547
8700043  0.055735278874635696
8600534  0.05573436617851257
5900504  0.05573072284460068
9400042  0.05572796240448952
1900532  0.05572698637843132
5900574  0.055722031742334366
3800282  0.05572080239653587
5000445  0.055716898292303085
8500062  0.055710628628730774
8500076  0.05569243058562279
4100069  0.05568719282746315
6800761  0.05567426607012749
5800200  0.055655352771282196
8300067  0.05563603341579437
5501349  0.055635273456573486
7400741  0.05563271418213844
8600467  0.05561778321862221
5300192  0.055584922432899475
8400062  0.055580031126737595
7400360  0.0555667020380497
9200041  0.055563174188137054
10100056  0.0555618479847908
8600488  0.05554898828268051
6001305  0.05552159249782562
8300175  0.05551748722791672
8200233  0.055513568222522736
6800751  0.05550215393304825
3901358  0.055499639362096786
7800046  0.055486369878053665
10000151  0.05547194182872772
6400194  0.055471789091825485
8200122  0.055471424013376236
8500158  0.05546409636735916
4400077  0.05542520433664322
5300331  0.055410124361515045
6400098  0.05539980158209801
6001233  0.055390000343322754
1900466  0.05536990612745285
6001178  0.05536086484789848
5800115  0.05535489320755005
5300184  0.05535339564085007
2501127  0.05534953251481056
8600460  0.05534300208091736
8100201  0.05533964931964874
4000459  0.05531963333487511
8600531  0.05530219152569771
6400183  0.05529651418328285
5800214  0.055281445384025574
8600551  0.05527259036898613
1900446  0.05525442212820053
5800274  0.05525410920381546
8500090  0.05525408685207367
5800289  0.0552527941763401
8200072  0.05524727702140808
7400297  0.055224791169166565
5300232  0.05522312968969345
7400279  0.05522070452570915
7400298  0.05520270764827728
5300101  0.05519718676805496
5501360  0.055188145488500595
5501501  0.055176861584186554
5800281  0.055176153779029846
5501347  0.05514238029718399
5900717  0.0551283173263073
5000496  0.055117376148700714
5800253  0.055113811045885086
4200048  0.05507797747850418
8100186  0.055059753358364105
7400257  0.0550575852394104
5501343  0.05502193421125412
8200068  0.0550142377614975
8700045  0.05501216650009155
3601281  0.055007483810186386
5501341  0.05500248819589615
5300164  0.054997917264699936
2702715  0.05499450862407684
1900462  0.054987333714962006
5300345  0.05493655055761337
2500113  0.05493423342704773
7400096  0.05492205172777176
6800748  0.05491194501519203
4400050  0.05490659922361374
8600545  0.05489399656653404
4400062  0.05486416444182396
4400031  0.054845672100782394
3601284  0.054843638092279434
9000058  0.054827090352773666
5800196  0.054820768535137177
6200131  0.05480621010065079
2702724  0.0547923669219017
4000116  0.054789938032627106
3800154  0.054788243025541306
1200063  0.054788097739219666
5800153  0.054774947464466095
5300196  0.05477113649249077
6400184  0.05472008138895035
2702576  0.05470665544271469
5800121  0.05469691753387451
8600497  0.054687559604644775
5000447  0.05468719080090523
5800205  0.054671935737133026
7400244  0.054668862372636795
8000086  0.054651133716106415
5800199  0.05463737994432449
4200080  0.054603323340415955
5501500  0.05460093915462494
8600504  0.05460043251514435
7400264  0.054587796330451965
2500111  0.054578136652708054
6400202  0.0545625165104866
1900548  0.054533373564481735
2200057  0.05452904477715492
3800227  0.05448998883366585
4000618  0.054488204419612885
4000622  0.05447034910321236
4200059  0.05446801707148552
5501579  0.05446043983101845
2500114  0.05445278808474541
8600537  0.05445103347301483
7200160  0.05444157123565674
8600437  0.05442725867033005
3800182  0.05441327393054962
6400209  0.05440043658018112
3601282  0.05438408628106117
3800113  0.054344240576028824
6400193  0.05432182177901268
5900729  0.054316386580467224
1900117  0.05430944263935089
1900415  0.05430709198117256
5300228  0.054304398596286774
7200152  0.054301176220178604
4100070  0.054270368069410324
3800155  0.05426845699548721
6001223  0.054265424609184265
5200180  0.05426469445228577
5300212  0.05420232191681862
4400078  0.054199784994125366
1900518  0.054175157099962234
2500340  0.05417190119624138
4501180  0.054150644689798355
5800110  0.05414368584752083
5501370  0.05413714051246643
5800083  0.05413525179028511
9900393  0.054116979241371155
1900514  0.05408773198723793
1100178  0.054061561822891235
4200154  0.05404774472117424
5300240  0.054047368466854095
5800252  0.054045919328927994
6200048  0.054032716900110245
2702597  0.054025959223508835
3800125  0.05397418513894081
5800106  0.05396932363510132
4400092  0.05396042764186859
6200088  0.05394567549228668
6200090  0.05393186956644058
6600037  0.0539301298558712
8700145  0.05392531305551529
10000048  0.05388791114091873
3800103  0.05388500541448593
5800255  0.05388117954134941
7400076  0.05382903292775154
7400273  0.0538221038877964
8600518  0.0538131445646286
5800262  0.053807348012924194
10100059  0.05379669368267059
5700089  0.053788088262081146
6200061  0.053782131522893906
1900443  0.0537773035466671
5300369  0.05375821515917778
4000111  0.05374035984277725
3800100  0.0537356361746788
1100160  0.053734008222818375
6001221  0.05370965600013733
5800226  0.05370422080159187
5800201  0.0536731593310833
5800123  0.05365526303648949
1900460  0.05365215614438057
2500791  0.053615719079971313
2500339  0.053580254316329956
5900551  0.053570620715618134
5501502  0.053549762815237045
9100046  0.05353258177638054
7400406  0.053528960794210434
4200050  0.05351639911532402
1900419  0.053490981459617615
8300196  0.053478922694921494
6400196  0.05347616225481033
3800110  0.05346432328224182
3800134  0.05346312001347542
5501344  0.05346175655722618
2702619  0.05345994606614113
2702726  0.053450703620910645
4300051  0.053445037454366684
3800088  0.05342467874288559
5800154  0.05342380702495575
3800116  0.05340665578842163
9000091  0.05339020863175392
8400076  0.05338175967335701
1900517  0.05336199328303337
2702599  0.05335107073187828
3800085  0.053303319960832596
5800227  0.05329021066427231
2500647  0.053286898881196976
5300357  0.053225088864564896
4400063  0.05320543795824051
3800073  0.053202901035547256
5000448  0.0531768873333931
1900690  0.05316809564828873
1900429  0.05316399410367012
4300050  0.053143490105867386
8500058  0.053135018795728683
3800300  0.053077373653650284
5900514  0.05302602797746658
7400449  0.05297088995575905
7400459  0.05294577777385712
6200071  0.05294281244277954
2500085  0.05293072760105133
2702581  0.05292603000998497
1500252  0.05292591080069542
8400075  0.05290352925658226
8600525  0.052900806069374084
2501123  0.05285772308707237
3800094  0.0528462678194046
4000657  0.052842140197753906
5800275  0.052836671471595764
5300108  0.0527787059545517
10300117  0.0527435801923275
2500338  0.05273763835430145
2702626  0.0526876226067543
7400485  0.052678145468235016
4000108  0.05267609283328056
1900531  0.05267197638750076
1500035  0.052615687251091
3800137  0.05259823054075241
3800119  0.052579689770936966
1900210  0.052568282932043076
3800153  0.05256601795554161
5800124  0.052557650953531265
2000033  0.05250893533229828
10300062  0.05250207707285881
1900430  0.05249573290348053
5501348  0.05249153822660446
6400095  0.05247526615858078
4100122  0.052471261471509933
5800229  0.05244338884949684
1900448  0.05244249850511551
4400067  0.05239587277173996
5900709  0.052370086312294006
5800155  0.052360422909259796
7400079  0.05230480059981346
2702583  0.05228516086935997
2500448  0.052260350435972214
5501371  0.052232593297958374
5800260  0.052232224494218826
7000294  0.0522233285009861
3800131  0.052192572504282
4200127  0.052167195826768875
2500460  0.05215146020054817
4501198  0.052141666412353516
4300253  0.052102234214544296
9000075  0.052094973623752594
3800079  0.05209365114569664
1900542  0.05204860121011734
7000309  0.05204169452190399
1900418  0.05203668400645256
4100065  0.0520339198410511
4400075  0.05199941620230675
5900710  0.0519883818924427
2702569  0.05198270455002785
5700088  0.051964931190013885
3800082  0.05195324495434761
1100196  0.051951825618743896
5800284  0.05193043500185013
4501181  0.05192539840936661
3800097  0.051919855177402496
2501138  0.051887545734643936
1900469  0.05186345800757408
3501441  0.051806699484586716
2501128  0.05178765952587128
6001319  0.05174558237195015
5800258  0.05174314230680466
3501427  0.0517410933971405
2500105  0.0517084002494812
1900426  0.05163193494081497
5300355  0.05162781476974487
7400486  0.051619138568639755
4000656  0.05158985033631325
5800117  0.051563166081905365
5000444  0.05152343586087227
4000621  0.05150828883051872
1500037  0.0514824241399765
7400544  0.05145157873630524
1900693  0.05144928768277168
5300350  0.051437437534332275
1100132  0.05135316029191017
1900544  0.05129629001021385
1900473  0.051288437098264694
5900482  0.05124368891119957
4400068  0.051194410771131516
8600494  0.05119240656495094
5800224  0.05116239935159683
1100123  0.05112376809120178
2500454  0.051110465079545975
6600099  0.051084019243717194
5800282  0.05107288062572479
5900726  0.051040925085544586
6001322  0.05103681609034538
3501426  0.05100103095173836
9200051  0.05099118873476982
2500457  0.05092165246605873
7300047  0.050899021327495575
6001306  0.050728000700473785
5000492  0.050660088658332825
7000297  0.05061604082584381
3800128  0.05052325129508972
3101875  0.050516366958618164
3101923  0.05043812468647957
5800150  0.05041917413473129
2500451  0.05039846897125244
8900095  0.050371456891298294
5501351  0.05018448084592819
2500336  0.05010925233364105
7400385  0.049953680485486984
1100074  0.04965600371360779
7000296  0.04950914531946182
2702608  0.04916108399629593
2500104  0.0490422360599041
4000660  0.049036912620067596
1000261  0.0488760769367218
7300052  0.0487181656062603
7400535  0.04863053932785988
3101921  0.04859556630253792
7300051  0.04856846481561661
1100105  0.0485219843685627
1900694  0.04851042106747627
7000298  0.048372525721788406
1100151  0.048322614282369614
7000292  0.04824082925915718
7300048  0.048211533576250076
5900711  0.0481489934027195
5900725  0.04807651415467262
5900554  0.04806625843048096
1000259  0.0479261539876461
1100068  0.04792533814907074
3800076  0.04778388515114784
5300107  0.047646332532167435
3101878  0.04758297652006149
3101908  0.047543931752443314
1100080  0.04745062068104744
7000303  0.047384440898895264
3101913  0.047370024025440216
4100080  0.047148048877716064
3101879  0.04691271111369133
3101909  0.04662352800369263
4200126  0.04652612656354904
1100096  0.046366430819034576
1100066  0.04601787403225899
1100062  0.04592357948422432
5900578  0.04587029293179512
1100114  0.04569675400853157
5501576  0.04565363749861717
1100082  0.04561155289411545
1000260  0.04533739015460014
1100060  0.045092687010765076
1100072  0.04479562118649483
1100076  0.044795241206884384
8300180  0.04477948695421219
1100064  0.044645216315984726
1100078  0.04459759593009949
1100094  0.043883584439754486
1100095  0.04382738843560219
4800061  0.043764878064394
5000516  0.04367583245038986
5900575  0.04342640936374664
1100070  0.04302931949496269
5000482  0.04268346354365349
7400458  0.04263109341263771
5000520  0.04253055900335312
4700051  0.04184657707810402
4600270  0.04169539734721184
5501540  0.03996164724230766
5900576  0.03958038613200188
8300188  0.039549652487039566
4700052  0.03917154297232628
5000480  0.03850001469254494
5900577  0.0372169129550457
4800062  0.03712531179189682
8200213  0.03661559522151947
3002116  0.03625347092747688
3002117  0.035319603979587555
6100210  0.0341334231197834
5200077  0.03371844440698624
10300045  0.029183363541960716
10300038  0.028991932049393654
10300044  0.02683423087000847
1300030  0.025160863995552063
