1300332  1.0
1300333  1.0
1300336  1.0
1300337  1.0
1300338  1.0
1300339  1.0
1300344  1.0
1300345  1.0
1300346  1.0
1300347  1.0
1300351  1.0
1300352  1.0
1300353  1.0
1300354  1.0
1300355  1.0
1300356  1.0
1300361  1.0
1300362  1.0
1300365  1.0
1300366  1.0
1300367  1.0
1300406  1.0
1300407  1.0
2400181  1.0
4500257  1.0
4500260  1.0
5900074  1.0
5900075  1.0
5900076  1.0
5900262  1.0
5900263  1.0
5900266  1.0
5900269  1.0
5900270  1.0
5900271  1.0
5900275  1.0
5900276  1.0
5900279  1.0
5900280  1.0
5900281  1.0
5900284  1.0
5900286  1.0
5900290  1.0
5900526  1.0
5900527  1.0
4700044  0.9473684210526316
4400116  0.9
2400174  0.8947368421052632
1300317  0.85
1300320  0.85
2400173  0.85
2400178  0.85
1300226  0.8461538461538461
1300311  0.8181818181818181
1300312  0.8181818181818181
1300313  0.8181818181818181
1300314  0.8181818181818181
1300315  0.8181818181818181
1300316  0.8181818181818181
1300328  0.8181818181818181
1100067  0.8125
1100068  0.8125
1200063  0.8125
2400196  0.8095238095238095
2400198  0.8095238095238095
1100041  0.8
1100042  0.8
1100055  0.8
1100059  0.8
1200042  0.8
1200043  0.8
1200044  0.8
1200045  0.8
1300397  0.8
1300398  0.8
1300399  0.8
1300401  0.8
1300402  0.8
1300403  0.8
1300404  0.8
1300405  0.8
1300409  0.8
1300410  0.8
1300415  0.8
1300420  0.8
1300421  0.8
1300426  0.8
1700092  0.8
1900448  0.8
1900449  0.8
1900450  0.8
1900451  0.8
1900452  0.8
1900453  0.8
1900455  0.8
2400201  0.8
1300155  0.782608695652174
1300168  0.782608695652174
1300188  0.782608695652174
1300225  0.782608695652174
1300232  0.782608695652174
1300233  0.782608695652174
1300234  0.782608695652174
1300508  0.782608695652174
4400115  0.782608695652174
4400117  0.782608695652174
4400118  0.782608695652174
4400120  0.782608695652174
1300385  0.7727272727272727
1300439  0.7727272727272727
1300440  0.7727272727272727
1300442  0.7727272727272727
1300456  0.7727272727272727
1300458  0.7727272727272727
2200127  0.7727272727272727
2200130  0.7727272727272727
2400070  0.7727272727272727
2400071  0.7727272727272727
2400072  0.7727272727272727
2400073  0.7727272727272727
2400074  0.7727272727272727
2400075  0.7727272727272727
2400076  0.7727272727272727
2400079  0.7727272727272727
2400090  0.7727272727272727
2400091  0.7727272727272727
2400092  0.7727272727272727
2400093  0.7727272727272727
2400094  0.7727272727272727
2400096  0.7727272727272727
2400097  0.7727272727272727
2400098  0.7727272727272727
2400099  0.7727272727272727
2400101  0.7727272727272727
2400102  0.7727272727272727
2400103  0.7727272727272727
2400104  0.7727272727272727
2400109  0.7727272727272727
2400111  0.7727272727272727
2400125  0.7727272727272727
2400137  0.7727272727272727
2400139  0.7727272727272727
2400140  0.7727272727272727
2400141  0.7727272727272727
2400146  0.7727272727272727
2400147  0.7727272727272727
2400150  0.7727272727272727
2400151  0.7727272727272727
2400152  0.7727272727272727
2400153  0.7727272727272727
2400156  0.7727272727272727
4400092  0.7727272727272727
4400309  0.7727272727272727
1300473  0.75
1300516  0.7391304347826086
1300465  0.72
1300482  0.72
4200113  0.72
4200126  0.72
4200139  0.72
4200158  0.72
4200177  0.72
4200196  0.72
4200216  0.72
4200235  0.72
4200254  0.72
4200275  0.72
4200283  0.72
4200286  0.72
4203002  0.72
4400063  0.72
4400070  0.72
4400071  0.72
4400301  0.72
4400302  0.72
4400305  0.72
4400306  0.72
4400308  0.72
4400312  0.72
4400314  0.72
1300382  0.7083333333333333
1300383  0.7083333333333333
1300384  0.7083333333333333
1300388  0.7083333333333333
2200074  0.7083333333333333
2200075  0.7083333333333333
2200076  0.7083333333333333
2200082  0.7083333333333333
2200089  0.7083333333333333
2200096  0.7083333333333333
2200103  0.7083333333333333
2200108  0.7083333333333333
2200109  0.7083333333333333
2200139  0.7083333333333333
2200140  0.7083333333333333
2200141  0.7083333333333333
2200142  0.7083333333333333
2200144  0.7083333333333333
2200147  0.7083333333333333
2400051  0.7083333333333333
2400052  0.7083333333333333
2400059  0.7083333333333333
2400060  0.7083333333333333
2400061  0.7083333333333333
2400062  0.7083333333333333
2400169  0.7083333333333333
2400187  0.7083333333333333
2400195  0.7083333333333333
4203020  0.7083333333333333
4400089  0.7083333333333333
4400090  0.7083333333333333
4400091  0.7083333333333333
4400094  0.7083333333333333
4400265  0.7083333333333333
1300265  0.6923076923076923
1900063  0.6923076923076923
1900064  0.6923076923076923
1900065  0.6923076923076923
1900316  0.6923076923076923
1900317  0.6923076923076923
1900318  0.6923076923076923
1900319  0.6923076923076923
1900320  0.6923076923076923
1900321  0.6923076923076923
1900322  0.6923076923076923
1900323  0.6923076923076923
1900325  0.6923076923076923
1900623  0.6923076923076923
4700478  0.6923076923076923
4700483  0.6923076923076923
4700484  0.6923076923076923
4700485  0.6923076923076923
4700489  0.6923076923076923
4700490  0.6923076923076923
4700492  0.6923076923076923
4700514  0.6923076923076923
4700515  0.6923076923076923
4700516  0.6923076923076923
4700517  0.6923076923076923
4700518  0.6923076923076923
4700521  0.6923076923076923
1900102  0.6666666666666667
1900103  0.6666666666666667
1900106  0.6666666666666667
1900107  0.6666666666666667
1900763  0.6666666666666667
1900766  0.6666666666666667
5900295  0.6666666666666667
5900296  0.6666666666666667
1000027  0.6428571428571428
1000030  0.6428571428571428
1000033  0.6428571428571428
1300084  0.6428571428571428
1300134  0.6428571428571428
1300135  0.6428571428571428
1300136  0.6428571428571428
1300137  0.6428571428571428
1300138  0.6428571428571428
1300139  0.6428571428571428
1300140  0.6428571428571428
1300142  0.6428571428571428
1300144  0.6428571428571428
1300146  0.6428571428571428
1300147  0.6428571428571428
1300148  0.6428571428571428
1300154  0.6428571428571428
1300157  0.6428571428571428
1300158  0.6428571428571428
1300159  0.6428571428571428
1300161  0.6428571428571428
1300164  0.6428571428571428
1300167  0.6428571428571428
1300170  0.6428571428571428
1300171  0.6428571428571428
1300181  0.6428571428571428
1300183  0.6428571428571428
1300184  0.6428571428571428
1300187  0.6428571428571428
1300190  0.6428571428571428
1300191  0.6428571428571428
1300192  0.6428571428571428
1300194  0.6428571428571428
1300195  0.6428571428571428
1300198  0.6428571428571428
1300204  0.6428571428571428
1300205  0.6428571428571428
1300206  0.6428571428571428
1300207  0.6428571428571428
1300208  0.6428571428571428
1300211  0.6428571428571428
1300214  0.6428571428571428
1300220  0.6428571428571428
1300223  0.6428571428571428
1300230  0.6428571428571428
1300238  0.6428571428571428
1300247  0.6428571428571428
1300248  0.6428571428571428
1300249  0.6428571428571428
1300250  0.6428571428571428
1300251  0.6428571428571428
1300260  0.6428571428571428
1300274  0.6428571428571428
1300283  0.6428571428571428
1300284  0.6428571428571428
1300285  0.6428571428571428
1300286  0.6428571428571428
1300288  0.6428571428571428
1300289  0.6428571428571428
1300374  0.6428571428571428
1300375  0.6428571428571428
1300539  0.6428571428571428
1300547  0.6428571428571428
1300555  0.6428571428571428
1400025  0.6428571428571428
1400028  0.6428571428571428
1400031  0.6428571428571428
1400034  0.6428571428571428
1400042  0.6428571428571428
1400043  0.6428571428571428
1400044  0.6428571428571428
1500058  0.6428571428571428
1500527  0.6428571428571428
1500864  0.6428571428571428
1600081  0.6428571428571428
1600082  0.6428571428571428
1600099  0.6428571428571428
1600100  0.6428571428571428
1600101  0.6428571428571428
1600102  0.6428571428571428
1600103  0.6428571428571428
1600168  0.6428571428571428
1600176  0.6428571428571428
1600184  0.6428571428571428
1700058  0.6428571428571428
1700059  0.6428571428571428
1700065  0.6428571428571428
1700066  0.6428571428571428
1700067  0.6428571428571428
1700068  0.6428571428571428
1700075  0.6428571428571428
1700083  0.6428571428571428
1900037  0.6428571428571428
1900041  0.6428571428571428
1900084  0.6428571428571428
1900085  0.6428571428571428
1900086  0.6428571428571428
1900198  0.6428571428571428
1900199  0.6428571428571428
1900200  0.6428571428571428
1900285  0.6428571428571428
1900374  0.6428571428571428
1900375  0.6428571428571428
1900377  0.6428571428571428
1900629  0.6428571428571428
1900733  0.6428571428571428
4100054  0.6428571428571428
4100055  0.6428571428571428
4100056  0.6428571428571428
4700053  0.6428571428571428
4700054  0.6428571428571428
4700057  0.6428571428571428
4700060  0.6428571428571428
4800053  0.6428571428571428
5700082  0.6428571428571428
5700083  0.6428571428571428
5700106  0.6428571428571428
5700107  0.6428571428571428
5700108  0.6428571428571428
5700109  0.6428571428571428
5700110  0.6428571428571428
5700111  0.6428571428571428
5700112  0.6428571428571428
5700113  0.6428571428571428
5700114  0.6428571428571428
5700162  0.6428571428571428
5700171  0.6428571428571428
5900056  0.6428571428571428
5900057  0.6428571428571428
5900058  0.6428571428571428
5900255  0.6428571428571428
5900302  0.6428571428571428
5900303  0.6428571428571428
5900304  0.6428571428571428
5900323  0.6428571428571428
5900329  0.6428571428571428
7400367  0.6428571428571428
7400368  0.6428571428571428
7400369  0.6428571428571428
7400379  0.6428571428571428
7400384  0.6428571428571428
7400394  0.6428571428571428
7400398  0.6428571428571428
1300500  0.64
1300162  0.625
1300165  0.625
1300199  0.625
1300215  0.625
1300298  0.625
1300299  0.625
1300300  0.625
1300302  0.625
1300261  0.6
1400057  0.6
1800057  0.6
1300224  0.5555555555555556
1400059  0.5
