2400198  0.9768897294998169
2400201  0.976874053478241
2400196  0.9768006801605225
4200275  0.9762843251228333
4200254  0.9762029051780701
4200139  0.9761919975280762
4100054  0.9761354923248291
2400169  0.9760766625404358
4200283  0.9760506749153137
2400195  0.9760252237319946
2400173  0.9759327173233032
4200158  0.9759036302566528
4100055  0.9758840799331665
4400092  0.9758731126785278
4200113  0.9758635759353638
4200177  0.9757971167564392
4400091  0.9757885336875916
4200126  0.9757496118545532
4400071  0.9757156372070312
4400094  0.9757030606269836
4200286  0.975639820098877
4400070  0.975632905960083
2400187  0.9754835367202759
4400063  0.9754696488380432
4400090  0.9754407405853271
4200235  0.975405216217041
4400089  0.9753706455230713
4100056  0.9753132462501526
4200216  0.9752783179283142
4200196  0.975269615650177
2400178  0.9752605557441711
2400174  0.9752546548843384
4203020  0.975236713886261
4203002  0.9751921892166138
4400115  0.9751454591751099
2400181  0.9748095870018005
4400116  0.9747289419174194
2400156  0.9747230410575867
4400117  0.9737051129341125
1900374  0.970832884311676
1900325  0.9706259965896606
1900377  0.9701932668685913
1900766  0.970073401927948
1900375  0.9700356125831604
1900037  0.9700270891189575
4400118  0.9700057506561279
1900448  0.9699633717536926
1900452  0.969894528388977
1900453  0.9698783755302429
2200074  0.9696448445320129
1900763  0.9696369171142578
2200139  0.9695417284965515
1900451  0.9695371389389038
2200089  0.9695203304290771
2200130  0.9694939851760864
1900319  0.9694631695747375
1900323  0.9693753719329834
2200109  0.9693506360054016
1900733  0.9693349003791809
1900450  0.969309389591217
1900318  0.9692729711532593
1900317  0.9692697525024414
1900623  0.9691690802574158
2200096  0.9690994024276733
1900449  0.9690234065055847
2200127  0.9689677953720093
2200082  0.9689633250236511
1900322  0.9689109325408936
1900455  0.9688920378684998
1900320  0.9687935709953308
2200103  0.9687906503677368
2200076  0.9687702655792236
1900629  0.9687389731407166
1900316  0.9686004519462585
2200075  0.9685654640197754
2200140  0.9685412049293518
2200108  0.9685038328170776
1900321  0.9681001305580139
2200141  0.9670277833938599
2200142  0.9663617014884949
2400153  0.9645678400993347
4400312  0.962775707244873
4400314  0.9624888300895691
4500257  0.9624695181846619
4700514  0.9621501564979553
4700492  0.9618576765060425
4700478  0.961805522441864
4400301  0.9617306590080261
4500260  0.9617182016372681
4700044  0.9615415930747986
4700060  0.9615139365196228
4700057  0.9614779949188232
4700490  0.9613723158836365
4700483  0.9612489342689514
4700521  0.9612342715263367
4700053  0.9612167477607727
4700489  0.9611230492591858
5700110  0.9610615968704224
4700515  0.9610358476638794
5700107  0.9610246419906616
5700106  0.9610190987586975
4400265  0.9610157012939453
4800053  0.9609843492507935
4400302  0.9608879089355469
4400309  0.9608120918273926
5700109  0.9607785940170288
5700082  0.9607508778572083
4700516  0.9606915712356567
4700518  0.9605867266654968
5700108  0.9604869484901428
4700485  0.9604024291038513
4700484  0.9603895545005798
5700083  0.9603874683380127
4700054  0.9603734016418457
4400308  0.9602105617523193
4400306  0.9602068662643433
4700517  0.9602019786834717
4400305  0.9601255059242249
4400120  0.9594331383705139
5700111  0.9588199257850647
5700112  0.9576675891876221
2200144  0.94014972448349
2400071  0.885470449924469
2400072  0.8850314021110535
2400073  0.883965790271759
2400091  0.8835906386375427
2400074  0.8834925293922424
2400101  0.8830758929252625
2400098  0.8823419213294983
2400146  0.8818818926811218
2400099  0.8818346261978149
2400092  0.8814725875854492
2400075  0.8810665011405945
2400051  0.8810380101203918
2400111  0.8810184001922607
2400052  0.8808726072311401
2400125  0.8807703256607056
2400059  0.8803212642669678
2400079  0.8801966905593872
2400102  0.8799454569816589
2400140  0.8798801302909851
2400094  0.879701554775238
2400070  0.8796291351318359
2400147  0.8796235918998718
2400139  0.8794035911560059
2400090  0.8792816400527954
2400141  0.879123866558075
2400076  0.8789684176445007
2400062  0.878902018070221
2400093  0.8785971403121948
2400097  0.8783771395683289
2400104  0.8780679106712341
2400109  0.8780644536018372
2400096  0.8780444264411926
2400060  0.8777732849121094
2400137  0.877547025680542
2200147  0.876819372177124
2400103  0.8767627477645874
2400150  0.8766189813613892
5700113  0.8755235075950623
2400061  0.8750348091125488
1600100  0.8727737069129944
2400151  0.8720797300338745
1600101  0.8706962466239929
1600102  0.8703444600105286
1800057  0.8695693016052246
1600103  0.8693353533744812
1700092  0.869239866733551
1700059  0.8688327670097351
1700083  0.8688259720802307
2400152  0.868740439414978
1600168  0.8680640459060669
1700058  0.8680426478385925
1700065  0.8678160905838013
1900085  0.8674641251564026
1500058  0.8673420548439026
1400059  0.8669953346252441
1600176  0.8669132590293884
1700075  0.8669047951698303
1900107  0.8668381571769714
1500864  0.8668115735054016
1900198  0.8666830658912659
1600099  0.8665793538093567
1900199  0.8665591478347778
1700066  0.866470456123352
1600082  0.8663311004638672
1900086  0.866214394569397
1900106  0.866187572479248
1900063  0.865970253944397
1900103  0.8657744526863098
1700068  0.8656929731369019
1900102  0.8656684756278992
1700067  0.8654914498329163
1900084  0.8654491305351257
1400057  0.8654250502586365
1600184  0.8653600215911865
1900200  0.8651520609855652
1900064  0.8650701642036438
1900065  0.865070104598999
1500527  0.8643274903297424
1600081  0.8634238243103027
1900041  0.859498143196106
1900285  0.8571364879608154
5900076  0.7895780205726624
5900255  0.7876318097114563
5900262  0.7867382764816284
5900263  0.7858561873435974
5900295  0.7858155965805054
5900290  0.7843921184539795
5900271  0.7842223644256592
5900286  0.7840144634246826
5900275  0.7835440039634705
7400368  0.7825056910514832
5700171  0.7817829847335815
5700162  0.7815597057342529
5900056  0.781072735786438
5900329  0.7810030579566956
5900276  0.7805207967758179
5900279  0.7799946665763855
5900269  0.7798964381217957
5900323  0.7798179984092712
5900266  0.7794593572616577
7400369  0.778765082359314
7400379  0.7785397171974182
5900527  0.7785199284553528
5900075  0.778511643409729
5900280  0.7782123684883118
5900296  0.7780501246452332
5900526  0.777603805065155
5900074  0.777476966381073
7400367  0.7772820591926575
5900304  0.7771919965744019
5900281  0.7768885493278503
5900270  0.7767888903617859
5900302  0.7766759395599365
5900303  0.7764266133308411
5900284  0.7761140465736389
7400384  0.7743369340896606
5700114  0.7736920118331909
5900057  0.7735310196876526
5900058  0.7733182907104492
7400394  0.7697108387947083
7400398  0.7613294720649719
1400025  0.6833768486976624
1300405  0.32986000180244446
1300508  0.3298064172267914
1400028  0.32979273796081543
1300399  0.3297901153564453
1400043  0.3297816812992096
1300421  0.3297770321369171
1300388  0.32975849509239197
1300398  0.32975152134895325
1300404  0.3297503590583801
1300420  0.3297483026981354
1300403  0.3297479748725891
1300406  0.32974773645401
1300473  0.32974743843078613
1300456  0.3297466039657593
1300500  0.3297465741634369
1300409  0.3297465443611145
1300410  0.329746276140213
1300426  0.3297457993030548
1300442  0.3297453820705414
1300516  0.3297452926635742
1300384  0.3297451436519623
1300440  0.3297450840473175
1300555  0.32974472641944885
1300385  0.32974469661712646
1300402  0.3297446668148041
1400042  0.3297446072101593
1300539  0.3297445476055145
1400031  0.32974445819854736
1300458  0.329744428396225
1400044  0.3297443091869354
1000027  0.3297440707683563
1000030  0.3297440707683563
1000033  0.3297440707683563
1100041  0.3297440707683563
1100042  0.3297440707683563
1100055  0.3297440707683563
1100059  0.3297440707683563
1100067  0.3297440707683563
1100068  0.3297440707683563
1200042  0.3297440707683563
1200043  0.3297440707683563
1200044  0.3297440707683563
1200045  0.3297440707683563
1200063  0.3297440707683563
1300084  0.3297440707683563
1300134  0.3297440707683563
1300135  0.3297440707683563
1300136  0.3297440707683563
1300137  0.3297440707683563
1300138  0.3297440707683563
1300139  0.3297440707683563
1300140  0.3297440707683563
1300142  0.3297440707683563
1300144  0.3297440707683563
1300146  0.3297440707683563
1300147  0.3297440707683563
1300148  0.3297440707683563
1300154  0.3297440707683563
1300155  0.3297440707683563
1300157  0.3297440707683563
1300158  0.3297440707683563
1300159  0.3297440707683563
1300161  0.3297440707683563
1300162  0.3297440707683563
1300164  0.3297440707683563
1300165  0.3297440707683563
1300167  0.3297440707683563
1300168  0.3297440707683563
1300170  0.3297440707683563
1300171  0.3297440707683563
1300181  0.3297440707683563
1300183  0.3297440707683563
1300184  0.3297440707683563
1300187  0.3297440707683563
1300188  0.3297440707683563
1300190  0.3297440707683563
1300191  0.3297440707683563
1300192  0.3297440707683563
1300194  0.3297440707683563
1300195  0.3297440707683563
1300198  0.3297440707683563
1300199  0.3297440707683563
1300204  0.3297440707683563
1300205  0.3297440707683563
1300206  0.3297440707683563
1300207  0.3297440707683563
1300208  0.3297440707683563
1300211  0.3297440707683563
1300214  0.3297440707683563
1300215  0.3297440707683563
1300220  0.3297440707683563
1300223  0.3297440707683563
1300224  0.3297440707683563
1300225  0.3297440707683563
1300226  0.3297440707683563
1300230  0.3297440707683563
1300232  0.3297440707683563
1300233  0.3297440707683563
1300234  0.3297440707683563
1300238  0.3297440707683563
1300247  0.3297440707683563
1300248  0.3297440707683563
1300249  0.3297440707683563
1300250  0.3297440707683563
1300251  0.3297440707683563
1300260  0.3297440707683563
1300261  0.3297440707683563
1300265  0.3297440707683563
1300274  0.3297440707683563
1300283  0.3297440707683563
1300284  0.3297440707683563
1300285  0.3297440707683563
1300286  0.3297440707683563
1300288  0.3297440707683563
1300289  0.3297440707683563
1300298  0.3297440707683563
1300299  0.3297440707683563
1300300  0.3297440707683563
1300302  0.3297440707683563
1300311  0.3297440707683563
1300312  0.3297440707683563
1300313  0.3297440707683563
1300314  0.3297440707683563
1300315  0.3297440707683563
1300316  0.3297440707683563
1300317  0.3297440707683563
1300320  0.3297440707683563
1300328  0.3297440707683563
1300332  0.3297440707683563
1300333  0.3297440707683563
1300336  0.3297440707683563
1300337  0.3297440707683563
1300338  0.3297440707683563
1300339  0.3297440707683563
1300344  0.3297440707683563
1300345  0.3297440707683563
1300346  0.3297440707683563
1300347  0.3297440707683563
1300351  0.3297440707683563
1300352  0.3297440707683563
1300353  0.3297440707683563
1300354  0.3297440707683563
1300355  0.3297440707683563
1300356  0.3297440707683563
1300361  0.3297440707683563
1300362  0.3297440707683563
1300365  0.3297440707683563
1300366  0.3297440707683563
1300367  0.3297440707683563
1300374  0.3297440707683563
1300375  0.3297440707683563
1300382  0.3297440707683563
1300383  0.3297440707683563
1300407  0.32974374294281006
1300439  0.3297435939311981
1300401  0.329743355512619
1300482  0.32974332571029663
1300465  0.329742968082428
1300397  0.3297426998615265
1300547  0.3297426700592041
1300415  0.32974162697792053
1400034  0.32974082231521606
