1900547  inf
1900548  inf
1900551  inf
1900552  inf
1900653  inf
1900658  inf
1900671  inf
1900675  inf
1000089  25.0
1000111  25.0
1000129  25.0
1000147  25.0
1000165  25.0
1000186  25.0
1000204  25.0
1000222  25.0
1000240  25.0
1000259  25.0
1000277  25.0
1000295  25.0
1000313  25.0
1000331  25.0
1000349  25.0
1000368  25.0
1000387  25.0
1000405  25.0
1000423  25.0
1000441  25.0
1000442  25.0
1000461  25.0
1000480  25.0
1000498  25.0
1000516  25.0
1000535  25.0
1000553  25.0
1000571  25.0
1000589  25.0
1000607  25.0
1000625  25.0
1000643  25.0
1000661  25.0
1000679  25.0
1000697  25.0
1000715  25.0
1000733  25.0
1000753  25.0
1000772  25.0
1000790  25.0
1000809  25.0
1000827  25.0
1000845  25.0
1000860  25.0
1000870  25.0
1000880  25.0
1000890  25.0
1000900  25.0
1000910  25.0
1000922  25.0
1000942  25.0
1000954  25.0
1000966  25.0
1000978  25.0
1000990  25.0
1001002  25.0
1001014  25.0
1001026  25.0
1001038  25.0
1001050  25.0
1001062  25.0
1001074  25.0
1001086  25.0
1001099  25.0
1001111  25.0
1001123  25.0
1001135  25.0
1001147  25.0
1001160  25.0
1001173  25.0
1001186  25.0
1001199  25.0
1001212  25.0
1001224  25.0
1001265  25.0
1001276  25.0
1001286  25.0
1001304  25.0
1001371  25.0
1001387  25.0
1001390  25.0
1001406  25.0
1001409  25.0
1001423  25.0
1001426  25.0
1100027  25.0
1100032  25.0
1100037  25.0
1100042  25.0
1100047  25.0
1100052  25.0
1100057  25.0
1100062  25.0
1100067  25.0
1100072  25.0
1100089  25.0
1100090  25.0
1100091  25.0
1100092  25.0
1100105  25.0
1100132  25.0
1100134  25.0
1100136  25.0
1100138  25.0
1100140  25.0
1100142  25.0
1100144  25.0
1100146  25.0
1100147  25.0
1700053  25.0
1700063  25.0
1700068  25.0
1700070  25.0
1700071  25.0
1700072  25.0
1700073  25.0
1700074  25.0
1700075  25.0
1700076  25.0
1700077  25.0
1700078  25.0
1700084  25.0
1700086  25.0
1700087  25.0
1700088  25.0
1700089  25.0
1700091  25.0
1700097  25.0
1700102  25.0
1700111  25.0
1700112  25.0
1700113  25.0
1700119  25.0
1700120  25.0
1700121  25.0
1700122  25.0
1700123  25.0
1700124  25.0
1700125  25.0
1700126  25.0
1700127  25.0
1700589  25.0
1700620  25.0
1700624  25.0
1700628  25.0
1700629  25.0
1700635  25.0
1700642  25.0
1700645  25.0
1700689  25.0
1900065  25.0
1900079  25.0
1900080  25.0
1900113  25.0
1900115  25.0
1900120  25.0
1900125  25.0
1900126  25.0
1900129  25.0
1900131  25.0
1900600  25.0
1900603  25.0
1900607  25.0
1900610  25.0
1900617  25.0
1900622  25.0
1900624  25.0
1900627  25.0
1900628  25.0
1900629  25.0
1900633  25.0
1900635  25.0
1900799  25.0
1900801  25.0
1900803  25.0
1900806  25.0
1900807  25.0
1900809  25.0
1900810  25.0
1900820  25.0
1900822  25.0
1900827  25.0
1900828  25.0
1900986  25.0
1900993  25.0
1900997  25.0
1900680  16.0
1900083  4.5
1900084  4.5
1900181  4.5
1900187  4.5
1900192  4.5
1900197  4.5
1900200  4.5
1900203  4.5
1900210  4.5
1900215  4.5
1900219  4.5
1900220  4.5
1900221  4.5
1900226  4.5
1900232  4.5
1900234  4.5
1900676  4.5
1900087  1.3333333333333333
1900091  1.3333333333333333
1900092  1.3333333333333333
1900230  1.3333333333333333
1900338  1.3333333333333333
1900344  1.3333333333333333
1900349  1.3333333333333333
1900353  1.3333333333333333
1900354  1.3333333333333333
1900356  1.3333333333333333
1900394  1.3333333333333333
1900397  1.3333333333333333
1900403  1.3333333333333333
1900406  1.3333333333333333
1900412  1.3333333333333333
1900472  1.3333333333333333
1900483  1.3333333333333333
1900534  1.3333333333333333
1900612  1.3333333333333333
1900613  1.3333333333333333
1900615  1.3333333333333333
1900639  1.3333333333333333
1900834  1.3333333333333333
1900877  1.3333333333333333
1900878  1.3333333333333333
1900927  1.3333333333333333
1900929  1.3333333333333333
1900942  1.3333333333333333
1900944  1.3333333333333333
1200052  0.25
1200072  0.25
1200094  0.25
1200109  0.25
1200124  0.25
1200140  0.25
1200183  0.25
1200206  0.25
1200217  0.25
1200233  0.25
1200250  0.25
1200266  0.25
1200433  0.25
1300032  0.25
1300054  0.25
1300058  0.25
1300059  0.25
1300060  0.25
1300076  0.25
1300079  0.25
1300082  0.25
1300083  0.25
1300084  0.25
1300085  0.25
1300086  0.25
1300087  0.25
1300088  0.25
1300089  0.25
1300090  0.25
1300094  0.25
1300095  0.25
1300097  0.25
1300098  0.25
1300108  0.25
1300109  0.25
1300110  0.25
1300111  0.25
1400040  0.25
1400041  0.25
1400042  0.25
1400051  0.25
1400052  0.25
1400053  0.25
1400054  0.25
1400057  0.25
1500145  0.25
1500149  0.25
1500150  0.25
1600268  0.25
1600272  0.25
1600273  0.25
1700630  0.25
1700631  0.25
1700705  0.25
1700706  0.25
1700707  0.25
1700709  0.25
1800049  0.25
1800053  0.25
1800057  0.25
1800061  0.25
1800065  0.25
1800069  0.25
1800073  0.25
1800077  0.25
1800081  0.25
1800085  0.25
1800089  0.25
1800093  0.25
1800097  0.25
1800101  0.25
1800105  0.25
1800109  0.25
1800113  0.25
1800117  0.25
1800121  0.25
1800320  0.25
1800323  0.25
1900088  0.25
1900121  0.25
1900134  0.25
1900136  0.25
1900140  0.25
1900154  0.25
1900155  0.25
1900193  0.25
1900211  0.25
1900262  0.25
1900268  0.25
1900273  0.25
1900274  0.25
1900277  0.25
1900279  0.25
1900280  0.25
1900283  0.25
1900287  0.25
1900289  0.25
1900357  0.25
1900358  0.25
1900359  0.25
1900361  0.25
1900364  0.25
1900369  0.25
1900370  0.25
1900371  0.25
1900376  0.25
1900379  0.25
1900384  0.25
1900385  0.25
1900386  0.25
1900391  0.25
1900399  0.25
1900408  0.25
1900660  0.25
1900667  0.25
2000040  0.25
2000041  0.25
2000042  0.25
2000043  0.25
2000044  0.25
2000045  0.25
2000046  0.25
2000047  0.25
2000048  0.25
2000049  0.25
2000051  0.25
2000052  0.25
2000056  0.25
2000057  0.25
2000058  0.25
2000065  0.25
2000066  0.25
2000070  0.25
2000071  0.25
2000072  0.25
2000073  0.25
2000074  0.25
2000075  0.25
2000078  0.25
2100029  0.25
2200056  0.25
2200057  0.25
2200060  0.25
2200062  0.25
2300035  0.25
2400051  0.25
2400052  0.25
2400053  0.25
2400054  0.25
2400055  0.25
2400085  0.25
2500034  0.25
2500036  0.25
2600034  0.25
2600035  0.25
2600138  0.25
2600139  0.25
2600147  0.25
2600148  0.25
2600349  0.25
2600350  0.25
2600358  0.25
2600359  0.25
2600370  0.25
2600371  0.25
2600377  0.25
2600378  0.25
2600386  0.25
2600387  0.25
2600395  0.25
2600396  0.25
2600408  0.25
2600409  0.25
2600417  0.25
2600418  0.25
2600419  0.25
2600420  0.25
2600422  0.25
2700030  0.25
