3600071  0.3386348485946655
1200113  0.33836430311203003
4600069  0.3370915353298187
1400160  0.3368571996688843
8200191  0.3367885649204254
5200493  0.3365459442138672
2800327  0.336489737033844
7300088  0.33646392822265625
5700409  0.33637407422065735
5000934  0.3363740146160126
1300076  0.33630380034446716
8000062  0.3362596333026886
5700360  0.33625727891921997
1300119  0.3362107276916504
5600050  0.3361900746822357
1200314  0.3361767828464508
8200118  0.33614546060562134
6900127  0.33610695600509644
6800751  0.33599933981895447
5700288  0.3359094262123108
2800101  0.33564475178718567
6300175  0.3355943560600281
5700428  0.335536926984787
5200534  0.3354372978210449
4900510  0.33540719747543335
7300059  0.33539584279060364
5200199  0.3353666365146637
1900183  0.3353289067745209
7700237  0.33532068133354187
5700449  0.3353000581264496
6300056  0.3352983593940735
5700741  0.33525192737579346
2800292  0.3352377116680145
6700058  0.3350725769996643
2800386  0.33506569266319275
8200072  0.3350316286087036
5200456  0.334987074136734
5200083  0.33492833375930786
9100047  0.3348858952522278
5200521  0.3348817825317383
3600056  0.3348543047904968
5700252  0.33484143018722534
4900446  0.33480924367904663
1100037  0.3347822427749634
5700079  0.3347302973270416
5301072  0.3347121775150299
5200460  0.3346623182296753
6200050  0.33461031317710876
2800328  0.3346005380153656
5700275  0.3345910906791687
5200123  0.3345564901828766
5200541  0.3345476984977722
4900545  0.3345349133014679
8100771  0.3345237672328949
5700468  0.3344975411891937
5700339  0.33447155356407166
5200563  0.3344561457633972
5700139  0.334431916475296
4900522  0.33443009853363037
5700175  0.33439111709594727
7700191  0.3343504071235657
7800058  0.33434680104255676
5700537  0.33434146642684937
5700102  0.334299772977829
5100613  0.3342934846878052
5700247  0.33428436517715454
8100770  0.33428046107292175
5100600  0.3342663049697876
2800308  0.3342178761959076
6400043  0.33420616388320923
5700517  0.3341805934906006
5100601  0.33417850732803345
2800355  0.33417606353759766
4900528  0.33417239785194397
5301071  0.3341355621814728
4800051  0.33409881591796875
6200132  0.33408886194229126
1200116  0.3340438902378082
2800276  0.3339976668357849
5700177  0.33399295806884766
1200114  0.3339773118495941
6300142  0.3339520990848541
5200455  0.3339424729347229
5700494  0.33393141627311707
6900131  0.33391809463500977
5200500  0.3339085876941681
5200490  0.33389735221862793
4800066  0.3338947296142578
5700264  0.33388957381248474
2800102  0.3338865041732788
6200075  0.3338851034641266
5700521  0.33388105034828186
5700495  0.33386239409446716
1900184  0.3338592052459717
5700121  0.33385202288627625
7300089  0.3338356018066406
4600054  0.3338271379470825
5700138  0.3338262736797333
5700280  0.33379584550857544
7300052  0.3337841033935547
8000066  0.33377471566200256
7700072  0.33377423882484436
5000945  0.3337671756744385
5200555  0.33376646041870117
8000096  0.333742618560791
5200468  0.33374232053756714
1400141  0.33373206853866577
7800044  0.33373141288757324
7900076  0.3337305784225464
4900537  0.3337242007255554
2800180  0.33370935916900635
5200194  0.33369338512420654
5700534  0.3336634337902069
9200233  0.33363455533981323
9200237  0.33363261818885803
6200129  0.3335864543914795
8200068  0.3335740864276886
7900065  0.33356326818466187
1300110  0.3335507810115814
6200269  0.33354800939559937
3400037  0.3335391581058502
5700242  0.33353090286254883
8200217  0.3335198163986206
7900075  0.3335082530975342
1100084  0.33350273966789246
1300116  0.33348679542541504
6700086  0.3334786295890808
7100059  0.3334587812423706
4900451  0.3334546387195587
6200143  0.3334542214870453
7300158  0.3334433138370514
4900495  0.33343786001205444
6200130  0.33343222737312317
5700400  0.33339622616767883
5700090  0.3333801031112671
7700168  0.33336979150772095
6300176  0.3333658277988434
5700153  0.33336368203163147
7400127  0.3333550691604614
6300139  0.3333453834056854
5700342  0.33334240317344666
6900046  0.3333386182785034
8600416  0.3333357572555542
6200162  0.33333200216293335
1300113  0.3333294987678528
4900500  0.33332890272140503
1400196  0.3332928419113159
4900458  0.3332880437374115
5400053  0.333278626203537
5000950  0.33327385783195496
4900501  0.3332684338092804
6200237  0.33323830366134644
1100130  0.33323541283607483
1300191  0.3332333564758301
6500065  0.33322227001190186
4900546  0.3332222104072571
1200117  0.3332195281982422
5700120  0.33319932222366333
4100270  0.3331976532936096
4900504  0.3331936299800873
3700033  0.33318841457366943
1900181  0.33314812183380127
2800264  0.3331374526023865
1200115  0.3331349492073059
5200485  0.3331139087677002
7700239  0.33310389518737793
5700254  0.33309510350227356
8200148  0.3330834209918976
6200149  0.33306658267974854
4900534  0.3330571949481964
6100051  0.333053320646286
8000052  0.3330434262752533
8000068  0.3330380916595459
1300182  0.3330276310443878
6200163  0.3329981565475464
2800192  0.3329945504665375
6400063  0.33297911286354065
8200122  0.33297446370124817
1100133  0.33296915888786316
1900431  0.3329613208770752
1300291  0.3329598009586334
5700508  0.33295953273773193
5200489  0.3329571485519409
5900057  0.3329530954360962
7200056  0.33295297622680664
5200200  0.33293044567108154
5200201  0.33292144536972046
6500064  0.33291956782341003
7700162  0.3329158425331116
5700385  0.33286064863204956
7700128  0.33285075426101685
1900515  0.3328496813774109
2101350  0.3328125476837158
8200111  0.3327980041503906
6300177  0.33279183506965637
5000922  0.3327904939651489
5700401  0.33278512954711914
2800256  0.3327624797821045
2800362  0.3327412009239197
5700740  0.3327247202396393
2301178  0.3326990008354187
8100773  0.3326883018016815
5200497  0.33268657326698303
5200356  0.3326818645000458
4600890  0.33267635107040405
2800188  0.3326563239097595
5700682  0.33264413475990295
5600078  0.33262762427330017
6200142  0.3326246440410614
1300173  0.33261507749557495
7300148  0.332614004611969
6700062  0.33261314034461975
8600414  0.3326128125190735
7100073  0.33260902762413025
6200261  0.332602858543396
7900068  0.3326012194156647
7700145  0.3325965702533722
2800220  0.33257320523262024
6400045  0.3325727581977844
8200126  0.33257192373275757
6300093  0.3325692415237427
1200108  0.332564115524292
1300088  0.33256176114082336
5500056  0.33255425095558167
5200537  0.33255070447921753
1900142  0.3325484097003937
6200245  0.3325391709804535
7800042  0.3325352072715759
5700435  0.3325217366218567
2800336  0.3325214982032776
2800260  0.3325017988681793
5100620  0.332501620054245
4900448  0.3325006067752838
2800361  0.332498699426651
5200532  0.3324924111366272
5100625  0.3324798047542572
8500448  0.3324786424636841
5700258  0.33247309923171997
7200079  0.3324720561504364
5700404  0.3324602544307709
7200080  0.33246004581451416
5200271  0.3324577510356903
6900095  0.3324476182460785
2800236  0.3324442505836487
2800160  0.3324306011199951
2101506  0.3324175775051117
9200214  0.33241355419158936
7900055  0.33240607380867004
1300154  0.33240073919296265
2800337  0.3323986828327179
5200547  0.33239245414733887
5900137  0.332383394241333
5200543  0.33236798644065857
5700406  0.33236509561538696
6100047  0.33236414194107056
7500103  0.33235999941825867
2800168  0.33235225081443787
4100252  0.3323480188846588
6500069  0.33234384655952454
7700155  0.33232682943344116
1300282  0.33230915665626526
5700246  0.33229079842567444
6100041  0.3322836756706238
5200479  0.33228206634521484
1300085  0.3322771191596985
2800345  0.3322333097457886
1300094  0.3322218954563141
9000038  0.3322170078754425
8500445  0.3322140872478485
1900462  0.3321792185306549
8500444  0.332173228263855
4900542  0.3321715295314789
6200241  0.33216527104377747
6200221  0.33215588331222534
6300195  0.33215102553367615
8200241  0.3321472406387329
5600055  0.33214592933654785
7100082  0.33214327692985535
5700278  0.3321167230606079
6900133  0.3321163058280945
7800043  0.3321012854576111
4000343  0.33209824562072754
1900135  0.3320958912372589
7700045  0.3320906162261963
2200087  0.33208945393562317
7500047  0.33206871151924133
4900549  0.33206719160079956
5700255  0.3320643901824951
1400187  0.3320099711418152
6200140  0.3320091962814331
4900516  0.3320077061653137
3600057  0.3319797217845917
5700077  0.3319758176803589
2800272  0.3319734036922455
4900533  0.3319714069366455
5700172  0.33195972442626953
4900452  0.3319585621356964
2800099  0.3319503962993622
2800343  0.3319423794746399
7700208  0.3319416046142578
8200138  0.33193862438201904
5700605  0.3319379985332489
1200112  0.33193477988243103
5700604  0.33193373680114746
7100075  0.33193060755729675
5100610  0.33192116022109985
8300118  0.3319200575351715
8200192  0.3319084644317627
5700469  0.33188554644584656
3000136  0.3318828046321869
4900455  0.3318675458431244
8200149  0.3318650722503662
5700256  0.33185821771621704
2800352  0.33185505867004395
8200225  0.33185407519340515
1200110  0.3318524658679962
1300318  0.33184316754341125
6300069  0.3318372070789337
7700133  0.33182984590530396
1300378  0.3318209946155548
5700273  0.3318171501159668
2200090  0.3318115174770355
4900551  0.3318077027797699
5700470  0.33179548382759094
8200137  0.3317944407463074
5700496  0.33176061511039734
4900498  0.3317575752735138
7200058  0.3317471444606781
2301179  0.3317396640777588
7700181  0.33173897862434387
5200557  0.33173131942749023
5700093  0.3317284882068634
9100048  0.3317199647426605
2800103  0.33171775937080383
5700174  0.33170127868652344
5700493  0.33169424533843994
4900552  0.33169025182724
5700270  0.3316766321659088
4900485  0.33167609572410583
6900054  0.33167120814323425
4600055  0.3316681385040283
4900513  0.33166733384132385
4900470  0.3316589593887329
5700157  0.33165308833122253
5500043  0.3316483199596405
1300073  0.33164700865745544
2800332  0.3316466808319092
7300062  0.3316323459148407
7100091  0.3316281735897064
1600505  0.3316224217414856
4900519  0.33161255717277527
6300059  0.3316020965576172
5200498  0.3316013813018799
6200268  0.3315994143486023
5700245  0.3315920829772949
1600482  0.331585556268692
6200136  0.3315822184085846
5700399  0.33157646656036377
4900507  0.33156338334083557
7700235  0.3315540552139282
1900544  0.3315466344356537
5200462  0.3315420150756836
1300218  0.3315383791923523
1300128  0.33153337240219116
5600141  0.3315093517303467
2800334  0.3315071761608124
5400059  0.3315063714981079
7200073  0.3315052092075348
4900449  0.33150342106819153
5700450  0.3314664661884308
2800363  0.33146485686302185
5700407  0.33146414160728455
6500082  0.33145463466644287
3000123  0.33145174384117126
7200072  0.3314248025417328
6200133  0.33140063285827637
5700111  0.33137810230255127
7300090  0.33137744665145874
8200194  0.33137673139572144
2800333  0.3313738703727722
5700520  0.3313659131526947
5600059  0.33133479952812195
1100082  0.33133450150489807
7900080  0.33132657408714294
5200191  0.3313156068325043
5700286  0.33131471276283264
7900067  0.3313131332397461
4600051  0.3313092291355133
2101375  0.3313041031360626
4900530  0.3313021957874298
6500063  0.33129486441612244
8200203  0.33128657937049866
4900492  0.33128121495246887
5700159  0.33128002285957336
1100069  0.3312744200229645
1200111  0.3312673270702362
2800357  0.3312605917453766
6600045  0.3312598168849945
7700075  0.3312544524669647
5700298  0.3312514126300812
7900081  0.33124271035194397
4900475  0.3312362730503082
4600058  0.33123284578323364
5800072  0.33122798800468445
6900128  0.3312270939350128
5200215  0.3312191069126129
5700249  0.33121511340141296
5700133  0.33121031522750854
2800348  0.3312033414840698
1300164  0.33116450905799866
4900524  0.3311561048030853
3000082  0.3311441242694855
7500046  0.3311394453048706
1300363  0.33113929629325867
7300054  0.33113375306129456
6700090  0.3311275243759155
2200062  0.3311213552951813
8200202  0.33111488819122314
1200109  0.33111461997032166
1100269  0.3311138153076172
2800347  0.3311028778553009
8200100  0.3311021625995636
6200131  0.3310949504375458
8000067  0.3310932517051697
5200458  0.3310914933681488
7200076  0.33108416199684143
5700738  0.3310835659503937
5200461  0.33107829093933105
5100752  0.33107730746269226
1300097  0.33107390999794006
5200272  0.33106812834739685
5200529  0.3310633599758148
2200089  0.3310607373714447
8200128  0.33105310797691345
6900115  0.3310512900352478
4900525  0.33104631304740906
5700108  0.3310457170009613
5700327  0.3310421109199524
7000041  0.3310382664203644
6100042  0.33103758096694946
5700540  0.33103466033935547
7900069  0.33101844787597656
9000044  0.3310096859931946
3600053  0.33100566267967224
6200271  0.33099839091300964
5600060  0.3309951722621918
5600080  0.3309922516345978
1300236  0.33098453283309937
1300125  0.3309771716594696
4300062  0.33097055554389954
5200364  0.3309556543827057
1300131  0.33095550537109375
1300134  0.3309434950351715
7900084  0.3309362530708313
5500042  0.33093535900115967
1900161  0.3309321701526642
4900464  0.3309271037578583
5200494  0.33092594146728516
5700081  0.33091944456100464
1800188  0.33090266585350037
2900660  0.33089619874954224
4800055  0.33089566230773926
5100621  0.33089372515678406
5200473  0.3308885097503662
5700386  0.3308869004249573
2000102  0.33088281750679016
3000252  0.3308815658092499
1800194  0.3308798670768738
7700189  0.3308785855770111
5700244  0.33087360858917236
6300196  0.33087173104286194
7300058  0.33086737990379333
6300053  0.3308626115322113
8000053  0.330850750207901
2200039  0.33084332942962646
5700294  0.33082669973373413
4600888  0.3308195173740387
4900488  0.33081474900245667
8200211  0.3308124840259552
5700099  0.3308101296424866
7700224  0.33079594373703003
2800350  0.33079373836517334
5600096  0.3307882845401764
2600063  0.33078283071517944
5000949  0.3307719826698303
1900157  0.3307689130306244
6200114  0.33076655864715576
8200221  0.3307502269744873
1300345  0.33074894547462463
4900548  0.3307463824748993
7200066  0.3307364583015442
9200232  0.33073529601097107
2101504  0.33072715997695923
4900457  0.33071908354759216
2800284  0.33069244027137756
6000151  0.33068448305130005
1300273  0.33067116141319275
5800055  0.3306702673435211
1900204  0.33066853880882263
1400205  0.3306508958339691
1300327  0.33064743876457214
1500747  0.33064666390419006
1900531  0.3306431472301483
4300061  0.3306390941143036
1900117  0.33063530921936035
2800212  0.33063143491744995
8200127  0.3306299149990082
5200189  0.33062854409217834
2800338  0.3306155204772949
2101371  0.33059942722320557
4800048  0.33059293031692505
7700179  0.33059027791023254
4900473  0.3305860459804535
6300042  0.33057835698127747
5700281  0.3305657207965851
5200495  0.3305649757385254
2800184  0.33054840564727783
1900138  0.3305433392524719
3600070  0.33054065704345703
2800232  0.3305392563343048
7100047  0.3305334150791168
1300264  0.3305240273475647
1800195  0.3305138945579529
7200062  0.3305079936981201
5800309  0.33049827814102173
6300058  0.3304979205131531
5700173  0.33049023151397705
7700044  0.3304812014102936
7700060  0.3304801285266876
6800750  0.3304635286331177
2900054  0.33045729994773865
4900489  0.33045271039009094
8900278  0.33044686913490295
7700200  0.33044371008872986
5100624  0.3304399251937866
5700105  0.33043771982192993
6200249  0.3304373621940613
7700146  0.33043211698532104
1900532  0.3304222524166107
7100183  0.3304201066493988
7000093  0.33041587471961975
5200457  0.33041509985923767
1300153  0.3304142951965332
6300179  0.33040010929107666
5700524  0.3303984999656677
5200539  0.3303922414779663
2800252  0.33038896322250366
8200119  0.33038732409477234
8500447  0.33036521077156067
5200549  0.33034583926200867
4600792  0.3303428888320923
6900045  0.33034226298332214
1800200  0.33033984899520874
1900178  0.33033815026283264
6200233  0.3303338885307312
2800248  0.3303164541721344
7700154  0.330310583114624
3000114  0.33030620217323303
4900555  0.3302946388721466
5200228  0.33029311895370483
6200071  0.33027535676956177
8300256  0.3302748203277588
3000253  0.3302706778049469
6600049  0.33024924993515015
5200230  0.3302363455295563
1900419  0.3302362859249115
5600048  0.33023011684417725
2800335  0.3302114009857178
2800288  0.33021122217178345
2101364  0.33020085096359253
6300075  0.3302001655101776
1500748  0.3301982879638672
6200141  0.3301931917667389
1900514  0.33017030358314514
1900148  0.3301682770252228
6100043  0.3301648199558258
4900461  0.33015769720077515
4900486  0.33015480637550354
1900466  0.330152690410614
5700167  0.33015215396881104
6700061  0.33014538884162903
1800192  0.3301318883895874
5600095  0.33013105392456055
1100272  0.33012738823890686
8200129  0.3301256000995636
6400054  0.3301229476928711
1100035  0.33010512590408325
1300079  0.33008289337158203
5200202  0.3300715684890747
6200219  0.33006709814071655
9000080  0.3300645053386688
4900497  0.33005857467651367
6500079  0.3300546109676361
7000042  0.3300531804561615
3000152  0.33004894852638245
5700739  0.3300391733646393
7200078  0.33003848791122437
2101372  0.3300362527370453
1400169  0.3300338089466095
2800172  0.33003291487693787
2800244  0.3300219774246216
1300103  0.3300175070762634
1600512  0.33001577854156494
5700297  0.3300131857395172
3000201  0.33001282811164856
3600049  0.33000627160072327
5700295  0.3299987018108368
2101348  0.3299984335899353
1900147  0.3299964368343353
2800268  0.32999545335769653
2301176  0.3299899995326996
2800319  0.3299729526042938
5700279  0.32996708154678345
7700204  0.32996058464050293
1300137  0.3299471139907837
5600092  0.3299455940723419
1900154  0.32994404435157776
6700055  0.32993775606155396
4900509  0.3299293518066406
9100051  0.3299281895160675
5700551  0.3299236595630646
7400046  0.32992231845855713
8200071  0.3299189507961273
6400044  0.32991132140159607
5700087  0.3299098312854767
1900134  0.32990750670433044
5200520  0.3299054801464081
5700743  0.32990211248397827
1300100  0.32990193367004395
8500457  0.32990092039108276
5100622  0.32989612221717834
7700236  0.3298951983451843
5700603  0.32989275455474854
5700486  0.32989266514778137
6200253  0.3298836946487427
8200237  0.3298799395561218
5600163  0.3298546075820923
5000947  0.32985150814056396
5400060  0.329848051071167
5700268  0.32984623312950134
1300091  0.3298380374908447
6200224  0.3298349976539612
6700070  0.3298304080963135
1300140  0.3298148810863495
5700265  0.3297955095767975
2000038  0.32978445291519165
1800095  0.3297831118106842
7300077  0.329780638217926
3000240  0.3297696113586426
6900047  0.3297567665576935
5700485  0.3297553062438965
5800051  0.32975292205810547
6200266  0.32974880933761597
2301180  0.32973676919937134
5700282  0.32973459362983704
5700096  0.3297119140625
4600887  0.329710990190506
8200233  0.32970955967903137
6300198  0.329709529876709
6300062  0.3296958804130554
1800184  0.3296922743320465
8200229  0.3296903073787689
4200051  0.3296825587749481
3500030  0.3296811878681183
4900521  0.3296810984611511
5700328  0.3296789526939392
1100070  0.32967856526374817
2800164  0.3296762704849243
6200257  0.3296761214733124
8200212  0.329662948846817
2800320  0.3296622335910797
1100083  0.32964733242988586
4600886  0.3296424448490143
1300082  0.329638808965683
7200075  0.32963401079177856
1900143  0.32963287830352783
3600055  0.32963263988494873
6300054  0.3296305239200592
5700050  0.3296290934085846
2200042  0.32962772250175476
1400123  0.3296181559562683
6500057  0.32961806654930115
7700140  0.32961636781692505
6300064  0.32960906624794006
8300119  0.3296080231666565
8000196  0.32960155606269836
8200213  0.32960009574890137
1300300  0.329595148563385
1900548  0.32959362864494324
6700054  0.3295929729938507
1300309  0.329592764377594
4900503  0.32959043979644775
7100046  0.32958972454071045
5700606  0.3295852541923523
2800351  0.3295600712299347
4100253  0.32955750823020935
2800196  0.32955026626586914
5700085  0.3295479118824005
5700340  0.3295328617095947
1900136  0.32953280210494995
1900694  0.32952338457107544
5200108  0.3295222222805023
1900689  0.3295055031776428
7200070  0.3295027017593384
8200117  0.32949501276016235
4900437  0.32949110865592957
4900558  0.32949063181877136
3000276  0.32947754859924316
5700411  0.32947272062301636
6300076  0.3294678330421448
5800054  0.32946398854255676
8500446  0.32946139574050903
2800369  0.3294562101364136
7100081  0.3294522762298584
8500452  0.3294510841369629
1300336  0.32944464683532715
6300067  0.3294394910335541
1900141  0.32943832874298096
8300120  0.32940343022346497
1800205  0.329397976398468
4900543  0.3293913006782532
2800228  0.32938194274902344
1200044  0.32937172055244446
4100254  0.32935991883277893
2800354  0.32935863733291626
1300106  0.3293575048446655
5400056  0.32935649156570435
2800176  0.32935449481010437
8200116  0.3293519914150238
4900562  0.3293513357639313
6200152  0.3293476402759552
1800209  0.32933712005615234
3000174  0.32933691143989563
5800053  0.3293364644050598
5000933  0.32933321595191956
5100611  0.3293284773826599
7700134  0.3293173909187317
5600054  0.3293132483959198
3000140  0.32930633425712585
1800196  0.3293018639087677
4900515  0.32929420471191406
2800356  0.32929298281669617
5200531  0.32928410172462463
7500045  0.3292803168296814
4900460  0.32927605509757996
3000124  0.32925933599472046
2800329  0.3292548656463623
2101354  0.32925355434417725
1900182  0.32925042510032654
5700083  0.3292470872402191
7300066  0.3292427062988281
9000062  0.3292418122291565
1900175  0.32923293113708496
7400131  0.3292101323604584
4900491  0.3292059898376465
5700539  0.32919204235076904
6300088  0.32918456196784973
6200151  0.3291774094104767
3000228  0.3291676938533783
5200464  0.32916274666786194
6300066  0.3291624188423157
1900693  0.32916030287742615
5900056  0.3291564881801605
5200560  0.32915496826171875
5700344  0.32915008068084717
2800360  0.3291463255882263
4200052  0.32912540435791016
4900531  0.3291165232658386
3000111  0.3291148245334625
1100129  0.3291037380695343
5200515  0.3290901184082031
5200496  0.32906901836395264
6300045  0.3290652334690094
5200514  0.32906171679496765
2101367  0.329048752784729
4900539  0.32904642820358276
7800065  0.32903924584388733
6500122  0.3290291726589203
5700554  0.3290286362171173
4900518  0.32902830839157104
5700257  0.32901623845100403
7000097  0.3290041983127594
2800349  0.3289942145347595
5700241  0.3289923667907715
4900476  0.3289918005466461
2200061  0.3289726674556732
2800204  0.32897236943244934
7700173  0.3289630115032196
5200505  0.32895421981811523
8100772  0.32893943786621094
7500112  0.32893696427345276
8600415  0.3289332985877991
5100615  0.32893282175064087
5700329  0.3289305567741394
5700243  0.3289222717285156
6000152  0.3289177715778351
5700250  0.3289080262184143
5700387  0.328893780708313
5700259  0.3288874626159668
9000045  0.3288874626159668
5500041  0.3288765549659729
5600150  0.3288347125053406
4900512  0.32882973551750183
4900445  0.3288279175758362
1900415  0.32882511615753174
2800353  0.32881802320480347
1900448  0.3288154602050781
3000262  0.3288048803806305
4800047  0.3288032114505768
1400114  0.3287837505340576
5100612  0.3287789821624756
6900129  0.3287782669067383
2800208  0.32877692580223083
8200045  0.32877039909362793
2800331  0.3287663161754608
5200105  0.32875367999076843
3000281  0.32875341176986694
2800280  0.3287524878978729
2800359  0.3287384808063507
1800202  0.32872796058654785
7900054  0.3287229537963867
5700185  0.3287162184715271
4900454  0.3287135362625122
2101347  0.3286975026130676
2800100  0.32869213819503784
1900116  0.3286920487880707
1900706  0.3286876678466797
2800200  0.3286864757537842
1400105  0.328680157661438
3000141  0.32862216234207153
7600038  0.32861682772636414
1900137  0.32859542965888977
7400048  0.3285885453224182
6900119  0.3285837471485138
6300120  0.32857903838157654
5301073  0.3285764455795288
7300076  0.3285695016384125
6000153  0.32855597138404846
1800110  0.3285540044307709
2800385  0.32855120301246643
8000063  0.32854077219963074
4900540  0.32853806018829346
1300200  0.328535258769989
8200197  0.3285331726074219
3000236  0.32851943373680115
1900542  0.32851895689964294
3000153  0.328492671251297
2000088  0.3284589350223541
6300057  0.32844629883766174
8000212  0.3284347355365753
3000284  0.3284291923046112
1500740  0.3284256160259247
1900174  0.32841867208480835
6500070  0.3284152150154114
2101500  0.3284115493297577
5200214  0.32840636372566223
4900506  0.32839104533195496
5700131  0.3283832371234894
2000041  0.3283771574497223
5200558  0.32837018370628357
2800216  0.32835525274276733
3000147  0.3283483684062958
5800052  0.328341543674469
9100052  0.32831689715385437
6300061  0.3283035457134247
8300144  0.3283010721206665
1900529  0.3282867670059204
5100618  0.32828399538993835
1200059  0.32825765013694763
4900463  0.3282492160797119
2101503  0.32823607325553894
1900426  0.3282119035720825
1900443  0.32820987701416016
6200125  0.3282041549682617
2101342  0.32819223403930664
5200491  0.32815617322921753
7600037  0.3281494975090027
5700126  0.32814648747444153
2800344  0.3281364440917969
1400132  0.328132301568985
3000289  0.32812604308128357
2101355  0.32811886072158813
5700691  0.32810941338539124
2800315  0.328062504529953
2800323  0.32805758714675903
6200265  0.3280220031738281
3000200  0.32801496982574463
3000154  0.3280138671398163
1900133  0.3280104696750641
7100174  0.32800862193107605
4900466  0.3280082046985626
5700117  0.3279968798160553
2800330  0.3279854357242584
6300123  0.3279743790626526
2101370  0.32796671986579895
2800240  0.32795998454093933
1800187  0.32795700430870056
1100068  0.3279547095298767
3000118  0.32793334126472473
1300209  0.32793280482292175
1900153  0.32793179154396057
3000227  0.327922523021698
5400052  0.3279087543487549
1900460  0.32790839672088623
3600072  0.3279061019420624
2800364  0.32786986231803894
7100087  0.32784420251846313
1200041  0.32783252000808716
5000923  0.32783234119415283
2101353  0.32781723141670227
3000237  0.32778623700141907
1800204  0.327784925699234
3000106  0.32778385281562805
5700076  0.3277837336063385
7300087  0.32778239250183105
3600092  0.3277815878391266
1600514  0.3277494013309479
2101341  0.3277294933795929
8800393  0.3277105987071991
1900115  0.3277032971382141
3000287  0.32767438888549805
7500056  0.3276684284210205
1600510  0.32766789197921753
5700448  0.32765987515449524
5000946  0.32765647768974304
2301166  0.3276526927947998
1900429  0.32764020562171936
5600154  0.3275976777076721
4900478  0.32757994532585144
1100255  0.32757559418678284
1900458  0.32757481932640076
7700144  0.32757413387298584
3000145  0.327568918466568
3000150  0.32756856083869934
7100058  0.32752686738967896
4900467  0.32751455903053284
5100614  0.32751139998435974
1300245  0.3275076746940613
3000226  0.3274987041950226
4900472  0.3274461328983307
1300254  0.32744550704956055
5700283  0.32743123173713684
2800365  0.32742804288864136
5700253  0.3274264931678772
1900469  0.3274102210998535
3000117  0.3274093568325043
1300354  0.3273914158344269
1900211  0.3273864984512329
1900159  0.3273775279521942
1600515  0.32737740874290466
7100086  0.32737550139427185
6200211  0.3273559808731079
5700516  0.32734283804893494
7200182  0.3273041248321533
2101359  0.3272984027862549
4900536  0.32729771733283997
8200115  0.3272910416126251
3600051  0.32728901505470276
2101356  0.32728567719459534
7700046  0.3272798955440521
2200068  0.3272782862186432
7300067  0.3272014856338501
8200135  0.32719895243644714
2900055  0.3271867334842682
5700284  0.32718518376350403
2101502  0.3271695673465729
1500750  0.32716473937034607
1900690  0.32716092467308044
1900207  0.32715994119644165
1900095  0.3271493911743164
1800193  0.3271266222000122
9000071  0.32709503173828125
1900418  0.3270445168018341
3000115  0.32701921463012695
5700251  0.32700714468955994
5200545  0.3269869387149811
3000275  0.3269658088684082
5200492  0.3269537091255188
2000089  0.32694903016090393
2000040  0.32692471146583557
6200074  0.32690948247909546
1800119  0.32690390944480896
4900469  0.32689061760902405
1300122  0.3268699049949646
7000040  0.32682496309280396
3400099  0.3268117904663086
1900545  0.32677996158599854
2800156  0.3267756402492523
5700296  0.326773464679718
1800183  0.3267548680305481
7200063  0.32672882080078125
4600050  0.32669851183891296
7100079  0.3266648054122925
3000255  0.32662978768348694
7300139  0.32661327719688416
7400047  0.3265981078147888
1900423  0.3265964388847351
3400040  0.3265562951564789
6500059  0.326523095369339
3600050  0.3264854848384857
1800203  0.3264739215373993
7700234  0.3264625370502472
1900446  0.32645007967948914
1100252  0.3264347016811371
4900527  0.32643240690231323
1900430  0.3264140188694
4900436  0.32638218998908997
1300227  0.3263595700263977
1400178  0.3263583779335022
2200088  0.3263435363769531
2800358  0.3263399302959442
1300155  0.32633042335510254
2101505  0.32632824778556824
1900473  0.3263057768344879
1900212  0.32630571722984314
2101360  0.32626181840896606
3000155  0.32622936367988586
9200219  0.3262118995189667
1800201  0.3261639177799225
3000214  0.3261425495147705
3600059  0.3261009156703949
3000274  0.32609957456588745
5200453  0.3260812759399414
2101351  0.326067179441452
2101344  0.3260255753993988
5900055  0.3260129392147064
1600504  0.325992226600647
2800346  0.3259579539299011
3000277  0.3259529769420624
2200071  0.32590925693511963
5000944  0.3258209228515625
2800370  0.3257670998573303
7900066  0.3257518708705902
5900058  0.32570475339889526
2000042  0.32559049129486084
4900494  0.3255493938922882
3000224  0.32554855942726135
3000282  0.325532466173172
3000229  0.32546335458755493
2000039  0.32545673847198486
1800098  0.3254454731941223
3000258  0.3253461718559265
3400039  0.32530447840690613
3000260  0.3252463638782501
2101349  0.3251959979534149
2101343  0.325149804353714
2200045  0.3251432180404663
3000205  0.32505500316619873
5700114  0.3250272274017334
3000196  0.32497647404670715
3000121  0.3249225616455078
1600511  0.32490140199661255
3000199  0.3248814046382904
2800224  0.32470443844795227
1900416  0.3246616721153259
2101501  0.3245212137699127
3000107  0.32443323731422424
1400070  0.3244135081768036
3000110  0.3243436813354492
1400068  0.32427161931991577
1400078  0.3242235481739044
1600513  0.3241657018661499
1900210  0.32409799098968506
3000083  0.3240547180175781
1900517  0.32396572828292847
1400076  0.32396548986434937
6600046  0.32391199469566345
1200063  0.32389402389526367
2301177  0.32388198375701904
1900518  0.32386088371276855
1400151  0.3237784504890442
4800052  0.32335370779037476
1400062  0.3233502507209778
1400096  0.3230818808078766
1500751  0.3228559195995331
1400094  0.3227132558822632
1500749  0.3225249946117401
2200048  0.3224838674068451
1400072  0.3224612772464752
1400080  0.3224319517612457
1200050  0.3222278952598572
1400082  0.32152312994003296
1200053  0.32141774892807007
1400074  0.32094046473503113
3000263  0.320704847574234
8900259  0.3203086853027344
1400066  0.320273756980896
8900261  0.3198217451572418
1400064  0.3196661174297333
1600509  0.31952691078186035
1400060  0.31945568323135376
8900260  0.31930413842201233
1400095  0.317886620759964
