2800175  1.0
2800176  1.0
2800177  1.0
2800178  1.0
2800179  1.0
2800180  1.0
2800181  1.0
2800186  1.0
2800187  1.0
2800188  1.0
2800189  1.0
2800190  1.0
2800191  1.0
2800194  1.0
1100044  0.75
1100089  0.75
1101873  0.75
1101874  0.75
1101875  0.75
1101876  0.75
1101878  0.75
2400055  0.75
2400060  0.75
2400065  0.75
2400070  0.75
2400073  0.75
2400076  0.75
2400085  0.75
2400105  0.75
2400118  0.75
2400128  0.75
2400131  0.75
2400134  0.75
2400137  0.75
2400140  0.75
2400143  0.75
2400146  0.75
2400167  0.75
2400175  0.75
2400178  0.75
2400208  0.75
2400209  0.75
2400210  0.75
2400213  0.75
2400214  0.75
2400217  0.75
2400218  0.75
2400219  0.75
2400220  0.75
2400222  0.75
2400224  0.75
2400225  0.75
2400226  0.75
2400231  0.75
2400232  0.75
2400233  0.75
2400234  0.75
2400238  0.75
2400239  0.75
2400240  0.75
2400244  0.75
2400245  0.75
2400277  0.75
2400987  0.75
2400988  0.75
2400989  0.75
2400990  0.75
2400991  0.75
2400992  0.75
2400994  0.75
2400995  0.75
2400996  0.75
2400997  0.75
2400999  0.75
2401000  0.75
2401002  0.75
2401003  0.75
2401004  0.75
2401007  0.75
2401008  0.75
2401009  0.75
2401012  0.75
2401021  0.75
2401022  0.75
2401023  0.75
2401024  0.75
2401025  0.75
2401030  0.75
2401037  0.75
2401038  0.75
2401040  0.75
2401041  0.75
2401042  0.75
2401043  0.75
2401044  0.75
2401045  0.75
2401046  0.75
2401047  0.75
2401049  0.75
2401057  0.75
2401058  0.75
2401061  0.75
2401062  0.75
2401070  0.75
2401071  0.75
2401073  0.75
2401074  0.75
2401095  0.75
2401096  0.75
2401098  0.75
2401103  0.75
2401104  0.75
2401106  0.75
2401107  0.75
2401111  0.75
2401113  0.75
2401115  0.75
2401118  0.75
2401120  0.75
2401122  0.75
2401130  0.75
2401131  0.75
2401132  0.75
2401135  0.75
2401136  0.75
2401137  0.75
2401139  0.75
2401140  0.75
2401143  0.75
2401144  0.75
2401146  0.75
2401147  0.75
2401148  0.75
2401149  0.75
2401150  0.75
2401151  0.75
2401154  0.75
2401155  0.75
2401156  0.75
2401158  0.75
2401159  0.75
2401160  0.75
2401161  0.75
2401162  0.75
2401163  0.75
2401166  0.75
2401167  0.75
2401168  0.75
2401170  0.75
2401171  0.75
2401172  0.75
2401173  0.75
2401174  0.75
2401175  0.75
2401176  0.75
2401185  0.75
2401186  0.75
2401187  0.75
2401196  0.75
2401197  0.75
2401199  0.75
2401201  0.75
2401202  0.75
2401203  0.75
2401204  0.75
2401207  0.75
2401208  0.75
2401210  0.75
2401213  0.75
2401214  0.75
2401215  0.75
2401217  0.75
2401220  0.75
2401716  0.75
2401717  0.75
2401718  0.75
2401719  0.75
2401721  0.75
2401724  0.75
2401725  0.75
2401726  0.75
2401727  0.75
2401728  0.75
2401729  0.75
2401730  0.75
2401731  0.75
2401734  0.75
2401740  0.75
2401741  0.75
2401743  0.75
2401744  0.75
2401745  0.75
2401746  0.75
2401747  0.75
2401748  0.75
2401749  0.75
2401752  0.75
2401753  0.75
2401754  0.75
2401756  0.75
2401766  0.75
2401767  0.75
2401768  0.75
2401769  0.75
2401770  0.75
2401771  0.75
2401773  0.75
2401774  0.75
2401775  0.75
2401777  0.75
2401778  0.75
2401781  0.75
2401782  0.75
2401784  0.75
2401785  0.75
2401786  0.75
2401789  0.75
2401790  0.75
2401793  0.75
2401794  0.75
2401795  0.75
2401798  0.75
2401809  0.75
2401810  0.75
2401811  0.75
2401812  0.75
2401813  0.75
2401814  0.75
2401816  0.75
2401817  0.75
2401818  0.75
2401820  0.75
2401821  0.75
2401824  0.75
2401825  0.75
2401827  0.75
2401828  0.75
2401829  0.75
2401832  0.75
2401833  0.75
2401836  0.75
2401837  0.75
2401838  0.75
2401841  0.75
2401847  0.75
2401850  0.75
2401851  0.75
2401853  0.75
2401854  0.75
2401855  0.75
2401857  0.75
2401858  0.75
2401859  0.75
2401863  0.75
2401864  0.75
2401865  0.75
2401866  0.75
2401867  0.75
2401868  0.75
2401870  0.75
2401872  0.75
2401873  0.75
2401874  0.75
2401875  0.75
2401878  0.75
2401879  0.75
2401880  0.75
2401883  0.75
2401884  0.75
2401885  0.75
2401886  0.75
2401887  0.75
2401888  0.75
2401889  0.75
2401891  0.75
2401892  0.75
2401893  0.75
2401894  0.75
2401895  0.75
2401896  0.75
2401897  0.75
2401898  0.75
2401901  0.75
2401902  0.75
2401903  0.75
2401904  0.75
2401905  0.75
2401908  0.75
2401909  0.75
2401910  0.75
2401911  0.75
2401912  0.75
2401913  0.75
2401914  0.75
2401919  0.75
2401920  0.75
2401921  0.75
2401922  0.75
2401924  0.75
2401925  0.75
2401927  0.75
2401929  0.75
2401930  0.75
2401932  0.75
2401934  0.75
2401935  0.75
2401938  0.75
2600043  0.75
2600044  0.75
2600045  0.75
2600052  0.75
2600057  0.75
2600077  0.75
2600080  0.75
2600081  0.75
2600084  0.75
2600085  0.75
2600086  0.75
2700039  0.75
2700042  0.75
2700045  0.75
2700048  0.75
2700051  0.75
2800078  0.75
2800079  0.75
2800080  0.75
2800081  0.75
2800095  0.75
2800096  0.75
2800099  0.75
2800100  0.75
2800146  0.75
2800147  0.75
2800148  0.75
2800149  0.75
2800150  0.75
2800164  0.75
2800165  0.75
2800168  0.75
2800169  0.75
2800171  0.75
2800172  0.75
2800196  0.75
2800321  0.75
2800322  0.75
2800323  0.75
2800324  0.75
2800325  0.75
2800326  0.75
2800327  0.75
2800329  0.75
2800330  0.75
3000045  0.75
3000046  0.75
3000047  0.75
3000048  0.75
3000055  0.75
3000056  0.75
3000071  0.75
2800069  0.6666666666666667
2800070  0.6666666666666667
2800134  0.6666666666666667
