1700222  inf
1700258  inf
1700262  inf
1700266  inf
1700267  inf
1700268  inf
1700271  inf
1700274  inf
1700277  inf
1700278  inf
1700282  inf
1700286  inf
2500316  inf
2500318  inf
2500319  inf
2500320  inf
2500322  inf
2500323  inf
2500324  inf
2500325  inf
2500328  inf
2500504  inf
2500506  inf
2500507  inf
2500509  inf
2500510  inf
2500511  inf
2500512  inf
2500513  inf
2500514  inf
2500515  inf
2500516  inf
2500519  inf
2500520  inf
2500521  inf
2500524  inf
2500525  inf
2500531  inf
2600205  inf
2600206  inf
2600209  inf
2600210  inf
2600213  inf
2600214  inf
2600215  inf
2600217  inf
2700159  inf
2700160  inf
2700161  inf
2700162  inf
2700163  inf
2700166  inf
2500370  4.0
2500204  0.14516129032258066
2500205  0.14516129032258066
2500207  0.14516129032258066
2700120  0.11842105263157894
2700121  0.11842105263157894
2700122  0.11842105263157894
2700123  0.11842105263157894
2700124  0.11842105263157894
2700127  0.11842105263157894
1400092  0.1125
1400093  0.1125
1400094  0.1125
1500117  0.1125
1500118  0.1125
1500119  0.1125
1500120  0.1125
1500121  0.1125
2600079  0.09278350515463918
2600080  0.09278350515463918
2600081  0.09278350515463918
2600082  0.09278350515463918
2500097  0.08737864077669903
2500098  0.08737864077669903
2500099  0.08737864077669903
1700184  0.08333333333333333
1700163  0.08256880733944955
1700167  0.08256880733944955
1700171  0.08256880733944955
1700175  0.08256880733944955
1700180  0.08256880733944955
2700056  0.06923076923076923
2700057  0.06923076923076923
2700058  0.06923076923076923
2700059  0.06923076923076923
2500075  0.060810810810810814
2500084  0.060810810810810814
2500091  0.060810810810810814
1100375  0.06040268456375839
1400060  0.05555555555555555
1400061  0.05555555555555555
1400062  0.05555555555555555
1500079  0.05325443786982249
1500080  0.05325443786982249
1500081  0.05325443786982249
1500082  0.05325443786982249
1500083  0.05325443786982249
1500084  0.05325443786982249
1600035  0.05325443786982249
1700039  0.05263157894736842
1100104  0.047872340425531915
1100106  0.047872340425531915
1100115  0.047872340425531915
1100128  0.047872340425531915
1100141  0.047872340425531915
1100160  0.047872340425531915
1100179  0.047872340425531915
1100198  0.047872340425531915
1100218  0.047872340425531915
1100237  0.047872340425531915
1100256  0.047872340425531915
1100277  0.047872340425531915
1100285  0.047872340425531915
1100288  0.047872340425531915
