1700222  1.0
1700258  1.0
1700262  1.0
1700266  1.0
1700267  1.0
1700268  1.0
1700271  1.0
1700274  1.0
1700277  1.0
1700278  1.0
1700282  1.0
1700286  1.0
2500316  1.0
2500318  1.0
2500319  1.0
2500320  1.0
2500322  1.0
2500323  1.0
2500324  1.0
2500325  1.0
2500328  1.0
2500504  1.0
2500506  1.0
2500507  1.0
2500509  1.0
2500510  1.0
2500511  1.0
2500512  1.0
2500513  1.0
2500514  1.0
2500515  1.0
2500516  1.0
2500519  1.0
2500520  1.0
2500521  1.0
2500524  1.0
2500525  1.0
2500531  1.0
2600205  1.0
2600206  1.0
2600209  1.0
2600210  1.0
2600213  1.0
2600214  1.0
2600215  1.0
2600217  1.0
2700159  1.0
2700160  1.0
2700161  1.0
2700162  1.0
2700163  1.0
2700166  1.0
2500370  0.8164965809277261
2500204  0.21483446221182986
2500205  0.21483446221182986
2500207  0.21483446221182986
2700120  0.19487094073848926
2700121  0.19487094073848926
2700122  0.19487094073848926
2700123  0.19487094073848926
2700124  0.19487094073848926
2700127  0.19487094073848926
1400092  0.1901172751573434
1400093  0.1901172751573434
1400094  0.1901172751573434
1500117  0.1901172751573434
1500118  0.1901172751573434
1500119  0.1901172751573434
1500120  0.1901172751573434
1500121  0.1901172751573434
2600079  0.1732050807568877
2600080  0.1732050807568877
2600081  0.1732050807568877
2600082  0.1732050807568877
2500097  0.1682316462276133
2500098  0.1682316462276133
2500099  0.1682316462276133
1700184  0.1643989873053573
1700163  0.1636634176769943
1700167  0.1636634176769943
1700171  0.1636634176769943
1700175  0.1636634176769943
1700180  0.1636634176769943
2700056  0.15018785229652767
2700057  0.15018785229652767
2700058  0.15018785229652767
2700059  0.15018785229652767
2500075  0.14095229572048187
2500084  0.14095229572048187
2500091  0.14095229572048187
1100375  0.1404878717372541
1400060  0.13483997249264842
1400061  0.13483997249264842
1400062  0.13483997249264842
1500079  0.13206763594884358
1500080  0.13206763594884358
1500081  0.13206763594884358
1500082  0.13206763594884358
1500083  0.13206763594884358
1500084  0.13206763594884358
1600035  0.13206763594884358
1700039  0.13130643285972254
1100104  0.12532679794330703
1100106  0.12532679794330703
1100115  0.12532679794330703
1100128  0.12532679794330703
1100141  0.12532679794330703
1100160  0.12532679794330703
1100179  0.12532679794330703
1100198  0.12532679794330703
1100218  0.12532679794330703
1100237  0.12532679794330703
1100256  0.12532679794330703
1100277  0.12532679794330703
1100285  0.12532679794330703
1100288  0.12532679794330703
