1000884  1.0
1000885  1.0
1000886  1.0
1000887  1.0
1000889  1.0
1001287  1.0
1001292  1.0
3200354  1.0
3200367  1.0
3200372  1.0
3200373  1.0
3400030  1.0
3400367  1.0
3400368  1.0
3400369  1.0
3400370  1.0
3400372  1.0
3400395  1.0
3400411  1.0
3400473  1.0
3900042  1.0
3900043  1.0
3900049  1.0
3900050  1.0
3900051  1.0
3900059  1.0
3900060  1.0
3900061  1.0
3900062  1.0
3900063  1.0
3900064  1.0
3900067  1.0
3900077  1.0
3900078  1.0
3900079  1.0
3900080  1.0
3900081  1.0
3900082  1.0
3900083  1.0
3900084  1.0
3900085  1.0
3900089  1.0
3900102  1.0
3900104  1.0
3900105  1.0
3900106  1.0
3900111  1.0
3900112  1.0
3900115  1.0
3900116  1.0
3900117  1.0
3900118  1.0
3900121  1.0
3900129  1.0
3900132  1.0
3900133  1.0
3900134  1.0
3900137  1.0
3900146  1.0
3900149  1.0
3900150  1.0
3900151  1.0
3900154  1.0
3900167  1.0
3900171  1.0
3900172  1.0
3900176  1.0
3900179  1.0
3900185  1.0
3900187  1.0
3900188  1.0
3900189  1.0
3900190  1.0
3900192  1.0
4000061  1.0
4000062  1.0
4000063  1.0
4000067  1.0
4000068  1.0
4000086  1.0
4000089  1.0
4000098  1.0
4000099  1.0
4000100  1.0
4000101  1.0
4000103  1.0
4000106  1.0
4300134  1.0
4300171  1.0
4300178  1.0
4300179  1.0
4300249  1.0
4300250  1.0
4300273  1.0
4300291  1.0
4300292  1.0
4300293  1.0
4300294  1.0
4300295  1.0
4300296  1.0
4300297  1.0
4300300  1.0
4300307  1.0
4300310  1.0
4300311  1.0
4300312  1.0
4300313  1.0
4300314  1.0
4300315  1.0
4300317  1.0
4300319  1.0
4300320  1.0
4300321  1.0
4300340  1.0
4300341  1.0
4300342  1.0
4300343  1.0
4300344  1.0
4300345  1.0
4300346  1.0
4300349  1.0
4300351  1.0
4300352  1.0
4300357  1.0
4300370  1.0
4300371  1.0
4300373  1.0
4300387  1.0
4300388  1.0
4300391  1.0
4300398  1.0
4300406  1.0
4300415  1.0
4300441  1.0
4300449  1.0
4300458  1.0
4300481  1.0
4300497  1.0
4400048  1.0
4400049  1.0
4400050  1.0
4400051  1.0
4400086  1.0
4500092  1.0
1000036  0.9411764705882353
1000077  0.9411764705882353
1000078  0.9411764705882353
1000079  0.9411764705882353
1000854  0.9411764705882353
1001157  0.9411764705882353
2300043  0.9411764705882353
2300044  0.9411764705882353
2300045  0.9411764705882353
2700094  0.9411764705882353
2700095  0.9411764705882353
2700117  0.9411764705882353
2700118  0.9411764705882353
2700119  0.9411764705882353
2700120  0.9411764705882353
2700121  0.9411764705882353
2700122  0.9411764705882353
2700123  0.9411764705882353
2700124  0.9411764705882353
2700125  0.9411764705882353
2700173  0.9411764705882353
2700182  0.9411764705882353
2800031  0.9411764705882353
2800054  0.9411764705882353
2800055  0.9411764705882353
2800056  0.9411764705882353
3200094  0.9411764705882353
3200095  0.9411764705882353
3200096  0.9411764705882353
3200314  0.9411764705882353
3200315  0.9411764705882353
3200320  0.9411764705882353
3200325  0.9411764705882353
3200326  0.9411764705882353
3200330  0.9411764705882353
3200331  0.9411764705882353
3200334  0.9411764705882353
3200335  0.9411764705882353
3200336  0.9411764705882353
3200341  0.9411764705882353
3200343  0.9411764705882353
3200347  0.9411764705882353
3200404  0.9411764705882353
3200410  0.9411764705882353
3200622  0.9411764705882353
3200623  0.9411764705882353
4300104  0.9411764705882353
4300105  0.9411764705882353
4300106  0.9411764705882353
4300107  0.9411764705882353
4300108  0.9411764705882353
4300109  0.9411764705882353
4300110  0.9411764705882353
4300112  0.9411764705882353
4300114  0.9411764705882353
4300115  0.9411764705882353
4300116  0.9411764705882353
4300126  0.9411764705882353
4300127  0.9411764705882353
4300129  0.9411764705882353
4300130  0.9411764705882353
4300133  0.9411764705882353
4300136  0.9411764705882353
4300137  0.9411764705882353
4300138  0.9411764705882353
4300140  0.9411764705882353
4300141  0.9411764705882353
4300144  0.9411764705882353
4300150  0.9411764705882353
4300151  0.9411764705882353
4300152  0.9411764705882353
4300153  0.9411764705882353
4300154  0.9411764705882353
4300157  0.9411764705882353
4300160  0.9411764705882353
4300166  0.9411764705882353
4300169  0.9411764705882353
4300176  0.9411764705882353
4300183  0.9411764705882353
4300190  0.9411764705882353
4300198  0.9411764705882353
4300199  0.9411764705882353
4300200  0.9411764705882353
4300201  0.9411764705882353
4300202  0.9411764705882353
4300211  0.9411764705882353
4300216  0.9411764705882353
4300225  0.9411764705882353
4300234  0.9411764705882353
4300235  0.9411764705882353
4300236  0.9411764705882353
4300237  0.9411764705882353
4300239  0.9411764705882353
4300240  0.9411764705882353
4300248  0.9411764705882353
4300252  0.9411764705882353
4300331  0.9411764705882353
4300332  0.9411764705882353
4500058  0.9411764705882353
4500059  0.9411764705882353
4500065  0.9411764705882353
4500066  0.9411764705882353
4500067  0.9411764705882353
4500068  0.9411764705882353
4500075  0.9411764705882353
4500083  0.9411764705882353
4600027  0.9411764705882353
4600030  0.9411764705882353
4600033  0.9411764705882353
4700025  0.9411764705882353
4700028  0.9411764705882353
4700031  0.9411764705882353
4700034  0.9411764705882353
4700042  0.9411764705882353
4700043  0.9411764705882353
4700044  0.9411764705882353
4800099  0.9411764705882353
4800100  0.9411764705882353
4800101  0.9411764705882353
4800102  0.9411764705882353
4800103  0.9411764705882353
4800168  0.9411764705882353
4800176  0.9411764705882353
4800184  0.9411764705882353
4800081  0.9375
4800082  0.9375
1000338  0.9285714285714286
1000339  0.9285714285714286
1000340  0.9285714285714286
1000342  0.9285714285714286
