1500287  0.27376842498779297
1500283  0.2725578248500824
1500291  0.26714015007019043
1500298  0.2404867559671402
1300352  0.17297640442848206
1300351  0.17002920806407928
1500279  0.16913814842700958
1300336  0.16544237732887268
1000185  0.16469605267047882
1300312  0.1641562283039093
1300337  0.16404283046722412
1300357  0.1635657399892807
1300354  0.163317009806633
1300270  0.16323402523994446
1300313  0.16296668350696564
1300338  0.1616595983505249
1300335  0.16054581105709076
1300495  0.16007298231124878
1300339  0.15983924269676208
1300358  0.159748375415802
1300314  0.15972697734832764
1300519  0.15969325602054596
1300486  0.15969042479991913
1300249  0.1596132516860962
1300254  0.1596132516860962
1300315  0.1596132516860962
1300317  0.1596132516860962
1300327  0.1596132516860962
1300331  0.1596132516860962
1300332  0.1596132516860962
1300340  0.1596132516860962
1300344  0.1596132516860962
1300349  0.1596132516860962
1300350  0.1596132516860962
1300359  0.1596132516860962
1300484  0.1596132516860962
1300485  0.1596132516860962
1400126  0.1596132516860962
1400127  0.1596132516860962
1400128  0.1596132516860962
1400183  0.1596132516860962
1500297  0.1596132516860962
