1101603  inf
1101612  inf
1101615  inf
1101635  inf
1101643  inf
1101644  inf
1101645  inf
1101646  inf
1101647  inf
1101650  inf
1101651  inf
1101657  inf
1101661  inf
1101662  inf
1101666  inf
1101652  96.8
1101653  96.8
1101654  96.8
1100952  33.0625
1100953  28.470588235294116
1000177  13.5
1000178  13.5
1000191  13.5
1000193  13.5
1000194  13.5
1000195  13.5
1000196  13.5
1000197  13.5
1000198  13.5
1000200  13.5
1000202  13.5
1000208  13.5
1000211  13.5
1000212  13.5
1000213  13.5
1000214  13.5
1000215  13.5
1000216  13.5
1000217  13.5
1000218  13.5
1000219  13.5
1000220  13.5
1000221  13.5
1000222  13.5
1000223  13.5
1000224  13.5
1000226  13.5
1000229  13.5
1000230  13.5
1000231  13.5
1000232  13.5
1000233  13.5
1000234  13.5
1000235  13.5
1000236  13.5
1000237  13.5
1000238  13.5
1000239  13.5
1000240  13.5
1000241  13.5
1000242  13.5
1000245  13.5
1000251  13.5
1000269  13.5
1000331  13.5
1000332  13.5
1000403  13.5
1000530  13.5
1000531  13.5
1000532  13.5
1000533  13.5
1000535  13.5
1000537  13.5
1000538  13.5
1000540  13.5
1000541  13.5
1000544  13.5
1000545  13.5
1000546  13.5
1000549  13.5
1000550  13.5
1000551  13.5
1000554  13.5
1000555  13.5
1000559  13.5
1000561  13.5
1000562  13.5
1000563  13.5
1000564  13.5
1000568  13.5
1000570  13.5
1000578  13.5
1000581  13.5
1000582  13.5
1000583  13.5
1000584  13.5
1000586  13.5
1000587  13.5
1000588  13.5
1000590  13.5
1000591  13.5
1000592  13.5
1000594  13.5
1000595  13.5
1000596  13.5
1000597  13.5
1000598  13.5
1000601  13.5
1000611  13.5
1000612  13.5
1000613  13.5
1000614  13.5
1000615  13.5
1000623  13.5
1000624  13.5
1000626  13.5
1000627  13.5
1000628  13.5
1000629  13.5
1000631  13.5
1000633  13.5
1000634  13.5
1000635  13.5
1000637  13.5
1000638  13.5
1000642  13.5
1000653  13.5
1000654  13.5
1000655  13.5
1000656  13.5
1000657  13.5
1000659  13.5
1000660  13.5
1000661  13.5
1000662  13.5
1000663  13.5
1000664  13.5
1000665  13.5
1000667  13.5
1000670  13.5
1000736  13.5
1000737  13.5
1000739  13.5
1000740  13.5
1000741  13.5
1000742  13.5
1000743  13.5
1000744  13.5
1000745  13.5
1000746  13.5
1000747  13.5
1000748  13.5
1000749  13.5
1000751  13.5
1000754  13.5
1100202  13.5
1100203  13.5
1100209  13.5
1100212  13.5
1100213  13.5
1100214  13.5
1100216  13.5
1100217  13.5
1100225  13.5
1100226  13.5
1100227  13.5
1100229  13.5
1100232  13.5
1100233  13.5
1100234  13.5
1100235  13.5
1100236  13.5
1100237  13.5
1100240  13.5
1100250  13.5
1100322  13.5
1100323  13.5
1100324  13.5
1100325  13.5
1100326  13.5
1100327  13.5
1100328  13.5
1100334  13.5
1100337  13.5
1100338  13.5
1100339  13.5
1100340  13.5
1100341  13.5
1100343  13.5
1100344  13.5
1100345  13.5
1100346  13.5
1100349  13.5
1100355  13.5
1100361  13.5
1100368  13.5
1100369  13.5
1100370  13.5
1100374  13.5
1100375  13.5
1100398  13.5
1100402  13.5
1100407  13.5
1100410  13.5
1100412  13.5
1100413  13.5
1100416  13.5
1100417  13.5
1100420  13.5
1100421  13.5
1100424  13.5
1100426  13.5
1100432  13.5
1100433  13.5
1100434  13.5
1100435  13.5
1100436  13.5
1100437  13.5
1100439  13.5
1100440  13.5
1100444  13.5
1100445  13.5
1100448  13.5
1100449  13.5
1100450  13.5
1100451  13.5
1100452  13.5
1100455  13.5
1100460  13.5
1100461  13.5
1100462  13.5
1100463  13.5
1100468  13.5
1100470  13.5
1100471  13.5
1100474  13.5
1100475  13.5
1100483  13.5
1100488  13.5
1100493  13.5
1100494  13.5
1100496  13.5
1100497  13.5
1100498  13.5
1100504  13.5
1100505  13.5
1100506  13.5
1100509  13.5
1100510  13.5
1100511  13.5
1100517  13.5
1100518  13.5
1100522  13.5
1100526  13.5
1100528  13.5
1100530  13.5
1100533  13.5
1100597  13.5
1100604  13.5
1100635  13.5
1100642  13.5
1100649  13.5
1100669  13.5
1100670  13.5
1100672  13.5
1100673  13.5
1100674  13.5
1100681  13.5
1100682  13.5
1100684  13.5
1100685  13.5
1100686  13.5
1100697  13.5
1100698  13.5
1100700  13.5
1100702  13.5
1100703  13.5
1100704  13.5
1100707  13.5
1100708  13.5
1100711  13.5
1100713  13.5
1100714  13.5
1100716  13.5
1100717  13.5
1100719  13.5
1100722  13.5
1100723  13.5
1100728  13.5
1100729  13.5
1100732  13.5
1100734  13.5
1100740  13.5
1100741  13.5
1100742  13.5
1100745  13.5
1100756  13.5
1100765  13.5
1100771  13.5
1100781  13.5
1100790  13.5
1100796  13.5
1100879  13.5
1100904  13.5
1100905  13.5
1100906  13.5
1100910  13.5
1100931  13.5
1100935  13.5
1100946  13.5
1100948  13.5
1100951  13.5
1100960  13.5
1100964  13.5
1100968  13.5
1100973  13.5
1100974  13.5
1100975  13.5
1100978  13.5
1100979  13.5
1100984  13.5
1100985  13.5
1100986  13.5
1100989  13.5
1100990  13.5
1100994  13.5
1101231  13.5
1101232  13.5
1101233  13.5
1101236  13.5
1101237  13.5
1101238  13.5
1101239  13.5
1101240  13.5
1101241  13.5
1101244  13.5
1101254  13.5
1101262  13.5
1101293  13.5
1101294  13.5
1101297  13.5
1101300  13.5
1101301  13.5
1101303  13.5
1101304  13.5
1101307  13.5
1101308  13.5
1101309  13.5
1101315  13.5
1101316  13.5
1101319  13.5
1101324  13.5
1101325  13.5
1101326  13.5
1101327  13.5
1101329  13.5
1101333  13.5
1101334  13.5
1101335  13.5
1101337  13.5
1101342  13.5
1101343  13.5
1101344  13.5
1101345  13.5
1101346  13.5
1101348  13.5
1101349  13.5
1101354  13.5
1101355  13.5
1101356  13.5
1101357  13.5
1101358  13.5
1101359  13.5
1101360  13.5
1101365  13.5
1101366  13.5
1101367  13.5
1101369  13.5
1101370  13.5
1101371  13.5
1101372  13.5
1101373  13.5
1101378  13.5
1101379  13.5
1101381  13.5
1101383  13.5
1101388  13.5
1101389  13.5
1101390  13.5
1101393  13.5
1101400  13.5
1101401  13.5
1101402  13.5
1101410  13.5
1101418  13.5
1101419  13.5
1101437  13.5
1101438  13.5
1101454  13.5
1101456  13.5
1101457  13.5
1101458  13.5
1101459  13.5
1101460  13.5
1101463  13.5
1101470  13.5
1101476  13.5
1101482  13.5
1101484  13.5
1101485  13.5
1101488  13.5
1101499  13.5
1101506  13.5
1101509  13.5
1101546  13.5
1101548  13.5
1101549  13.5
1101550  13.5
1101551  13.5
1101552  13.5
1101554  13.5
1101555  13.5
1101557  13.5
1101561  13.5
1101562  13.5
1101563  13.5
1101564  13.5
1101565  13.5
1101570  13.5
1101571  13.5
1101575  13.5
1101576  13.5
1101578  13.5
1101580  13.5
1101584  13.5
1101585  13.5
1101590  13.5
1101591  13.5
1101594  13.5
1101679  13.5
1101682  13.5
1101686  13.5
1101693  13.5
1101696  13.5
1101727  13.5
1101736  13.5
1101737  13.5
1101738  13.5
1101742  13.5
1101743  13.5
1101744  13.5
1101745  13.5
1101750  13.5
1101751  13.5
1101752  13.5
1101753  13.5
1101757  13.5
1101758  13.5
1101762  13.5
1101763  13.5
1101764  13.5
1101766  13.5
1101767  13.5
1101769  13.5
1101772  13.5
1101773  13.5
1101774  13.5
1101775  13.5
1101776  13.5
1101777  13.5
1101781  13.5
1101782  13.5
1101783  13.5
1101784  13.5
1101785  13.5
1101789  13.5
1101791  13.5
1101792  13.5
1101796  13.5
1101797  13.5
1101799  13.5
1101800  13.5
1101801  13.5
1101806  13.5
1101807  13.5
1101808  13.5
1101809  13.5
1101811  13.5
1101812  13.5
1101816  13.5
1101817  13.5
1101820  13.5
1101821  13.5
1101823  13.5
1101826  13.5
1101827  13.5
1101828  13.5
1101831  13.5
1101836  13.5
1101838  13.5
1101842  13.5
1101843  13.5
1101844  13.5
1101849  13.5
1101850  13.5
1101851  13.5
1101852  13.5
1101853  13.5
1101858  13.5
1101859  13.5
1101863  13.5
1101864  13.5
1101866  13.5
1101867  13.5
1101870  13.5
1101871  13.5
1101876  13.5
1101877  13.5
1101880  13.5
1101891  13.5
1101902  13.5
1101912  13.5
1101920  13.5
1101922  13.5
1101923  13.5
1101924  13.5
1101925  13.5
1101926  13.5
1101927  13.5
1101930  13.5
1101932  13.5
1101933  13.5
1101934  13.5
1101935  13.5
1101936  13.5
1101939  13.5
1101940  13.5
1101941  13.5
1101944  13.5
1101959  13.5
1101964  13.5
1101984  13.5
1101995  13.5
1101998  13.5
1102003  13.5
1102005  13.5
1102006  13.5
1102014  13.5
1102017  13.5
1102022  13.5
1102023  13.5
1102024  13.5
1102025  13.5
1102026  13.5
1102027  13.5
1102028  13.5
1102029  13.5
1102030  13.5
1102031  13.5
1102033  13.5
1102040  13.5
1102041  13.5
1102045  13.5
1102054  13.5
1102063  13.5
1102067  13.5
1102156  13.5
1102157  13.5
1102159  13.5
1102160  13.5
1102162  13.5
1102164  13.5
1102165  13.5
1102166  13.5
1102167  13.5
1102170  13.5
1102178  13.5
1102179  13.5
1102180  13.5
1102181  13.5
1102182  13.5
1102183  13.5
1102184  13.5
1102185  13.5
1102189  13.5
1102197  13.5
1102203  13.5
1102204  13.5
1102205  13.5
1102207  13.5
1102208  13.5
1102212  13.5
1102213  13.5
1102217  13.5
1102221  13.5
1102233  13.5
1102235  13.5
1102284  13.5
1102287  13.5
1102303  13.5
1200030  13.5
1200033  13.5
1200036  13.5
1200039  13.5
1200042  13.5
1200047  13.5
1200050  13.5
1200053  13.5
1200056  13.5
1301087  13.5
1100403  2.272727272727273
1100427  2.272727272727273
1100489  2.272727272727273
1101663  1.1363636363636365
1100500  0.5
1000284  0.4
1000386  0.3333333333333333
1000396  0.32653061224489793
1100541  0.32653061224489793
1100542  0.32653061224489793
1100543  0.32653061224489793
1100544  0.32653061224489793
1100545  0.32653061224489793
1100546  0.32653061224489793
1100547  0.32653061224489793
1000298  0.32
1000299  0.32
1101728  0.32
1101729  0.32
1101730  0.32
1101731  0.32
1101732  0.32
1101733  0.32
1102243  0.32
1102245  0.32
1102246  0.32
1102247  0.32
1102250  0.32
1102256  0.32
1102261  0.32
1102218  0.2647058823529412
1102252  0.1836734693877551
1102253  0.1836734693877551
1101510  0.16
1101511  0.16
1101514  0.16
1101515  0.16
1101518  0.16
1101519  0.16
1101520  0.16
1101521  0.16
1102278  0.14285714285714285
1102279  0.14285714285714285
1102280  0.14285714285714285
1102281  0.14285714285714285
1102282  0.14285714285714285
1102268  0.13793103448275862
1102272  0.13793103448275862
1102274  0.13793103448275862
1102275  0.13793103448275862
1101472  0.13333333333333333
1101473  0.13333333333333333
1100385  0.12903225806451613
1100386  0.12903225806451613
1100394  0.12903225806451613
1100907  0.125
1100932  0.125
1102056  0.125
1102059  0.125
1100377  0.12121212121212122
1100378  0.12121212121212122
1100379  0.12121212121212122
1100381  0.12121212121212122
1100383  0.12121212121212122
1100388  0.12121212121212122
1100389  0.12121212121212122
1100393  0.12121212121212122
1100396  0.12121212121212122
1100961  0.12121212121212122
1100969  0.12121212121212122
1102237  0.12121212121212122
1102238  0.12121212121212122
1102239  0.12121212121212122
1102240  0.12121212121212122
1101524  0.038461538461538464
1101525  0.038461538461538464
1101526  0.038461538461538464
1101527  0.038461538461538464
1101530  0.038461538461538464
1101531  0.038461538461538464
1101532  0.038461538461538464
1101533  0.038461538461538464
1101536  0.038461538461538464
1101538  0.038461538461538464
1101539  0.038461538461538464
1101540  0.038461538461538464
1101541  0.038461538461538464
1101542  0.038461538461538464
1101616  0.038461538461538464
1101617  0.038461538461538464
1101620  0.038461538461538464
1101621  0.038461538461538464
1101622  0.038461538461538464
1101625  0.038461538461538464
1101626  0.038461538461538464
1101627  0.038461538461538464
1101628  0.038461538461538464
1101629  0.038461538461538464
1101630  0.038461538461538464
1101636  0.038461538461538464
1101637  0.038461538461538464
1101638  0.038461538461538464
1101639  0.038461538461538464
1101640  0.038461538461538464
1101658  0.038461538461538464
1101478  0.034482758620689655
1101479  0.034482758620689655
