1401175  0.2692359983921051
1401176  0.2692359983921051
1401179  0.2692359983921051
1401180  0.2692359983921051
1401181  0.2692359983921051
1401183  0.2692359983921051
1401184  0.2692359983921051
1401185  0.2692359983921051
1401186  0.2692359983921051
1401187  0.2692359983921051
1401188  0.2692359983921051
1401191  0.2692359983921051
1401192  0.2692359983921051
1401193  0.2692359983921051
1401195  0.2692359983921051
1401196  0.2692359983921051
1401197  0.2692359983921051
1401198  0.2692359983921051
1401199  0.2692359983921051
1401200  0.2692359983921051
1401201  0.2692359983921051
1401210  0.2692359983921051
1401211  0.2692359983921051
1401212  0.2692359983921051
1401221  0.2692359983921051
1401222  0.2692359983921051
1401224  0.2692359983921051
1401226  0.2692359983921051
1401227  0.2692359983921051
1401228  0.2692359983921051
1401229  0.2692359983921051
1401232  0.2692359983921051
1401233  0.2692359983921051
1401235  0.2692359983921051
1401238  0.2692359983921051
1401239  0.2692359983921051
1401240  0.2692359983921051
1401242  0.2692359983921051
1401245  0.2692359983921051
1401743  0.2692359983921051
1401744  0.2692359983921051
2700098  0.2692359983921051
2700382  0.2692359983921051
2700385  0.2692359983921051
2700388  0.2692359983921051
2700390  0.2692359983921051
2700481  0.2692359983921051
2900039  0.2692359983921051
2900042  0.2692359983921051
2900045  0.2692359983921051
2900048  0.2692359983921051
2900051  0.2692359983921051
2900054  0.2692359983921051
2900057  0.2692359983921051
2900061  0.2692359983921051
2900065  0.2692359983921051
2900069  0.2692359983921051
2900093  0.2692359983921051
2900094  0.2692359983921051
2900095  0.2692359983921051
2900096  0.2692359983921051
2900097  0.2692359983921051
2900120  0.2692359983921051
2900121  0.2692359983921051
2900122  0.2692359983921051
2900123  0.2692359983921051
2900124  0.2692359983921051
2900134  0.2692359983921051
2900135  0.2692359983921051
2900136  0.2692359983921051
2900137  0.2692359983921051
2900138  0.2692359983921051
2900181  0.2692359983921051
2900189  0.2692359983921051
2900197  0.2692359983921051
2900224  0.2692359983921051
2900261  0.2692359983921051
2900262  0.2692359983921051
2900428  0.2692359983921051
2900429  0.2692359983921051
2900437  0.2692359983921051
2900438  0.2692359983921051
1401813  0.10753956437110901
1401812  0.10735800862312317
1401745  0.10624352842569351
1401174  0.1060071513056755
1401796  0.10564487427473068
1401811  0.10556087642908096
1401771  0.10531609505414963
1401770  0.10494458675384521
1401755  0.10472746193408966
1401746  0.1045176163315773
1401776  0.10440915077924728
1401809  0.10437838733196259
1401797  0.1041257306933403
1401756  0.10409475117921829
1401808  0.10396575182676315
1401779  0.10392691195011139
1401772  0.10387476533651352
1401768  0.10373317450284958
1401754  0.10371460020542145
1401774  0.10345806181430817
1401757  0.10339604318141937
1401793  0.10337213426828384
1401775  0.10335703939199448
1401773  0.10334402322769165
1401781  0.1032697781920433
1401753  0.10319855064153671
1401805  0.1031067743897438
1401780  0.10309592634439468
1401783  0.10309120267629623
1401767  0.10306344926357269
1401795  0.10300896316766739
1401798  0.1029697135090828
1401758  0.10287579894065857
1401761  0.10270467400550842
1401752  0.10269004106521606
1401748  0.10254741460084915
1401800  0.10227799415588379
1401801  0.10195324569940567
1401751  0.10194049030542374
1401802  0.1018424704670906
1401794  0.10179150104522705
1401804  0.10171099752187729
1401173  0.07546119391918182
1401172  0.07413055002689362
1401156  0.0729614645242691
1401068  0.07231631875038147
1401120  0.07219753414392471
1401171  0.07174579799175262
1401099  0.07144774496555328
1401169  0.07132045179605484
1401121  0.07123010605573654
1401132  0.07105132192373276
1401083  0.07089761644601822
1401157  0.0706607773900032
1401129  0.07056022435426712
1401086  0.07039783149957657
1401136  0.070319764316082
1401123  0.0702601820230484
1401155  0.07019255310297012
1401074  0.0701415166258812
1401082  0.06998196989297867
1401069  0.06964483857154846
1401143  0.06958109140396118
1401095  0.06953014433383942
1401128  0.06948701292276382
1401087  0.06943782418966293
1401072  0.06937780976295471
1401131  0.06915929913520813
1401140  0.0690683051943779
1401098  0.06903182715177536
1401168  0.06868334859609604
1401070  0.06856071203947067
1401165  0.0683668851852417
1401145  0.068187415599823
1401138  0.06806150823831558
1401161  0.06786239147186279
1401164  0.06784451007843018
1401147  0.06775286048650742
1401162  0.0676627829670906
1401160  0.06729181110858917
1401096  0.06724947690963745
1401071  0.06667044013738632
1400249  0.06349443644285202
1400247  0.0626843050122261
1401816  0.061963554471731186
1400245  0.06093603000044823
1400098  0.06091742217540741
1202477  0.06047545373439789
1400101  0.060298141092061996
1400203  0.06020360067486763
1400200  0.06015154346823692
1400095  0.05991043150424957
1400244  0.059553176164627075
1202489  0.059105630964040756
1400110  0.05901860445737839
1202490  0.05900035426020622
1400156  0.058914922177791595
1400233  0.0587274543941021
1400153  0.05866154283285141
1400242  0.05854661762714386
1400159  0.058420851826667786
1400243  0.05840223282575607
1400143  0.058332834392786026
1202486  0.05824029818177223
1400168  0.05818836763501167
1202491  0.058185774832963943
1400080  0.05806700140237808
1400192  0.057814180850982666
1400165  0.0577952116727829
1400130  0.05766839534044266
1202480  0.05766148865222931
1202481  0.05735704302787781
1400090  0.057340800762176514
1202495  0.05728805437684059
1400162  0.05727177485823631
1202485  0.05719952657818794
1400238  0.05703207105398178
1400235  0.05702060088515282
1400234  0.05665063112974167
1400085  0.056584957987070084
1400171  0.056549470871686935
1400239  0.05651461333036423
1202484  0.05594030022621155
1202476  0.05193880572915077
1401893  0.050294429063797
1401892  0.04945806786417961
1401817  0.048232611268758774
1401847  0.048213277012109756
1401891  0.04809844121336937
1401877  0.048016831278800964
1401845  0.04798087105154991
1401890  0.04750840365886688
1401838  0.04738054797053337
1401848  0.04730610176920891
1401874  0.047299109399318695
1401856  0.04728167504072189
1401851  0.04702737554907799
1401837  0.04702148959040642
1401855  0.04696859046816826
1401854  0.04692066088318825
1401839  0.04691443592309952
1401878  0.046820320188999176
1401836  0.046759799122810364
1401863  0.04672395810484886
1401859  0.04671306535601616
1401886  0.046641115099191666
1401864  0.04651670530438423
1401885  0.046391915529966354
1401868  0.04634036496281624
1401844  0.04631216824054718
1401820  0.04626723378896713
1401841  0.046090852469205856
1401825  0.04604734852910042
1401840  0.04604528471827507
1401881  0.04600146412849426
1401843  0.04581521824002266
1401852  0.045767173171043396
1401821  0.04559064283967018
1401860  0.04553292319178581
1401882  0.0455106720328331
1401880  0.045376647263765335
1401884  0.04523003473877907
1401822  0.04521375894546509
1401865  0.04520285874605179
2700381  0.04001283645629883
1401067  0.037130195647478104
1400250  0.036470502614974976
1401894  0.034813497215509415
1202475  0.031897515058517456
1202474  0.03185382857918739
1200085  0.031701069325208664
1202473  0.03148931637406349
1202395  0.031450167298316956
1202375  0.03135627880692482
1202457  0.031314507126808167
1202460  0.03129083663225174
1202392  0.031247835606336594
1202472  0.031234920024871826
1202383  0.03121773526072502
1202448  0.031126298010349274
1202391  0.031069286167621613
1202405  0.03104318678379059
1202401  0.03103889711201191
1202461  0.031038297340273857
1202399  0.031018178910017014
1202468  0.031001023948192596
1202387  0.030977720394730568
1202451  0.030973568558692932
1202384  0.030972208827733994
1202396  0.030952200293540955
1202452  0.030952131375670433
1202469  0.030937522649765015
1202456  0.03086899407207966
1202449  0.030860060825943947
1202388  0.0308382511138916
1202463  0.03083460032939911
1202379  0.030819911509752274
1202400  0.03079562447965145
1202450  0.03076014667749405
1202380  0.03074616938829422
1202389  0.03071148321032524
1202462  0.030707107856869698
1202390  0.03068217635154724
1202376  0.030680807307362556
1202465  0.030669594183564186
1202464  0.030659614130854607
1202453  0.030581163242459297
1202378  0.03054973855614662
1202377  0.030456729233264923
1401949  0.025333596393465996
1401948  0.024858910590410233
1401895  0.024647802114486694
1401915  0.024390071630477905
1401932  0.02419559471309185
1401916  0.024177340790629387
1401947  0.024116581305861473
1401918  0.023875240236520767
1401935  0.023813027888536453
1401946  0.02373269759118557
1401914  0.023692790418863297
1401922  0.02368852309882641
1401906  0.023685237392783165
1401931  0.023668302223086357
1401897  0.023571841418743134
1401907  0.023568373173475266
1401905  0.023538945242762566
1401921  0.023535029962658882
1401923  0.023477178066968918
1401941  0.02346133440732956
1401920  0.023325055837631226
1401928  0.0233145859092474
1401925  0.023294756188988686
1401919  0.023208780214190483
1401924  0.023185161873698235
1401910  0.023178866133093834
1401913  0.02316180430352688
1401936  0.02311014011502266
1401951  0.02309509366750717
1401940  0.023079898208379745
1401911  0.023064279928803444
1401902  0.02305925264954567
1401930  0.022994374856352806
1401912  0.022972242906689644
1401929  0.022970980033278465
1401937  0.022946743294596672
1401938  0.0229375921189785
1401899  0.022847022861242294
1401939  0.022831076756119728
1401901  0.022824736312031746
1401900  0.022701416164636612
1401066  0.02238653600215912
1401065  0.021762602031230927
1400251  0.021710500121116638
1401034  0.021485909819602966
1401015  0.02134621888399124
1401016  0.021233122795820236
1401063  0.021097827702760696
1400265  0.02109113149344921
1400256  0.02101176418364048
1401037  0.020909104496240616
1401017  0.020906254649162292
1401062  0.020784765481948853
1400264  0.020757731050252914
1401022  0.02075408771634102
1400269  0.020650608465075493
1401024  0.020633015781641006
1401014  0.020621657371520996
1400270  0.02048015035688877
1401020  0.020466862246394157
1401033  0.020452169701457024
1401027  0.020420493558049202
1401021  0.020418889820575714
1401055  0.020383259281516075
1400302  0.020381173118948936
1400263  0.020366836339235306
1401025  0.020350150763988495
1401019  0.02034577913582325
1401029  0.020312316715717316
1401013  0.020251356065273285
1401028  0.020184097811579704
1400259  0.020109113305807114
1401046  0.02005109377205372
1401012  0.020050857216119766
1400257  0.020041802898049355
1401049  0.019957248121500015
1401050  0.019943881779909134
1401047  0.01994011178612709
1400258  0.01987118273973465
1401032  0.01986468769609928
1401048  0.019741488620638847
2700380  0.019568273797631264
1401952  0.019299257546663284
2700379  0.019059326499700546
2700313  0.018881533294916153
2700150  0.018649738281965256
1401954  0.018626132979989052
2700337  0.018607724457979202
2700334  0.018409034237265587
2700316  0.01837300881743431
2700378  0.018238842487335205
2700134  0.018198303878307343
1401965  0.018073858693242073
2700344  0.018062416464090347
2700317  0.018048683181405067
2700320  0.018008960410952568
1401962  0.0180013757199049
2700325  0.01797027513384819
2700319  0.01790327951312065
2700328  0.017846347764134407
2700333  0.017833983525633812
2700343  0.017704127356410027
2700338  0.017700960859656334
2700136  0.01766733080148697
2700331  0.01766148768365383
2700148  0.017648538574576378
2700330  0.017615195363759995
2700329  0.017607655376195908
1401956  0.017589600756764412
2700146  0.01755266822874546
2700318  0.01749994605779648
2700147  0.017404336482286453
1401961  0.017363684251904488
2700145  0.01734466478228569
2700341  0.01728021167218685
1401957  0.01727195642888546
2700339  0.017266444861888885
2700340  0.017189182341098785
2700332  0.017188869416713715
2700342  0.017110688611865044
1401959  0.017039749771356583
