3900151  0.8792681694030762
4600103  0.8788830041885376
4600086  0.8782841563224792
4600102  0.8780153393745422
3300315  0.8773236274719238
4600101  0.877321183681488
4600068  0.8769145011901855
4600091  0.8767530918121338
4600105  0.8766793608665466
3900326  0.8766034841537476
3900277  0.8765957951545715
3900290  0.8765884637832642
4500154  0.8765838742256165
3900291  0.8765807747840881
3900276  0.8765792846679688
3900325  0.8765727877616882
3900331  0.8765719532966614
3900275  0.8765714168548584
3900252  0.8765676617622375
3900274  0.8765674233436584
3900261  0.8765661120414734
3300320  0.876563549041748
3300325  0.876563549041748
3300326  0.876563549041748
3300330  0.876563549041748
3300331  0.876563549041748
3300334  0.876563549041748
3300335  0.876563549041748
3300336  0.876563549041748
3300341  0.876563549041748
3300343  0.876563549041748
3300347  0.876563549041748
3300354  0.876563549041748
3300367  0.876563549041748
3300372  0.876563549041748
3300373  0.876563549041748
3300404  0.876563549041748
3300410  0.876563549041748
3300622  0.876563549041748
3300623  0.876563549041748
3800028  0.876563549041748
3800031  0.876563549041748
3800042  0.876563549041748
3800043  0.876563549041748
3800044  0.876563549041748
3900152  0.876563549041748
3900153  0.876563549041748
3900154  0.876563549041748
3900157  0.876563549041748
3900160  0.876563549041748
3900161  0.876563549041748
3900166  0.876563549041748
3900169  0.876563549041748
3900170  0.876563549041748
3900176  0.876563549041748
3900183  0.876563549041748
3900190  0.876563549041748
3900198  0.876563549041748
3900199  0.876563549041748
3900200  0.876563549041748
3900201  0.876563549041748
3900202  0.876563549041748
3900211  0.876563549041748
3900216  0.876563549041748
3900225  0.876563549041748
3900234  0.876563549041748
3900235  0.876563549041748
3900236  0.876563549041748
3900237  0.876563549041748
3900239  0.876563549041748
3900240  0.876563549041748
3900337  0.876563549041748
3900338  0.876563549041748
3900343  0.876563549041748
3900356  0.876563549041748
3900357  0.876563549041748
3900359  0.876563549041748
3900373  0.876563549041748
3900374  0.876563549041748
3900377  0.876563549041748
3900384  0.876563549041748
3900392  0.876563549041748
3900401  0.876563549041748
3900419  0.876563549041748
3900435  0.876563549041748
3900458  0.876563549041748
3900474  0.876563549041748
4000048  0.876563549041748
4000049  0.876563549041748
4000050  0.876563549041748
4000051  0.876563549041748
4000070  0.876563549041748
4100081  0.876563549041748
4100082  0.876563549041748
4100099  0.876563549041748
4100100  0.876563549041748
4100101  0.876563549041748
4100102  0.876563549041748
4100103  0.876563549041748
4100168  0.876563549041748
4100176  0.876563549041748
4100184  0.876563549041748
4200058  0.876563549041748
4200059  0.876563549041748
4200065  0.876563549041748
4200066  0.876563549041748
4200067  0.876563549041748
4200068  0.876563549041748
4200075  0.876563549041748
4200083  0.876563549041748
4200092  0.876563549041748
4500042  0.876563549041748
4500043  0.876563549041748
4500049  0.876563549041748
4500050  0.876563549041748
4500051  0.876563549041748
4500059  0.876563549041748
4500060  0.876563549041748
4500061  0.876563549041748
4500062  0.876563549041748
4500063  0.876563549041748
4500064  0.876563549041748
4500067  0.876563549041748
4500077  0.876563549041748
4500078  0.876563549041748
4500079  0.876563549041748
4500080  0.876563549041748
4500081  0.876563549041748
4500082  0.876563549041748
4500083  0.876563549041748
4500084  0.876563549041748
4500085  0.876563549041748
4500089  0.876563549041748
4500102  0.876563549041748
4500104  0.876563549041748
4500105  0.876563549041748
4500106  0.876563549041748
4500111  0.876563549041748
4500112  0.876563549041748
4500115  0.876563549041748
4500116  0.876563549041748
4500117  0.876563549041748
4500118  0.876563549041748
4500121  0.876563549041748
4500146  0.876563549041748
4500149  0.876563549041748
4500150  0.876563549041748
4500151  0.876563549041748
3900329  0.8765561580657959
3900283  0.8765556812286377
3900332  0.8765555024147034
3900314  0.8765533566474915
3900260  0.8765454292297363
3900264  0.8765440583229065
3900328  0.876538097858429
3900330  0.8765379190444946
3900262  0.876535177230835
3900273  0.8765312433242798
3900315  0.8765279054641724
3900248  0.8765242695808411
4800033  0.8764802813529968
4800027  0.876420795917511
4800030  0.8763580322265625
4500168  0.8763213753700256
4500192  0.8762759566307068
4600100  0.8762021660804749
4500167  0.8761349320411682
4600062  0.8760020732879639
4600067  0.8758910298347473
3800034  0.8756710290908813
4600063  0.8756014704704285
4500185  0.8753566741943359
4500188  0.8751760721206665
4500190  0.875050961971283
4600061  0.8749961256980896
4500187  0.8749033808708191
4600108  0.8744193315505981
4500189  0.8743700385093689
2300884  0.869564414024353
2600125  0.8647462129592896
3900137  0.8641734719276428
2600173  0.8640460968017578
3900127  0.8638758063316345
2600124  0.863331139087677
2600121  0.863167405128479
3900136  0.8631306290626526
2600122  0.8630747199058533
3300314  0.8629777431488037
2600182  0.8629704713821411
2600120  0.8627957105636597
3900145  0.8626226186752319
3900133  0.8623453378677368
3900150  0.8623433709144592
3300095  0.8621686697006226
2600123  0.861934244632721
3300096  0.8617162704467773
2600119  0.8616980314254761
2300886  0.861517071723938
2300885  0.8614568710327148
2301287  0.8613796830177307
3900144  0.8613709807395935
3900129  0.8612080216407776
3900138  0.8611941337585449
2300889  0.8609949946403503
2300887  0.8609404563903809
2600118  0.8607504367828369
3900141  0.8607127666473389
3900126  0.8606898784637451
2600117  0.8604966402053833
2600094  0.8603971600532532
3900130  0.8603283762931824
3900104  0.8600887656211853
2301292  0.8599595427513123
3800025  0.859917938709259
2600095  0.8598719239234924
2301157  0.8598278760910034
3900110  0.8597190380096436
3900108  0.8596115708351135
3300094  0.8595898747444153
3900115  0.8594946265220642
3900114  0.8594867587089539
3900116  0.8594616055488586
3900107  0.8593981862068176
3900105  0.8592814803123474
3900140  0.8587361574172974
3900112  0.8584570288658142
3900109  0.8582503199577332
3900106  0.8581603169441223
2300079  0.8106287717819214
2100043  0.8067181706428528
2300036  0.8066469430923462
2300078  0.8055821061134338
2300077  0.8055594563484192
2300854  0.8047023415565491
2100044  0.8042182326316833
2300342  0.8025740385055542
1300056  0.8012452721595764
1200030  0.8006860017776489
2100045  0.8005261421203613
2300338  0.7990647554397583
1200473  0.7979185581207275
1300055  0.7976182103157043
2300339  0.7975287437438965
2300340  0.796898603439331
1300054  0.7948857545852661
1300031  0.7945001721382141
1200367  0.7943655252456665
1200368  0.7928159236907959
1200395  0.7924929857254028
1200411  0.7911584377288818
1200372  0.7906150817871094
1200370  0.7904291749000549
1200369  0.7894660234451294
