1200030  inf
1200395  inf
1200411  inf
1200473  inf
3300354  inf
3300367  inf
3300372  inf
3300373  inf
3900273  inf
3900274  inf
3900275  inf
3900276  inf
3900277  inf
3900283  inf
3900373  inf
3900374  inf
3900377  inf
3900384  inf
3900392  inf
3900401  inf
1300031  225.0
1300054  225.0
1300055  225.0
1300056  225.0
2100043  225.0
2100044  225.0
2100045  225.0
2300036  225.0
2300077  225.0
2300078  225.0
2300079  225.0
2300854  225.0
2301157  225.0
2600094  225.0
2600095  225.0
2600117  225.0
2600118  225.0
2600119  225.0
2600120  225.0
2600121  225.0
2600122  225.0
2600123  225.0
2600124  225.0
2600125  225.0
2600173  225.0
2600182  225.0
3300094  225.0
3300095  225.0
3300096  225.0
3300314  225.0
3300315  225.0
3300320  225.0
3300325  225.0
3300326  225.0
3300330  225.0
3300331  225.0
3300334  225.0
3300335  225.0
3300336  225.0
3300341  225.0
3300343  225.0
3300347  225.0
3300404  225.0
3300410  225.0
3300622  225.0
3300623  225.0
3800025  225.0
3800028  225.0
3800031  225.0
3800034  225.0
3800042  225.0
3800043  225.0
3800044  225.0
3900104  225.0
3900105  225.0
3900106  225.0
3900107  225.0
3900108  225.0
3900109  225.0
3900110  225.0
3900112  225.0
3900114  225.0
3900115  225.0
3900116  225.0
3900126  225.0
3900127  225.0
3900129  225.0
3900130  225.0
3900133  225.0
3900136  225.0
3900137  225.0
3900138  225.0
3900140  225.0
3900141  225.0
3900144  225.0
3900150  225.0
3900151  225.0
3900152  225.0
3900153  225.0
3900154  225.0
3900157  225.0
3900160  225.0
3900166  225.0
3900169  225.0
3900176  225.0
3900183  225.0
3900190  225.0
3900198  225.0
3900199  225.0
3900200  225.0
3900201  225.0
3900202  225.0
3900211  225.0
3900216  225.0
3900225  225.0
3900234  225.0
3900235  225.0
3900236  225.0
3900237  225.0
3900239  225.0
3900240  225.0
3900248  225.0
3900252  225.0
3900314  225.0
3900315  225.0
4100099  225.0
4100100  225.0
4100101  225.0
4100102  225.0
4100103  225.0
4100168  225.0
4100176  225.0
4100184  225.0
4200058  225.0
4200059  225.0
4200065  225.0
4200066  225.0
4200067  225.0
4200068  225.0
4200075  225.0
4200083  225.0
4800027  225.0
4800030  225.0
4800033  225.0
3900419  98.0
4100081  98.0
4100082  98.0
3900435  84.5
1200367  48.0
1200368  48.0
1200369  48.0
1200370  48.0
1200372  48.0
3900290  48.0
3900356  48.0
3900357  48.0
3900359  48.0
3900474  48.0
4500042  48.0
4500043  48.0
4500049  48.0
4500050  48.0
4500051  48.0
4500059  48.0
4500060  48.0
4500061  48.0
4500062  48.0
4500063  48.0
4500064  48.0
4500067  48.0
4500077  48.0
4500078  48.0
4500079  48.0
4500080  48.0
4500081  48.0
4500082  48.0
4500083  48.0
4500084  48.0
4500085  48.0
4500089  48.0
4500102  48.0
4500104  48.0
4500105  48.0
4500106  48.0
4500111  48.0
4500112  48.0
4500115  48.0
4500116  48.0
4500117  48.0
4500118  48.0
4500121  48.0
4500167  48.0
4500185  48.0
4500187  48.0
4600061  48.0
4600062  48.0
4600063  48.0
4600067  48.0
4600068  48.0
4600086  48.0
4600091  48.0
4600100  48.0
4600101  48.0
4600102  48.0
4600103  48.0
4600105  48.0
4600108  48.0
2300338  36.0
2300339  36.0
2300340  36.0
2300342  36.0
4500146  30.25
4500149  30.25
4500150  30.25
4500188  30.25
4500189  30.25
3900145  24.2
3900161  24.2
3900170  24.2
3900260  24.2
3900261  24.2
3900262  24.2
3900264  24.2
2300884  20.0
2300885  20.0
2300886  20.0
2300887  20.0
2300889  20.0
2301287  20.0
2301292  20.0
3900325  20.0
3900326  20.0
3900328  20.0
3900329  20.0
3900330  20.0
3900331  20.0
3900332  20.0
3900337  20.0
3900338  20.0
3900343  20.0
3900458  20.0
4000048  20.0
4000049  20.0
4000050  20.0
4000051  20.0
4200092  20.0
4500154  20.0
4500192  20.0
4000070  9.142857142857142
4500151  6.125
4500190  6.125
3900291  0.3076923076923077
4500168  0.3076923076923077
