1200210  0.5750319957733154
1200267  0.5746492743492126
1200105  0.5589273571968079
1200104  0.5463727712631226
1200211  0.5388587117195129
1200259  0.5216962695121765
1200237  0.5141786336898804
1200263  0.5122809410095215
1200262  0.506667971611023
1300142  0.4972488582134247
1200184  0.4968634843826294
1300066  0.496768057346344
1200183  0.49456268548965454
4700036  0.4742557406425476
1200165  0.473960816860199
3300166  0.4658397436141968
1200161  0.46346238255500793
1200244  0.4633216857910156
3101752  0.4594515264034271
1200148  0.45887893438339233
1200152  0.4580311179161072
1200257  0.45743271708488464
1200196  0.45696255564689636
3101656  0.4565992057323456
1200174  0.4560290575027466
4600090  0.4555016756057739
4600079  0.4544800817966461
3200290  0.4543358385562897
1200228  0.4530940055847168
5800141  0.45282331109046936
3102202  0.4527517557144165
3101817  0.45253700017929077
4600089  0.4522739052772522
4700033  0.4522556960582733
2700145  0.4520796835422516
3102255  0.4517882764339447
3101767  0.45168909430503845
1200139  0.45125430822372437
1200216  0.4511442184448242
1200249  0.4511355757713318
1200155  0.4509088397026062
3101821  0.45057910680770874
1200200  0.45053526759147644
1100047  0.4505172669887543
5800144  0.4504470229148865
1200243  0.4496725797653198
1200225  0.44950854778289795
3101737  0.44942083954811096
3600307  0.4487191140651703
4600076  0.4484615623950958
3403788  0.44827598333358765
3403821  0.4482475519180298
1200236  0.4482090473175049
4600099  0.44819366931915283
3102204  0.4481871724128723
3403833  0.448017418384552
3101677  0.4478404223918915
1200253  0.4470219910144806
1200266  0.4469929337501526
3101742  0.4469850957393646
1200191  0.4469267725944519
5800146  0.4466438293457031
3200267  0.4464329779148102
3101800  0.4464298188686371
3600308  0.44635283946990967
1200162  0.4462924301624298
3200301  0.4461994171142578
3101704  0.4457508325576782
3200228  0.44565221667289734
3101681  0.44558650255203247
3101744  0.4454210698604584
1200149  0.44532620906829834
3200237  0.4452621042728424
3403799  0.4452519416809082
3200229  0.4451808035373688
1200131  0.44501134753227234
1200192  0.44473329186439514
1100045  0.4445788860321045
3101805  0.4444250464439392
1200245  0.4443471133708954
3102243  0.4440884590148926
3101697  0.44388338923454285
5800145  0.4438801109790802
3101708  0.4438038468360901
3403803  0.4435131549835205
1200241  0.44344478845596313
3403839  0.44339585304260254
1200235  0.4433823525905609
1200258  0.4432869553565979
1200246  0.4431033730506897
4600084  0.4430766999721527
4600085  0.44299185276031494
2700147  0.44267538189888
1200255  0.4424697160720825
3200289  0.44241371750831604
1200154  0.4423450231552124
3101743  0.44225555658340454
1200080  0.4422418475151062
3403805  0.4421822130680084
3403806  0.44212591648101807
3600076  0.44211193919181824
1200248  0.4420781135559082
3200236  0.4420720040798187
3101696  0.44159623980522156
3000114  0.44153282046318054
1200147  0.44147157669067383
1200129  0.4413846433162689
3101794  0.44115638732910156
3600311  0.44105663895606995
1200256  0.4409817159175873
1200239  0.44092682003974915
4600087  0.4409254789352417
3101820  0.44088608026504517
4600069  0.44087088108062744
2700143  0.44086629152297974
3200300  0.4408617615699768
3100254  0.4406334161758423
4600080  0.44060489535331726
1200226  0.4404873847961426
1100056  0.4403976798057556
3403827  0.43995925784111023
3600243  0.4398347735404968
3200262  0.4398171007633209
1300130  0.43979620933532715
1100046  0.43978556990623474
1200141  0.4397006928920746
1200172  0.4396221935749054
1200160  0.4395892918109894
3102240  0.4389270544052124
3101657  0.43886974453926086
3403785  0.43873563408851624
1200142  0.43871715664863586
1300120  0.43860548734664917
4600078  0.4386051297187805
3102247  0.43838053941726685
3101823  0.43826282024383545
1200159  0.43809372186660767
3102222  0.43799513578414917
3102974  0.43797922134399414
3101799  0.43791040778160095
1200075  0.43782490491867065
1200084  0.437758207321167
1200138  0.43765324354171753
3100158  0.4376274645328522
3403804  0.4373195171356201
3102214  0.43730342388153076
3403795  0.43720743060112
1200269  0.437203973531723
1200168  0.43717676401138306
3403796  0.436967670917511
3101675  0.4369538724422455
3600077  0.43680232763290405
3101663  0.43679946660995483
1200135  0.4367774426937103
3101699  0.43654152750968933
1200122  0.4365254342556
1200157  0.43632426857948303
3000084  0.4362354576587677
1200153  0.43622201681137085
1200205  0.4361889660358429
3101678  0.4361502230167389
3101709  0.43598443269729614
1200111  0.43594345450401306
3102227  0.4358863830566406
1300117  0.4358377754688263
1100048  0.43580812215805054
1200042  0.43580472469329834
4600065  0.43555405735969543
3600069  0.4353061020374298
4600073  0.435295969247818
1200113  0.43525558710098267
3101679  0.4352532923221588
1200145  0.43522909283638
3102992  0.43496400117874146
4600064  0.4349394738674164
4100141  0.43491801619529724
3403794  0.4348491132259369
3101658  0.43484199047088623
3403809  0.4348066747188568
3100283  0.43478474020957947
3101673  0.4347687363624573
1300128  0.43466511368751526
1300055  0.4346637427806854
1200121  0.4345628321170807
3100275  0.43445366621017456
3100216  0.43426910042762756
3101711  0.4341036379337311
3101705  0.43394410610198975
1200242  0.43384337425231934
3100375  0.4337821304798126
3101738  0.4333600699901581
1200156  0.43329229950904846
1200085  0.4332329332828522
1200270  0.43323200941085815
1200171  0.43320295214653015
3000069  0.4331571161746979
1200209  0.433095782995224
3403808  0.43285036087036133
3101741  0.43281832337379456
3000164  0.43274986743927
3101748  0.4325786232948303
3101819  0.4325559735298157
3102253  0.43253660202026367
3101655  0.43252304196357727
3101676  0.4324303865432739
1200112  0.4324047863483429
3000097  0.43227100372314453
3100196  0.43218690156936646
1300108  0.4321630597114563
1200134  0.43180933594703674
1300131  0.43180519342422485
3403820  0.43175822496414185
3101749  0.4317491948604584
3600314  0.4317309260368347
1300057  0.43151310086250305
1200219  0.4313603639602661
3102207  0.4313354194164276
4600096  0.4313108026981354
1200251  0.431238055229187
3101661  0.4311469495296478
1200086  0.43107134103775024
1300125  0.4309307336807251
3101797  0.4307062029838562
3100177  0.43057483434677124
1200220  0.43053126335144043
1300073  0.4303376376628876
3900063  0.430226594209671
1300149  0.43014514446258545
3101747  0.43011903762817383
3101698  0.4298374652862549
3000062  0.42975518107414246
1300134  0.4295124411582947
3102208  0.4291798770427704
1300040  0.4291377067565918
3101746  0.42902782559394836
3403800  0.42898958921432495
5800148  0.42849013209342957
1000034  0.42843350768089294
1200163  0.42833060026168823
3103001  0.4283266067504883
3600318  0.42832013964653015
3000081  0.4282214343547821
3600320  0.4280666410923004
3101803  0.4278546869754791
3200265  0.4277655780315399
3403818  0.4276174008846283
3102239  0.42760929465293884
1000028  0.4274272620677948
3000053  0.4272316098213196
1300085  0.427228182554245
3403819  0.4271406829357147
1000031  0.4269702732563019
3403801  0.4269154667854309
3200234  0.4266212582588196
1200110  0.4266132116317749
3100126  0.4265664219856262
3103004  0.42641741037368774
3102201  0.4263458549976349
3101750  0.42624378204345703
3000054  0.42623329162597656
1300104  0.4260614514350891
1300127  0.4259204566478729
1200203  0.42589375376701355
3101795  0.42569538950920105
3101702  0.4256296157836914
3000086  0.4253949820995331
3101710  0.42531079053878784
3101692  0.42480581998825073
1200133  0.4245779812335968
3000165  0.42443159222602844
3102238  0.4244014620780945
3000080  0.423999160528183
1200166  0.4238574504852295
3102237  0.4234292805194855
3100113  0.4233817756175995
3101798  0.42308422923088074
1200116  0.42292657494544983
1200132  0.4226856827735901
3100139  0.42117077112197876
3101740  0.4210452735424042
1300056  0.4208819270133972
1200046  0.4207201600074768
3101653  0.4206227958202362
1200130  0.420562207698822
1300091  0.42003870010375977
3101693  0.4197658896446228
3101703  0.41939952969551086
1300126  0.4192734360694885
3200233  0.41924527287483215
3000085  0.418802946805954
1300129  0.41871392726898193
3000041  0.41820335388183594
3100235  0.41791272163391113
3000158  0.41783034801483154
3403798  0.4160710275173187
3101816  0.4158092141151428
3000096  0.41518858075141907
1200123  0.4145893156528473
1200077  0.4130571782588959
3100286  0.41297098994255066
1200182  0.4129670560359955
1200178  0.41225793957710266
1300079  0.4102410078048706
1300107  0.4099479615688324
3000155  0.407863587141037
1200179  0.4068717360496521
3200560  0.3922854959964752
3200562  0.38736552000045776
3200561  0.38389164209365845
3103396  0.3820437490940094
3200532  0.38026514649391174
