3300135  1.0
3300136  1.0
3300330  1.0
3800056  1.0
3800057  1.0
3800139  1.0
3800140  1.0
4400167  1.0
5100083  1.0
5100084  1.0
2102480  0.5
2102482  0.5
2102483  0.5
2102484  0.5
5300081  0.33333333333333337
5300082  0.33333333333333337
3400204  0.25
3400205  0.25
3400206  0.25
3400207  0.25
5300324  0.25
5300406  0.25
5300427  0.25
5400063  0.25
5400064  0.25
5400105  0.25
5400106  0.25
2200674  0.16666666666666663
2200675  0.16666666666666663
2200676  0.16666666666666663
2200677  0.16666666666666663
2200678  0.16666666666666663
2200679  0.16666666666666663
2200682  0.16666666666666663
2200683  0.16666666666666663
2200686  0.16666666666666663
2200687  0.16666666666666663
2200688  0.16666666666666663
2200689  0.16666666666666663
2200690  0.16666666666666663
2200691  0.16666666666666663
2200694  0.16666666666666663
2200695  0.16666666666666663
2200698  0.16666666666666663
2200699  0.16666666666666663
2200700  0.16666666666666663
2200704  0.16666666666666663
2200706  0.16666666666666663
2200712  0.16666666666666663
2200754  0.16666666666666663
2200755  0.16666666666666663
2200756  0.16666666666666663
2200757  0.16666666666666663
2200758  0.16666666666666663
2200759  0.16666666666666663
2200762  0.16666666666666663
2200763  0.16666666666666663
2200766  0.16666666666666663
2200767  0.16666666666666663
2200768  0.16666666666666663
2200769  0.16666666666666663
2200770  0.16666666666666663
2200771  0.16666666666666663
2200774  0.16666666666666663
2200775  0.16666666666666663
2200778  0.16666666666666663
2200779  0.16666666666666663
2200780  0.16666666666666663
2200781  0.16666666666666663
2200782  0.16666666666666663
2200783  0.16666666666666663
2200786  0.16666666666666663
2200787  0.16666666666666663
2200790  0.16666666666666663
2200791  0.16666666666666663
2200792  0.16666666666666663
2200795  0.16666666666666663
2200796  0.16666666666666663
2200797  0.16666666666666663
2200801  0.16666666666666663
2200803  0.16666666666666663
2200809  0.16666666666666663
3300050  0.16666666666666663
3300051  0.16666666666666663
3400395  0.16666666666666663
3400398  0.16666666666666663
3400482  0.16666666666666663
3400485  0.16666666666666663
3400488  0.16666666666666663
3400489  0.16666666666666663
3400503  0.16666666666666663
5000041  0.16666666666666663
5000044  0.16666666666666663
5000047  0.16666666666666663
5000050  0.16666666666666663
5000053  0.16666666666666663
5000056  0.16666666666666663
5000059  0.16666666666666663
5000063  0.16666666666666663
5000067  0.16666666666666663
5000071  0.16666666666666663
5000095  0.16666666666666663
5000096  0.16666666666666663
5000097  0.16666666666666663
5000098  0.16666666666666663
5000099  0.16666666666666663
5000137  0.16666666666666663
5000138  0.16666666666666663
5000139  0.16666666666666663
5000140  0.16666666666666663
5000141  0.16666666666666663
5000151  0.16666666666666663
5000152  0.16666666666666663
5000153  0.16666666666666663
5000154  0.16666666666666663
5000155  0.16666666666666663
5000168  0.16666666666666663
5000169  0.16666666666666663
5000170  0.16666666666666663
5000171  0.16666666666666663
5000172  0.16666666666666663
5000198  0.16666666666666663
5000206  0.16666666666666663
5000214  0.16666666666666663
5000243  0.16666666666666663
5000249  0.16666666666666663
5000275  0.16666666666666663
5000276  0.16666666666666663
5000286  0.16666666666666663
5000287  0.16666666666666663
5000321  0.16666666666666663
5000322  0.16666666666666663
5000326  0.16666666666666663
5000327  0.16666666666666663
5000328  0.16666666666666663
5000329  0.16666666666666663
5000330  0.16666666666666663
5000331  0.16666666666666663
5000453  0.16666666666666663
5000454  0.16666666666666663
5000462  0.16666666666666663
5000463  0.16666666666666663
5000519  0.16666666666666663
5100042  0.16666666666666663
5100118  0.16666666666666663
5200054  0.16666666666666663
5200055  0.16666666666666663
5200056  0.16666666666666663
5200074  0.16666666666666663
5200075  0.16666666666666663
5200076  0.16666666666666663
5200079  0.16666666666666663
5200080  0.16666666666666663
5200081  0.16666666666666663
5200094  0.16666666666666663
5200120  0.16666666666666663
5200134  0.16666666666666663
5300034  0.16666666666666663
5300055  0.16666666666666663
5300056  0.16666666666666663
5300057  0.16666666666666663
5300058  0.16666666666666663
5300059  0.16666666666666663
5300066  0.16666666666666663
5300067  0.16666666666666663
5300068  0.16666666666666663
5300069  0.16666666666666663
5300070  0.16666666666666663
5300090  0.16666666666666663
5300091  0.16666666666666663
5300092  0.16666666666666663
5300093  0.16666666666666663
5300094  0.16666666666666663
5300095  0.16666666666666663
5300096  0.16666666666666663
5300105  0.16666666666666663
5300137  0.16666666666666663
5300138  0.16666666666666663
5300141  0.16666666666666663
5300142  0.16666666666666663
5300147  0.16666666666666663
5300148  0.16666666666666663
5300149  0.16666666666666663
5300150  0.16666666666666663
5300171  0.16666666666666663
5300225  0.16666666666666663
5300235  0.16666666666666663
5300236  0.16666666666666663
5300322  0.16666666666666663
5300323  0.16666666666666663
5300326  0.16666666666666663
5300327  0.16666666666666663
5300339  0.16666666666666663
5300340  0.16666666666666663
5300341  0.16666666666666663
5300342  0.16666666666666663
5300344  0.16666666666666663
5300345  0.16666666666666663
5300346  0.16666666666666663
5300347  0.16666666666666663
5300349  0.16666666666666663
5300350  0.16666666666666663
5300351  0.16666666666666663
5300352  0.16666666666666663
5300356  0.16666666666666663
5300357  0.16666666666666663
5300358  0.16666666666666663
5300359  0.16666666666666663
5300360  0.16666666666666663
5300364  0.16666666666666663
5300365  0.16666666666666663
5300376  0.16666666666666663
5400042  0.16666666666666663
5400043  0.16666666666666663
5400049  0.16666666666666663
5400056  0.16666666666666663
5400057  0.16666666666666663
5400058  0.16666666666666663
5400060  0.16666666666666663
5400074  0.16666666666666663
5400075  0.16666666666666663
5400076  0.16666666666666663
5400077  0.16666666666666663
5400078  0.16666666666666663
5400079  0.16666666666666663
5400080  0.16666666666666663
5400082  0.16666666666666663
5400086  0.16666666666666663
5400099  0.16666666666666663
5400100  0.16666666666666663
5400101  0.16666666666666663
5400103  0.16666666666666663
5400112  0.16666666666666663
5400113  0.16666666666666663
5400114  0.16666666666666663
5400115  0.16666666666666663
5400116  0.16666666666666663
5400117  0.16666666666666663
5400118  0.16666666666666663
5400120  0.16666666666666663
5400122  0.16666666666666663
5400125  0.16666666666666663
5400126  0.16666666666666663
5400131  0.16666666666666663
5400136  0.16666666666666663
5600137  0.16666666666666663
5600138  0.16666666666666663
5600139  0.16666666666666663
5600140  0.16666666666666663
5600144  0.16666666666666663
5600150  0.16666666666666663
5600152  0.16666666666666663
5600153  0.16666666666666663
5600155  0.16666666666666663
5600158  0.16666666666666663
5600162  0.16666666666666663
5600170  0.16666666666666663
5600171  0.16666666666666663
5600173  0.16666666666666663
5600178  0.16666666666666663
5600179  0.16666666666666663
5600180  0.16666666666666663
5600181  0.16666666666666663
5600185  0.16666666666666663
5600186  0.16666666666666663
5600190  0.16666666666666663
2102456  0.1428571428571429
3200242  0.1428571428571429
3200243  0.1428571428571429
3300132  0.1428571428571429
3300134  0.1428571428571429
3300151  0.1428571428571429
3300152  0.1428571428571429
3300153  0.1428571428571429
3300155  0.1428571428571429
3300156  0.1428571428571429
3300157  0.1428571428571429
3300158  0.1428571428571429
3300159  0.1428571428571429
3300160  0.1428571428571429
3300161  0.1428571428571429
3300162  0.1428571428571429
3300163  0.1428571428571429
3300164  0.1428571428571429
3300165  0.1428571428571429
3300166  0.1428571428571429
3300170  0.1428571428571429
3300175  0.1428571428571429
3300176  0.1428571428571429
3300181  0.1428571428571429
7000510  0.1428571428571429
7000511  0.1428571428571429
7000512  0.1428571428571429
7000513  0.1428571428571429
7000523  0.1428571428571429
7000524  0.1428571428571429
7000526  0.1428571428571429
7000527  0.1428571428571429
2102458  0.11111111111111116
2102459  0.11111111111111116
2102570  0.11111111111111116
3400198  0.11111111111111116
3400199  0.11111111111111116
7000500  0.11111111111111116
7000501  0.11111111111111116
7000502  0.11111111111111116
7000503  0.11111111111111116
7000504  0.11111111111111116
2102445  0.09999999999999998
2102446  0.09999999999999998
2102447  0.09999999999999998
2102557  0.09999999999999998
2102558  0.09999999999999998
2102560  0.09999999999999998
2102561  0.09999999999999998
2102562  0.09999999999999998
2102564  0.09999999999999998
2102565  0.09999999999999998
7000443  0.09999999999999998
7000444  0.09999999999999998
7000461  0.09999999999999998
7000462  0.09999999999999998
7000463  0.09999999999999998
2100361  0.09090909090909094
2100364  0.09090909090909094
2100365  0.09090909090909094
2100366  0.09090909090909094
2102306  0.09090909090909094
2102436  0.09090909090909094
2102439  0.09090909090909094
2102443  0.09090909090909094
2102450  0.09090909090909094
2102455  0.09090909090909094
2102461  0.09090909090909094
2102462  0.09090909090909094
2102463  0.09090909090909094
2102465  0.09090909090909094
2102466  0.09090909090909094
2102467  0.09090909090909094
2102470  0.09090909090909094
2102471  0.09090909090909094
2102472  0.09090909090909094
2102473  0.09090909090909094
2102474  0.09090909090909094
2102477  0.09090909090909094
2102485  0.09090909090909094
2102486  0.09090909090909094
2102487  0.09090909090909094
2102488  0.09090909090909094
2102489  0.09090909090909094
2102490  0.09090909090909094
2102491  0.09090909090909094
2102493  0.09090909090909094
2102494  0.09090909090909094
2102496  0.09090909090909094
2102497  0.09090909090909094
2102498  0.09090909090909094
2102500  0.09090909090909094
2102501  0.09090909090909094
2102502  0.09090909090909094
2102505  0.09090909090909094
2102507  0.09090909090909094
2102508  0.09090909090909094
2102512  0.09090909090909094
2102513  0.09090909090909094
2102516  0.09090909090909094
2102527  0.09090909090909094
2102528  0.09090909090909094
2102529  0.09090909090909094
2102530  0.09090909090909094
2102531  0.09090909090909094
2102532  0.09090909090909094
2102533  0.09090909090909094
2102536  0.09090909090909094
2102538  0.09090909090909094
2102539  0.09090909090909094
2102540  0.09090909090909094
2102543  0.09090909090909094
2102546  0.09090909090909094
2102547  0.09090909090909094
2102548  0.09090909090909094
2102549  0.09090909090909094
2102550  0.09090909090909094
2102552  0.09090909090909094
2102553  0.09090909090909094
2102555  0.09090909090909094
2102569  0.09090909090909094
2102573  0.09090909090909094
2102671  0.09090909090909094
2102672  0.09090909090909094
2102676  0.09090909090909094
2102677  0.09090909090909094
2102680  0.09090909090909094
2102681  0.09090909090909094
2102683  0.09090909090909094
2102685  0.09090909090909094
2102686  0.09090909090909094
2102687  0.09090909090909094
2102689  0.09090909090909094
2102694  0.09090909090909094
2102696  0.09090909090909094
2103056  0.09090909090909094
2103057  0.09090909090909094
2103586  0.09090909090909094
2103589  0.09090909090909094
2103590  0.09090909090909094
2103593  0.09090909090909094
2103596  0.09090909090909094
7000436  0.09090909090909094
7000437  0.09090909090909094
2102221  0.08333333333333337
3500397  0.08333333333333337
7000419  0.08333333333333337
7000420  0.08333333333333337
7000421  0.08333333333333337
7000423  0.08333333333333337
7000424  0.08333333333333337
7000425  0.08333333333333337
7000426  0.08333333333333337
7000439  0.08333333333333337
7000499  0.08333333333333337
3300042  0.0714285714285714
3300125  0.0714285714285714
3400453  0.0714285714285714
3400454  0.0714285714285714
3400502  0.0714285714285714
3400505  0.0714285714285714
3400506  0.0714285714285714
4400156  0.0714285714285714
7000288  0.0714285714285714
7000289  0.0714285714285714
7000292  0.0714285714285714
2102662  0.06666666666666665
2102665  0.06666666666666665
2102666  0.06666666666666665
3300087  0.06666666666666665
3300088  0.06666666666666665
3400089  0.06666666666666665
3400091  0.06666666666666665
3400101  0.06666666666666665
3400108  0.06666666666666665
3400111  0.06666666666666665
3400112  0.06666666666666665
3400115  0.06666666666666665
3400135  0.06666666666666665
3400176  0.06666666666666665
3400179  0.06666666666666665
3400180  0.06666666666666665
3400181  0.06666666666666665
3400182  0.06666666666666665
3400187  0.06666666666666665
3400188  0.06666666666666665
3400192  0.06666666666666665
3400193  0.06666666666666665
3400194  0.06666666666666665
3400195  0.06666666666666665
3400196  0.06666666666666665
3400201  0.06666666666666665
3400202  0.06666666666666665
3400211  0.06666666666666665
3400214  0.06666666666666665
3400215  0.06666666666666665
3400217  0.06666666666666665
3400317  0.06666666666666665
3400318  0.06666666666666665
3400319  0.06666666666666665
3400354  0.06666666666666665
3400355  0.06666666666666665
3500217  0.06666666666666665
3500531  0.06666666666666665
3500532  0.06666666666666665
3500533  0.06666666666666665
3500536  0.06666666666666665
3500537  0.06666666666666665
3500538  0.06666666666666665
3500539  0.06666666666666665
3500540  0.06666666666666665
3500541  0.06666666666666665
3500542  0.06666666666666665
3500543  0.06666666666666665
3500544  0.06666666666666665
3500545  0.06666666666666665
6300101  0.06666666666666665
6300103  0.06666666666666665
6300104  0.06666666666666665
6300105  0.06666666666666665
7000418  0.06666666666666665
7000441  0.06666666666666665
7000457  0.06666666666666665
7000458  0.06666666666666665
7000460  0.06666666666666665
7000483  0.06666666666666665
7000597  0.06666666666666665
7500115  0.06666666666666665
7500119  0.06666666666666665
7500124  0.06666666666666665
7500128  0.06666666666666665
7500130  0.06666666666666665
2102661  0.0625
2103582  0.0625
3300063  0.0625
3300064  0.0625
3400457  0.0625
3400458  0.0625
3500506  0.0625
3500508  0.0625
3500509  0.0625
3500615  0.0625
3500616  0.0625
3500617  0.0625
4400164  0.0625
4800139  0.0625
4800143  0.0625
4800144  0.0625
4800145  0.0625
4800146  0.0625
4800147  0.0625
4800148  0.0625
4800149  0.0625
4800150  0.0625
4800152  0.0625
4800153  0.0625
4800158  0.0625
4900060  0.0625
4900067  0.0625
7000405  0.0625
7000406  0.0625
7000496  0.0625
7000497  0.0625
3400452  0.05882352941176472
3400461  0.05882352941176472
3400462  0.05882352941176472
3800182  0.05882352941176472
3800183  0.05882352941176472
4400158  0.05882352941176472
4800047  0.05882352941176472
4800048  0.05882352941176472
4800094  0.05882352941176472
4800107  0.05882352941176472
4800109  0.05882352941176472
4800118  0.05882352941176472
4800120  0.05882352941176472
7000530  0.05882352941176472
7000531  0.05882352941176472
7000586  0.05882352941176472
7000587  0.05882352941176472
7000588  0.05882352941176472
7000590  0.05882352941176472
7000591  0.05882352941176472
7000592  0.05882352941176472
7000593  0.05882352941176472
7000594  0.05882352941176472
7000596  0.05882352941176472
7000599  0.05882352941176472
7000603  0.05882352941176472
3300224  0.05555555555555558
3300233  0.05555555555555558
3300270  0.05555555555555558
3300271  0.05555555555555558
3300272  0.05555555555555558
3300273  0.05555555555555558
3300274  0.05555555555555558
3300275  0.05555555555555558
3300277  0.05555555555555558
3300344  0.05555555555555558
3300348  0.05555555555555558
3400357  0.05555555555555558
3400358  0.05555555555555558
3400494  0.05555555555555558
3400495  0.05555555555555558
3400498  0.05555555555555558
3400499  0.05555555555555558
3500295  0.05555555555555558
3500339  0.05555555555555558
3500340  0.05555555555555558
3500341  0.05555555555555558
3500342  0.05555555555555558
3500592  0.05555555555555558
3500593  0.05555555555555558
3500594  0.05555555555555558
3500628  0.05555555555555558
3500633  0.05555555555555558
4200431  0.05555555555555558
4200460  0.05555555555555558
4400155  0.05555555555555558
7000276  0.05555555555555558
7000328  0.05555555555555558
7000329  0.05555555555555558
7000330  0.05555555555555558
7000335  0.05555555555555558
7000351  0.05555555555555558
7000352  0.05555555555555558
7000353  0.05555555555555558
7000355  0.05555555555555558
7000363  0.05555555555555558
7000380  0.05555555555555558
7000381  0.05555555555555558
7000382  0.05555555555555558
7000383  0.05555555555555558
7000385  0.05555555555555558
7000386  0.05555555555555558
7000387  0.05555555555555558
7000388  0.05555555555555558
7000393  0.05555555555555558
7000416  0.05555555555555558
7000446  0.05555555555555558
7000447  0.05555555555555558
7000494  0.05555555555555558
7000611  0.05555555555555558
7000612  0.05555555555555558
7000613  0.05555555555555558
7000615  0.05555555555555558
7000616  0.05555555555555558
7000617  0.05555555555555558
7000618  0.05555555555555558
7000619  0.05555555555555558
7000621  0.05555555555555558
7000622  0.05555555555555558
7000624  0.05555555555555558
7000628  0.05555555555555558
2102149  0.052631578947368474
2102150  0.052631578947368474
2102153  0.052631578947368474
2102601  0.052631578947368474
2102602  0.052631578947368474
2102607  0.052631578947368474
2103424  0.052631578947368474
2103492  0.052631578947368474
2900353  0.052631578947368474
2900364  0.052631578947368474
2900365  0.052631578947368474
2900368  0.052631578947368474
2900380  0.052631578947368474
2900381  0.052631578947368474
2900382  0.052631578947368474
2900386  0.052631578947368474
3000040  0.052631578947368474
3000041  0.052631578947368474
3000042  0.052631578947368474
3000043  0.052631578947368474
3000044  0.052631578947368474
3000050  0.052631578947368474
3000057  0.052631578947368474
3100261  0.052631578947368474
3100262  0.052631578947368474
3100263  0.052631578947368474
3100264  0.052631578947368474
3300207  0.052631578947368474
3300208  0.052631578947368474
3300213  0.052631578947368474
3300214  0.052631578947368474
3300215  0.052631578947368474
3300219  0.052631578947368474
3300220  0.052631578947368474
3300221  0.052631578947368474
3300222  0.052631578947368474
3300223  0.052631578947368474
3300226  0.052631578947368474
3300229  0.052631578947368474
3300230  0.052631578947368474
3300232  0.052631578947368474
3300282  0.052631578947368474
3300296  0.052631578947368474
3300297  0.052631578947368474
3300298  0.052631578947368474
3300299  0.052631578947368474
3300300  0.052631578947368474
3300301  0.052631578947368474
3300304  0.052631578947368474
3300306  0.052631578947368474
3300309  0.052631578947368474
3300310  0.052631578947368474
3300311  0.052631578947368474
3300312  0.052631578947368474
3300313  0.052631578947368474
3300314  0.052631578947368474
3300315  0.052631578947368474
3300316  0.052631578947368474
3300317  0.052631578947368474
3300318  0.052631578947368474
3300319  0.052631578947368474
3300320  0.052631578947368474
3300321  0.052631578947368474
3300322  0.052631578947368474
3300326  0.052631578947368474
3300333  0.052631578947368474
3300334  0.052631578947368474
3300335  0.052631578947368474
3300337  0.052631578947368474
3300339  0.052631578947368474
3400308  0.052631578947368474
3500390  0.052631578947368474
3500395  0.052631578947368474
3500396  0.052631578947368474
4200417  0.052631578947368474
4200418  0.052631578947368474
4200419  0.052631578947368474
4200423  0.052631578947368474
4200429  0.052631578947368474
4200430  0.052631578947368474
4200433  0.052631578947368474
4200436  0.052631578947368474
4200440  0.052631578947368474
4200448  0.052631578947368474
4200450  0.052631578947368474
4200451  0.052631578947368474
4200452  0.052631578947368474
4200453  0.052631578947368474
4200455  0.052631578947368474
4200457  0.052631578947368474
4200462  0.052631578947368474
4200463  0.052631578947368474
4200469  0.052631578947368474
4400047  0.052631578947368474
4400054  0.052631578947368474
4400055  0.052631578947368474
4400056  0.052631578947368474
4400062  0.052631578947368474
4400063  0.052631578947368474
4400064  0.052631578947368474
4400066  0.052631578947368474
4400069  0.052631578947368474
4400103  0.052631578947368474
4400124  0.052631578947368474
4400152  0.052631578947368474
4400153  0.052631578947368474
4400154  0.052631578947368474
4400160  0.052631578947368474
4400161  0.052631578947368474
4400162  0.052631578947368474
6700202  0.052631578947368474
6700204  0.052631578947368474
6700207  0.052631578947368474
6700210  0.052631578947368474
6800426  0.052631578947368474
6900132  0.052631578947368474
6900133  0.052631578947368474
6900134  0.052631578947368474
6900135  0.052631578947368474
6900136  0.052631578947368474
6900137  0.052631578947368474
6900138  0.052631578947368474
6900139  0.052631578947368474
6900140  0.052631578947368474
6900146  0.052631578947368474
6900149  0.052631578947368474
6900150  0.052631578947368474
6900151  0.052631578947368474
6900152  0.052631578947368474
6900153  0.052631578947368474
6900154  0.052631578947368474
6900159  0.052631578947368474
6900166  0.052631578947368474
6900168  0.052631578947368474
6900175  0.052631578947368474
6900184  0.052631578947368474
6900185  0.052631578947368474
6900187  0.052631578947368474
6900194  0.052631578947368474
6900195  0.052631578947368474
6900196  0.052631578947368474
6900199  0.052631578947368474
6900200  0.052631578947368474
6900201  0.052631578947368474
6900202  0.052631578947368474
6900203  0.052631578947368474
6900204  0.052631578947368474
6900205  0.052631578947368474
6900207  0.052631578947368474
6900208  0.052631578947368474
6900209  0.052631578947368474
6900210  0.052631578947368474
6900215  0.052631578947368474
6900248  0.052631578947368474
6900249  0.052631578947368474
6900251  0.052631578947368474
6900253  0.052631578947368474
6900255  0.052631578947368474
6900259  0.052631578947368474
6900261  0.052631578947368474
6900265  0.052631578947368474
6900266  0.052631578947368474
6900267  0.052631578947368474
6900268  0.052631578947368474
6900269  0.052631578947368474
6900270  0.052631578947368474
6900324  0.052631578947368474
6900332  0.052631578947368474
6900340  0.052631578947368474
6900353  0.052631578947368474
6900354  0.052631578947368474
6900355  0.052631578947368474
6900356  0.052631578947368474
6900358  0.052631578947368474
6900359  0.052631578947368474
6900360  0.052631578947368474
6900361  0.052631578947368474
6900363  0.052631578947368474
6900364  0.052631578947368474
6900367  0.052631578947368474
6900379  0.052631578947368474
6900380  0.052631578947368474
6900381  0.052631578947368474
6900382  0.052631578947368474
6900384  0.052631578947368474
6900385  0.052631578947368474
6900386  0.052631578947368474
6900387  0.052631578947368474
6900389  0.052631578947368474
6900390  0.052631578947368474
6900393  0.052631578947368474
6900404  0.052631578947368474
6900405  0.052631578947368474
6900406  0.052631578947368474
6900407  0.052631578947368474
6900408  0.052631578947368474
6900409  0.052631578947368474
6900410  0.052631578947368474
6900411  0.052631578947368474
6900413  0.052631578947368474
6900414  0.052631578947368474
7000224  0.052631578947368474
7000245  0.052631578947368474
7000246  0.052631578947368474
7000247  0.052631578947368474
7000248  0.052631578947368474
7000249  0.052631578947368474
7000250  0.052631578947368474
7000251  0.052631578947368474
7000257  0.052631578947368474
7000274  0.052631578947368474
7000275  0.052631578947368474
7000278  0.052631578947368474
7000327  0.052631578947368474
7000334  0.052631578947368474
7000340  0.052631578947368474
7000349  0.052631578947368474
7000359  0.052631578947368474
7000360  0.052631578947368474
7000361  0.052631578947368474
7000370  0.052631578947368474
7000372  0.052631578947368474
7000373  0.052631578947368474
7000379  0.052631578947368474
7000391  0.052631578947368474
7000392  0.052631578947368474
7000395  0.052631578947368474
7000397  0.052631578947368474
7000401  0.052631578947368474
7000402  0.052631578947368474
7000403  0.052631578947368474
7000410  0.052631578947368474
7000455  0.052631578947368474
7000485  0.052631578947368474
7000486  0.052631578947368474
7000539  0.052631578947368474
7000541  0.052631578947368474
7000542  0.052631578947368474
2500063  0.050000000000000044
2500070  0.050000000000000044
2500071  0.050000000000000044
3200187  0.050000000000000044
3200188  0.050000000000000044
3400281  0.050000000000000044
3400290  0.050000000000000044
3400292  0.050000000000000044
3400293  0.050000000000000044
3400297  0.050000000000000044
3400298  0.050000000000000044
3400300  0.050000000000000044
3400305  0.050000000000000044
3400306  0.050000000000000044
3400307  0.050000000000000044
3400312  0.050000000000000044
3400324  0.050000000000000044
3400325  0.050000000000000044
3400326  0.050000000000000044
3400329  0.050000000000000044
3400346  0.050000000000000044
3400348  0.050000000000000044
3400349  0.050000000000000044
3400350  0.050000000000000044
3400351  0.050000000000000044
3400352  0.050000000000000044
3400360  0.050000000000000044
3400361  0.050000000000000044
3400362  0.050000000000000044
3400363  0.050000000000000044
3400369  0.050000000000000044
3400468  0.050000000000000044
3500082  0.050000000000000044
3500083  0.050000000000000044
3500084  0.050000000000000044
3500085  0.050000000000000044
3500086  0.050000000000000044
3500087  0.050000000000000044
3500088  0.050000000000000044
3500150  0.050000000000000044
3500155  0.050000000000000044
3500156  0.050000000000000044
3500163  0.050000000000000044
3500164  0.050000000000000044
3500165  0.050000000000000044
3500166  0.050000000000000044
3500167  0.050000000000000044
3500168  0.050000000000000044
3500185  0.050000000000000044
3500262  0.050000000000000044
3500263  0.050000000000000044
3500264  0.050000000000000044
3500265  0.050000000000000044
3500317  0.050000000000000044
3500319  0.050000000000000044
3500321  0.050000000000000044
3500323  0.050000000000000044
3500548  0.050000000000000044
3900089  0.050000000000000044
4900046  0.050000000000000044
4900053  0.050000000000000044
5800036  0.050000000000000044
5800037  0.050000000000000044
5800038  0.050000000000000044
5800039  0.050000000000000044
5800045  0.050000000000000044
5800052  0.050000000000000044
5800059  0.050000000000000044
5800066  0.050000000000000044
5800075  0.050000000000000044
5800076  0.050000000000000044
5800077  0.050000000000000044
5800082  0.050000000000000044
5800083  0.050000000000000044
5800085  0.050000000000000044
5800088  0.050000000000000044
6200057  0.050000000000000044
6200058  0.050000000000000044
6200059  0.050000000000000044
6200060  0.050000000000000044
6200070  0.050000000000000044
6200081  0.050000000000000044
7300166  0.050000000000000044
7300167  0.050000000000000044
2100375  0.04761904761904767
2102202  0.04761904761904767
2102203  0.04761904761904767
2102288  0.04761904761904767
2102289  0.04761904761904767
2102588  0.04761904761904767
2102589  0.04761904761904767
2102590  0.04761904761904767
2102592  0.04761904761904767
2102600  0.04761904761904767
2103579  0.04761904761904767
3200062  0.04761904761904767
3400380  0.04761904761904767
3400381  0.04761904761904767
3400383  0.04761904761904767
3400390  0.04761904761904767
3400391  0.04761904761904767
3400405  0.04761904761904767
3400406  0.04761904761904767
3500297  0.04761904761904767
3500408  0.04761904761904767
3500501  0.04761904761904767
3500503  0.04761904761904767
3500504  0.04761904761904767
3500580  0.04761904761904767
3500583  0.04761904761904767
3500587  0.04761904761904767
3500588  0.04761904761904767
3500589  0.04761904761904767
3500590  0.04761904761904767
3500601  0.04761904761904767
3500614  0.04761904761904767
3500619  0.04761904761904767
3900095  0.04761904761904767
3900096  0.04761904761904767
4700065  0.04761904761904767
4700066  0.04761904761904767
4800032  0.04761904761904767
4800133  0.04761904761904767
6000234  0.04761904761904767
6000239  0.04761904761904767
6000240  0.04761904761904767
6600075  0.04761904761904767
6600077  0.04761904761904767
6600078  0.04761904761904767
7300159  0.04761904761904767
7300164  0.04761904761904767
7300170  0.04761904761904767
7300171  0.04761904761904767
2102302  0.045454545454545414
2102583  0.045454545454545414
2102587  0.045454545454545414
2102613  0.045454545454545414
2102625  0.045454545454545414
2102637  0.045454545454545414
2102647  0.045454545454545414
2102660  0.045454545454545414
2103569  0.045454545454545414
2103571  0.045454545454545414
2103575  0.045454545454545414
2103576  0.045454545454545414
2103577  0.045454545454545414
2103580  0.045454545454545414
2103671  0.045454545454545414
3200081  0.045454545454545414
3200082  0.045454545454545414
3200083  0.045454545454545414
3200129  0.045454545454545414
3200130  0.045454545454545414
3200131  0.045454545454545414
3200132  0.045454545454545414
3200138  0.045454545454545414
3200139  0.045454545454545414
3200140  0.045454545454545414
3200141  0.045454545454545414
3200143  0.045454545454545414
3200200  0.045454545454545414
3200230  0.045454545454545414
3500294  0.045454545454545414
3500499  0.045454545454545414
3500500  0.045454545454545414
3500511  0.045454545454545414
3800161  0.045454545454545414
3800162  0.045454545454545414
2100113  0.04347826086956519
2100126  0.04347826086956519
2100139  0.04347826086956519
2100158  0.04347826086956519
2100177  0.04347826086956519
2100196  0.04347826086956519
2100216  0.04347826086956519
2100235  0.04347826086956519
2100254  0.04347826086956519
2100275  0.04347826086956519
2100283  0.04347826086956519
2100286  0.04347826086956519
2101588  0.04347826086956519
2101590  0.04347826086956519
2101591  0.04347826086956519
2101592  0.04347826086956519
2101593  0.04347826086956519
2101596  0.04347826086956519
2101598  0.04347826086956519
2101608  0.04347826086956519
2101610  0.04347826086956519
2101611  0.04347826086956519
2101612  0.04347826086956519
2101613  0.04347826086956519
2101614  0.04347826086956519
2101616  0.04347826086956519
2101627  0.04347826086956519
2101628  0.04347826086956519
2101631  0.04347826086956519
2101632  0.04347826086956519
2101633  0.04347826086956519
2101634  0.04347826086956519
2101637  0.04347826086956519
2101638  0.04347826086956519
2101639  0.04347826086956519
2101640  0.04347826086956519
2101643  0.04347826086956519
2101644  0.04347826086956519
2101645  0.04347826086956519
2101646  0.04347826086956519
2101672  0.04347826086956519
2101673  0.04347826086956519
2101675  0.04347826086956519
2101676  0.04347826086956519
2101677  0.04347826086956519
2101678  0.04347826086956519
2101679  0.04347826086956519
2101681  0.04347826086956519
2101682  0.04347826086956519
2101683  0.04347826086956519
2101684  0.04347826086956519
2101685  0.04347826086956519
2101687  0.04347826086956519
2101702  0.04347826086956519
2101729  0.04347826086956519
2101730  0.04347826086956519
2101732  0.04347826086956519
2101733  0.04347826086956519
2101734  0.04347826086956519
2101735  0.04347826086956519
2101738  0.04347826086956519
2101740  0.04347826086956519
2101751  0.04347826086956519
2101752  0.04347826086956519
2101754  0.04347826086956519
2101755  0.04347826086956519
2101756  0.04347826086956519
2101758  0.04347826086956519
2102135  0.04347826086956519
2102136  0.04347826086956519
2102138  0.04347826086956519
2102141  0.04347826086956519
2102142  0.04347826086956519
2102143  0.04347826086956519
2102144  0.04347826086956519
2102148  0.04347826086956519
2102156  0.04347826086956519
2102161  0.04347826086956519
2102175  0.04347826086956519
2102181  0.04347826086956519
2102182  0.04347826086956519
2102183  0.04347826086956519
2102185  0.04347826086956519
2102186  0.04347826086956519
2102187  0.04347826086956519
2102188  0.04347826086956519
2102190  0.04347826086956519
2102191  0.04347826086956519
2102192  0.04347826086956519
2102193  0.04347826086956519
2102195  0.04347826086956519
2102196  0.04347826086956519
2102204  0.04347826086956519
2102205  0.04347826086956519
2102206  0.04347826086956519
2102209  0.04347826086956519
2102210  0.04347826086956519
2102213  0.04347826086956519
2102215  0.04347826086956519
2102217  0.04347826086956519
2102219  0.04347826086956519
2102233  0.04347826086956519
2102236  0.04347826086956519
2102237  0.04347826086956519
2102241  0.04347826086956519
2102246  0.04347826086956519
2102247  0.04347826086956519
2102261  0.04347826086956519
2102267  0.04347826086956519
2102268  0.04347826086956519
2102269  0.04347826086956519
2102271  0.04347826086956519
2102272  0.04347826086956519
2102273  0.04347826086956519
2102274  0.04347826086956519
2102276  0.04347826086956519
2102277  0.04347826086956519
2102278  0.04347826086956519
2102279  0.04347826086956519
2102281  0.04347826086956519
2102282  0.04347826086956519
2102290  0.04347826086956519
2102291  0.04347826086956519
2102292  0.04347826086956519
2102298  0.04347826086956519
2102300  0.04347826086956519
2102304  0.04347826086956519
2103020  0.04347826086956519
2103334  0.04347826086956519
2103338  0.04347826086956519
2103342  0.04347826086956519
2103343  0.04347826086956519
2103347  0.04347826086956519
2103348  0.04347826086956519
2600091  0.04347826086956519
3100037  0.04347826086956519
3100041  0.04347826086956519
3100045  0.04347826086956519
3100049  0.04347826086956519
3100068  0.04347826086956519
3100069  0.04347826086956519
3100070  0.04347826086956519
3100071  0.04347826086956519
3100150  0.04347826086956519
3100158  0.04347826086956519
3200111  0.04347826086956519
3200112  0.04347826086956519
3200113  0.04347826086956519
3200114  0.04347826086956519
3200115  0.04347826086956519
3200116  0.04347826086956519
3200120  0.04347826086956519
3200181  0.04347826086956519
3200182  0.04347826086956519
3200198  0.04347826086956519
3200199  0.04347826086956519
3200202  0.04347826086956519
3200208  0.04347826086956519
3200286  0.04347826086956519
3400050  0.04347826086956519
3400051  0.04347826086956519
3400052  0.04347826086956519
3400066  0.04347826086956519
3400067  0.04347826086956519
3400068  0.04347826086956519
3400226  0.04347826086956519
3400236  0.04347826086956519
3400238  0.04347826086956519
3400242  0.04347826086956519
3400264  0.04347826086956519
3400265  0.04347826086956519
3400267  0.04347826086956519
3400279  0.04347826086956519
3400283  0.04347826086956519
3400415  0.04347826086956519
3400416  0.04347826086956519
3400417  0.04347826086956519
3400439  0.04347826086956519
3400440  0.04347826086956519
3400442  0.04347826086956519
3400443  0.04347826086956519
3400445  0.04347826086956519
3400448  0.04347826086956519
3400449  0.04347826086956519
3400467  0.04347826086956519
3400472  0.04347826086956519
3400476  0.04347826086956519
3400477  0.04347826086956519
3400511  0.04347826086956519
3500093  0.04347826086956519
3500094  0.04347826086956519
3500095  0.04347826086956519
3500096  0.04347826086956519
3500097  0.04347826086956519
3500098  0.04347826086956519
3500099  0.04347826086956519
3500115  0.04347826086956519
3500116  0.04347826086956519
3500117  0.04347826086956519
3500118  0.04347826086956519
3500119  0.04347826086956519
3500120  0.04347826086956519
3500121  0.04347826086956519
3500122  0.04347826086956519
3500123  0.04347826086956519
3500181  0.04347826086956519
3500182  0.04347826086956519
3500194  0.04347826086956519
3500202  0.04347826086956519
3500210  0.04347826086956519
3500225  0.04347826086956519
3500226  0.04347826086956519
3500235  0.04347826086956519
3500242  0.04347826086956519
3500243  0.04347826086956519
3500245  0.04347826086956519
3500252  0.04347826086956519
3500253  0.04347826086956519
3500254  0.04347826086956519
3500255  0.04347826086956519
3500281  0.04347826086956519
3500292  0.04347826086956519
3500293  0.04347826086956519
3500300  0.04347826086956519
3500312  0.04347826086956519
3500313  0.04347826086956519
3500336  0.04347826086956519
3500344  0.04347826086956519
3500365  0.04347826086956519
3500385  0.04347826086956519
3500387  0.04347826086956519
3500388  0.04347826086956519
3500393  0.04347826086956519
3500394  0.04347826086956519
3500404  0.04347826086956519
3500405  0.04347826086956519
3500406  0.04347826086956519
3500407  0.04347826086956519
3500412  0.04347826086956519
3500489  0.04347826086956519
3500490  0.04347826086956519
3500494  0.04347826086956519
3500495  0.04347826086956519
3500496  0.04347826086956519
3500515  0.04347826086956519
3500516  0.04347826086956519
3500517  0.04347826086956519
3500519  0.04347826086956519
3500520  0.04347826086956519
3500522  0.04347826086956519
3500524  0.04347826086956519
3500525  0.04347826086956519
3500527  0.04347826086956519
3500567  0.04347826086956519
3500568  0.04347826086956519
3500569  0.04347826086956519
3500570  0.04347826086956519
3500572  0.04347826086956519
3500577  0.04347826086956519
3500605  0.04347826086956519
3600050  0.04347826086956519
3600052  0.04347826086956519
3600055  0.04347826086956519
3600058  0.04347826086956519
3700024  0.04347826086956519
3700027  0.04347826086956519
3700030  0.04347826086956519
3700033  0.04347826086956519
3700036  0.04347826086956519
3800048  0.04347826086956519
3800049  0.04347826086956519
3800148  0.04347826086956519
3800155  0.04347826086956519
3800156  0.04347826086956519
3800157  0.04347826086956519
3800159  0.04347826086956519
3800166  0.04347826086956519
3800167  0.04347826086956519
3800168  0.04347826086956519
3800176  0.04347826086956519
3800177  0.04347826086956519
3800178  0.04347826086956519
3800180  0.04347826086956519
3800189  0.04347826086956519
3800190  0.04347826086956519
3800191  0.04347826086956519
3800192  0.04347826086956519
3800194  0.04347826086956519
3800195  0.04347826086956519
3800199  0.04347826086956519
3800204  0.04347826086956519
3900037  0.04347826086956519
3900051  0.04347826086956519
3900052  0.04347826086956519
3900053  0.04347826086956519
3900054  0.04347826086956519
3900066  0.04347826086956519
3900073  0.04347826086956519
3900084  0.04347826086956519
3900156  0.04347826086956519
4000104  0.04347826086956519
4000105  0.04347826086956519
4000106  0.04347826086956519
4000107  0.04347826086956519
4000113  0.04347826086956519
4000120  0.04347826086956519
4100036  0.04347826086956519
4100039  0.04347826086956519
4100043  0.04347826086956519
4100047  0.04347826086956519
4100051  0.04347826086956519
4100065  0.04347826086956519
4100066  0.04347826086956519
4100067  0.04347826086956519
4100128  0.04347826086956519
4300054  0.04347826086956519
4300058  0.04347826086956519
4300063  0.04347826086956519
4300068  0.04347826086956519
4300073  0.04347826086956519
4300078  0.04347826086956519
4300083  0.04347826086956519
4600029  0.04347826086956519
4600042  0.04347826086956519
4600043  0.04347826086956519
4600044  0.04347826086956519
4600045  0.04347826086956519
4600058  0.04347826086956519
4600059  0.04347826086956519
4600074  0.04347826086956519
4600087  0.04347826086956519
4600094  0.04347826086956519
4600102  0.04347826086956519
4700039  0.04347826086956519
4700040  0.04347826086956519
4700052  0.04347826086956519
4700058  0.04347826086956519
4700059  0.04347826086956519
4800037  0.04347826086956519
4800038  0.04347826086956519
4800060  0.04347826086956519
4800061  0.04347826086956519
4800208  0.04347826086956519
4800209  0.04347826086956519
4800211  0.04347826086956519
4800224  0.04347826086956519
4800225  0.04347826086956519
4800227  0.04347826086956519
4800230  0.04347826086956519
4800231  0.04347826086956519
4800232  0.04347826086956519
4800235  0.04347826086956519
4800237  0.04347826086956519
4800240  0.04347826086956519
4800241  0.04347826086956519
4800246  0.04347826086956519
4800250  0.04347826086956519
4900037  0.04347826086956519
4900038  0.04347826086956519
4900039  0.04347826086956519
4900040  0.04347826086956519
5900245  0.04347826086956519
5900496  0.04347826086956519
6000230  0.04347826086956519
6000244  0.04347826086956519
6400524  0.04347826086956519
6400525  0.04347826086956519
6400526  0.04347826086956519
6400527  0.04347826086956519
6400532  0.04347826086956519
6400533  0.04347826086956519
6400539  0.04347826086956519
6400545  0.04347826086956519
6400546  0.04347826086956519
6400552  0.04347826086956519
6600035  0.04347826086956519
6600036  0.04347826086956519
6600037  0.04347826086956519
7400196  0.04347826086956519
