2100113  0.18894387781620026
2102217  0.18776607513427734
2102302  0.18760240077972412
2102213  0.18753743171691895
2100216  0.18752096593379974
2100196  0.18707995116710663
2102219  0.1870448887348175
2100235  0.1868225485086441
2102272  0.18620595335960388
2102215  0.1861526370048523
2101591  0.1858654022216797
2101751  0.18575569987297058
2100254  0.18568572402000427
2102185  0.18560029566287994
2102274  0.18554116785526276
2101645  0.1854679435491562
2101590  0.1853734403848648
2102206  0.1853596419095993
2100126  0.18525700271129608
2102210  0.18506257236003876
2102276  0.1849767565727234
2102273  0.18495310842990875
2100283  0.18494954705238342
2101588  0.18482719361782074
2102192  0.1845983862876892
2100375  0.18448106944561005
2102241  0.1844368427991867
2100177  0.1844276636838913
2102282  0.1843407154083252
2102289  0.1842532604932785
2102300  0.18419568240642548
2102148  0.1841031163930893
2100275  0.18407070636749268
2102209  0.18398933112621307
2101638  0.18397633731365204
2102281  0.18376097083091736
2102290  0.1836058795452118
2100286  0.1835557073354721
2100139  0.18349125981330872
2102144  0.18342897295951843
2102279  0.18341529369354248
2101639  0.18331275880336761
2102203  0.18320903182029724
2101672  0.18312369287014008
2102193  0.18312092125415802
2101611  0.18308083713054657
2102161  0.1830637902021408
2101758  0.18306036293506622
2101646  0.1830396056175232
2102278  0.18302889168262482
2102136  0.1830213963985443
2102268  0.1829882115125656
2102135  0.18298575282096863
2100158  0.182928666472435
2101752  0.18289105594158173
2102247  0.18282519280910492
2102153  0.18278996646404266
2101612  0.1827729493379593
2102246  0.18276923894882202
2100365  0.18270008265972137
2102292  0.1826525777578354
2101644  0.18257929384708405
2102186  0.18256191909313202
2102261  0.18246664106845856
2101740  0.18246608972549438
2101685  0.18245592713356018
2102204  0.1823817938566208
2102288  0.1823195070028305
2101592  0.1822766363620758
2101678  0.18227647244930267
2101610  0.18212257325649261
2101679  0.1821078062057495
2102143  0.18194596469402313
2101735  0.1818029284477234
2102271  0.1817612200975418
2100366  0.18175217509269714
2102221  0.1816924810409546
2102188  0.18161128461360931
2101637  0.18159130215644836
2102205  0.18153758347034454
2102142  0.18151378631591797
2102156  0.18147458136081696
2101608  0.1814529448747635
2102138  0.1814391016960144
2101756  0.18138335645198822
2102237  0.1812557727098465
2102195  0.1811923384666443
2101755  0.18116281926631927
2102277  0.18107564747333527
2101733  0.18102508783340454
2101734  0.18098486959934235
2102269  0.1809152364730835
2101628  0.1808784157037735
2102291  0.18087409436702728
2102191  0.1808532327413559
2101729  0.18084369599819183
2101754  0.1808195263147354
2101732  0.18080011010169983
2101673  0.18078073859214783
2102298  0.18076646327972412
2101677  0.1806507259607315
2102267  0.1806279867887497
2101640  0.18059521913528442
2100361  0.1805078685283661
2100364  0.18047145009040833
2101676  0.18045958876609802
2102183  0.18038232624530792
2101683  0.18034394085407257
2102150  0.1802148073911667
2102233  0.18012356758117676
2101684  0.18006692826747894
2101614  0.1800268590450287
2102187  0.18001198768615723
2102190  0.17997682094573975
2101681  0.17994780838489532
2102175  0.1797766238451004
2101738  0.1797655075788498
2101702  0.17973966896533966
2102182  0.17964644730091095
2102141  0.17956840991973877
2101616  0.1794157475233078
2102202  0.17929700016975403
2101682  0.17918840050697327
2102196  0.17917373776435852
2101593  0.179104283452034
2101687  0.1787499636411667
2102149  0.178636834025383
2101634  0.17844714224338531
2101675  0.17835141718387604
2101613  0.1781156361103058
2101633  0.17801158130168915
2102236  0.17793907225131989
2101730  0.17787516117095947
2102181  0.17782007157802582
2101627  0.17717978358268738
2101596  0.17699719965457916
2101631  0.17667342722415924
2101643  0.17655524611473083
2101632  0.17621107399463654
2101598  0.1756671965122223
5600186  0.12638026475906372
5800045  0.1259584277868271
5800039  0.12579481303691864
6900353  0.12574760615825653
6900413  0.1253357231616974
6900332  0.1253116875886917
6900354  0.12508071959018707
6900340  0.12492819130420685
5800052  0.12480717897415161
6900382  0.1244841143488884
6000230  0.12446088343858719
5600190  0.1243758499622345
6900151  0.12431465834379196
6900384  0.12423059344291687
5800059  0.12415904551744461
6900385  0.12412247806787491
5900245  0.12403925508260727
6900324  0.12397010624408722
6900209  0.12396097928285599
6400552  0.12387387454509735
6900269  0.12383724004030228
6900386  0.1237945631146431
5800075  0.12373338639736176
5900496  0.12372090667486191
6900411  0.12359237670898438
6900270  0.1235455572605133
6900253  0.12343750149011612
6900360  0.1232999712228775
6900404  0.12329182028770447
6400532  0.12327148765325546
5800066  0.12325085699558258
5800088  0.12322155386209488
5800038  0.12319181859493256
6900406  0.123050257563591
5800076  0.12295407801866531
6900196  0.12292441725730896
6900195  0.1228671744465828
6900407  0.12286118417978287
6900255  0.12284604460000992
6900393  0.12281542271375656
5800037  0.12277214229106903
6900390  0.12272573262453079
5800036  0.12270940095186234
6900409  0.12268668413162231
6900389  0.12267059832811356
6900168  0.12262093275785446
6900175  0.12261462211608887
6900166  0.12259279191493988
6900379  0.12253418564796448
6600035  0.1225176528096199
6900201  0.12248048186302185
6900210  0.12246540933847427
6600036  0.12245865911245346
6400546  0.12237878888845444
6200059  0.12235669791698456
6900364  0.12233882397413254
6400533  0.12233785539865494
5800085  0.12233690172433853
6900266  0.1223011314868927
5800083  0.12227542698383331
6900361  0.12225040793418884
6200060  0.1222156435251236
6900150  0.12219584733247757
6900363  0.12218096852302551
6900405  0.12213945388793945
6700204  0.12210169434547424
6900203  0.12204917520284653
6900267  0.12201865762472153
6700202  0.1219898983836174
6900133  0.12194602936506271
6900194  0.12194423377513885
6900159  0.1218390092253685
6900268  0.12180972844362259
6900152  0.12179522216320038
6200058  0.1217828318476677
6900381  0.1217704713344574
6900202  0.12174131721258163
6900184  0.1216619610786438
6900355  0.12161291390657425
6000234  0.12160420417785645
6900154  0.12150860577821732
6900187  0.12149825692176819
6900146  0.12147848308086395
6200057  0.12143569439649582
6900410  0.12141359597444534
6900136  0.12141302973031998
6400527  0.12134099751710892
6900153  0.12131019681692123
6900248  0.12129639089107513
6900359  0.12125133723020554
6900367  0.12123317271471024
6900387  0.12120278924703598
6900251  0.12119320780038834
6900208  0.12118886411190033
6900140  0.12117782980203629
6900139  0.12117147445678711
6600037  0.12116886675357819
6900380  0.12113535404205322
6300104  0.12100446224212646
6600078  0.12097492069005966
6900408  0.12097164988517761
6400539  0.12088867276906967
6800426  0.12088657915592194
6900200  0.1208808645606041
6600077  0.12087160348892212
6900259  0.12086217105388641
5800082  0.12081445753574371
6900132  0.12071045488119125
5800077  0.12070385366678238
6900138  0.12068608403205872
6900149  0.12062323838472366
6900204  0.12062010169029236
6900249  0.12049195915460587
6900215  0.12035056948661804
6900356  0.12031236290931702
6200081  0.12031149119138718
6900265  0.12030061334371567
6700207  0.12024212628602982
6900207  0.12018688768148422
6900135  0.1201728880405426
6900261  0.12012919038534164
6900199  0.12012361735105515
6300101  0.11998079717159271
6900185  0.119964100420475
6900134  0.11994916945695877
6000239  0.11979494988918304
6700210  0.11946982145309448
6200070  0.11945360153913498
6400526  0.11944860219955444
6900137  0.11942724883556366
6600075  0.11941573768854141
6400525  0.11939021944999695
6900358  0.11923185735940933
6900205  0.11896339803934097
6000240  0.1189592182636261
6300103  0.11873100697994232
6400545  0.11861611902713776
6300105  0.11846557259559631
6000244  0.11803644150495529
6400524  0.11792490631341934
6900414  0.10040824115276337
7500115  0.0861397311091423
7000246  0.08613582700490952
7000251  0.08611595630645752
7000444  0.08608920127153397
7500124  0.08607403934001923
7000275  0.08607329428195953
7000418  0.08607027679681778
7500130  0.08602198958396912
7000329  0.08601968735456467
7000592  0.08601367473602295
7000224  0.08600472658872604
7000593  0.08600335568189621
7000334  0.0860019326210022
7000245  0.08600134402513504
7000624  0.08599359542131424
7000330  0.08598749339580536
7000257  0.08598747104406357
7000541  0.08598554134368896
7000460  0.0859791487455368
7000526  0.08597742766141891
7000392  0.08597615361213684
7000596  0.0859728530049324
7300166  0.08597223460674286
7000393  0.08596663922071457
7000485  0.085959292948246
7000612  0.08595848828554153
7000502  0.08595716208219528
7000436  0.08595670759677887
7000385  0.08595623821020126
7000406  0.08595462888479233
7000424  0.08595432341098785
7000591  0.0859512910246849
7000524  0.08595125377178192
7000530  0.08595031499862671
7000443  0.08594764024019241
7000618  0.08594416081905365
7000455  0.08594245463609695
7300164  0.08594141900539398
7000494  0.08593874424695969
7000499  0.08592966943979263
7300170  0.08592098951339722
7000590  0.08592082560062408
7000616  0.08591893315315247
7000397  0.08591706305742264
7000586  0.0859149619936943
7000420  0.0859142318367958
7000248  0.08591306954622269
7000355  0.08591172844171524
7000457  0.08590608835220337
7000621  0.08590367436408997
7000387  0.08590105175971985
7000587  0.08589872717857361
7000402  0.08589676767587662
7000410  0.08589498698711395
7000496  0.08589386940002441
7000360  0.08589286357164383
7000353  0.08589056879281998
7000379  0.08588920533657074
7000458  0.08588679134845734
7000594  0.0858841985464096
7000250  0.08588296920061111
7000463  0.0858822762966156
7000327  0.08587870001792908
7000289  0.08587855100631714
7500128  0.08587763458490372
7000288  0.08587564527988434
7000247  0.08587557822465897
7300171  0.08587119728326797
7000274  0.08587083965539932
7300159  0.08586868643760681
7000391  0.08586601167917252
7000361  0.08586429059505463
7000622  0.08586369454860687
7000527  0.08586224913597107
7000628  0.08586213737726212
7000403  0.08586026728153229
7000363  0.08585786819458008
7000500  0.08585198223590851
7400196  0.08584241569042206
7000613  0.08583738654851913
7000501  0.08583265542984009
7000462  0.08583218604326248
7000278  0.08583201467990875
7000611  0.08583074063062668
7000619  0.08582787960767746
7000328  0.08582578599452972
7000382  0.08582492917776108
7000446  0.0858064815402031
7000588  0.08580485731363297
7000352  0.08579999953508377
7000421  0.08579975366592407
7000381  0.08579950779676437
7300167  0.08579905331134796
7000405  0.08579675853252411
7000512  0.08579651266336441
7000497  0.08579400926828384
7000249  0.08579303324222565
7000401  0.08579158037900925
7000335  0.08578796684741974
7000441  0.08578602969646454
7000603  0.08577953279018402
7000617  0.08577477186918259
7000542  0.08577357232570648
7000351  0.08577259629964828
7000359  0.0857711210846901
7000439  0.08576790988445282
7000383  0.0857657790184021
7000615  0.08576533198356628
7000504  0.08576510101556778
7000425  0.0857614204287529
7000372  0.08576066792011261
7000513  0.08575814962387085
7000292  0.08575749397277832
7500119  0.08575470745563507
7000437  0.08575313538312912
7000419  0.08574173599481583
7000426  0.08573931455612183
7000511  0.08573839068412781
7000370  0.08573424071073532
7000503  0.08573126792907715
7000486  0.08573000133037567
7000510  0.0857289731502533
7000380  0.08572851121425629
7000461  0.0857282429933548
7000386  0.08572296053171158
7000423  0.08571743220090866
7000531  0.0857093557715416
7000276  0.08570879697799683
7000483  0.08570434898138046
7000447  0.08569563925266266
7000340  0.08569373935461044
7000539  0.08568529039621353
7000373  0.08568301796913147
7000599  0.08566661924123764
7000388  0.08566287904977798
7000523  0.08566032350063324
7000349  0.08565913140773773
7000395  0.08564723283052444
7000416  0.08561857789754868
7000597  0.08560676127672195
2102304  0.08180887997150421
3400361  0.07480058073997498
3300181  0.07462605088949203
3300176  0.07456269860267639
3300207  0.07455260306596756
3400267  0.07452917844057083
3400360  0.0742402970790863
3400283  0.07422991096973419
3400281  0.07419826090335846
3300165  0.07406327873468399
3400279  0.07400736212730408
3300224  0.07393234223127365
3400067  0.07390561699867249
3300208  0.07385759055614471
3300226  0.07384445518255234
3300313  0.07383523881435394
3400265  0.07375698536634445
3400325  0.0737491026520729
3400319  0.07365484535694122
3300223  0.07355862855911255
3400324  0.07350829988718033
3400264  0.07350004464387894
3400358  0.07344299554824829
3400211  0.0734301209449768
3400318  0.07341104000806808
3400298  0.07339821755886078
3300213  0.0733330100774765
3400349  0.07330887019634247
3400111  0.07329883426427841
3400207  0.0732874795794487
3400348  0.07325629889965057
3400201  0.0732436254620552
3400352  0.07323796302080154
3300175  0.07321519404649734
3300166  0.07320056855678558
3400346  0.07318372279405594
3300229  0.0731809213757515
3300215  0.07315510511398315
3400108  0.07311582565307617
3300214  0.0730958953499794
3400242  0.07309017330408096
3400066  0.07305879890918732
3300170  0.07305171340703964
3400300  0.07305065542459488
3400068  0.07300811260938644
3400199  0.07300695031881332
3300314  0.0730038583278656
3400179  0.07299799472093582
3300306  0.07299693673849106
3400188  0.07299159467220306
3400351  0.07298128306865692
3400101  0.07297106087207794
3400236  0.07290422171354294
3400180  0.0728875920176506
3400181  0.07288390398025513
3300222  0.07287895679473877
3400192  0.0728590115904808
3400329  0.07284365594387054
3400312  0.07282992452383041
3300272  0.0728139877319336
3400306  0.07280944287776947
3400350  0.07279552519321442
3400305  0.07277339696884155
3300230  0.07275205105543137
3400317  0.07274355739355087
3300042  0.0727287083864212
3400115  0.07269012928009033
3400357  0.07267913222312927
3400226  0.0726761594414711
3400112  0.07265378534793854
3300273  0.07263492792844772
3300274  0.07263202965259552
3400308  0.07261573523283005
3300322  0.07258860766887665
3400193  0.07257836312055588
3400326  0.0725545585155487
3400206  0.07254104316234589
3400355  0.07254061102867126
3300321  0.07252991199493408
3300221  0.07251216471195221
3300312  0.07250053435564041
3300219  0.07248727977275848
3400290  0.07247070968151093
3300315  0.07245425134897232
3300334  0.07243821024894714
3300304  0.07243563234806061
3300309  0.0724145919084549
3400238  0.07239929586648941
3400204  0.07238234579563141
3400194  0.07233808934688568
3400307  0.07233457267284393
3300271  0.0723290666937828
3400051  0.0723218321800232
3400052  0.07228849828243256
3300320  0.07225614041090012
3300317  0.0722411647439003
3300330  0.07223908603191376
3400297  0.072237029671669
3300316  0.07220648229122162
3300333  0.07219857722520828
3300319  0.07217706739902496
3400050  0.07217463850975037
3400187  0.07216533273458481
3400354  0.0721563920378685
3400176  0.07215511053800583
3400198  0.07215233892202377
3300220  0.07209290564060211
3400205  0.07208923250436783
3300348  0.07206983119249344
3400217  0.07205665856599808
3400091  0.07204827666282654
3400202  0.07203837484121323
3400182  0.07203669100999832
3400215  0.0719953402876854
3300335  0.07198933511972427
3300339  0.0719502717256546
3400089  0.07192946970462799
3400214  0.07192310690879822
3300310  0.07189691066741943
3400135  0.07185997813940048
3400196  0.07180675864219666
3300275  0.07179291546344757
3300282  0.07178786396980286
3300298  0.07176657021045685
3300344  0.07172912359237671
3300297  0.07165028154850006
3300277  0.07163521647453308
3400292  0.07162914425134659
3300318  0.07158514857292175
3400293  0.07158010452985764
3300337  0.07155810296535492
3300301  0.07154888659715652
3300326  0.07149407267570496
3300300  0.07148357480764389
3300232  0.07148285210132599
3300233  0.0713900476694107
3300311  0.07111859321594238
3400195  0.07110720872879028
3300296  0.0710870623588562
3300270  0.07097316533327103
3300299  0.07064462453126907
2200677  0.04540412127971649
2102445  0.045202162116765976
2102446  0.04516884312033653
2102447  0.04515233263373375
2102689  0.0450906865298748
2102687  0.04502871260046959
2102306  0.045001544058322906
2102686  0.0449993833899498
2200676  0.044995058327913284
2102467  0.04489631950855255
2102694  0.04488203674554825
2103571  0.04487005993723869
2102685  0.04483996704220772
2102466  0.044801365584135056
2103575  0.04477366432547569
2102450  0.0447683110833168
2102455  0.04473721235990524
2102465  0.044680435210466385
2102552  0.04466854780912399
2102683  0.04460504278540611
2103582  0.044590018689632416
2200675  0.044563911855220795
2102443  0.04455076903104782
2103569  0.044540874660015106
2102470  0.044532839208841324
2102436  0.04453170299530029
2103576  0.0445244200527668
2102502  0.04452164098620415
2102665  0.044488802552223206
2102456  0.04447855427861214
2102573  0.044460516422986984
2102662  0.04444592818617821
2103593  0.04441430792212486
2102561  0.04440401867032051
2102681  0.044397540390491486
2103589  0.04439500346779823
2102553  0.0443904809653759
2103586  0.04437590390443802
2103580  0.044370152056217194
2102458  0.04436994716525078
2102560  0.04436725005507469
2102613  0.04435109719634056
2102550  0.04434763267636299
2103334  0.0443456806242466
2103338  0.04433636739850044
2103590  0.04432852938771248
2102570  0.04432380199432373
2102439  0.044314511120319366
2102463  0.044310569763183594
2103579  0.044309116899967194
2102505  0.04430120438337326
2102562  0.04429734870791435
2102496  0.04428546130657196
2103492  0.04427912458777428
2103577  0.04427873343229294
2102625  0.04427757114171982
2103342  0.04426402226090431
2102558  0.04426264017820358
2102590  0.04426165297627449
2102482  0.04425724595785141
2102471  0.04424365982413292
2102589  0.044237714260816574
2200674  0.04422791674733162
2102583  0.044218797236680984
2102677  0.04420968145132065
2102680  0.04417980834841728
2102497  0.04416954889893532
2102462  0.04413872957229614
2102661  0.04411526769399643
2103347  0.04410521686077118
2102592  0.04410399869084358
2103343  0.04409831017255783
2102587  0.044091347604990005
2102527  0.04408922418951988
2103348  0.04408895596861839
2103596  0.04408671334385872
2102533  0.04407764971256256
2102528  0.04406650364398956
2102696  0.04406001418828964
2103671  0.04403983801603317
2103424  0.04403681308031082
2102480  0.044026244431734085
2102507  0.04402288421988487
2102483  0.044013503938913345
2102459  0.044013142585754395
2102532  0.04399919882416725
2102501  0.04399858042597771
2102676  0.04398994520306587
2102666  0.043977029621601105
2102564  0.04396023601293564
2102547  0.04395353049039841
2102516  0.04395217075943947
2102660  0.04393165558576584
2102637  0.043924637138843536
2102557  0.04392380639910698
2102607  0.0439174585044384
2102588  0.043906070291996
2102600  0.04390263557434082
2102494  0.043883465230464935
2102529  0.043873779475688934
2102546  0.04387061297893524
2102555  0.04386676102876663
2102549  0.04386308044195175
2102536  0.0438532829284668
2102548  0.04383870214223862
2102531  0.043828919529914856
2102498  0.04380983114242554
2102647  0.04378120228648186
2102565  0.043780844658613205
2103057  0.04376852884888649
2102508  0.043768130242824554
2102672  0.04376521334052086
2102543  0.04376452788710594
2102461  0.043745435774326324
2102477  0.043736908584833145
2102513  0.04372541233897209
2102540  0.04372088611125946
2102539  0.0436955951154232
2102569  0.043684106320142746
2102512  0.043658845126628876
2102493  0.04365447536110878
2102472  0.04365445673465729
2102484  0.043631479144096375
2102538  0.04358816146850586
2102602  0.04358382150530815
2102488  0.04356730729341507
2102485  0.04355962574481964
2103020  0.04355843365192413
2102671  0.04353678598999977
2102486  0.04347136989235878
2102601  0.04346676915884018
2102530  0.043433792889118195
2103056  0.04340798407793045
2102489  0.0433722659945488
2102487  0.043367549777030945
2102500  0.04333735257387161
2102474  0.0432104729115963
2102473  0.04318428784608841
2102491  0.043138593435287476
2102490  0.043128736317157745
3300164  0.042301662266254425
3400390  0.03967748582363129
3400362  0.0396682545542717
3400383  0.039540309458971024
3500317  0.03951810300350189
3500496  0.03948808088898659
3500313  0.03943594545125961
3400391  0.0394199974834919
3500312  0.03941309079527855
3400363  0.039297085255384445
3500393  0.03927505761384964
3500319  0.039268139749765396
3500121  0.03926008194684982
3500300  0.03924502432346344
3400395  0.03921132534742355
3500390  0.039173778146505356
3400442  0.0391727015376091
3500394  0.0391666442155838
3400443  0.039166368544101715
3500297  0.039148639887571335
3400445  0.03914349526166916
3500395  0.0391228049993515
3400440  0.03911776840686798
3400381  0.03910321369767189
3500495  0.039098430424928665
3400405  0.039071738719940186
3400503  0.039067648351192474
3500295  0.03906558081507683
3500243  0.039049338549375534
3400398  0.03903105854988098
3400494  0.03901176527142525
3500408  0.03896719589829445
3500412  0.038966890424489975
3500340  0.03896624967455864
3500405  0.038944244384765625
3500181  0.0389382429420948
3500406  0.038931041955947876
3500182  0.03893054276704788
3500262  0.038929667323827744
3500404  0.03890182077884674
3400439  0.03889724984765053
3400406  0.03888329118490219
3400369  0.03888295218348503
3500163  0.03887980803847313
3500263  0.038871102035045624
3400380  0.03885467350482941
3400505  0.038850728422403336
3500245  0.038843486458063126
3500341  0.03882841020822525
3500407  0.038827553391456604
3400495  0.038821056485176086
3500156  0.03881380707025528
3500388  0.03881021589040756
3500168  0.0388064980506897
3500120  0.03880609944462776
3400502  0.03878680616617203
3500397  0.03877531364560127
3500294  0.03876689076423645
3500342  0.03876132890582085
3500202  0.03875850886106491
3500292  0.03875609487295151
3400458  0.038745954632759094
3500210  0.038737449795007706
3500490  0.03872848302125931
3500155  0.03871588408946991
3500344  0.03870311379432678
3500122  0.03869794309139252
3400457  0.03869323432445526
3500164  0.038685981184244156
3500385  0.03867756575345993
3400448  0.0386689156293869
3400506  0.038661204278469086
3500255  0.038656581193208694
3400417  0.03865378722548485
3500086  0.03865154832601547
3500085  0.038651298731565475
3500293  0.03863978385925293
3500217  0.03863763436675072
3500095  0.038624368607997894
3500396  0.0386071540415287
3500150  0.038599852472543716
3500321  0.03859788924455643
3500494  0.03859088942408562
3500339  0.03857938200235367
3500365  0.038577962666749954
3500242  0.03857376053929329
3500165  0.038561366498470306
3500489  0.03855743259191513
3400489  0.03855561092495918
3400461  0.03854842856526375
3500094  0.038542453199625015
3500084  0.03851264715194702
3500194  0.03851056098937988
3500387  0.03850262612104416
3500167  0.03849878907203674
3400416  0.03848815709352493
3500253  0.03847953677177429
3500116  0.03847412019968033
3500119  0.038467079401016235
3500117  0.03846238926053047
3400415  0.038457099348306656
3500118  0.03844321146607399
3400511  0.03843905031681061
3500083  0.03843095898628235
3500252  0.03843054547905922
3500093  0.0384223535656929
3400454  0.038418035954236984
3500254  0.03839918598532677
3400498  0.03839775174856186
3500281  0.03838660567998886
3500123  0.03838224336504936
3500098  0.03837909176945686
3500185  0.03835142031311989
3500264  0.03833389654755592
3500096  0.03831382840871811
3500087  0.03830309212207794
3500225  0.0382893867790699
3500166  0.03828687593340874
3500097  0.03826653212308884
3500115  0.03825872391462326
3500235  0.03821539506316185
3400476  0.03820927068591118
3500082  0.038201119750738144
3400467  0.038197606801986694
3500323  0.03819048032164574
3500099  0.03818381577730179
3500265  0.038166534155607224
3400462  0.03815437853336334
3400488  0.03813215345144272
3500336  0.0381258949637413
3500226  0.03808506578207016
3500088  0.038078419864177704
3400468  0.038078147917985916
3400472  0.038077834993600845
3400449  0.03803740441799164
3400499  0.03798603639006615
3400477  0.037968527525663376
3400485  0.037956807762384415
3400452  0.037913043051958084
3400453  0.037870269268751144
3400482  0.0376083180308342
5600185  0.03207230195403099
5000454  0.031942181289196014
5000463  0.03193681687116623
5000462  0.03190810978412628
5400112  0.0319078303873539
5400106  0.03186338022351265
5400113  0.03184105083346367
5000329  0.03180756792426109
5200076  0.03176289051771164
5400105  0.03175467252731323
5600139  0.0317210927605629
5600140  0.03168383985757828
5000519  0.03167632967233658
5600181  0.031665485352277756
5400103  0.03163966163992882
5200079  0.03163410723209381
5100084  0.03161515295505524
5400101  0.031605083495378494
5300105  0.03156089410185814
5200074  0.03155040740966797
5600180  0.031540755182504654
5200075  0.0315341092646122
5000330  0.03153127804398537
5100083  0.0315287783741951
5600144  0.0315229706466198
5000453  0.0314953438937664
5300345  0.031492218375205994
5600155  0.03148611634969711
5600158  0.03145602345466614
5400058  0.03144112229347229
5300356  0.031440481543540955
5400076  0.03143351897597313
5600138  0.031433310359716415
5400077  0.03143206238746643
5100118  0.031430959701538086
5300364  0.03143017366528511
5600152  0.031412556767463684
5600170  0.03141242638230324
5400100  0.03140736371278763
5600162  0.0314008928835392
5600171  0.03139650821685791
5000331  0.03139641135931015
5300096  0.03137940913438797
5300056  0.031375378370285034
5600153  0.031375277787446976
5300351  0.03137288615107536
5600150  0.031368669122457504
5300365  0.031368546187877655
5400120  0.03136817738413811
5300352  0.03136618435382843
5300346  0.03136138245463371
5400122  0.03135927394032478
5300091  0.031353019177913666
5300350  0.031351976096630096
5200056  0.03135038912296295
5300034  0.03134830668568611
5400078  0.03134555369615555
5400060  0.03133527562022209
5300347  0.0313328392803669
5400114  0.031326476484537125
5300092  0.031318701803684235
5400086  0.03131571412086487
5600173  0.03131512925028801
5400126  0.03130514174699783
5400125  0.03129904717206955
5100042  0.031294018030166626
5300344  0.03129386529326439
5400131  0.031283117830753326
5200080  0.03128094598650932
5400099  0.03128071501851082
5300236  0.03127496317028999
5600137  0.031271032989025116
5300148  0.031258728355169296
5600179  0.03125142306089401
5600178  0.031249910593032837
5300376  0.031244324520230293
5300149  0.03124377317726612
5300057  0.031243441626429558
5400118  0.031239088624715805
5300360  0.03122677095234394
5300357  0.03120851144194603
5300137  0.031207062304019928
5400042  0.03120175004005432
5400063  0.031197242438793182
5200055  0.031195567920804024
5400075  0.031195560470223427
5300427  0.031185366213321686
5400074  0.031175648793578148
5300340  0.03117137774825096
5400136  0.031168680638074875
5300093  0.03116711601614952
5300055  0.031156932935118675
5400043  0.031133299693465233
5300341  0.031131288036704063
5300138  0.031130127608776093
5300349  0.03111206740140915
5400080  0.031111424788832664
5300150  0.031095143407583237
5300323  0.031095091253519058
5300058  0.031091248616576195
5200081  0.031082894653081894
5400057  0.031078709289431572
5300358  0.03107558935880661
5400115  0.031059203669428825
5300406  0.031054001301527023
5300339  0.031053578481078148
5300327  0.03104683756828308
5300235  0.03104635514318943
5300342  0.031040359288454056
5300147  0.031034545972943306
5300095  0.031026840209960938
5400082  0.031016159802675247
5300141  0.0310161542147398
5300090  0.03101256489753723
5300322  0.03099912777543068
5000328  0.030991988256573677
5400117  0.030987534672021866
5300225  0.030984969809651375
5300359  0.03098236210644245
5300324  0.030959054827690125
5300326  0.030953453853726387
5200054  0.030951429158449173
5300142  0.0309384036809206
5200134  0.03089696541428566
5400049  0.03089085966348648
5400079  0.030890287831425667
5300068  0.030889173969626427
5300082  0.030889039859175682
5400056  0.03087138570845127
5300059  0.030856860801577568
5400064  0.03084971010684967
5300067  0.030847344547510147
5300171  0.03083680011332035
5300094  0.030834166333079338
5300070  0.030805623158812523
5300066  0.030804084613919258
5400116  0.03079751692712307
5300069  0.030776502564549446
5200094  0.03075578063726425
5200120  0.030687589198350906
5300081  0.03049217164516449
5000327  0.029430394992232323
5000152  0.02933674491941929
4300073  0.02933400124311447
4300068  0.02932981215417385
5000141  0.029268596321344376
5000153  0.029237883165478706
4300063  0.02922762744128704
4200463  0.029223082587122917
5000063  0.02916642837226391
4400124  0.02914394997060299
5000151  0.02912367694079876
4300078  0.02906043641269207
5000326  0.029054516926407814
4800147  0.02902752347290516
4900037  0.029018446803092957
5000140  0.029005879536271095
5000059  0.02899763733148575
5000275  0.0289955735206604
5000138  0.02899349294602871
4400069  0.028991755098104477
4400103  0.02898540161550045
4700040  0.02898423746228218
4400054  0.028971374034881592
4400066  0.028969677165150642
4800230  0.028963439166545868
4300083  0.028960248455405235
5000322  0.028957867994904518
5000214  0.028956908732652664
4900060  0.028937237337231636
4600087  0.028930554166436195
5000056  0.02893013134598732
4200469  0.028923815116286278
5000067  0.028919456526637077
4700052  0.0289071723818779
5000172  0.028901999816298485
4400160  0.0288937296718359
4800227  0.028888370841741562
4800208  0.028877824544906616
5000139  0.028876816853880882
5000098  0.028870070353150368
4800148  0.0288497656583786
4800153  0.028849396854639053
4800094  0.028847184032201767
5000243  0.02883109264075756
4700039  0.02882697992026806
5000154  0.028826961293816566
5000198  0.02882118709385395
4800240  0.028817271813750267
4900038  0.028813226148486137
4300058  0.028809530660510063
5000047  0.028809113427996635
5000170  0.028805281966924667
4400055  0.028788207098841667
5000276  0.028782442212104797
4800152  0.028758957982063293
5000171  0.028757143765687943
4300054  0.028753941878676414
5000286  0.02875273860991001
5000095  0.02875223010778427
4400152  0.028745807707309723
4800037  0.02873913198709488
5000249  0.028733156621456146
5000053  0.02872648276388645
4900067  0.0287223719060421
4800158  0.028708146885037422
4600074  0.028705444186925888
4400161  0.02870156802237034
5000287  0.028684131801128387
4800144  0.02868356741964817
5000206  0.028675230219960213
4400064  0.02867436222732067
4600094  0.028673207387328148
4800143  0.02866608463227749
5000137  0.02865700237452984
4800237  0.028655044734477997
5000044  0.028653115034103394
5000071  0.02864905446767807
4900039  0.028642969205975533
4600059  0.028642095625400543
4400056  0.028641829267144203
4800149  0.028633486479520798
4800038  0.02863013558089733
4800209  0.028629248961806297
4400062  0.028624078258872032
4800146  0.028623759746551514
5000099  0.028619490563869476
4800224  0.02860124222934246
4600029  0.02859991043806076
4400164  0.02858506515622139
4900053  0.028580138459801674
5000041  0.028568286448717117
5000169  0.028562363237142563
4800232  0.028558455407619476
4800235  0.028543252497911453
4800109  0.02854296937584877
4900040  0.028542853891849518
4400158  0.028539417311549187
5000155  0.02853776514530182
5000050  0.028526049107313156
4800061  0.028525760397315025
4400156  0.02852521650493145
4400063  0.02852330170571804
4700065  0.0285150445997715
4800047  0.028513718396425247
4800133  0.02850865013897419
4400153  0.02846977859735489
5000321  0.028466811403632164
4800231  0.02846311777830124
4800211  0.02846137061715126
4800048  0.028460685163736343
4700059  0.02845398150384426
4800225  0.028446277603507042
4700058  0.02843119204044342
4700066  0.02842331863939762
4600042  0.028421808034181595
4800139  0.02842053771018982
4800118  0.02840019017457962
4800241  0.028387896716594696
4800250  0.028387311846017838
4800150  0.02838422730565071
4900046  0.028380228206515312
4800145  0.028374673798680305
5000096  0.028364291414618492
4800107  0.028356071561574936
4800032  0.028348630294203758
4800246  0.02834017388522625
4400162  0.028332440182566643
4800120  0.028299862518906593
4400047  0.02825506031513214
5000097  0.028252553194761276
4400167  0.028249012306332588
4600044  0.028236644342541695
4800060  0.02821439690887928
5000168  0.028186719864606857
4600058  0.02815058082342148
4400155  0.028114989399909973
4600102  0.028109289705753326
4600043  0.02810213342308998
4600045  0.02808905765414238
4400154  0.028056928887963295
3500499  0.023046137765049934
2200687  0.016913525760173798
3300163  0.01684725284576416
3200198  0.016841376200318336
2200686  0.0168406181037426
3300162  0.01683400385081768
3200188  0.016823282465338707
2200689  0.016763288527727127
3200199  0.01675364002585411
2200754  0.01675316132605076
3200187  0.016712050884962082
2200678  0.016707461327314377
3300125  0.016700489446520805
3300132  0.016691941767930984
3200113  0.016691096127033234
2200706  0.01667836122214794
3300088  0.016665413975715637
3000043  0.016660109162330627
3200182  0.01665572077035904
3200181  0.01664656214416027
2200691  0.016644516959786415
2200688  0.016637220978736877
2200712  0.01663289964199066
2200683  0.016614247113466263
2200782  0.0166122205555439
3100150  0.016610631719231606
3200129  0.016607165336608887
3200143  0.016594547778367996
2200790  0.016588455066084862
2200694  0.016585398465394974
3300134  0.016582924872636795
3300156  0.016581011936068535
2200682  0.01657806523144245
2200690  0.01657753810286522
3200141  0.01657222956418991
3300153  0.016558410599827766
2200791  0.016554147005081177
3200242  0.016550568863749504
2200781  0.016550032421946526
2200700  0.016547968611121178
2200792  0.016545012593269348
3100070  0.0165412500500679
2200704  0.016536550596356392
3200243  0.016531875357031822
3100264  0.01652981899678707
3300157  0.016527820378541946
3100069  0.016527803614735603
3300151  0.016527704894542694
2200679  0.016527511179447174
3300161  0.016524139791727066
3200286  0.016520094126462936
3200130  0.016519032418727875
3100158  0.016507944092154503
2200809  0.016504770144820213
3300152  0.01649412326514721
3300158  0.01649322547018528
3000057  0.016492538154125214
3300155  0.016492366790771484
2200763  0.01648995466530323
3300136  0.01648526079952717
3300050  0.016482770442962646
2200787  0.01647922396659851
3200139  0.016472207382321358
3200200  0.016471512615680695
3100071  0.016467124223709106
3200115  0.01646680012345314
3100263  0.016464129090309143
3300051  0.01646292395889759
3100049  0.016461782157421112
3300160  0.016461441293358803
3300087  0.016456415876746178
3300135  0.016455907374620438
3300063  0.016452796757221222
3200112  0.016452057287096977
2200699  0.016451716423034668
3200114  0.016448207199573517
3100262  0.016442932188510895
2200762  0.016439970582723618
2200766  0.01643768884241581
3000042  0.0164368636906147
3200131  0.016431884840130806
2900386  0.016419289633631706
3200081  0.016419142484664917
2200755  0.01640675589442253
3000040  0.01640666462481022
3300159  0.016406340524554253
3100068  0.016403863206505775
3100037  0.01640377938747406
3200138  0.016396893188357353
3000044  0.01639586314558983
2200801  0.016388867050409317
2200756  0.016388382762670517
2900364  0.016386929899454117
2200780  0.016383126378059387
2200803  0.016382472589612007
3000050  0.016380952671170235
2600091  0.016380660235881805
3100045  0.01637977547943592
2900380  0.016374537721276283
2200795  0.016370905563235283
2500071  0.016368741169571877
3000041  0.016366759315133095
3200062  0.016365807503461838
2200698  0.01636427268385887
3200140  0.016358010470867157
2200695  0.016357850283384323
3300064  0.01635163649916649
3200120  0.016345417127013206
2200783  0.016341254115104675
3100261  0.016338909044861794
2900368  0.016338372603058815
3200082  0.016334112733602524
2900365  0.016334036365151405
2200797  0.016333799809217453
2200796  0.016328375786542892
2200759  0.016323857009410858
3200230  0.016320984810590744
2200771  0.01631799340248108
3200208  0.016313914209604263
3100041  0.01631288044154644
2500063  0.01629503071308136
2200768  0.01628931611776352
3200202  0.016279248520731926
3200116  0.016277087852358818
2900353  0.01627529226243496
2900381  0.016268476843833923
3200132  0.016249973326921463
3200111  0.01624121703207493
3200083  0.01623840630054474
2200770  0.01623707450926304
2200767  0.016234111040830612
2200786  0.016228698194026947
2900382  0.016220781952142715
2200769  0.016204969957470894
2200779  0.016201458871364594
2500070  0.01619713380932808
2200778  0.016189735382795334
2200757  0.01614237204194069
2200774  0.01612004078924656
2200758  0.016093729063868523
2200775  0.016023576259613037
4200462  0.015985675156116486
3500506  0.015960829332470894
4000106  0.01593051105737686
3500508  0.015927251428365707
4000105  0.015885893255472183
4000107  0.015848834067583084
4200419  0.015848299488425255
4000104  0.015840111300349236
3500509  0.015834664925932884
3500500  0.015831537544727325
3500531  0.01581953465938568
4200460  0.015812335535883904
3500511  0.015804285183548927
3500532  0.015798315405845642
3900037  0.015756333246827126
4200423  0.015744468197226524
3500516  0.015736356377601624
3900156  0.01573021337389946
3500527  0.015719858929514885
3800056  0.01571587473154068
3500592  0.015714628621935844
3500525  0.015705978497862816
3500515  0.015704916790127754
3900052  0.015703361481428146
4200418  0.015702027827501297
3800192  0.015697510913014412
4200457  0.015692494809627533
3800157  0.015688767656683922
4200429  0.015685131773352623
3500501  0.015684381127357483
3800167  0.015674496069550514
3500517  0.015669899061322212
4200440  0.01566775143146515
3500504  0.0156585481017828
3800155  0.015652816742658615
3500503  0.015651177614927292
3900096  0.015649545937776566
4200436  0.01564374566078186
3500590  0.015634246170520782
4200450  0.015633599832654
3500541  0.01563073880970478
4200448  0.015626851469278336
3900053  0.0156210632994771
3800168  0.015615067444741726
3500580  0.01561212819069624
4200431  0.015610950067639351
4200433  0.015610267408192158
4200451  0.015599675476551056
4100036  0.015599653124809265
3500524  0.015599008649587631
3800156  0.015592779032886028
3500583  0.015592546202242374
4000113  0.01559195201843977
3800049  0.015591783449053764
4100067  0.015587921254336834
3900054  0.015583302825689316
4200430  0.015582154504954815
3900095  0.015574929304420948
3800180  0.015573570504784584
3800148  0.015569878742098808
3800194  0.015569286420941353
4100047  0.015565766021609306
3600050  0.015565244480967522
4200417  0.01556187029927969
4100039  0.015560702420771122
3800057  0.015551632270216942
3800139  0.015549303963780403
3700033  0.015545595437288284
3500593  0.015543297864496708
4200452  0.015542911365628242
4100051  0.01554231345653534
3500542  0.015539511106908321
4100043  0.015536812134087086
3800166  0.01553625799715519
3500616  0.015531256794929504
3800178  0.015529747121036053
3500615  0.015529382973909378
4200453  0.015528202056884766
3900089  0.015527996234595776
4200455  0.015526932664215565
3500522  0.01552453450858593
3500519  0.015523924492299557
3800159  0.015515404753386974
3500533  0.015514291822910309
3500589  0.015507672913372517
3700036  0.015506507828831673
3800176  0.015505232848227024
3800204  0.015501485206186771
3800195  0.015498539432883263
4100128  0.01548944041132927
3800182  0.015487344935536385
3800140  0.015485645271837711
3500540  0.015479996800422668
3800191  0.015475775115191936
3500536  0.015472006052732468
3500587  0.015469687059521675
3900084  0.01546894758939743
3500577  0.015467981807887554
3900073  0.015463480725884438
4000120  0.015460381284356117
3900051  0.015458348207175732
3700030  0.015448532998561859
3500617  0.015446175821125507
3800161  0.015444289892911911
3800183  0.015443782322108746
3500633  0.015436389483511448
3700027  0.01543486025184393
3800048  0.015429209917783737
3500614  0.015425913967192173
3500594  0.015425574034452438
3800177  0.015424177050590515
3800162  0.015423907898366451
4100066  0.015413027256727219
3500543  0.015411695465445518
3500567  0.01540076732635498
3600055  0.015397188253700733
3500628  0.01539683435112238
3500601  0.015396228060126305
3500544  0.015393891371786594
3500539  0.015390965156257153
3500520  0.01538463681936264
3500605  0.015382680110633373
3600052  0.015380015596747398
3600058  0.015377790667116642
3500572  0.015352634713053703
3800190  0.015351633541285992
3700024  0.01535127405077219
3800199  0.015345407649874687
3900066  0.015341444872319698
4100065  0.015320382080972195
3500548  0.015301690436899662
3500588  0.01529863104224205
3800189  0.015290988609194756
3500545  0.015285956673324108
3500619  0.015280022285878658
3500537  0.015268231742084026
3500569  0.015252216719090939
3500568  0.015249280259013176
3500538  0.015219371765851974
3500570  0.015188364312052727
