3300051  0.44015228748321533
2200695  0.43956613540649414
5000041  0.4395361542701721
5400101  0.43943142890930176
2101685  0.4393753111362457
2200699  0.43934857845306396
3300321  0.4390316307544708
5300148  0.43901968002319336
5300339  0.4390084147453308
5300067  0.4389851689338684
7000380  0.4389787018299103
7000530  0.4389314651489258
3300157  0.4389297664165497
5800088  0.4389083981513977
5300105  0.4389033913612366
2102136  0.43885308504104614
5300326  0.43881404399871826
2200691  0.4387819170951843
5300358  0.43875372409820557
5300340  0.4386991262435913
3300330  0.4386882781982422
5000327  0.4386730492115021
2103338  0.4386484622955322
2102694  0.4386407732963562
2200790  0.4386211633682251
2200797  0.4386026859283447
2200780  0.43854692578315735
5300356  0.4385288655757904
3400349  0.4385285973548889
4200418  0.4385257959365845
5300427  0.43850773572921753
2200678  0.43850177526474
2200683  0.43848955631256104
5000140  0.43848833441734314
2200700  0.4384586215019226
7000483  0.4384581744670868
5600152  0.43842804431915283
2101684  0.43841317296028137
5600178  0.43841180205345154
2101738  0.43841028213500977
3300166  0.4384036362171173
4800109  0.438396155834198
2200795  0.4383852183818817
2102561  0.43838053941726685
3300348  0.43837839365005493
4900060  0.4383651912212372
2102161  0.43836405873298645
2102685  0.4383474290370941
2102531  0.43834516406059265
5400120  0.43833208084106445
5300058  0.43830686807632446
5200134  0.43830564618110657
6900134  0.438302606344223
5300341  0.4383004307746887
2101678  0.4382982552051544
6200070  0.4382942020893097
7000524  0.43826863169670105
2102493  0.43824347853660583
3500121  0.4382387697696686
2200758  0.4382377564907074
5600181  0.4382072389125824
3400406  0.4381778836250305
3800139  0.43815508484840393
2200767  0.4381398558616638
3400489  0.43813830614089966
3100068  0.4381372034549713
7000503  0.4381308853626251
5000249  0.438126802444458
5400114  0.4381265640258789
7000424  0.4381258487701416
5300360  0.4381166100502014
3500395  0.4381064474582672
2200686  0.4381062686443329
7000393  0.43809887766838074
3300275  0.4380896985530853
3800049  0.4380890130996704
4400160  0.43808886408805847
3300229  0.4380623400211334
6600077  0.43806159496307373
2102532  0.43805426359176636
5300147  0.43804192543029785
4800225  0.43803927302360535
5000462  0.4380330443382263
3800056  0.43802839517593384
2102486  0.4380241632461548
3400204  0.43801265954971313
3300318  0.43800175189971924
2200766  0.43799617886543274
5000056  0.43799299001693726
5300034  0.4379902780056
2200801  0.43798574805259705
2200762  0.4379800856113434
6700210  0.4379771947860718
7000421  0.437960684299469
6900203  0.4379487633705139
7000361  0.437948077917099
3100264  0.43794503808021545
3500243  0.4379332661628723
5400126  0.4379276633262634
2102505  0.43792393803596497
3300165  0.43792226910591125
5000071  0.43791815638542175
2102482  0.43791529536247253
2600091  0.4379126727581024
7000360  0.4379051923751831
3100037  0.43790170550346375
4000106  0.4378921091556549
5300327  0.4378906488418579
5400099  0.4378892779350281
5300142  0.4378812313079834
2103582  0.43787989020347595
2200796  0.43787866830825806
2101730  0.43787506222724915
7000500  0.4378732740879059
4600094  0.43787097930908203
3400111  0.43786847591400146
5000275  0.4378684163093567
2102221  0.43786633014678955
4300083  0.43786564469337463
5000463  0.4378649592399597
3400503  0.43786290287971497
3300181  0.437862753868103
5300137  0.43786051869392395
2103586  0.4378569424152374
3500539  0.4378521144390106
5600170  0.4378448724746704
3300271  0.4378437399864197
3300164  0.43783533573150635
7000425  0.43783313035964966
7000292  0.4378320574760437
2102474  0.43782949447631836
7000624  0.4378252327442169
2102467  0.43782299757003784
5000097  0.4378172755241394
3300273  0.437814325094223
7000387  0.4378025233745575
5000050  0.4377964735031128
4400158  0.4377919137477875
3400354  0.4377855658531189
2200679  0.4377836585044861
6900137  0.43777748942375183
5200080  0.43777719140052795
2102590  0.43777623772621155
5400086  0.43777501583099365
7000275  0.437773197889328
5300364  0.4377728998661041
7000588  0.437767893075943
3500489  0.4377678334712982
7000349  0.43776628375053406
2200689  0.43776318430900574
2200768  0.43776223063468933
7000499  0.43775901198387146
2102647  0.43775883316993713
5300350  0.43775516748428345
6900413  0.43773552775382996
5000141  0.43773338198661804
2102281  0.4377329647541046
3400381  0.4377293288707733
2102494  0.437725305557251
2200792  0.43771442770957947
2102546  0.4377119541168213
2102539  0.4377114176750183
3300152  0.43770644068717957
3500387  0.43770453333854675
3300344  0.43769991397857666
3400453  0.4376958906650543
2200676  0.43769580125808716
2102485  0.4376840889453888
3300088  0.4376826286315918
2102600  0.4376794397830963
2102488  0.4376770555973053
3300162  0.4376724660396576
3300314  0.4376716911792755
3300134  0.43766921758651733
3500150  0.43766435980796814
3500511  0.43766072392463684
4200455  0.43765702843666077
2200809  0.43765294551849365
6900139  0.4376528263092041
3300274  0.4376521408557892
5400064  0.4376493990421295
3300316  0.43764856457710266
7000248  0.4376467764377594
6900353  0.4376426339149475
5600137  0.43764153122901917
2900353  0.43764108419418335
2102183  0.4376407563686371
3400499  0.437638521194458
2102289  0.4376235604286194
5100083  0.43761998414993286
2500070  0.4376145005226135
2102687  0.4376106858253479
2102480  0.4375956952571869
3400477  0.4375899136066437
4200463  0.4375891089439392
2200757  0.4375818073749542
7000621  0.43757086992263794
3400182  0.4375597834587097
2102602  0.4375491738319397
2200674  0.4375491440296173
2102450  0.43754467368125916
2102625  0.43753722310066223
3800157  0.4375307857990265
7000462  0.4375177323818207
2102540  0.43751418590545654
7000511  0.4375109374523163
3300320  0.4375063180923462
4700065  0.43750572204589844
5400106  0.4375055134296417
4400047  0.4375033974647522
6900154  0.43750280141830444
4900038  0.4374964237213135
3500156  0.43749624490737915
3500404  0.4374941289424896
7000334  0.43749409914016724
3500614  0.4374902546405792
5000171  0.43748798966407776
5800082  0.4374874234199524
3300135  0.43748605251312256
6900255  0.4374820590019226
5300069  0.4374818503856659
2102570  0.4374779462814331
5600173  0.4374772012233734
3300176  0.4374751150608063
2102677  0.43747279047966003
6000239  0.43747037649154663
5000095  0.43746912479400635
2101645  0.43746697902679443
2102536  0.4374636709690094
6900379  0.43746182322502136
7000463  0.4374614655971527
2200803  0.43746137619018555
3100261  0.437458872795105
3500509  0.4374535381793976
5200094  0.4374534785747528
6900390  0.4374435842037201
3300317  0.4374430775642395
2103571  0.4374294877052307
5400063  0.4374234974384308
5000172  0.4374225437641144
5300056  0.4374210834503174
3500542  0.43741917610168457
5000326  0.4374178946018219
2200754  0.43741095066070557
6900195  0.43741050362586975
2102543  0.4374084174633026
3400348  0.43740367889404297
3400052  0.43739327788352966
5300359  0.43739208579063416
4300078  0.43739038705825806
3500342  0.437389612197876
2102273  0.43738192319869995
3200242  0.4373796880245209
3800140  0.4373774826526642
2102288  0.437377393245697
3400068  0.4373740553855896
7000395  0.4373669922351837
2102462  0.43736520409584045
7000276  0.43736451864242554
5300055  0.4373611509799957
2103492  0.4373584985733032
7000594  0.43735718727111816
7000419  0.43735358119010925
2102530  0.4373534917831421
5300322  0.4373515844345093
3400211  0.4373486042022705
2102472  0.43734806776046753
3300299  0.43734797835350037
3400476  0.437346875667572
2102676  0.4373464286327362
4400103  0.4373408257961273
3500281  0.43734055757522583
2102446  0.4373394548892975
7000447  0.4373360276222229
3300277  0.4373325705528259
5400112  0.43732234835624695
5600162  0.4373219311237335
2102209  0.43731993436813354
2102507  0.43731871247291565
3300170  0.4373185336589813
3400300  0.43731802701950073
7000386  0.43731528520584106
7000416  0.43731409311294556
4400167  0.43731364607810974
2102291  0.43731045722961426
5300093  0.43730729818344116
5300066  0.43730708956718445
3600052  0.4373070299625397
5400116  0.43730640411376953
5000168  0.4373057186603546
3300158  0.4373030960559845
5200081  0.43729540705680847
3300207  0.43729472160339355
7000257  0.43729367852211
2103593  0.4372929334640503
3500490  0.4372921288013458
2102272  0.4372909367084503
3500569  0.43728870153427124
5000053  0.437285453081131
4800037  0.43728333711624146
3400192  0.4372832179069519
5400125  0.4372832179069519
5200076  0.4372802674770355
2102455  0.43727752566337585
6900364  0.43727606534957886
2500063  0.4372752010822296
3300304  0.43727508187294006
2200783  0.43727219104766846
3500519  0.43726858496665955
4600043  0.4372643232345581
5000243  0.4372599422931671
7000391  0.43725040555000305
6200057  0.4372495114803314
3400206  0.43724945187568665
6900207  0.4372492730617523
2102681  0.4372463524341583
2101598  0.4372445344924927
3400505  0.4372434914112091
4800120  0.43723931908607483
3900084  0.4372384250164032
3400485  0.4372343122959137
3300226  0.43722835183143616
2103579  0.437225341796875
7000351  0.4372204542160034
4200429  0.43721792101860046
3800168  0.4372168183326721
3500593  0.43721553683280945
2102143  0.4372091293334961
5400115  0.43720805644989014
4800047  0.43720513582229614
3300333  0.437205046415329
2102290  0.4372042417526245
6900152  0.437203586101532
3300208  0.43720191717147827
7000526  0.43719521164894104
4800208  0.4371877908706665
2100139  0.4371872842311859
2102666  0.4371829032897949
4400152  0.43718260526657104
5300059  0.43718037009239197
3500321  0.43717795610427856
5400113  0.4371771812438965
5000047  0.43717116117477417
7000418  0.4371689558029175
6900185  0.4371606409549713
7000592  0.4371604025363922
3500085  0.4371599555015564
2102268  0.4371596872806549
5300095  0.43715453147888184
3400449  0.4371400773525238
3400176  0.43713927268981934
2100275  0.43713316321372986
2102487  0.43713024258613586
7000461  0.4371291995048523
4800209  0.4371281564235687
4800144  0.43712177872657776
2102466  0.43711113929748535
2103342  0.437110960483551
2102279  0.4371025562286377
2102274  0.43710049986839294
3500587  0.4370850622653961
3400390  0.4370824992656708
2103589  0.4370785355567932
5400118  0.4370773136615753
2200781  0.4370743930339813
7000593  0.4370737075805664
4800158  0.43707311153411865
3500340  0.4370723366737366
7000288  0.437063604593277
6900140  0.4370632767677307
3500119  0.43705928325653076
4800118  0.43705910444259644
3400488  0.4370579123497009
5300171  0.43705689907073975
3000044  0.43705543875694275
5300323  0.43705448508262634
2102512  0.4370535910129547
3400416  0.43705275654792786
2103057  0.437050998210907
6900363  0.43704065680503845
7000457  0.43703988194465637
4700040  0.43703633546829224
2102528  0.43703481554985046
5300081  0.43702659010887146
4300063  0.4370218515396118
3400391  0.4370214641094208
5400122  0.43701761960983276
5300346  0.43701237440109253
6700207  0.4370083510875702
2102491  0.4370075464248657
2900364  0.4370006322860718
6900410  0.43699705600738525
3800057  0.4369962513446808
2200687  0.436996191740036
2102689  0.4369945228099823
2101628  0.4369940161705017
2101640  0.43698936700820923
6900146  0.43698281049728394
3500412  0.4369814395904541
2200775  0.43698012828826904
5600140  0.4369784891605377
7000274  0.43697667121887207
6900404  0.4369752109050751
6900382  0.4369744062423706
2200682  0.43697357177734375
6900132  0.4369688034057617
3900089  0.4369671642780304
2102498  0.4369620978832245
2102662  0.43695464730262756
3400395  0.4369469881057739
6900266  0.43694666028022766
2102533  0.4369454085826874
7000527  0.4369441568851471
2200704  0.43694204092025757
2102555  0.436935693025589
5000329  0.43693462014198303
2900365  0.43693169951438904
5200079  0.43693068623542786
5000059  0.43692928552627563
3500541  0.43692827224731445
5400136  0.43692779541015625
2101646  0.43692746758461
3400207  0.43692687153816223
6900187  0.4369265139102936
3400454  0.43692532181739807
5400105  0.43692532181739807
2101758  0.4369242787361145
2102206  0.4369230568408966
5400043  0.4369186460971832
3200112  0.43691331148147583
5000170  0.4369131326675415
3300306  0.43691202998161316
3300315  0.43690890073776245
7000335  0.4369080364704132
6900358  0.4369058609008789
7500128  0.4369056522846222
4400153  0.4369027018547058
6900414  0.4369018077850342
3500390  0.43689748644828796
5300090  0.43689602613449097
7000510  0.43689122796058655
3400457  0.43689119815826416
5300094  0.43689075112342834
3400215  0.4368841350078583
2103056  0.4368841052055359
5600179  0.436883807182312
5600138  0.4368835985660553
3200200  0.4368790090084076
3400443  0.43687883019447327
3200120  0.43687841296195984
2101676  0.436876505613327
3400405  0.43687158823013306
2103596  0.4368683397769928
3500300  0.43685242533683777
7000327  0.43684688210487366
5300324  0.4368434548377991
4800061  0.4368371367454529
6900205  0.4368358254432678
7000512  0.43683505058288574
3800182  0.43683409690856934
4000113  0.43683332204818726
2900368  0.4368312358856201
5600155  0.4368297755718231
3400482  0.4368288218975067
4400156  0.43682432174682617
3500099  0.4368237555027008
2200774  0.43682020902633667
3300298  0.4368136525154114
3800166  0.4368129372596741
4000107  0.43680983781814575
3400205  0.4368097484111786
6900166  0.4368046224117279
5600185  0.43680429458618164
3400362  0.4368026554584503
2101596  0.4368022084236145
4200451  0.43679866194725037
2102278  0.43679729104042053
3500123  0.436796635389328
3500580  0.43679118156433105
7000330  0.4367886483669281
3300335  0.43678805232048035
4900040  0.4367866814136505
3300272  0.4367842674255371
5000067  0.4367839992046356
5000154  0.43678078055381775
5000321  0.43677717447280884
4300054  0.4367706775665283
3400369  0.43677058815956116
5300349  0.43677017092704773
6900153  0.4367683529853821
3400101  0.4367665946483612
2200791  0.43676361441612244
5200055  0.436760812997818
7300171  0.436760812997818
2102458  0.4367585778236389
5300406  0.4367567002773285
2102538  0.4367537200450897
3400439  0.43675288558006287
3300311  0.4367522895336151
5300149  0.43674734234809875
7000251  0.43674716353416443
3500083  0.4367459714412689
5600144  0.4367453455924988
3300310  0.4367445111274719
2101608  0.43674370646476746
2102665  0.43674346804618835
7000370  0.43674328923225403
2200771  0.4367402493953705
3300163  0.436739057302475
3400226  0.43673574924468994
3400091  0.4367259740829468
2101734  0.4367237985134125
6900268  0.4367234706878662
2101639  0.4367233216762543
3300224  0.4367220103740692
3500084  0.43672072887420654
6900136  0.4367206394672394
7000436  0.4367203414440155
6900209  0.4367174804210663
2102587  0.43671420216560364
4900046  0.4367125630378723
5000206  0.4367111623287201
3500292  0.43670740723609924
2100364  0.4367062449455261
2900382  0.43670547008514404
2200782  0.43670201301574707
3200062  0.43670108914375305
3500408  0.4367009103298187
5400056  0.4367009103298187
7000363  0.43669718503952026
3300156  0.4366969168186188
3500501  0.4366946816444397
7000443  0.43669235706329346
3300232  0.4366900622844696
3400195  0.4366879463195801
3500520  0.43668392300605774
7000539  0.4366817772388458
3500496  0.4366814196109772
3400355  0.43668133020401
3500590  0.43668076395988464
3800195  0.4366774559020996
5000151  0.43667417764663696
6900135  0.43667128682136536
3300063  0.4366700351238251
4400069  0.43666672706604004
5400076  0.436662495136261
3400051  0.4366602599620819
2101591  0.43665868043899536
3300337  0.4366547763347626
2102696  0.4366501271724701
2102477  0.43664804100990295
3500515  0.4366479516029358
3400346  0.43664759397506714
6900359  0.43664494156837463
4700052  0.4366447329521179
7000401  0.4366442561149597
3500589  0.4366402328014374
5300150  0.436636358499527
3300300  0.4366350769996643
6900249  0.43663203716278076
6900159  0.4366311728954315
3500508  0.436627596616745
2101752  0.4366207718849182
3500235  0.4366186857223511
5000276  0.4366164207458496
3400445  0.4366127848625183
5400080  0.4366110861301422
3400265  0.4366099536418915
2102135  0.43660780787467957
2101672  0.43660685420036316
7000587  0.4366036355495453
5400103  0.4365997612476349
4400064  0.4365989565849304
3500253  0.43659842014312744
6400527  0.4365941286087036
3500116  0.4365895092487335
5200056  0.43658944964408875
3200139  0.43658554553985596
3300160  0.43658551573753357
2102565  0.43658387660980225
3500616  0.43658286333084106
7000383  0.4365818202495575
4200419  0.4365813136100769
3500394  0.43657419085502625
4800145  0.4365740120410919
3800192  0.4365711510181427
7000246  0.43657049536705017
2102192  0.43656858801841736
6000234  0.43656840920448303
3500405  0.43656694889068604
2200706  0.4365651309490204
2102436  0.4365624785423279
5000138  0.4365622401237488
7300170  0.436559796333313
4000105  0.4365590214729309
3500516  0.4365586042404175
2102601  0.4365571439266205
2102560  0.43655651807785034
2102500  0.436555951833725
4400154  0.4365558326244354
3500407  0.4365544319152832
3300125  0.4365529716014862
3400398  0.4365521967411041
7000513  0.43654051423072815
6900393  0.43653807044029236
2101682  0.43653470277786255
3500217  0.4365343749523163
5000155  0.43653225898742676
2102548  0.4365314245223999
2102508  0.4365288317203522
5000096  0.43652865290641785
4200460  0.43652793765068054
7300166  0.43652743101119995
5400077  0.4365268051624298
4100066  0.4365238845348358
5400100  0.4365227222442627
2200694  0.436522513628006
3400461  0.4365222454071045
4400056  0.4365222454071045
4100043  0.43652215600013733
2200675  0.43652111291885376
3500568  0.43652090430259705
5200054  0.43651798367500305
3300159  0.43651488423347473
2102182  0.43651047348976135
3500601  0.43650880455970764
5300357  0.4365074038505554
7000486  0.4365072250366211
3400308  0.436503529548645
3800180  0.4365029036998749
3200115  0.4365003705024719
3100069  0.43649858236312866
6900133  0.4364929497241974
7000599  0.4364928603172302
7000494  0.436489999294281
2102447  0.43648818135261536
5300057  0.4364846348762512
2101613  0.4364817440509796
5600139  0.43648165464401245
6900340  0.436476469039917
5300092  0.43647637963294983
5300342  0.43647560477256775
3500319  0.4364742040634155
3500096  0.4364735186100006
2200755  0.43647247552871704
4400066  0.4364723861217499
2102195  0.43647101521492004
3400452  0.4364691972732544
2102470  0.43646788597106934
4800224  0.4364660978317261
2200698  0.4364657998085022
3500297  0.43646544218063354
3100263  0.436460942029953
7000619  0.43645837903022766
4600044  0.43645820021629333
2103590  0.4364571273326874
3500097  0.43645161390304565
7000603  0.4364489018917084
3900156  0.4364486634731293
4800146  0.43644776940345764
3500504  0.43644198775291443
3400187  0.4364417791366577
2200688  0.4364377558231354
2102672  0.4364352822303772
4800237  0.436432421207428
3900095  0.43643122911453247
3400472  0.4364287853240967
4800133  0.4364285171031952
2200759  0.4364253282546997
5000099  0.43642354011535645
5300138  0.43642306327819824
2102236  0.4364221394062042
6400526  0.4364212453365326
2102637  0.43641725182533264
7000591  0.4364151656627655
5300345  0.4364148676395416
3100262  0.4364110231399536
4800153  0.4364108741283417
3300219  0.436404287815094
3400135  0.43640270829200745
3500185  0.436401903629303
2102483  0.4364003539085388
2102592  0.43639951944351196
4800241  0.43639907240867615
5800075  0.4363954961299896
6900251  0.4363926649093628
2101740  0.4363907277584076
3800161  0.4363897144794464
5800052  0.4363882839679718
3500397  0.43638649582862854
2102298  0.436384916305542
3500503  0.43638360500335693
3400281  0.4363798201084137
7000382  0.4363798201084137
7400196  0.4363795220851898
3500615  0.43637895584106445
3900066  0.43637892603874207
2103020  0.4363764226436615
7000497  0.43637529015541077
3400415  0.4363725781440735
5800083  0.4363710284233093
2200779  0.4363705813884735
2200769  0.43636685609817505
7000353  0.4363660216331482
3400317  0.4363635778427124
3900051  0.43636074662208557
5000153  0.43636029958724976
2200763  0.4363584816455841
2101702  0.4363572597503662
3300296  0.436355322599411
3500115  0.43635067343711853
5600171  0.4363504946231842
2102213  0.4363493323326111
3500500  0.436347097158432
2102205  0.43634501099586487
7000402  0.43634486198425293
4400124  0.4363411068916321
2102564  0.4363378882408142
2102589  0.43633124232292175
4400164  0.43633124232292175
7000590  0.43633025884628296
3500594  0.4363260865211487
5600186  0.43632373213768005
3900054  0.43632200360298157
3400283  0.4363192617893219
2101681  0.43631917238235474
2100365  0.4363177418708801
2102497  0.4363154470920563
4700059  0.4363143742084503
2100366  0.4363117516040802
3500570  0.43631109595298767
3400502  0.43631020188331604
3500524  0.43630900979042053
3400494  0.4363085925579071
6900360  0.4363081455230713
4600058  0.4363057315349579
5300091  0.43630319833755493
3500323  0.4362998604774475
5000214  0.436299204826355
3400326  0.4362989366054535
6900253  0.4362986981868744
6300104  0.4362963140010834
2100113  0.4362948536872864
3300297  0.43629321455955505
4600042  0.4362929165363312
3300282  0.43628859519958496
6900411  0.43628764152526855
2200770  0.43628719449043274
6900389  0.43628349900245667
7000247  0.43628036975860596
2100177  0.43627968430519104
3800167  0.4362791180610657
2102203  0.4362758696079254
2200787  0.4362756609916687
6300103  0.43627551198005676
3500265  0.43627455830574036
3500388  0.43627315759658813
6900201  0.43627217411994934
3500588  0.4362720847129822
3500619  0.4362684488296509
7000613  0.4362683594226837
7000224  0.4362630546092987
7000596  0.43626201152801514
7000385  0.4362616240978241
5600150  0.43625810742378235
2102247  0.4362533688545227
3300220  0.436253160238266
3500313  0.4362517297267914
5800066  0.43624961376190186
6400552  0.4362490177154541
6900267  0.43624502420425415
2101751  0.43624407052993774
5800037  0.43624311685562134
7000597  0.43624231219291687
2103577  0.4362342357635498
3200230  0.4362336993217468
3300136  0.43623191118240356
3800199  0.4362316131591797
4400161  0.43622878193855286
5000139  0.4362269639968872
7000460  0.43622487783432007
6600075  0.43622371554374695
7000329  0.43622052669525146
3500341  0.436217725276947
2102210  0.4362134635448456
2102461  0.43621280789375305
2102439  0.4362097382545471
4400062  0.4362089931964874
2102547  0.4362070858478546
3300301  0.43620583415031433
3500210  0.43620315194129944
5800085  0.43620073795318604
3400307  0.43619903922080994
6900184  0.43619775772094727
2102300  0.4361908733844757
4700066  0.4361895024776459
3500538  0.43618759512901306
5000328  0.4361845850944519
2102573  0.4361812472343445
4400054  0.43618080019950867
2101637  0.4361796975135803
3400217  0.43617889285087585
7300164  0.4361785352230072
7000501  0.43617749214172363
3000040  0.4361737072467804
2102186  0.4361616373062134
3000057  0.4361613690853119
5200120  0.43616029620170593
3300153  0.43615972995758057
3400350  0.43615955114364624
5000152  0.43615883588790894
7000441  0.4361574649810791
4200450  0.43615472316741943
6900387  0.43615221977233887
3500543  0.43614912033081055
3400506  0.4361404776573181
7000586  0.4361386001110077
2102489  0.4361364245414734
2102516  0.4361359775066376
3400318  0.4361341595649719
6900408  0.43613380193710327
4600102  0.43613138794898987
2102188  0.4361312985420227
3400179  0.4361295700073242
3400050  0.4361289441585541
5200075  0.436128169298172
2101687  0.43612781167030334
3200113  0.4361269176006317
3300213  0.43612122535705566
3300155  0.4361211359500885
3500182  0.4361109137535095
4600074  0.4361098110675812
3200188  0.4361087381839752
7500119  0.43610504269599915
2101610  0.436104416847229
3900037  0.43610304594039917
2102191  0.43610283732414246
2102557  0.4360997974872589
3500245  0.4360971748828888
3500548  0.4360966086387634
5000322  0.43609195947647095
2102142  0.43608909845352173
2102148  0.4360879957675934
4400063  0.43608659505844116
4000104  0.4360864460468292
5300344  0.43608635663986206
5000063  0.4360862672328949
5300082  0.4360845685005188
3200187  0.43608295917510986
3600050  0.43607792258262634
5000287  0.4360778331756592
7000379  0.43607762455940247
5400131  0.43607640266418457
2102550  0.436075359582901
3300132  0.4360749125480652
5400058  0.43607425689697266
3500537  0.4360737204551697
4800240  0.43606996536254883
2200786  0.4360637962818146
5300351  0.43606242537498474
3500167  0.4360620677471161
5000137  0.4360608756542206
7000392  0.4360590875148773
2102490  0.43605852127075195
3200141  0.43605756759643555
2101592  0.43605634570121765
5000044  0.4360535442829132
3500336  0.4360518157482147
3200182  0.43604937195777893
3200131  0.4360458254814148
3700024  0.4360446035861969
5000098  0.436043381690979
5400078  0.4360418915748596
3500406  0.4360406696796417
6200058  0.4360378682613373
3200208  0.43603622913360596
4400162  0.436035692691803
3800178  0.43603333830833435
3700030  0.43603116273880005
2102181  0.4360300302505493
6900138  0.4360296130180359
3400201  0.43602848052978516
2102686  0.43602463603019714
3500255  0.43602415919303894
2102513  0.43602317571640015
6900324  0.4360208213329315
2102271  0.43601900339126587
4100065  0.4360184669494629
7000523  0.4360177218914032
4400155  0.4360150098800659
3500194  0.43601366877555847
7000359  0.4360111951828003
2102558  0.43600866198539734
6900194  0.436008483171463
7000410  0.4360038638114929
5000330  0.43600305914878845
5100084  0.4359968900680542
5800076  0.4359952509403229
2102459  0.43599173426628113
2102150  0.4359895884990692
2101634  0.4359888732433319
7000444  0.4359860420227051
4800152  0.43598508834838867
3400498  0.4359849691390991
4900053  0.43598365783691406
5000454  0.43598365783691406
2100158  0.4359828233718872
3300161  0.4359813928604126
2102683  0.4359792172908783
5000519  0.4359774887561798
2102496  0.43597733974456787
4200462  0.4359748959541321
2103347  0.43597298860549927
6900269  0.4359714090824127
6900199  0.4359685182571411
6400533  0.43596845865249634
7000541  0.43596693873405457
3800190  0.4359668791294098
2101590  0.43596458435058594
3500583  0.43596380949020386
3400198  0.43596166372299194
2102246  0.43595945835113525
7000328  0.4359583556652069
3300222  0.4359511137008667
6900355  0.4359504282474518
3300087  0.4359491765499115
3500225  0.43594902753829956
3300223  0.43594595789909363
2101593  0.4359448254108429
3500087  0.4359411597251892
2101754  0.43594032526016235
5400074  0.43593865633010864
2100196  0.4359385073184967
6400532  0.4359383285045624
7000278  0.4359372556209564
6900175  0.4359358549118042
7300159  0.4359356164932251
5900496  0.4359300136566162
5300225  0.4359258711338043
3500317  0.4359210431575775
4200452  0.4359205663204193
3500168  0.4359179139137268
6900356  0.4359127879142761
5300376  0.4359111487865448
5400049  0.4359079897403717
4200431  0.43590399622917175
6900270  0.43590328097343445
4200417  0.4359024465084076
2102269  0.435899019241333
3300334  0.43589404225349426
6200059  0.43589186668395996
7000426  0.43589159846305847
5000198  0.43588951230049133
2900381  0.435882568359375
5300352  0.43588125705718994
3800159  0.43587952852249146
6900259  0.43587827682495117
6900200  0.43587082624435425
4200430  0.43586647510528564
3400196  0.43586328625679016
6900202  0.4358625113964081
3500252  0.4358613193035126
5300096  0.4358607828617096
2101735  0.43585920333862305
3000050  0.4358566999435425
3400319  0.4358554780483246
2103575  0.4358551800251007
3500605  0.4358524978160858
3900053  0.4358505606651306
7000423  0.4358477294445038
3400417  0.4358466863632202
2102219  0.4358455538749695
3500088  0.4358455538749695
2102443  0.4358445703983307
3400383  0.4358404576778412
2103334  0.43583741784095764
5400079  0.4358363151550293
2101732  0.43583497405052185
3400363  0.4358349144458771
4800211  0.43583160638809204
2102141  0.4358305335044861
6600078  0.4358302652835846
4000120  0.43582677841186523
3400193  0.43582478165626526
3500545  0.4358246326446533
6600035  0.4358230531215668
2102661  0.43581798672676086
7000618  0.4358140826225281
3300175  0.43581268191337585
3300270  0.43580445647239685
5300068  0.43580368161201477
2100126  0.4358006417751312
4200448  0.4357977509498596
5000331  0.4357970058917999
2103348  0.43579167127609253
2102302  0.4357914924621582
6600037  0.4357856214046478
3500293  0.43578433990478516
3400458  0.4357805848121643
2103671  0.43577876687049866
3500344  0.4357784688472748
3400180  0.4357770085334778
3200198  0.435776948928833
7000249  0.43576857447624207
2102465  0.43576759099960327
3500095  0.43576499819755554
6300101  0.43575310707092285
5300070  0.4357466697692871
2102190  0.4357430040836334
2101616  0.43574291467666626
2900380  0.43573951721191406
2100235  0.4357367157936096
6300105  0.4357350766658783
2101612  0.4357330799102783
4700058  0.43573227524757385
7000455  0.4357313811779022
3400194  0.4357302784919739
3100049  0.43572720885276794
3400312  0.4357244074344635
2101633  0.4357233941555023
3200082  0.4357227683067322
6000240  0.43571990728378296
6900215  0.43571847677230835
3500533  0.43571728467941284
5000169  0.43570512533187866
6900150  0.43570223450660706
2101631  0.4357019364833832
4800139  0.43569886684417725
6900208  0.43569499254226685
7000502  0.43569475412368774
6900406  0.4356873631477356
7000612  0.4356871545314789
3500093  0.4356856644153595
2500071  0.4356803297996521
2200778  0.43568024039268494
4100067  0.43567535281181335
3500165  0.435672402381897
3800176  0.43567168712615967
6900385  0.43566951155662537
2101683  0.4356692433357239
2102156  0.43566882610321045
3500086  0.4356674253940582
2102671  0.4356648325920105
2200712  0.4356642961502075
3500517  0.4356626272201538
5400057  0.4356616735458374
3200130  0.43565869331359863
3400360  0.435655415058136
6400525  0.43565091490745544
5000453  0.4356503486633301
7000485  0.4356499910354614
2102277  0.43564873933792114
6900386  0.4356483221054077
3500532  0.43564823269844055
3400442  0.4356423020362854
3400238  0.43564003705978394
3400290  0.43563926219940186
7000420  0.4356359839439392
4200469  0.43562763929367065
3300050  0.43562743067741394
4800250  0.43562620878219604
5800077  0.4356239438056946
2103569  0.43562057614326477
3300215  0.43561887741088867
3400293  0.4356178641319275
7000373  0.43560659885406494
5400075  0.43559950590133667
3100150  0.43559467792510986
3200143  0.4355923533439636
6400545  0.43558865785598755
2200690  0.4355875551700592
3400380  0.4355843961238861
7000437  0.4355818033218384
3800191  0.43558114767074585
4900037  0.43557751178741455
2101611  0.43557652831077576
2101644  0.4355756342411041
5800036  0.43557319045066833
3400511  0.4355729818344116
4800060  0.43557295203208923
2102202  0.4355719983577728
3400115  0.43557026982307434
3300339  0.43556955456733704
3200199  0.4355691075325012
3500163  0.43556883931159973
7000250  0.43556568026542664
4800143  0.43556174635887146
5300347  0.43556106090545654
2102607  0.4355601966381073
5800038  0.43556004762649536
3500094  0.43555888533592224
4200457  0.4355480372905731
7000615  0.4355468451976776
2102153  0.4355373680591583
3400329  0.4355371296405792
2102304  0.4355367124080658
4200453  0.43553632497787476
4600059  0.43553274869918823
5100042  0.43553048372268677
2102527  0.43552979826927185
2102613  0.43552979826927185
3500633  0.4355296790599823
3500499  0.435529500246048
2102144  0.43552902340888977
7000245  0.43552881479263306
2102292  0.4355257749557495
3900096  0.435525506734848
3400297  0.43552225828170776
7500124  0.4355211555957794
3500396  0.435516357421875
3300151  0.4355151951313019
3300322  0.43551310896873474
4400055  0.4355105757713318
6900210  0.4355084002017975
3000041  0.43550437688827515
4200440  0.4355028569698334
3100070  0.43549755215644836
2102445  0.435497522354126
7000628  0.4354912340641022
3500166  0.43548738956451416
2101632  0.43548616766929626
2102456  0.43548598885536194
4800150  0.43548285961151123
7000611  0.4354802966117859
3500540  0.4354792535305023
3200202  0.43547576665878296
4800232  0.435472697019577
3500242  0.43546926975250244
3400306  0.4354690611362457
7000496  0.4354621171951294
4100128  0.4354494512081146
4800148  0.43544501066207886
7000352  0.43544307351112366
2102588  0.43544286489486694
3500202  0.43543317914009094
5300365  0.43543028831481934
3900073  0.4354265034198761
3200083  0.4354234039783478
6900361  0.43541961908340454
2103580  0.4354185461997986
2102529  0.4354151785373688
3500544  0.4354119300842285
5400082  0.43540334701538086
6900380  0.4354013204574585
2102473  0.43539896607398987
2102502  0.4353983700275421
5600158  0.43539655208587646
7000403  0.4353879690170288
3500628  0.4353856146335602
3500522  0.4353850483894348
3200132  0.43537768721580505
6900409  0.43537718057632446
4800235  0.4353756904602051
2200677  0.4353753328323364
7000381  0.4353736937046051
6900151  0.43537184596061707
2102660  0.4353700876235962
2102680  0.4353696405887604
3500365  0.435367226600647
2102553  0.4353637099266052
6900248  0.4353613257408142
4100051  0.43536049127578735
3600055  0.4353601336479187
3400089  0.43535664677619934
3700027  0.43535470962524414
3400188  0.43535205721855164
3400264  0.4353504180908203
3200081  0.4353485405445099
7000622  0.43534812331199646
4100047  0.43534550070762634
3200116  0.43534454703330994
5100118  0.4353443384170532
3400495  0.43534377217292786
3100045  0.43532490730285645
4200433  0.4353247284889221
2102306  0.43532413244247437
4300058  0.43531838059425354
3500117  0.4353175759315491
7000446  0.43530794978141785
3500155  0.4353067874908447
3500082  0.43530213832855225
7000531  0.4352993369102478
5600153  0.4352957010269165
4300073  0.4352945387363434
4600045  0.43529006838798523
5300141  0.4352855980396271
3400298  0.43528515100479126
4800231  0.43528449535369873
7000504  0.43527597188949585
3400440  0.4352755546569824
4800032  0.4352712333202362
7000616  0.4352654814720154
2100254  0.43525153398513794
3400352  0.4352438449859619
6700202  0.43524304032325745
2101675  0.4352325201034546
2102484  0.4352312982082367
2102237  0.43521982431411743
3500592  0.43521901965141296
2102569  0.43521738052368164
5300236  0.4352152347564697
3500572  0.43521440029144287
3400358  0.4352089762687683
2200756  0.43520888686180115
3400448  0.4352080821990967
2100361  0.4351966083049774
4200436  0.4351922869682312
3300221  0.4351901113986969
5400117  0.4351865351200104
7500130  0.4351828396320343
3000042  0.4351825416088104
6900204  0.43518197536468506
3500494  0.4351751208305359
6900381  0.43516528606414795
3400066  0.4351652264595032
3500567  0.4351640045642853
6900354  0.435162216424942
3500527  0.43515536189079285
6900405  0.4351523816585541
2102187  0.4351494312286377
5600190  0.43514931201934814
3500294  0.4351489245891571
3500181  0.43514567613601685
6200081  0.43514445424079895
3400357  0.4351406395435333
3800048  0.4351383149623871
4200423  0.4351382255554199
2102463  0.4351380169391632
2101729  0.43513619899749756
3300064  0.4351315498352051
7000372  0.43512582778930664
3500525  0.43512555956840515
7000406  0.43511661887168884
2102175  0.43511635065078735
2101643  0.43511539697647095
7300167  0.43511199951171875
5400042  0.4351116120815277
2100283  0.43511107563972473
2102562  0.43510961532592773
6200060  0.4350961148738861
2101627  0.4350816011428833
3400214  0.43506941199302673
3100071  0.43506303429603577
3400462  0.4350610673427582
3400279  0.435057669878006
6400524  0.43505749106407166
3200129  0.435055136680603
3500118  0.43505293130874634
3500122  0.4350486993789673
2102583  0.4350484311580658
2100375  0.43504300713539124
2102215  0.4350418448448181
3500263  0.4350380003452301
2103343  0.4350202977657318
3500536  0.43501317501068115
4100036  0.43501174449920654
4100039  0.43500199913978577
3500339  0.43500080704689026
3300230  0.43499955534935
3500495  0.4349942207336426
2101638  0.43498894572257996
3400202  0.43498313426971436
2102204  0.434981107711792
3300326  0.4349792003631592
7000617  0.4349692463874817
3400181  0.4349674880504608
4900039  0.4349653720855713
3500164  0.43496468663215637
6900265  0.4349617660045624
6900149  0.4349457025527954
3800183  0.43494489789009094
2102276  0.43494173884391785
5200074  0.4349382519721985
3200138  0.4349324703216553
4800094  0.43493062257766724
3800194  0.4349294602870941
2102233  0.434928834438324
6900168  0.43492773175239563
2101755  0.4349159300327301
3800204  0.4349155128002167
5800059  0.43491268157958984
7000388  0.43490469455718994
2102241  0.43489643931388855
6700204  0.43489328026771545
3400236  0.43489018082618713
6800426  0.43488869071006775
2103424  0.4348851442337036
2100286  0.4348715543746948
3200114  0.43486785888671875
3400112  0.4348667860031128
4300068  0.4348599314689636
6900196  0.4348470866680145
3200286  0.4348444640636444
5000286  0.43484270572662354
3800162  0.4348408877849579
2102549  0.43483710289001465
2102261  0.4348350465297699
3400351  0.43483418226242065
3500506  0.4348317086696625
4800147  0.4348168671131134
7000439  0.4348142445087433
2103576  0.4348050057888031
7000355  0.43479520082473755
6400539  0.4347931146621704
4800038  0.4347902238368988
3300042  0.4347810447216034
3800177  0.43477490544319153
3500295  0.4347723722457886
3500098  0.434750497341156
3500393  0.434742271900177
3500577  0.43473151326179504
3000043  0.4347314238548279
7500115  0.4347306489944458
7000405  0.43472981452941895
3400199  0.43472787737846375
3500617  0.4347272217273712
3300214  0.43472057580947876
3500264  0.43471822142601013
3800148  0.43471795320510864
2102138  0.43470659852027893
3400467  0.4347047209739685
3500262  0.43470191955566406
4700039  0.4347011148929596
3400267  0.43469569087028503
2102471  0.43468019366264343
4600029  0.43467575311660767
3200181  0.43466681241989136
2101679  0.43465203046798706
2101588  0.43463194370269775
3800156  0.43462198972702026
2102282  0.4346185326576233
3900052  0.43460944294929504
3400324  0.43460768461227417
2102501  0.4346006512641907
4800107  0.4346001148223877
6000230  0.43458986282348633
2102193  0.43458572030067444
4800246  0.43455955386161804
3300319  0.4345541000366211
5900245  0.4345467686653137
3700033  0.4345396161079407
7000340  0.43453726172447205
6900332  0.43453294038772583
3200111  0.4345291554927826
2102196  0.43451592326164246
4800048  0.434514582157135
3600058  0.4345095455646515
2101677  0.43449437618255615
6000244  0.43446916341781616
3800155  0.43446794152259827
3500385  0.43443456292152405
2101733  0.434427946805954
2102217  0.43442708253860474
3200243  0.43439316749572754
2100216  0.43438777327537537
6900261  0.4343860447406769
6900407  0.4343753755092621
3100158  0.4343661665916443
4600087  0.4343503415584564
3700036  0.4343429207801819
2102267  0.43431827425956726
6400546  0.4343162477016449
5300235  0.4343125522136688
4800227  0.4343077540397644
6900367  0.43430739641189575
3400292  0.4343058168888092
7000289  0.43427279591560364
3400108  0.43426308035850525
3300313  0.4342503249645233
3400067  0.4342498183250427
3500531  0.43424078822135925
3500226  0.43423953652381897
3100041  0.43422919511795044
3300312  0.43422549962997437
5400060  0.43422505259513855
5600180  0.4342137277126312
4800149  0.43419355154037476
3300233  0.4341924786567688
3800189  0.4341898262500763
2101756  0.43417543172836304
2101673  0.43415674567222595
3400361  0.4341437816619873
2900386  0.43413206934928894
7000397  0.43408912420272827
3200140  0.4340759515762329
2102552  0.43402987718582153
7000542  0.43399733304977417
4900067  0.43399694561958313
3500312  0.433910995721817
3400242  0.43387895822525024
2101614  0.43387371301651
5800045  0.4338310658931732
5800039  0.4338076412677765
2102185  0.43370458483695984
3400468  0.433696448802948
3500254  0.4336046278476715
3400305  0.43353071808815
6600036  0.43342843651771545
3500120  0.4334247410297394
2102149  0.4334113895893097
7000458  0.43340790271759033
3400325  0.43328654766082764
3300309  0.43323346972465515
6900384  0.4329468309879303
4800230  0.43252357840538025
