1800931  1.0
1800932  1.0
1800933  1.0
1800946  1.0
1800947  1.0
4700670  1.0
4701398  1.0
4701423  1.0
4701448  1.0
4702049  1.0
4702050  1.0
4702051  1.0
4702613  1.0
5200089  1.0
5200090  1.0
5200091  1.0
5200092  1.0
5200109  1.0
5200110  1.0
5800230  1.0
5800231  1.0
5800233  1.0
5800234  1.0
5800239  1.0
5800241  1.0
5800242  1.0
5800245  1.0
5800246  1.0
5800247  1.0
5800248  1.0
5800250  1.0
5800252  1.0
5800266  1.0
5800267  1.0
5800268  1.0
5800269  1.0
5800272  1.0
5800280  1.0
8900153  1.0
4702611  0.75
4702612  0.75
8900152  0.75
4700706  0.6666666666666667
4700551  0.5
8500694  0.5
8500695  0.5
8500696  0.5
8500699  0.5
8500702  0.5
5800126  0.33333333333333337
5800134  0.33333333333333337
5800151  0.33333333333333337
5800152  0.33333333333333337
5800153  0.33333333333333337
4700731  0.2857142857142857
4700732  0.2857142857142857
4700735  0.2857142857142857
7100472  0.18181818181818177
8300146  0.18181818181818177
1800504  0.1578947368421053
1800505  0.1578947368421053
1800519  0.1578947368421053
1800522  0.1578947368421053
1800523  0.1578947368421053
1800524  0.1578947368421053
1800525  0.1578947368421053
1800529  0.1578947368421053
2600192  0.1428571428571429
1900062  0.125
1900063  0.125
1900064  0.125
1800963  0.09999999999999998
1800966  0.09999999999999998
1800969  0.09999999999999998
1800970  0.09999999999999998
1800985  0.09999999999999998
1800986  0.09999999999999998
1800988  0.09999999999999998
1800989  0.09999999999999998
1800990  0.09999999999999998
1800991  0.09999999999999998
1801005  0.09999999999999998
1801018  0.09999999999999998
1101195  0.09677419354838712
1101197  0.09677419354838712
1101252  0.09677419354838712
1101305  0.09677419354838712
1101306  0.09677419354838712
1101308  0.09677419354838712
1101309  0.09677419354838712
1101312  0.09677419354838712
1101343  0.09677419354838712
1101344  0.09677419354838712
6200105  0.09677419354838712
6200108  0.09677419354838712
6200109  0.09677419354838712
6200274  0.09677419354838712
6600061  0.09677419354838712
6600062  0.09677419354838712
6600063  0.09677419354838712
6600075  0.09677419354838712
6600076  0.09677419354838712
6600078  0.09677419354838712
6600079  0.09677419354838712
6700165  0.09677419354838712
6700186  0.09677419354838712
6700187  0.09677419354838712
6700188  0.09677419354838712
6700189  0.09677419354838712
6700190  0.09677419354838712
6700191  0.09677419354838712
6700192  0.09677419354838712
6700193  0.09677419354838712
6700195  0.09677419354838712
6700196  0.09677419354838712
6700197  0.09677419354838712
6700239  0.09677419354838712
6700241  0.09677419354838712
6700242  0.09677419354838712
6700243  0.09677419354838712
6700244  0.09677419354838712
6700245  0.09677419354838712
6700247  0.09677419354838712
6700248  0.09677419354838712
6700251  0.09677419354838712
6700252  0.09677419354838712
6700268  0.09677419354838712
6700269  0.09677419354838712
6700271  0.09677419354838712
6900439  0.09677419354838712
6900440  0.09677419354838712
6900441  0.09677419354838712
6900442  0.09677419354838712
6900443  0.09677419354838712
6900454  0.09677419354838712
6900455  0.09677419354838712
6900458  0.09677419354838712
6900459  0.09677419354838712
6900477  0.09677419354838712
6900494  0.09677419354838712
6900495  0.09677419354838712
6900496  0.09677419354838712
6900497  0.09677419354838712
6900498  0.09677419354838712
6900500  0.09677419354838712
6900501  0.09677419354838712
6900502  0.09677419354838712
6900506  0.09677419354838712
6900555  0.09677419354838712
6900558  0.09677419354838712
6900559  0.09677419354838712
6900560  0.09677419354838712
6900563  0.09677419354838712
6900564  0.09677419354838712
6900565  0.09677419354838712
6900566  0.09677419354838712
6900570  0.09677419354838712
6900571  0.09677419354838712
6900575  0.09677419354838712
6900576  0.09677419354838712
6900577  0.09677419354838712
6900578  0.09677419354838712
6900584  0.09677419354838712
6900585  0.09677419354838712
6900590  0.09677419354838712
6900602  0.09677419354838712
6900603  0.09677419354838712
6900604  0.09677419354838712
6900605  0.09677419354838712
6900606  0.09677419354838712
6900607  0.09677419354838712
6900608  0.09677419354838712
6900612  0.09677419354838712
6900616  0.09677419354838712
6900617  0.09677419354838712
6900618  0.09677419354838712
6900620  0.09677419354838712
6900621  0.09677419354838712
6900622  0.09677419354838712
6900623  0.09677419354838712
6900637  0.09677419354838712
6900638  0.09677419354838712
8400067  0.09677419354838712
1101204  0.09375
1101205  0.09375
1101207  0.09375
1101210  0.09375
1101254  0.09375
1101257  0.09375
1101258  0.09375
1101313  0.09375
1101314  0.09375
1101315  0.09375
1101317  0.09375
1101318  0.09375
1101320  0.09375
1600239  0.09375
3000072  0.09375
3000073  0.09375
7100388  0.09375
7100389  0.09375
7100390  0.09375
7100391  0.09375
7100396  0.09375
7100397  0.09375
7100398  0.09375
7100399  0.09375
7100406  0.09375
7100469  0.09375
7100470  0.09375
7100471  0.09375
7100507  0.09375
7100508  0.09375
7100509  0.09375
7100510  0.09375
7100511  0.09375
7100513  0.09375
7100514  0.09375
7100515  0.09375
7100516  0.09375
7100517  0.09375
7100518  0.09375
7100520  0.09375
7100521  0.09375
7200118  0.09375
7200121  0.09375
7200122  0.09375
7200131  0.09375
7200168  0.09375
7200169  0.09375
7200170  0.09375
7200207  0.09375
7200208  0.09375
7200209  0.09375
7200210  0.09375
7200211  0.09375
7200215  0.09375
7200216  0.09375
7200217  0.09375
7200218  0.09375
7200219  0.09375
7200220  0.09375
7200221  0.09375
7200236  0.09375
7200237  0.09375
7200241  0.09375
8200416  0.09375
8300123  0.09375
8300142  0.09375
8300143  0.09375
8300145  0.09375
1100457  0.09090909090909094
1101136  0.09090909090909094
1101140  0.09090909090909094
1101146  0.09090909090909094
1101147  0.09090909090909094
1101149  0.09090909090909094
1101152  0.09090909090909094
1101153  0.09090909090909094
1101154  0.09090909090909094
1101157  0.09090909090909094
1101171  0.09090909090909094
1101186  0.09090909090909094
1101187  0.09090909090909094
1101188  0.09090909090909094
1101190  0.09090909090909094
1101191  0.09090909090909094
1101194  0.09090909090909094
1101202  0.09090909090909094
1101203  0.09090909090909094
1101212  0.09090909090909094
1101215  0.09090909090909094
1101216  0.09090909090909094
1101219  0.09090909090909094
1101240  0.09090909090909094
1101241  0.09090909090909094
1101242  0.09090909090909094
1101245  0.09090909090909094
1101246  0.09090909090909094
1101251  0.09090909090909094
1101261  0.09090909090909094
1101282  0.09090909090909094
1101285  0.09090909090909094
1101288  0.09090909090909094
1101289  0.09090909090909094
1101290  0.09090909090909094
1101291  0.09090909090909094
1101294  0.09090909090909094
1101295  0.09090909090909094
1101298  0.09090909090909094
1101301  0.09090909090909094
1101302  0.09090909090909094
1101303  0.09090909090909094
1101304  0.09090909090909094
1101341  0.09090909090909094
1101342  0.09090909090909094
1101346  0.09090909090909094
1101539  0.09090909090909094
1101540  0.09090909090909094
1101546  0.09090909090909094
1300077  0.09090909090909094
1300078  0.09090909090909094
1300079  0.09090909090909094
1300080  0.09090909090909094
1500206  0.09090909090909094
1500231  0.09090909090909094
1600383  0.09090909090909094
1600384  0.09090909090909094
1600385  0.09090909090909094
1600386  0.09090909090909094
1600401  0.09090909090909094
1600402  0.09090909090909094
1600403  0.09090909090909094
1600404  0.09090909090909094
1600416  0.09090909090909094
1600419  0.09090909090909094
1600422  0.09090909090909094
1600423  0.09090909090909094
1600424  0.09090909090909094
1600425  0.09090909090909094
1600426  0.09090909090909094
1600427  0.09090909090909094
1600428  0.09090909090909094
1600429  0.09090909090909094
1600430  0.09090909090909094
1600437  0.09090909090909094
1600440  0.09090909090909094
1600441  0.09090909090909094
1600442  0.09090909090909094
1600445  0.09090909090909094
1600446  0.09090909090909094
1600448  0.09090909090909094
1600452  0.09090909090909094
1600455  0.09090909090909094
1600456  0.09090909090909094
1600457  0.09090909090909094
1600460  0.09090909090909094
1600461  0.09090909090909094
1600463  0.09090909090909094
1600474  0.09090909090909094
1600475  0.09090909090909094
1600476  0.09090909090909094
1600477  0.09090909090909094
1600478  0.09090909090909094
1600489  0.09090909090909094
1600490  0.09090909090909094
1600491  0.09090909090909094
1600492  0.09090909090909094
1600493  0.09090909090909094
1600506  0.09090909090909094
1600507  0.09090909090909094
1600520  0.09090909090909094
1600521  0.09090909090909094
1600534  0.09090909090909094
1600535  0.09090909090909094
1600545  0.09090909090909094
1600546  0.09090909090909094
1800491  0.09090909090909094
2600381  0.09090909090909094
2600382  0.09090909090909094
2600385  0.09090909090909094
2600396  0.09090909090909094
2600397  0.09090909090909094
2600400  0.09090909090909094
2600411  0.09090909090909094
2600412  0.09090909090909094
2600415  0.09090909090909094
2600426  0.09090909090909094
2600427  0.09090909090909094
2600430  0.09090909090909094
2600441  0.09090909090909094
2600442  0.09090909090909094
2600445  0.09090909090909094
2600456  0.09090909090909094
2600457  0.09090909090909094
2600460  0.09090909090909094
2600471  0.09090909090909094
2600472  0.09090909090909094
2600475  0.09090909090909094
2600486  0.09090909090909094
2600487  0.09090909090909094
2600490  0.09090909090909094
2600501  0.09090909090909094
2600512  0.09090909090909094
2600523  0.09090909090909094
2600535  0.09090909090909094
2600545  0.09090909090909094
2600546  0.09090909090909094
2600547  0.09090909090909094
2600548  0.09090909090909094
2600549  0.09090909090909094
2600550  0.09090909090909094
2600551  0.09090909090909094
2600552  0.09090909090909094
2700255  0.09090909090909094
2700258  0.09090909090909094
2700259  0.09090909090909094
2700261  0.09090909090909094
2700262  0.09090909090909094
2700439  0.09090909090909094
2700440  0.09090909090909094
2700442  0.09090909090909094
2700443  0.09090909090909094
3000081  0.09090909090909094
3000082  0.09090909090909094
3000083  0.09090909090909094
3000084  0.09090909090909094
3000092  0.09090909090909094
3000110  0.09090909090909094
6200085  0.09090909090909094
6200086  0.09090909090909094
6200087  0.09090909090909094
6200088  0.09090909090909094
6200119  0.09090909090909094
6200120  0.09090909090909094
6200128  0.09090909090909094
6200129  0.09090909090909094
6200162  0.09090909090909094
6200163  0.09090909090909094
6200164  0.09090909090909094
6200165  0.09090909090909094
6200166  0.09090909090909094
6200167  0.09090909090909094
6200168  0.09090909090909094
6200169  0.09090909090909094
6200170  0.09090909090909094
6200171  0.09090909090909094
6200210  0.09090909090909094
6200211  0.09090909090909094
6200230  0.09090909090909094
6200231  0.09090909090909094
6200232  0.09090909090909094
6200233  0.09090909090909094
6200234  0.09090909090909094
6200235  0.09090909090909094
6200236  0.09090909090909094
6200237  0.09090909090909094
6200238  0.09090909090909094
6200239  0.09090909090909094
6200245  0.09090909090909094
6200248  0.09090909090909094
6200249  0.09090909090909094
6200251  0.09090909090909094
6200266  0.09090909090909094
6200267  0.09090909090909094
6200268  0.09090909090909094
6200270  0.09090909090909094
6200285  0.09090909090909094
6200289  0.09090909090909094
6200306  0.09090909090909094
6200307  0.09090909090909094
6200308  0.09090909090909094
6400107  0.09090909090909094
6400108  0.09090909090909094
6400111  0.09090909090909094
6400114  0.09090909090909094
6400117  0.09090909090909094
6400118  0.09090909090909094
6400119  0.09090909090909094
6400120  0.09090909090909094
6400156  0.09090909090909094
6400157  0.09090909090909094
6400158  0.09090909090909094
6400159  0.09090909090909094
6400160  0.09090909090909094
6400161  0.09090909090909094
6400162  0.09090909090909094
6400164  0.09090909090909094
6400165  0.09090909090909094
6400167  0.09090909090909094
6400177  0.09090909090909094
6400178  0.09090909090909094
6400179  0.09090909090909094
6400180  0.09090909090909094
6400181  0.09090909090909094
6400182  0.09090909090909094
6400183  0.09090909090909094
6400184  0.09090909090909094
6400185  0.09090909090909094
6400186  0.09090909090909094
6400227  0.09090909090909094
6400228  0.09090909090909094
6400229  0.09090909090909094
6400230  0.09090909090909094
6400231  0.09090909090909094
6400233  0.09090909090909094
6400234  0.09090909090909094
6500078  0.09090909090909094
6500081  0.09090909090909094
6500125  0.09090909090909094
6500126  0.09090909090909094
6500137  0.09090909090909094
6500138  0.09090909090909094
6500141  0.09090909090909094
6500144  0.09090909090909094
6500147  0.09090909090909094
6500148  0.09090909090909094
6500149  0.09090909090909094
6500150  0.09090909090909094
6500151  0.09090909090909094
6500206  0.09090909090909094
6500207  0.09090909090909094
6500208  0.09090909090909094
6500211  0.09090909090909094
6500221  0.09090909090909094
6500222  0.09090909090909094
6500223  0.09090909090909094
6500224  0.09090909090909094
6500237  0.09090909090909094
6500238  0.09090909090909094
6500239  0.09090909090909094
6500240  0.09090909090909094
6500242  0.09090909090909094
6500249  0.09090909090909094
6700091  0.09090909090909094
6700092  0.09090909090909094
6700093  0.09090909090909094
6700094  0.09090909090909094
6700288  0.09090909090909094
6700289  0.09090909090909094
6700293  0.09090909090909094
6700295  0.09090909090909094
6700297  0.09090909090909094
6700304  0.09090909090909094
6700476  0.09090909090909094
6700480  0.09090909090909094
6700483  0.09090909090909094
6700485  0.09090909090909094
6700487  0.09090909090909094
6700495  0.09090909090909094
6700497  0.09090909090909094
6700499  0.09090909090909094
6700518  0.09090909090909094
6700521  0.09090909090909094
6700522  0.09090909090909094
6700524  0.09090909090909094
6700602  0.09090909090909094
6700603  0.09090909090909094
6700604  0.09090909090909094
6700605  0.09090909090909094
6700606  0.09090909090909094
6700607  0.09090909090909094
6700608  0.09090909090909094
6700609  0.09090909090909094
6700610  0.09090909090909094
6700611  0.09090909090909094
6700612  0.09090909090909094
6700613  0.09090909090909094
6700615  0.09090909090909094
6700624  0.09090909090909094
6700634  0.09090909090909094
6700641  0.09090909090909094
6700648  0.09090909090909094
6700655  0.09090909090909094
6700659  0.09090909090909094
6700669  0.09090909090909094
6700670  0.09090909090909094
6700671  0.09090909090909094
7000060  0.09090909090909094
7000149  0.09090909090909094
7000150  0.09090909090909094
7000153  0.09090909090909094
7000156  0.09090909090909094
7000157  0.09090909090909094
7000158  0.09090909090909094
7000159  0.09090909090909094
7000160  0.09090909090909094
7000161  0.09090909090909094
7000162  0.09090909090909094
7000170  0.09090909090909094
7000179  0.09090909090909094
7000188  0.09090909090909094
7000197  0.09090909090909094
7000206  0.09090909090909094
7000215  0.09090909090909094
7800145  0.09090909090909094
7800166  0.09090909090909094
7800167  0.09090909090909094
7800168  0.09090909090909094
7800169  0.09090909090909094
7800170  0.09090909090909094
7800171  0.09090909090909094
7800172  0.09090909090909094
7800173  0.09090909090909094
7800174  0.09090909090909094
7800175  0.09090909090909094
7800176  0.09090909090909094
7800180  0.09090909090909094
7800184  0.09090909090909094
7800188  0.09090909090909094
7800192  0.09090909090909094
8000055  0.09090909090909094
8000059  0.09090909090909094
8000063  0.09090909090909094
8000074  0.09090909090909094
8000075  0.09090909090909094
8000076  0.09090909090909094
8100072  0.09090909090909094
8100073  0.09090909090909094
8100074  0.09090909090909094
8100075  0.09090909090909094
8100076  0.09090909090909094
8100085  0.09090909090909094
8100094  0.09090909090909094
8100095  0.09090909090909094
8400057  0.09090909090909094
8400058  0.09090909090909094
8400059  0.09090909090909094
4500065  0.08823529411764708
4500066  0.08823529411764708
4500067  0.08823529411764708
4500104  0.08823529411764708
2800137  0.08571428571428574
2000090  0.08333333333333337
2000092  0.08333333333333337
2000141  0.08333333333333337
2000142  0.08333333333333337
2000143  0.08333333333333337
2100082  0.08333333333333337
2100084  0.08333333333333337
2100087  0.08333333333333337
2100090  0.08333333333333337
2100095  0.08333333333333337
2100096  0.08333333333333337
2100097  0.08333333333333337
2100099  0.08333333333333337
2500059  0.08333333333333337
2500063  0.08333333333333337
2500081  0.08333333333333337
2500082  0.08333333333333337
2500083  0.08333333333333337
2500084  0.08333333333333337
4700246  0.08333333333333337
4700250  0.08333333333333337
4700253  0.08333333333333337
4700257  0.08333333333333337
4700260  0.08333333333333337
4700264  0.08333333333333337
4700316  0.08333333333333337
4700319  0.08333333333333337
4700322  0.08333333333333337
4700365  0.08333333333333337
4700383  0.08333333333333337
4700389  0.08333333333333337
4700395  0.08333333333333337
4700398  0.08333333333333337
4700401  0.08333333333333337
4700456  0.08333333333333337
4700492  0.08333333333333337
4700493  0.08333333333333337
4700494  0.08333333333333337
4700497  0.08333333333333337
4700499  0.08333333333333337
4700500  0.08333333333333337
4700501  0.08333333333333337
4700502  0.08333333333333337
4700503  0.08333333333333337
4700505  0.08333333333333337
4700506  0.08333333333333337
4700508  0.08333333333333337
4700509  0.08333333333333337
4700510  0.08333333333333337
4700512  0.08333333333333337
4700513  0.08333333333333337
4700515  0.08333333333333337
4700517  0.08333333333333337
4700518  0.08333333333333337
4700519  0.08333333333333337
4700520  0.08333333333333337
4700521  0.08333333333333337
4700522  0.08333333333333337
4700523  0.08333333333333337
4700524  0.08333333333333337
4700525  0.08333333333333337
4700527  0.08333333333333337
4700528  0.08333333333333337
4700530  0.08333333333333337
4700532  0.08333333333333337
4700533  0.08333333333333337
4700534  0.08333333333333337
4700535  0.08333333333333337
4700536  0.08333333333333337
4700537  0.08333333333333337
4700539  0.08333333333333337
4700540  0.08333333333333337
4700541  0.08333333333333337
4800060  0.08333333333333337
4800061  0.08333333333333337
4800062  0.08333333333333337
4900054  0.08333333333333337
4900062  0.08333333333333337
4900063  0.08333333333333337
6800075  0.08333333333333337
6800076  0.08333333333333337
6800077  0.08333333333333337
8700077  0.08333333333333337
8700078  0.08333333333333337
8700079  0.08333333333333337
2600184  0.07894736842105265
2600187  0.07894736842105265
2600188  0.07894736842105265
2600191  0.07894736842105265
2600181  0.06666666666666665
6300057  0.038961038961038974
6300061  0.038961038961038974
6300065  0.038961038961038974
6300069  0.038961038961038974
6300073  0.038961038961038974
6300077  0.038961038961038974
6300081  0.038961038961038974
6300085  0.038961038961038974
6300089  0.038961038961038974
6300100  0.038961038961038974
6300101  0.038961038961038974
6300102  0.038961038961038974
1100393  0.03157894736842104
1100394  0.03157894736842104
1100395  0.03157894736842104
1100396  0.03157894736842104
1100397  0.03157894736842104
1100398  0.03157894736842104
1100399  0.03157894736842104
1400064  0.03157894736842104
1400065  0.03157894736842104
1400066  0.03157894736842104
1500131  0.03157894736842104
1500134  0.03157894736842104
1500216  0.03157894736842104
1500219  0.03157894736842104
1500220  0.03157894736842104
1500221  0.03157894736842104
1500223  0.03157894736842104
1500357  0.03157894736842104
1500358  0.03157894736842104
1500359  0.03157894736842104
1500366  0.03157894736842104
1600209  0.03157894736842104
1600212  0.03157894736842104
1600213  0.03157894736842104
1600251  0.03157894736842104
1600254  0.03157894736842104
1600255  0.03157894736842104
7100108  0.03157894736842104
7100112  0.03157894736842104
7100162  0.03157894736842104
7100163  0.03157894736842104
7100175  0.03157894736842104
7100176  0.03157894736842104
7100177  0.03157894736842104
7100178  0.03157894736842104
7100179  0.03157894736842104
7100180  0.03157894736842104
7100181  0.03157894736842104
7100182  0.03157894736842104
7100183  0.03157894736842104
7100184  0.03157894736842104
7100185  0.03157894736842104
7100186  0.03157894736842104
7100187  0.03157894736842104
7100188  0.03157894736842104
7100229  0.03157894736842104
7100230  0.03157894736842104
7100231  0.03157894736842104
7200095  0.03157894736842104
7200096  0.03157894736842104
7200099  0.03157894736842104
7200100  0.03157894736842104
7200101  0.03157894736842104
7900078  0.03157894736842104
7900079  0.03157894736842104
8200080  0.03157894736842104
8200081  0.03157894736842104
8200092  0.03157894736842104
8200093  0.03157894736842104
8200094  0.03157894736842104
8200095  0.03157894736842104
8200096  0.03157894736842104
8200097  0.03157894736842104
8300082  0.03157894736842104
8300084  0.03157894736842104
8300093  0.03157894736842104
8300094  0.03157894736842104
8300097  0.03157894736842104
8300100  0.03157894736842104
8300103  0.03157894736842104
8300104  0.03157894736842104
8300105  0.03157894736842104
8300106  0.03157894736842104
2700080  0.02857142857142858
1100404  0.028037383177570097
1100407  0.028037383177570097
1100408  0.028037383177570097
6900126  0.02752293577981646
6900130  0.02752293577981646
6900160  0.02752293577981646
6900187  0.02752293577981646
6900190  0.02752293577981646
6900211  0.02752293577981646
6900213  0.02752293577981646
6900216  0.02752293577981646
6900219  0.02752293577981646
6900222  0.02752293577981646
6900223  0.02752293577981646
6900224  0.02752293577981646
6900228  0.02752293577981646
6900229  0.02752293577981646
6900230  0.02752293577981646
6900231  0.02752293577981646
6900232  0.02752293577981646
6900234  0.02752293577981646
1100298  0.02631578947368418
1100301  0.02631578947368418
1100364  0.02631578947368418
1100366  0.02631578947368418
1100371  0.02631578947368418
1100372  0.02631578947368418
1100373  0.02631578947368418
1100376  0.02631578947368418
1100380  0.02631578947368418
1100381  0.02631578947368418
1100382  0.02631578947368418
1100384  0.02631578947368418
1100386  0.02631578947368418
1100387  0.02631578947368418
1100389  0.02631578947368418
1100392  0.02631578947368418
1100403  0.02631578947368418
1100411  0.02631578947368418
1100413  0.02631578947368418
1100414  0.02631578947368418
1100415  0.02631578947368418
1100417  0.02631578947368418
1500096  0.02631578947368418
1500100  0.02631578947368418
1500104  0.02631578947368418
1500107  0.02631578947368418
1500172  0.02631578947368418
1500175  0.02631578947368418
1500178  0.02631578947368418
1500183  0.02631578947368418
1500187  0.02631578947368418
1500191  0.02631578947368418
1500192  0.02631578947368418
1500193  0.02631578947368418
1500194  0.02631578947368418
1500195  0.02631578947368418
1500196  0.02631578947368418
1500198  0.02631578947368418
1500337  0.02631578947368418
1500338  0.02631578947368418
1600109  0.02631578947368418
1600110  0.02631578947368418
1600111  0.02631578947368418
1600112  0.02631578947368418
1600113  0.02631578947368418
1600114  0.02631578947368418
1600115  0.02631578947368418
1600116  0.02631578947368418
1600117  0.02631578947368418
1600277  0.02631578947368418
1600280  0.02631578947368418
1600281  0.02631578947368418
2200057  0.02631578947368418
2200061  0.02631578947368418
2200065  0.02631578947368418
2200076  0.02631578947368418
2200077  0.02631578947368418
2200078  0.02631578947368418
3100057  0.02631578947368418
3100061  0.02631578947368418
3100065  0.02631578947368418
3100076  0.02631578947368418
3100077  0.02631578947368418
3100078  0.02631578947368418
7800071  0.02631578947368418
7800128  0.02631578947368418
7800129  0.02631578947368418
7800132  0.02631578947368418
7800135  0.02631578947368418
7800136  0.02631578947368418
7800137  0.02631578947368418
1100243  0.02608695652173909
1100246  0.02608695652173909
1100250  0.02608695652173909
1100253  0.02608695652173909
3300067  0.02608695652173909
3300069  0.02608695652173909
3300111  0.02608695652173909
3300112  0.02608695652173909
3300129  0.02608695652173909
3300130  0.02608695652173909
3300147  0.02608695652173909
3300148  0.02608695652173909
3400145  0.02608695652173909
3400146  0.02608695652173909
3400147  0.02608695652173909
3400148  0.02608695652173909
3400198  0.02608695652173909
3400199  0.02608695652173909
3400207  0.02608695652173909
3400208  0.02608695652173909
3400216  0.02608695652173909
3400217  0.02608695652173909
3400225  0.02608695652173909
3400226  0.02608695652173909
3400234  0.02608695652173909
3400235  0.02608695652173909
3500082  0.02608695652173909
3500084  0.02608695652173909
3500128  0.02608695652173909
3500129  0.02608695652173909
3500137  0.02608695652173909
3500138  0.02608695652173909
3500146  0.02608695652173909
3500147  0.02608695652173909
3500155  0.02608695652173909
3500156  0.02608695652173909
3700052  0.02608695652173909
3700799  0.02608695652173909
3700800  0.02608695652173909
3700802  0.02608695652173909
3700822  0.02608695652173909
3800063  0.02608695652173909
3800064  0.02608695652173909
3800065  0.02608695652173909
3800066  0.02608695652173909
8800044  0.02608695652173909
8800052  0.02608695652173909
8800056  0.02608695652173909
1800870  0.025862068965517238
1800871  0.025862068965517238
2800057  0.025862068965517238
2800061  0.025862068965517238
2800065  0.025862068965517238
2800069  0.025862068965517238
2800080  0.025862068965517238
2800081  0.025862068965517238
2800082  0.025862068965517238
2900063  0.025862068965517238
2900067  0.025862068965517238
2900071  0.025862068965517238
2900075  0.025862068965517238
2900079  0.025862068965517238
2900083  0.025862068965517238
2900087  0.025862068965517238
2900091  0.025862068965517238
2900095  0.025862068965517238
2900106  0.025862068965517238
2900107  0.025862068965517238
2900108  0.025862068965517238
4400099  0.02564102564102566
4400108  0.02564102564102566
4200057  0.023809523809523836
4200061  0.023809523809523836
4200072  0.023809523809523836
4200073  0.023809523809523836
4200074  0.023809523809523836
4400083  0.023622047244094446
4400084  0.023622047244094446
4400089  0.023622047244094446
4400090  0.023622047244094446
4400091  0.023622047244094446
5600058  0.020270270270270285
5600062  0.020270270270270285
5600066  0.020270270270270285
5600070  0.020270270270270285
5600074  0.020270270270270285
5600078  0.020270270270270285
5600082  0.020270270270270285
5600086  0.020270270270270285
5600089  0.020270270270270285
5600093  0.020270270270270285
5600097  0.020270270270270285
5600101  0.020270270270270285
5600105  0.020270270270270285
5600109  0.020270270270270285
5600113  0.020270270270270285
5600124  0.020270270270270285
5600125  0.020270270270270285
5600126  0.020270270270270285
1700064  0.019736842105263164
1700065  0.019736842105263164
1700066  0.019736842105263164
1800890  0.019736842105263164
1800891  0.019736842105263164
1800896  0.019736842105263164
1800193  0.019108280254777066
1800196  0.019108280254777066
1800200  0.019108280254777066
1800203  0.019108280254777066
1800212  0.019108280254777066
1800221  0.019108280254777066
1800225  0.019108280254777066
1800266  0.019108280254777066
1800269  0.019108280254777066
1800286  0.019108280254777066
1800288  0.019108280254777066
1800289  0.019108280254777066
1800290  0.019108280254777066
1800291  0.019108280254777066
1800292  0.019108280254777066
1800293  0.019108280254777066
1800294  0.019108280254777066
1800295  0.019108280254777066
1800296  0.019108280254777066
1800298  0.019108280254777066
1800299  0.019108280254777066
1800300  0.019108280254777066
1800302  0.019108280254777066
1800304  0.019108280254777066
1800306  0.019108280254777066
5900083  0.019108280254777066
5900087  0.019108280254777066
5900091  0.019108280254777066
5900095  0.019108280254777066
5900100  0.019108280254777066
5900105  0.019108280254777066
5900150  0.019108280254777066
5900156  0.019108280254777066
5900197  0.019108280254777066
5900199  0.019108280254777066
5900200  0.019108280254777066
5900201  0.019108280254777066
5900202  0.019108280254777066
5900203  0.019108280254777066
5900204  0.019108280254777066
5900205  0.019108280254777066
5900289  0.019108280254777066
5900291  0.019108280254777066
5900292  0.019108280254777066
5900293  0.019108280254777066
5900294  0.019108280254777066
5900297  0.019108280254777066
5900299  0.019108280254777066
5900302  0.019108280254777066
5900303  0.019108280254777066
5900304  0.019108280254777066
5900307  0.019108280254777066
5900308  0.019108280254777066
5900309  0.019108280254777066
5900312  0.019108280254777066
5900315  0.019108280254777066
5900316  0.019108280254777066
5900317  0.019108280254777066
5900320  0.019108280254777066
5900323  0.019108280254777066
5900324  0.019108280254777066
5900325  0.019108280254777066
5900328  0.019108280254777066
5900331  0.019108280254777066
5900332  0.019108280254777066
5900333  0.019108280254777066
5900335  0.019108280254777066
5900517  0.019108280254777066
5900532  0.019108280254777066
8600059  0.019108280254777066
8600062  0.019108280254777066
8600065  0.019108280254777066
8600068  0.019108280254777066
8600071  0.019108280254777066
8600074  0.019108280254777066
8600077  0.019108280254777066
8600080  0.019108280254777066
8600083  0.019108280254777066
8600086  0.019108280254777066
8600089  0.019108280254777066
8600092  0.019108280254777066
8600095  0.019108280254777066
8600098  0.019108280254777066
8600101  0.019108280254777066
8600104  0.019108280254777066
8600107  0.019108280254777066
8600110  0.019108280254777066
8600113  0.019108280254777066
8600116  0.019108280254777066
8600119  0.019108280254777066
8600122  0.019108280254777066
8600125  0.019108280254777066
8600128  0.019108280254777066
8600151  0.019108280254777066
2600065  0.01754385964912286
2600102  0.01754385964912286
2600103  0.01754385964912286
2600116  0.01754385964912286
2600117  0.01754385964912286
2600120  0.01754385964912286
2600121  0.01754385964912286
2600122  0.01754385964912286
2600123  0.01754385964912286
2600124  0.01754385964912286
2600125  0.01754385964912286
2300056  0.017142857142857126
2300059  0.017142857142857126
2300069  0.017142857142857126
2300070  0.017142857142857126
2300071  0.017142857142857126
2400068  0.016393442622950838
2400071  0.016393442622950838
2400077  0.016393442622950838
2400078  0.016393442622950838
2400086  0.016393442622950838
2400087  0.016393442622950838
2400095  0.016393442622950838
2400096  0.016393442622950838
2400097  0.016393442622950838
2400098  0.016393442622950838
3200058  0.016393442622950838
3200059  0.016393442622950838
1000069  0.01621621621621616
1000070  0.01621621621621616
1000093  0.01621621621621616
1000094  0.01621621621621616
1000095  0.01621621621621616
1000096  0.01621621621621616
1200055  0.01621621621621616
1200059  0.01621621621621616
1200063  0.01621621621621616
1200074  0.01621621621621616
1200075  0.01621621621621616
1200076  0.01621621621621616
