1400148  0.6445091366767883
1400140  0.6415700316429138
1400224  0.6410282850265503
1400117  0.6409506797790527
1400145  0.6408926248550415
1400134  0.6408281922340393
1400152  0.6407914757728577
1400143  0.640709400177002
1000033  0.6406984329223633
1400215  0.6404892206192017
1400241  0.6403893232345581
1600118  0.6401280164718628
1400200  0.6400948166847229
1400151  0.64007967710495
1400142  0.6399848461151123
5000094  0.6398534774780273
1400038  0.6397766470909119
1000027  0.6396282911300659
1400114  0.6395308971405029
1400154  0.6393358707427979
5000282  0.6391631960868835
5000158  0.6386164426803589
4900481  0.6385902166366577
1600122  0.6385164260864258
1400192  0.6385087370872498
1400158  0.6384791135787964
1500138  0.6384300589561462
5000263  0.6383561491966248
1400118  0.6382821798324585
1400136  0.638272225856781
1500137  0.6381941437721252
1400181  0.6381797790527344
1400133  0.6381570100784302
1400219  0.6380836963653564
1500130  0.6380589604377747
4900482  0.6380093097686768
1400190  0.6379138827323914
1400116  0.6378757953643799
1400184  0.6378483772277832
5000189  0.6378427743911743
5000134  0.6377744674682617
1900057  0.6377303600311279
1500142  0.637724757194519
1400172  0.6377036571502686
1400234  0.6377033591270447
1500129  0.6376758813858032
3400076  0.6376361846923828
1400060  0.6376298069953918
5000069  0.6376002430915833
5000102  0.6375378966331482
2500240  0.6375307440757751
2500277  0.637523353099823
1400102  0.6375102400779724
1400045  0.6374427676200867
1400127  0.6373297572135925
5000186  0.6372995972633362
1600103  0.6372793316841125
5000198  0.6372408270835876
1400162  0.6372319459915161
5000139  0.637200653553009
1400043  0.6371621489524841
5000229  0.6371606588363647
4800053  0.6371337175369263
1400066  0.6371320486068726
4800125  0.6371228098869324
4900275  0.6370957493782043
5000092  0.6370930671691895
1400237  0.6370605826377869
1400106  0.6370517015457153
1400044  0.6369802355766296
1500126  0.6369532346725464
4200069  0.6369504332542419
1400242  0.6369360685348511
1400135  0.6369175910949707
1400208  0.6368762850761414
1600102  0.6368659138679504
4800122  0.6368452310562134
5000140  0.6368176341056824
5000265  0.6367897391319275
5000081  0.6367754340171814
1600117  0.6367424726486206
5000241  0.6367325782775879
1500143  0.6367223262786865
1500197  0.6366941928863525
5000237  0.6366594433784485
5000125  0.6366592049598694
1400207  0.6366564035415649
3400084  0.6365648508071899
1400139  0.6365559697151184
3300099  0.6365556716918945
1400175  0.6364677548408508
5000194  0.6364533305168152
3400205  0.6363961100578308
1600078  0.6363943815231323
5000248  0.6363937854766846
1400226  0.6363875865936279
5000154  0.6363803744316101
5000119  0.6363692283630371
5000040  0.6363350749015808
1400214  0.6362950205802917
1400115  0.6362648010253906
4600073  0.6362528204917908
3700077  0.6362372040748596
1500127  0.636234700679779
1400227  0.6362234354019165
1600082  0.6362146139144897
1400120  0.6361926794052124
1400173  0.6361894607543945
5000104  0.6361815929412842
4300066  0.6361633539199829
5000145  0.6361154913902283
4100060  0.6360853314399719
1400216  0.6360756158828735
3500057  0.6360427737236023
1400146  0.6360359787940979
5000197  0.6360141634941101
1400129  0.6359977126121521
1400099  0.6359899044036865
5000116  0.6359809637069702
2500285  0.6359809041023254
2500158  0.6359798908233643
1400061  0.6359691023826599
5000118  0.6359661817550659
5000086  0.6359618306159973
1400197  0.635961651802063
2500308  0.6359416246414185
3400214  0.635935366153717
5000244  0.6359258890151978
5000260  0.6359223127365112
1400048  0.6359094977378845
1000030  0.6359079480171204
5000156  0.6358863711357117
5000143  0.6358790397644043
5000072  0.6358651518821716
4700052  0.6358407735824585
5000050  0.6358349323272705
1400230  0.6358250975608826
1400126  0.6358102560043335
1500152  0.6358054876327515
1400159  0.6357915997505188
3400255  0.6357801556587219
1400206  0.6357751488685608
1400165  0.6357451677322388
5000117  0.6357371807098389
1400201  0.6357357501983643
5000106  0.6357325911521912
1400212  0.6357296109199524
1400233  0.6357272267341614
5000276  0.6357160806655884
4400065  0.6356768012046814
4600399  0.6356459259986877
1400141  0.6356308460235596
1400107  0.6355980634689331
5000239  0.6355539560317993
1400229  0.6355494856834412
1400130  0.6355457305908203
5000136  0.6355345845222473
5000162  0.6355205178260803
5700028  0.6355159878730774
5000179  0.6355153322219849
1400238  0.6355019807815552
5000206  0.6354909539222717
5000287  0.6354904770851135
2500127  0.6354804635047913
4300065  0.6354644894599915
2600444  0.635431706905365
2500193  0.6354243755340576
1400128  0.6354087591171265
5000073  0.6353774070739746
5000258  0.635370671749115
5000082  0.6353691816329956
1400047  0.6353458762168884
4600153  0.6353176236152649
5000059  0.6353082060813904
2500147  0.6352919340133667
1800033  0.6352521777153015
5000148  0.6352519989013672
4200068  0.6352310180664062
1600087  0.6352052092552185
5000137  0.63520348072052
5000178  0.6351800560951233
5000272  0.6351750493049622
3400093  0.6351574659347534
4900271  0.6351479291915894
4600144  0.6351462006568909
5000111  0.6351402997970581
3100057  0.6351343393325806
5000095  0.6351235508918762
5000211  0.6351088881492615
1400194  0.6350976228713989
1500193  0.6350727081298828
1400124  0.635063111782074
1400222  0.6350302696228027
3300035  0.6349928379058838
5000289  0.6349817514419556
5000052  0.6349722146987915
2500102  0.6349675059318542
5000057  0.6349448561668396
3400092  0.6349439024925232
5000054  0.6349138617515564
5000201  0.6349122524261475
5000142  0.6348684430122375
5000074  0.6348657011985779
5000251  0.6348617076873779
5000107  0.6348509192466736
5000279  0.6348447799682617
5000275  0.6348435282707214
1400182  0.6348276138305664
5000181  0.6348211765289307
3400223  0.6348163485527039
3400163  0.6348161697387695
4900267  0.6348139643669128
3400228  0.634804368019104
1500128  0.6347684860229492
5000238  0.6347631216049194
1400046  0.6347606182098389
3400213  0.6347191333770752
5000283  0.6347074508666992
2500247  0.6347057819366455
5000075  0.6346871256828308
5000292  0.634660542011261
2500284  0.6346597671508789
5000161  0.6346442699432373
3400199  0.6346373558044434
5000080  0.6346147656440735
2500280  0.6346108913421631
5000160  0.6345970630645752
5000236  0.6345439553260803
1500159  0.6345379948616028
5000291  0.6345310807228088
5000257  0.6345195770263672
5000235  0.6345071792602539
5000230  0.6344990730285645
5000078  0.6344899535179138
4800055  0.6344695687294006
1400213  0.6344627737998962
5000273  0.634452223777771
5000274  0.6344506144523621
5000232  0.6344476342201233
1400220  0.6344264149665833
5000176  0.6344260573387146
5000250  0.6344223022460938
5000132  0.6344018578529358
5000097  0.6344017386436462
1500105  0.6343929171562195
5000285  0.6343820691108704
5000076  0.6343755722045898
5000284  0.6343708634376526
1400186  0.6343686580657959
3600167  0.6343614459037781
1400210  0.6343515515327454
5000214  0.6343337893486023
1400217  0.6343216300010681
5000093  0.6343145370483398
5000290  0.6343131065368652
2500237  0.6342918276786804
5000091  0.6342855095863342
5000249  0.6342781782150269
5000113  0.634267270565033
5000108  0.6342617869377136
5000219  0.6342539191246033
5000153  0.6342484354972839
3100056  0.6342304348945618
2500122  0.6342299580574036
4600113  0.6342297196388245
1500082  0.6342149972915649
5000174  0.6342132687568665
3800088  0.6341800093650818
5000168  0.6341758966445923
2500242  0.6341756582260132
5000306  0.6341633796691895
5000055  0.6341335773468018
2500163  0.6341033577919006
5000281  0.6340939998626709
5000307  0.6340551376342773
2500286  0.6340540051460266
1400191  0.6340494155883789
5000126  0.6340492367744446
4900268  0.6340322494506836
3500056  0.6340320706367493
5000185  0.6340311169624329
4900143  0.634030818939209
5000270  0.634027361869812
5000115  0.6340168714523315
5000169  0.6339890956878662
4900386  0.6339890360832214
2500086  0.6339794397354126
5000199  0.6339777112007141
5000172  0.6339750289916992
2500257  0.6339695453643799
1600088  0.633954644203186
2500153  0.6339403390884399
5000149  0.6339001059532166
5000130  0.6338837146759033
4900382  0.6338645815849304
4900489  0.6338585019111633
2500244  0.6338564157485962
5000135  0.6338557600975037
5000146  0.6338538527488708
2500152  0.6338346004486084
2500262  0.6338285207748413
5000261  0.6338284611701965
5000096  0.6338018178939819
2500232  0.6337871551513672
3400215  0.633782684803009
3600077  0.6337506175041199
4900273  0.6337407231330872
4900385  0.6337190866470337
5000196  0.6337106823921204
1400123  0.6337087750434875
5000159  0.63369220495224
2500256  0.6336789727210999
4200067  0.6336788535118103
1400137  0.6336776614189148
3400208  0.6336668133735657
2500296  0.6336484551429749
5000060  0.6336435079574585
4900106  0.6336377263069153
4700053  0.6336367726325989
5000216  0.6336351037025452
1500113  0.6336162686347961
5000167  0.6336118578910828
3400226  0.633605420589447
5000141  0.6336016058921814
5000202  0.6335956454277039
3700081  0.6335826516151428
2500241  0.6335780024528503
5000047  0.6335647702217102
3600160  0.6335511207580566
5000213  0.6335475444793701
5000088  0.6335435509681702
4900142  0.6335370540618896
5000203  0.6335355043411255
2500087  0.6335344314575195
5000063  0.6335263252258301
3400216  0.6335059404373169
2500219  0.6334978342056274
4100062  0.6334920525550842
2500234  0.6334834098815918
5000121  0.6334744691848755
1900058  0.6334735155105591
3200034  0.6334653496742249
5000252  0.633453905582428
4600114  0.6334436535835266
1600092  0.6334391236305237
5000164  0.6334366798400879
3600155  0.6334208846092224
5000133  0.633414089679718
5000056  0.6334013938903809
3400218  0.6333839893341064
5000077  0.6333800554275513
5000254  0.6333641409873962
4900603  0.6333572268486023
1400239  0.6333461999893188
3300080  0.6333433985710144
5000048  0.6333361864089966
4800128  0.6333341002464294
3700078  0.6333266496658325
5000166  0.6333253979682922
4600179  0.6333252191543579
5000089  0.6333214640617371
5000188  0.6333077549934387
3700080  0.6333048343658447
1900060  0.6332758069038391
3400227  0.6332738995552063
5000070  0.6332710981369019
2700444  0.6332122087478638
4900490  0.6332016587257385
5000046  0.6331803798675537
5000218  0.6331759095191956
3600157  0.6331624388694763
1400167  0.6331602334976196
2500263  0.6331599950790405
3300089  0.633152186870575
5000098  0.6331503987312317
4500060  0.6331371068954468
4900788  0.6331281065940857
5000163  0.633110523223877
1500097  0.6331079602241516
2500273  0.6331040859222412
2500157  0.633085310459137
4900144  0.6330152750015259
3400220  0.6330061554908752
2500080  0.6329805850982666
4600432  0.6329712271690369
5000150  0.6329638361930847
2500278  0.632957935333252
5000114  0.6329535245895386
4600096  0.6329017281532288
5000122  0.6329006552696228
5000187  0.63289475440979
5000207  0.632893443107605
5000152  0.632858157157898
5000262  0.6328234076499939
5000068  0.6328169703483582
5000090  0.6328147649765015
4900269  0.6327834725379944
4900090  0.6327822208404541
5000155  0.6327745914459229
2500148  0.6327637434005737
4500062  0.6327628493309021
5000084  0.6327605247497559
5000233  0.6327462196350098
1500098  0.6327440738677979
3400211  0.6327407956123352
5000305  0.6327360272407532
5000127  0.6327251195907593
3800095  0.6327036619186401
5000210  0.6326804757118225
5000280  0.6326768398284912
3600078  0.6326610445976257
4800121  0.6325870752334595
5000277  0.6325849294662476
5000204  0.6325632333755493
4800056  0.6325504779815674
4100061  0.6325403451919556
2500301  0.6325281262397766
4700055  0.6325272917747498
5000293  0.6324945092201233
3800096  0.6324829459190369
5000224  0.6324766278266907
5000228  0.632472574710846
5000267  0.6324718594551086
1900116  0.632461428642273
3100055  0.6324606537818909
2500287  0.6324552893638611
5000253  0.6324289441108704
4800054  0.6324146389961243
1400108  0.6323984861373901
2500231  0.6323951482772827
2500194  0.6323779821395874
5000044  0.6323681473731995
5000269  0.6323255896568298
2500288  0.6323015689849854
2500297  0.6322952508926392
5000190  0.6322842836380005
3800074  0.6322769522666931
5000212  0.6322599649429321
5000103  0.6322596073150635
1400228  0.6322537660598755
5000247  0.6322383284568787
5000183  0.6322340369224548
5000255  0.6322207450866699
2500294  0.6322118043899536
5000223  0.6322053670883179
4000064  0.632195770740509
5000217  0.632183313369751
5000151  0.6321531534194946
2500196  0.632151186466217
2500275  0.6321060061454773
2500081  0.6321014165878296
5000246  0.6320951581001282
5000182  0.6320775747299194
2500084  0.6320712566375732
1400164  0.6320169568061829
3900057  0.6320083737373352
3700076  0.631995439529419
5000220  0.6319815516471863
4900491  0.6319707632064819
5000124  0.6319705843925476
2500281  0.6319519281387329
5000138  0.6319485902786255
3300084  0.631947934627533
2500082  0.6319437026977539
4800124  0.6319307684898376
5000278  0.6319276094436646
5000062  0.6319169402122498
5000123  0.631907045841217
2500264  0.6318976283073425
4600108  0.6318663954734802
5000245  0.6318656206130981
2500282  0.6318612098693848
3400201  0.6318536400794983
3400217  0.6318291425704956
5000234  0.631814181804657
4300067  0.6318119764328003
3700079  0.6318111419677734
5000259  0.6317934393882751
5000195  0.6317716240882874
5000200  0.631767988204956
3900059  0.631750762462616
5000071  0.6317363977432251
4600380  0.631731390953064
3400250  0.6317206025123596
4400066  0.6316814422607422
4900100  0.6316679120063782
2500272  0.6316648721694946
2500276  0.6316236853599548
1500147  0.6316196322441101
5000058  0.6316125988960266
1800041  0.6316026449203491
4900486  0.6315934062004089
4600090  0.6315910816192627
1400119  0.6315807104110718
5000266  0.6315633654594421
4400067  0.6315550804138184
5000128  0.6315422058105469
5000215  0.6315270662307739
5000180  0.6315176486968994
1800042  0.6315125823020935
4800123  0.631511926651001
5000067  0.6314453482627869
2500220  0.6314263939857483
5000083  0.6314212679862976
4000063  0.6314182281494141
5000173  0.6314113736152649
4300068  0.6313955783843994
5000144  0.631385326385498
4900480  0.6313809156417847
4100063  0.6313433647155762
3100054  0.6313362717628479
5000243  0.6313341856002808
5000240  0.6313304305076599
5000112  0.6313289403915405
5000226  0.6313208937644958
3400254  0.6313192248344421
5000064  0.631318211555481
5000227  0.6313158273696899
3800094  0.6312993764877319
4600087  0.6312574744224548
4900272  0.6312564611434937
5000286  0.6312443017959595
4900771  0.6312442421913147
3600079  0.6312350630760193
4900112  0.6311551928520203
3800081  0.6311085820198059
5000231  0.6311031579971313
4900390  0.6310908794403076
4900636  0.6310811042785645
1900107  0.63104248046875
4900131  0.6310372352600098
5000184  0.6310361623764038
4600102  0.6310328245162964
2500162  0.6310274004936218
5000147  0.6310003995895386
4000062  0.6309976577758789
5000101  0.6309901475906372
2500088  0.6309880018234253
5000192  0.6309832334518433
5000205  0.6309664249420166
3600156  0.6309564113616943
3600164  0.6309431195259094
1900056  0.6309175491333008
4200066  0.6309096813201904
5000171  0.630875825881958
2500274  0.6308731436729431
5000256  0.6308684945106506
5000271  0.6308635473251343
5000110  0.6308112740516663
5000079  0.6307964324951172
5000049  0.6307768225669861
5000131  0.6307761669158936
1900059  0.6307734251022339
5000129  0.6307341456413269
5000175  0.6306988596916199
5000264  0.6306940317153931
1800034  0.6306813359260559
5000065  0.6306650042533875
5000051  0.6306647062301636
4600093  0.6306375861167908
5000061  0.6306349635124207
5000109  0.6306078433990479
5000221  0.6306034922599792
3600080  0.6305697560310364
5000085  0.6305661201477051
5000222  0.6305582523345947
5000053  0.6305494904518127
5000099  0.6305124759674072
4600084  0.6304932236671448
2500233  0.6304819583892822
2500254  0.6304270625114441
3300094  0.630403995513916
5000268  0.6303943991661072
5000208  0.6303551197052002
5000087  0.6303480863571167
1400177  0.6303219199180603
5000165  0.6302910447120667
2500243  0.6302732229232788
5000177  0.6302425265312195
4600078  0.6302161812782288
4600081  0.6301934123039246
4500061  0.6301606893539429
5000157  0.6301499009132385
3500054  0.630137026309967
3400083  0.6300696730613708
3400212  0.6300602555274963
5000066  0.6300567984580994
2500222  0.6300410032272339
5000225  0.6299867630004883
5000045  0.6298600435256958
5000193  0.6297658085823059
5000170  0.6297470927238464
4900772  0.6297441720962524
3900058  0.6296924352645874
4700054  0.6296178698539734
3500055  0.6295977830886841
5000105  0.6295373439788818
5000242  0.6294470429420471
3400094  0.6294295787811279
4600151  0.6293781995773315
2500283  0.6292109489440918
5000288  0.6292102932929993
2500085  0.6292027235031128
1900106  0.629187285900116
4600099  0.6290091872215271
2500083  0.628990113735199
3300103  0.6289563179016113
3600165  0.6289032101631165
4900123  0.6288766264915466
4600105  0.6287330389022827
3600163  0.6286994218826294
5000209  0.6286599040031433
5000191  0.628382682800293
4500059  0.6282872557640076
5000100  0.6281115412712097
4900389  0.6278761029243469
4600381  0.6276675462722778
2500295  0.6273127198219299
4500046  0.6267292499542236
5000120  0.6262598633766174
