1000260  1.0
1001183  1.0
1000587  0.33333333333333337
1000258  0.2666666666666667
1000583  0.25
1601284  0.25
1601288  0.25
1000253  0.23529411764705888
1000254  0.23529411764705888
1603004  0.19999999999999996
1603005  0.19999999999999996
1000329  0.16666666666666663
1000430  0.1428571428571429
1000276  0.11111111111111116
1000277  0.11111111111111116
1000278  0.11111111111111116
1000122  0.09090909090909094
1000263  0.08333333333333337
1000267  0.08333333333333337
1000268  0.08333333333333337
1000270  0.08333333333333337
1000754  0.06666666666666665
1601256  0.06666666666666665
1802337  0.06557377049180324
1802334  0.06451612903225812
1601269  0.05555555555555558
1601272  0.05555555555555558
1601283  0.05555555555555558
1000164  0.052631578947368474
1601266  0.052631578947368474
1603003  0.052631578947368474
1800085  0.04878048780487809
1000379  0.04761904761904767
1000750  0.04761904761904767
1602977  0.04761904761904767
1000497  0.045454545454545414
1602973  0.045454545454545414
1000159  0.04347826086956519
1000160  0.04347826086956519
1000492  0.040000000000000036
1000493  0.040000000000000036
1000425  0.03703703703703709
1000323  0.03448275862068961
1000121  0.02941176470588236
1000118  0.02857142857142858
1000421  0.02857142857142858
1000422  0.02857142857142858
1603410  0.024390243902439046
1000327  0.023809523809523836
1000328  0.023809523809523836
1000326  0.022727272727272707
1000392  0.022727272727272707
1000058  0.021505376344086002
1000061  0.021505376344086002
1000064  0.021505376344086002
1000066  0.021505376344086002
1000068  0.021505376344086002
1000099  0.021505376344086002
1000100  0.021505376344086002
1000101  0.021505376344086002
1000103  0.021505376344086002
1000104  0.021505376344086002
1000106  0.021505376344086002
1000107  0.021505376344086002
1000368  0.018018018018018056
1000359  0.017857142857142905
1600080  0.013513513513513487
1600085  0.013513513513513487
1600090  0.013513513513513487
1600095  0.013513513513513487
1600098  0.013513513513513487
1600101  0.013513513513513487
1600110  0.013513513513513487
1600130  0.013513513513513487
1600143  0.013513513513513487
1600153  0.013513513513513487
1600156  0.013513513513513487
1600159  0.013513513513513487
1600162  0.013513513513513487
1600165  0.013513513513513487
1600168  0.013513513513513487
1600171  0.013513513513513487
1600192  0.013513513513513487
1600200  0.013513513513513487
1600203  0.013513513513513487
1600233  0.013513513513513487
1600234  0.013513513513513487
1600235  0.013513513513513487
1600238  0.013513513513513487
1600239  0.013513513513513487
1600242  0.013513513513513487
1600243  0.013513513513513487
1600244  0.013513513513513487
1600245  0.013513513513513487
1600247  0.013513513513513487
1600249  0.013513513513513487
1600250  0.013513513513513487
1600251  0.013513513513513487
1600256  0.013513513513513487
1600257  0.013513513513513487
1600258  0.013513513513513487
1600259  0.013513513513513487
1600263  0.013513513513513487
1600264  0.013513513513513487
1600265  0.013513513513513487
1600269  0.013513513513513487
1600270  0.013513513513513487
1601012  0.013513513513513487
1601013  0.013513513513513487
1601014  0.013513513513513487
1601015  0.013513513513513487
1601016  0.013513513513513487
1601017  0.013513513513513487
1601019  0.013513513513513487
1601020  0.013513513513513487
1601021  0.013513513513513487
1601022  0.013513513513513487
1601024  0.013513513513513487
1601025  0.013513513513513487
1601027  0.013513513513513487
1601028  0.013513513513513487
1601029  0.013513513513513487
1601032  0.013513513513513487
1601033  0.013513513513513487
1601034  0.013513513513513487
1601037  0.013513513513513487
1601046  0.013513513513513487
1601047  0.013513513513513487
1601048  0.013513513513513487
1601049  0.013513513513513487
1601050  0.013513513513513487
1601055  0.013513513513513487
1601062  0.013513513513513487
1601063  0.013513513513513487
1601065  0.013513513513513487
1601066  0.013513513513513487
1601067  0.013513513513513487
1601068  0.013513513513513487
1601069  0.013513513513513487
1601070  0.013513513513513487
1601071  0.013513513513513487
1601072  0.013513513513513487
1601074  0.013513513513513487
1601082  0.013513513513513487
1601083  0.013513513513513487
1601086  0.013513513513513487
1601087  0.013513513513513487
1601095  0.013513513513513487
1601096  0.013513513513513487
1601098  0.013513513513513487
1601099  0.013513513513513487
1601120  0.013513513513513487
1601121  0.013513513513513487
1601123  0.013513513513513487
1601128  0.013513513513513487
1601129  0.013513513513513487
1601131  0.013513513513513487
1601132  0.013513513513513487
1601136  0.013513513513513487
1601138  0.013513513513513487
1601140  0.013513513513513487
1601143  0.013513513513513487
1601145  0.013513513513513487
1601147  0.013513513513513487
1601155  0.013513513513513487
1601156  0.013513513513513487
1601157  0.013513513513513487
1601160  0.013513513513513487
1601161  0.013513513513513487
1601162  0.013513513513513487
1601164  0.013513513513513487
1601165  0.013513513513513487
1601168  0.013513513513513487
1601169  0.013513513513513487
1601171  0.013513513513513487
1601172  0.013513513513513487
1601173  0.013513513513513487
1601174  0.013513513513513487
1601175  0.013513513513513487
1601176  0.013513513513513487
1601179  0.013513513513513487
1601180  0.013513513513513487
1601181  0.013513513513513487
1601183  0.013513513513513487
1601184  0.013513513513513487
1601185  0.013513513513513487
1601186  0.013513513513513487
1601187  0.013513513513513487
1601188  0.013513513513513487
1601191  0.013513513513513487
1601192  0.013513513513513487
1601193  0.013513513513513487
1601195  0.013513513513513487
1601196  0.013513513513513487
1601197  0.013513513513513487
1601198  0.013513513513513487
1601199  0.013513513513513487
1601200  0.013513513513513487
1601201  0.013513513513513487
1601210  0.013513513513513487
1601211  0.013513513513513487
1601212  0.013513513513513487
1601221  0.013513513513513487
1601222  0.013513513513513487
1601224  0.013513513513513487
1601226  0.013513513513513487
1601227  0.013513513513513487
1601228  0.013513513513513487
1601229  0.013513513513513487
1601232  0.013513513513513487
1601233  0.013513513513513487
1601235  0.013513513513513487
1601238  0.013513513513513487
1601239  0.013513513513513487
1601240  0.013513513513513487
1601242  0.013513513513513487
1601245  0.013513513513513487
1601743  0.013513513513513487
1601744  0.013513513513513487
1601745  0.013513513513513487
1601746  0.013513513513513487
1601748  0.013513513513513487
1601751  0.013513513513513487
1601752  0.013513513513513487
1601753  0.013513513513513487
1601754  0.013513513513513487
1601755  0.013513513513513487
1601756  0.013513513513513487
1601757  0.013513513513513487
1601758  0.013513513513513487
1601761  0.013513513513513487
1601767  0.013513513513513487
1601768  0.013513513513513487
1601770  0.013513513513513487
1601771  0.013513513513513487
1601772  0.013513513513513487
1601773  0.013513513513513487
1601774  0.013513513513513487
1601775  0.013513513513513487
1601776  0.013513513513513487
1601779  0.013513513513513487
1601780  0.013513513513513487
1601781  0.013513513513513487
1601783  0.013513513513513487
1601793  0.013513513513513487
1601794  0.013513513513513487
1601795  0.013513513513513487
1601796  0.013513513513513487
1601797  0.013513513513513487
1601798  0.013513513513513487
1601800  0.013513513513513487
1601801  0.013513513513513487
1601802  0.013513513513513487
1601804  0.013513513513513487
1601805  0.013513513513513487
1601808  0.013513513513513487
1601809  0.013513513513513487
1601811  0.013513513513513487
1601812  0.013513513513513487
1601813  0.013513513513513487
1601816  0.013513513513513487
1601817  0.013513513513513487
1601820  0.013513513513513487
1601821  0.013513513513513487
1601822  0.013513513513513487
1601825  0.013513513513513487
1601836  0.013513513513513487
1601837  0.013513513513513487
1601838  0.013513513513513487
1601839  0.013513513513513487
1601840  0.013513513513513487
1601841  0.013513513513513487
1601843  0.013513513513513487
1601844  0.013513513513513487
1601845  0.013513513513513487
1601847  0.013513513513513487
1601848  0.013513513513513487
1601851  0.013513513513513487
1601852  0.013513513513513487
1601854  0.013513513513513487
1601855  0.013513513513513487
1601856  0.013513513513513487
1601859  0.013513513513513487
1601860  0.013513513513513487
1601863  0.013513513513513487
1601864  0.013513513513513487
1601865  0.013513513513513487
1601868  0.013513513513513487
1601874  0.013513513513513487
1601877  0.013513513513513487
1601878  0.013513513513513487
1601880  0.013513513513513487
1601881  0.013513513513513487
1601882  0.013513513513513487
1601884  0.013513513513513487
1601885  0.013513513513513487
1601886  0.013513513513513487
1601890  0.013513513513513487
1601891  0.013513513513513487
1601892  0.013513513513513487
1601893  0.013513513513513487
1601894  0.013513513513513487
1601895  0.013513513513513487
1601897  0.013513513513513487
1601899  0.013513513513513487
1601900  0.013513513513513487
1601901  0.013513513513513487
1601902  0.013513513513513487
1601905  0.013513513513513487
1601906  0.013513513513513487
1601907  0.013513513513513487
1601910  0.013513513513513487
1601911  0.013513513513513487
1601912  0.013513513513513487
1601913  0.013513513513513487
1601914  0.013513513513513487
1601915  0.013513513513513487
1601916  0.013513513513513487
1601918  0.013513513513513487
1601919  0.013513513513513487
1601920  0.013513513513513487
1601921  0.013513513513513487
1601922  0.013513513513513487
1601923  0.013513513513513487
1601924  0.013513513513513487
1601925  0.013513513513513487
1601928  0.013513513513513487
1601929  0.013513513513513487
1601930  0.013513513513513487
1601931  0.013513513513513487
1601932  0.013513513513513487
1601935  0.013513513513513487
1601936  0.013513513513513487
1601937  0.013513513513513487
1601938  0.013513513513513487
1601939  0.013513513513513487
1601940  0.013513513513513487
1601941  0.013513513513513487
1601946  0.013513513513513487
1601947  0.013513513513513487
1601948  0.013513513513513487
1601949  0.013513513513513487
1601951  0.013513513513513487
1601952  0.013513513513513487
1601954  0.013513513513513487
1601956  0.013513513513513487
1601957  0.013513513513513487
1601959  0.013513513513513487
1601961  0.013513513513513487
1601962  0.013513513513513487
1601965  0.013513513513513487
1001131  0.012499999999999956
