1000260  1.0
1000258  0.5163977794943222
1001183  0.5
1000253  0.48507125007266594
1000254  0.48507125007266594
1000587  0.2886751345948129
1802337  0.25607375986579195
1802334  0.254000254000381
1000583  0.25
1601284  0.25
1601288  0.25
1603004  0.22360679774997896
1603005  0.22360679774997896
1800085  0.22086305214969307
1000329  0.20412414523193154
1000430  0.1889822365046136
1000276  0.16666666666666666
1000277  0.16666666666666666
1000278  0.16666666666666666
1000122  0.15075567228888181
1000058  0.1466471150213533
1000061  0.1466471150213533
1000064  0.1466471150213533
1000066  0.1466471150213533
1000068  0.1466471150213533
1000099  0.1466471150213533
1000100  0.1466471150213533
1000101  0.1466471150213533
1000103  0.1466471150213533
1000104  0.1466471150213533
1000106  0.1466471150213533
1000107  0.1466471150213533
1000263  0.14433756729740646
1000267  0.14433756729740646
1000268  0.14433756729740646
1000270  0.14433756729740646
1000323  0.13130643285972254
1000754  0.12909944487358055
1601256  0.12909944487358055
1601269  0.11785113019775793
1601272  0.11785113019775793
1601283  0.11785113019775793
1000164  0.11470786693528087
1601266  0.11470786693528087
1603003  0.11470786693528087
1000379  0.1091089451179962
1000750  0.1091089451179962
1602977  0.1091089451179962
1000497  0.10660035817780521
1602973  0.10660035817780521
1000159  0.10425720702853739
1000160  0.10425720702853739
1000492  0.1
1000493  0.1
1000425  0.09622504486493763
1000368  0.0949157995752499
1000359  0.0944911182523068
1000121  0.08574929257125441
1000118  0.08451542547285165
1000421  0.08451542547285165
1000422  0.08451542547285165
1603410  0.07808688094430304
1000327  0.07715167498104596
1000328  0.07715167498104596
1000326  0.07537783614444091
1000392  0.07537783614444091
1600080  0.05812381937190964
1600085  0.05812381937190964
1600090  0.05812381937190964
1600095  0.05812381937190964
1600098  0.05812381937190964
1600101  0.05812381937190964
1600110  0.05812381937190964
1600130  0.05812381937190964
1600143  0.05812381937190964
1600153  0.05812381937190964
1600156  0.05812381937190964
1600159  0.05812381937190964
1600162  0.05812381937190964
1600165  0.05812381937190964
1600168  0.05812381937190964
1600171  0.05812381937190964
1600192  0.05812381937190964
1600200  0.05812381937190964
1600203  0.05812381937190964
1600233  0.05812381937190964
1600234  0.05812381937190964
1600235  0.05812381937190964
1600238  0.05812381937190964
1600239  0.05812381937190964
1600242  0.05812381937190964
1600243  0.05812381937190964
1600244  0.05812381937190964
1600245  0.05812381937190964
1600247  0.05812381937190964
1600249  0.05812381937190964
1600250  0.05812381937190964
1600251  0.05812381937190964
1600256  0.05812381937190964
1600257  0.05812381937190964
1600258  0.05812381937190964
1600259  0.05812381937190964
1600263  0.05812381937190964
1600264  0.05812381937190964
1600265  0.05812381937190964
1600269  0.05812381937190964
1600270  0.05812381937190964
1601012  0.05812381937190964
1601013  0.05812381937190964
1601014  0.05812381937190964
1601015  0.05812381937190964
1601016  0.05812381937190964
1601017  0.05812381937190964
1601019  0.05812381937190964
1601020  0.05812381937190964
1601021  0.05812381937190964
1601022  0.05812381937190964
1601024  0.05812381937190964
1601025  0.05812381937190964
1601027  0.05812381937190964
1601028  0.05812381937190964
1601029  0.05812381937190964
1601032  0.05812381937190964
1601033  0.05812381937190964
1601034  0.05812381937190964
1601037  0.05812381937190964
1601046  0.05812381937190964
1601047  0.05812381937190964
1601048  0.05812381937190964
1601049  0.05812381937190964
1601050  0.05812381937190964
1601055  0.05812381937190964
1601062  0.05812381937190964
1601063  0.05812381937190964
1601065  0.05812381937190964
1601066  0.05812381937190964
1601067  0.05812381937190964
1601068  0.05812381937190964
1601069  0.05812381937190964
1601070  0.05812381937190964
1601071  0.05812381937190964
1601072  0.05812381937190964
1601074  0.05812381937190964
1601082  0.05812381937190964
1601083  0.05812381937190964
1601086  0.05812381937190964
1601087  0.05812381937190964
1601095  0.05812381937190964
1601096  0.05812381937190964
1601098  0.05812381937190964
1601099  0.05812381937190964
1601120  0.05812381937190964
1601121  0.05812381937190964
1601123  0.05812381937190964
1601128  0.05812381937190964
1601129  0.05812381937190964
1601131  0.05812381937190964
1601132  0.05812381937190964
1601136  0.05812381937190964
1601138  0.05812381937190964
1601140  0.05812381937190964
1601143  0.05812381937190964
1601145  0.05812381937190964
1601147  0.05812381937190964
1601155  0.05812381937190964
1601156  0.05812381937190964
1601157  0.05812381937190964
1601160  0.05812381937190964
1601161  0.05812381937190964
1601162  0.05812381937190964
1601164  0.05812381937190964
1601165  0.05812381937190964
1601168  0.05812381937190964
1601169  0.05812381937190964
1601171  0.05812381937190964
1601172  0.05812381937190964
1601173  0.05812381937190964
1601174  0.05812381937190964
1601175  0.05812381937190964
1601176  0.05812381937190964
1601179  0.05812381937190964
1601180  0.05812381937190964
1601181  0.05812381937190964
1601183  0.05812381937190964
1601184  0.05812381937190964
1601185  0.05812381937190964
1601186  0.05812381937190964
1601187  0.05812381937190964
1601188  0.05812381937190964
1601191  0.05812381937190964
1601192  0.05812381937190964
1601193  0.05812381937190964
1601195  0.05812381937190964
1601196  0.05812381937190964
1601197  0.05812381937190964
1601198  0.05812381937190964
1601199  0.05812381937190964
1601200  0.05812381937190964
1601201  0.05812381937190964
1601210  0.05812381937190964
1601211  0.05812381937190964
1601212  0.05812381937190964
1601221  0.05812381937190964
1601222  0.05812381937190964
1601224  0.05812381937190964
1601226  0.05812381937190964
1601227  0.05812381937190964
1601228  0.05812381937190964
1601229  0.05812381937190964
1601232  0.05812381937190964
1601233  0.05812381937190964
1601235  0.05812381937190964
1601238  0.05812381937190964
1601239  0.05812381937190964
1601240  0.05812381937190964
1601242  0.05812381937190964
1601245  0.05812381937190964
1601743  0.05812381937190964
1601744  0.05812381937190964
1601745  0.05812381937190964
1601746  0.05812381937190964
1601748  0.05812381937190964
1601751  0.05812381937190964
1601752  0.05812381937190964
1601753  0.05812381937190964
1601754  0.05812381937190964
1601755  0.05812381937190964
1601756  0.05812381937190964
1601757  0.05812381937190964
1601758  0.05812381937190964
1601761  0.05812381937190964
1601767  0.05812381937190964
1601768  0.05812381937190964
1601770  0.05812381937190964
1601771  0.05812381937190964
1601772  0.05812381937190964
1601773  0.05812381937190964
1601774  0.05812381937190964
1601775  0.05812381937190964
1601776  0.05812381937190964
1601779  0.05812381937190964
1601780  0.05812381937190964
1601781  0.05812381937190964
1601783  0.05812381937190964
1601793  0.05812381937190964
1601794  0.05812381937190964
1601795  0.05812381937190964
1601796  0.05812381937190964
1601797  0.05812381937190964
1601798  0.05812381937190964
1601800  0.05812381937190964
1601801  0.05812381937190964
1601802  0.05812381937190964
1601804  0.05812381937190964
1601805  0.05812381937190964
1601808  0.05812381937190964
1601809  0.05812381937190964
1601811  0.05812381937190964
1601812  0.05812381937190964
1601813  0.05812381937190964
1601816  0.05812381937190964
1601817  0.05812381937190964
1601820  0.05812381937190964
1601821  0.05812381937190964
1601822  0.05812381937190964
1601825  0.05812381937190964
1601836  0.05812381937190964
1601837  0.05812381937190964
1601838  0.05812381937190964
1601839  0.05812381937190964
1601840  0.05812381937190964
1601841  0.05812381937190964
1601843  0.05812381937190964
1601844  0.05812381937190964
1601845  0.05812381937190964
1601847  0.05812381937190964
1601848  0.05812381937190964
1601851  0.05812381937190964
1601852  0.05812381937190964
1601854  0.05812381937190964
1601855  0.05812381937190964
1601856  0.05812381937190964
1601859  0.05812381937190964
1601860  0.05812381937190964
1601863  0.05812381937190964
1601864  0.05812381937190964
1601865  0.05812381937190964
1601868  0.05812381937190964
1601874  0.05812381937190964
1601877  0.05812381937190964
1601878  0.05812381937190964
1601880  0.05812381937190964
1601881  0.05812381937190964
1601882  0.05812381937190964
1601884  0.05812381937190964
1601885  0.05812381937190964
1601886  0.05812381937190964
1601890  0.05812381937190964
1601891  0.05812381937190964
1601892  0.05812381937190964
1601893  0.05812381937190964
1601894  0.05812381937190964
1601895  0.05812381937190964
1601897  0.05812381937190964
1601899  0.05812381937190964
1601900  0.05812381937190964
1601901  0.05812381937190964
1601902  0.05812381937190964
1601905  0.05812381937190964
1601906  0.05812381937190964
1601907  0.05812381937190964
1601910  0.05812381937190964
1601911  0.05812381937190964
1601912  0.05812381937190964
1601913  0.05812381937190964
1601914  0.05812381937190964
1601915  0.05812381937190964
1601916  0.05812381937190964
1601918  0.05812381937190964
1601919  0.05812381937190964
1601920  0.05812381937190964
1601921  0.05812381937190964
1601922  0.05812381937190964
1601923  0.05812381937190964
1601924  0.05812381937190964
1601925  0.05812381937190964
1601928  0.05812381937190964
1601929  0.05812381937190964
1601930  0.05812381937190964
1601931  0.05812381937190964
1601932  0.05812381937190964
1601935  0.05812381937190964
1601936  0.05812381937190964
1601937  0.05812381937190964
1601938  0.05812381937190964
1601939  0.05812381937190964
1601940  0.05812381937190964
1601941  0.05812381937190964
1601946  0.05812381937190964
1601947  0.05812381937190964
1601948  0.05812381937190964
1601949  0.05812381937190964
1601951  0.05812381937190964
1601952  0.05812381937190964
1601954  0.05812381937190964
1601956  0.05812381937190964
1601957  0.05812381937190964
1601959  0.05812381937190964
1601961  0.05812381937190964
1601962  0.05812381937190964
1601965  0.05812381937190964
1001131  0.05590169943749474
