8600073  1.0
8600074  1.0
4800036  0.9965928350693499
4800037  0.9965928350693499
2500013  0.9932202608115112
2500014  0.9932202608115112
2500015  0.9932202608115112
2500016  0.9932202608115112
6400039  0.9932202608115112
6400040  0.9932202608115112
6400041  0.9932202608115112
6400042  0.9932202608115112
8600070  0.983304336011259
8600068  0.9816803805908334
8700076  0.9774862925150379
2500019  0.9757885643930012
6400056  0.9757885643930012
6400057  0.9757885643930012
6400058  0.9757885643930012
8200041  0.9655402033694293
6400048  0.9226656779965156
6400049  0.9226656779965156
1300024  0.9200002534436308
7700025  0.9200002534436308
7700026  0.9200002534436308
7700029  0.9200002534436308
7700030  0.9200002534436308
7100109  0.9188678272280943
4700030  0.917426465043134
1500013  0.9103200337476821
1500014  0.9103200337476821
1500019  0.9103200337476821
7900088  0.87891226666077
10201470  0.8551113314062607
7900095  0.8318311895824088
7900092  0.8308473557791473
7900093  0.8308473557791473
7900094  0.8308473557791473
7900084  0.8055363982396382
3000018  0.7558187763835301
3000022  0.7558187763835301
7700033  0.7402332101976052
1800037  0.7357423707102436
8700070  0.7284359099271577
8700073  0.7284359099271577
4800040  0.7274521706547455
8700067  0.727000566838112
6400052  0.7267414209289543
1800025  0.7266983630000676
8700065  0.7262860697939089
9500155  0.7258776092063516
1100009  0.7213428888835673
1100012  0.7213428888835673
2700019  0.7213428888835673
2700020  0.7213428888835673
2700021  0.7213428888835673
2700022  0.7213428888835673
2700023  0.7213428888835673
2700024  0.7213428888835673
2700025  0.7213428888835673
2700026  0.7213428888835673
2700031  0.7213428888835673
2700032  0.7213428888835673
2700037  0.7213428888835673
2700041  0.7213428888835673
2700044  0.7213428888835673
5300020  0.7213428888835673
5300021  0.7213428888835673
5300023  0.7213428888835673
5300024  0.7213428888835673
5300028  0.7213428888835673
5300035  0.7213428888835673
5600017  0.7213428888835673
5600018  0.7213428888835673
5600019  0.7213428888835673
6200018  0.7213428888835673
6200019  0.7213428888835673
6200021  0.7213428888835673
6200022  0.7213428888835673
6200023  0.7213428888835673
7500038  0.7213428888835673
7600040  0.7213428888835673
7600041  0.7213428888835673
7600043  0.7213428888835673
7600045  0.7213428888835673
7600046  0.7213428888835673
1800041  0.7208846827021061
2800018  0.7208846827021061
8700058  0.720644927531076
2800013  0.7201677410203101
2800014  0.7201677410203101
2800015  0.7201677410203101
7600061  0.7201677410203101
7600068  0.7201677410203101
1000007  0.719948988278896
7600059  0.719948988278896
7600065  0.719948988278896
4800068  0.7197466342755914
7100091  0.7192550613819603
9400069  0.7184894679855762
9400070  0.7184894679855762
9400074  0.7184894679855762
9500145  0.7181290649998621
6600018  0.7173231653358814
6600019  0.7173231653358814
6600020  0.7173231653358814
1800011  0.7171852583529024
1800015  0.7171852583529024
1800016  0.7171852583529024
1800017  0.7171852583529024
1800018  0.7171852583529024
3000031  0.7149687470024497
7600036  0.7149687470024497
9600057  0.7148451134601501
8200049  0.7146699311351846
7300032  0.7138779005417739
9500148  0.7138394121739433
6700024  0.7130295604910029
6900060  0.7130295604910029
7700034  0.7119335046677415
3000027  0.7119158517460644
7600034  0.7119158517460644
7500039  0.7114219832630095
7100041  0.709071600225658
7100042  0.709071600225658
8700091  0.709071600225658
8700098  0.709071600225658
8700099  0.709071600225658
9400059  0.7086241558622468
7600047  0.7075518239014693
7100079  0.7075483512048681
2600072  0.7067903988167584
9500089  0.7038286842420294
8700085  0.6993629002188778
8700087  0.6993629002188778
2900013  0.697934169614885
4800028  0.697934169614885
4800029  0.697934169614885
6400029  0.697934169614885
6400030  0.697934169614885
6500018  0.697934169614885
6500019  0.697934169614885
6500020  0.697934169614885
8700081  0.697934169614885
8700082  0.697934169614885
8700083  0.697934169614885
7100071  0.6965141596603887
6400053  0.6951027820000647
7100036  0.6936999495268011
7100037  0.6936999495268011
7100038  0.6936999495268011
4700021  0.6930017108500854
4700022  0.6930017108500854
8200027  0.6881372636503693
8200028  0.6881372636503693
8200029  0.6881372636503693
8200034  0.6881372636503693
8200045  0.6821090609048653
8200030  0.6800600367764248
2400047  0.6770515077252468
5500017  0.6770515077252468
5500018  0.6770515077252468
5500020  0.6770515077252468
5500021  0.6770515077252468
5500022  0.6770515077252468
5500023  0.6770515077252468
5500026  0.6770515077252468
5500028  0.6770515077252468
2400015  0.6759911288321623
2400016  0.6759911288321623
2400017  0.6759911288321623
2400018  0.6759911288321623
2400019  0.6759911288321623
2400029  0.6759911288321623
2400031  0.6759911288321623
2400032  0.6759911288321623
2400033  0.6759911288321623
2400034  0.6759911288321623
2400035  0.6759911288321623
2400037  0.6759911288321623
2400038  0.6759911288321623
2400039  0.6759911288321623
2400044  0.6759911288321623
2400050  0.6759911288321623
2400051  0.6759911288321623
2400052  0.6759911288321623
2400053  0.6759911288321623
10201102  0.6748921780957271
9500143  0.6746602686388048
9500144  0.6746602686388048
9500151  0.6746602686388048
5500032  0.6675939147753308
9500052  0.6612754809471185
9500053  0.6612754809471185
9500054  0.6612754809471185
9500055  0.6612754809471185
9500056  0.6612754809471185
9500057  0.6612754809471185
9500058  0.6612754809471185
9500059  0.6612754809471185
9500060  0.6612754809471185
9500065  0.6612754809471185
7600051  0.6573685745509431
7900077  0.6573685745509431
2400012  0.6538544350654497
7900076  0.6512343634909988
7900072  0.6502285955340587
8200053  0.6495202917011509
9500066  0.6467263050464785
2100025  0.6458659745975609
4800072  0.6449452813645635
4800073  0.6449452813645635
8600043  0.6449452813645635
8600044  0.6449452813645635
8600045  0.6449452813645635
1200015  0.6444864088188399
2200012  0.6444864088188399
2200015  0.6444864088188399
2600076  0.6444864088188399
2600080  0.6444864088188399
2600081  0.6444864088188399
2700013  0.6444864088188399
4700015  0.6444864088188399
4700018  0.6444864088188399
5300015  0.6444864088188399
5400016  0.6444864088188399
5400017  0.6444864088188399
5400023  0.6444864088188399
6400107  0.6444864088188399
6400110  0.6444864088188399
6400111  0.6444864088188399
6800024  0.6444864088188399
6800028  0.6444864088188399
6800030  0.6444864088188399
6800031  0.6444864088188399
6800032  0.6444864088188399
6800040  0.6444864088188399
6800044  0.6444864088188399
6800049  0.6444864088188399
6800053  0.6444864088188399
6800055  0.6444864088188399
6800059  0.6444864088188399
6800063  0.6444864088188399
6800064  0.6444864088188399
6800066  0.6444864088188399
7100020  0.6444864088188399
7100024  0.6444864088188399
7100026  0.6444864088188399
7100027  0.6444864088188399
7100031  0.6444864088188399
7100032  0.6444864088188399
7100033  0.6444864088188399
7400049  0.6444864088188399
7400050  0.6444864088188399
7400051  0.6444864088188399
7400053  0.6444864088188399
7400058  0.6444864088188399
7400061  0.6444864088188399
7400064  0.6444864088188399
7400075  0.6444864088188399
7400076  0.6444864088188399
7400077  0.6444864088188399
7400084  0.6444864088188399
7400085  0.6444864088188399
7400086  0.6444864088188399
7400089  0.6444864088188399
7400093  0.6444864088188399
7400111  0.6444864088188399
7400112  0.6444864088188399
7400113  0.6444864088188399
7600023  0.6444864088188399
7600024  0.6444864088188399
7600027  0.6444864088188399
7600028  0.6444864088188399
7600029  0.6444864088188399
7600030  0.6444864088188399
7900037  0.6444864088188399
7900039  0.6444864088188399
7900041  0.6444864088188399
7900042  0.6444864088188399
7900043  0.6444864088188399
7900046  0.6444864088188399
7900052  0.6444864088188399
7900054  0.6444864088188399
7900056  0.6444864088188399
7900060  0.6444864088188399
8500033  0.6444864088188399
8700036  0.6444864088188399
8700037  0.6444864088188399
8700041  0.6444864088188399
8700042  0.6444864088188399
8700043  0.6444864088188399
8700044  0.6444864088188399
8700045  0.6444864088188399
8700046  0.6444864088188399
8800039  0.6444864088188399
9800068  0.6444864088188399
9800073  0.6444864088188399
2100014  0.6440285143320342
2100018  0.6440285143320342
2100021  0.6440285143320342
2100024  0.6440285143320342
2100036  0.6440285143320342
2600053  0.6440285143320342
7900036  0.6440285143320342
2600049  0.6435715944346212
7400044  0.6435715944346212
7900035  0.6435715944346212
1200009  0.6431156456742816
1200011  0.6431156456742816
3000013  0.6431156456742816
7400021  0.6431156456742816
7400023  0.6431156456742816
7400028  0.6431156456742816
8300030  0.6431156456742816
8800037  0.6431156456742816
7900049  0.6430173532835611
10201641  0.6422066478409215
2600067  0.6417535919483126
2600068  0.6417535919483126
2100037  0.6416019190098997
10200882  0.6416019190098997
2600013  0.6413014935533854
5700017  0.63950260784001
5700021  0.63950260784001
6700019  0.63950260784001
7800025  0.63950260784001
7800027  0.63950260784001
7800028  0.63950260784001
7800029  0.63950260784001
7800030  0.63950260784001
7800031  0.63950260784001
7800036  0.63950260784001
7800037  0.63950260784001
7800038  0.63950260784001
7800041  0.63950260784001
8400032  0.63950260784001
8900038  0.63950260784001
8900060  0.63950260784001
10000095  0.63950260784001
10200635  0.63950260784001
10200646  0.63950260784001
10200678  0.63950260784001
10200691  0.63950260784001
10200732  0.63950260784001
10200766  0.63950260784001
4900015  0.6372751451062848
4900018  0.6372751451062848
4900019  0.6372751451062848
7900031  0.6372751451062848
7900032  0.6372751451062848
8600036  0.6372751451062848
8600038  0.6372751451062848
8600039  0.6372751451062848
8600040  0.6372751451062848
9200044  0.6372751451062848
9200047  0.6372751451062848
9400051  0.6372751451062848
2100011  0.6355098366040217
7900026  0.6355098366040217
7900027  0.6355098366040217
7900028  0.6355098366040217
1600010  0.6315909307654256
1600018  0.6315909307654256
1600020  0.6315909307654256
1600024  0.6315909307654256
1600027  0.6315909307654256
4800015  0.6315909307654256
4800018  0.6315909307654256
4800021  0.6315909307654256
4800022  0.6315909307654256
4800024  0.6315909307654256
4800048  0.6315909307654256
4800049  0.6315909307654256
6400018  0.6315909307654256
6400020  0.6315909307654256
6400021  0.6315909307654256
6400025  0.6315909307654256
6400069  0.6315909307654256
6400071  0.6315909307654256
6400077  0.6315909307654256
6400083  0.6315909307654256
6400084  0.6315909307654256
6400103  0.6315909307654256
6900019  0.6315909307654256
6900026  0.6315909307654256
6900028  0.6315909307654256
6900029  0.6315909307654256
6900031  0.6315909307654256
6900034  0.6315909307654256
6900035  0.6315909307654256
6900036  0.6315909307654256
6900037  0.6315909307654256
6900044  0.6315909307654256
6900045  0.6315909307654256
7300020  0.6315909307654256
7500022  0.6315909307654256
7500024  0.6315909307654256
7500100  0.6315909307654256
7500105  0.6315909307654256
9300044  0.6315909307654256
8100053  0.6299273331841715
6900052  0.6298583262602929
7000020  0.6298583262602929
8000026  0.6298583262602929
8100026  0.6298583262602929
8100028  0.6298583262602929
8100029  0.6298583262602929
9700089  0.6298583262602929
9700093  0.6298583262602929
9700094  0.6298583262602929
9700095  0.6298583262602929
9700096  0.6298583262602929
9700098  0.6298583262602929
9700101  0.6298583262602929
9700102  0.6298583262602929
9700103  0.6298583262602929
9700112  0.6298583262602929
9700110  0.6294556540965537
7000059  0.6289850329809679
8100043  0.6289850329809679
8100046  0.6289850329809679
8100047  0.6289850329809679
8100048  0.6289850329809679
6900023  0.62811246732633
7000030  0.6275794780779813
7000031  0.6275794780779813
7000032  0.6275794780779813
8100041  0.6275794780779813
9700107  0.6275794780779813
9700130  0.6275794780779813
8000080  0.627113049564585
8000081  0.627113049564585
8000082  0.627113049564585
8000083  0.627113049564585
8000097  0.627113049564585
9700116  0.627113049564585
9700117  0.627113049564585
7300039  0.6266476594822549
9700104  0.6266476594822549
7400078  0.6240733977883238
7400079  0.6240733977883238
7400117  0.6240733977883238
7400118  0.6240733977883238
7400119  0.6240733977883238
7400120  0.6240733977883238
9500128  0.6123172446330267
9500129  0.6123172446330267
9500130  0.6123172446330267
9500131  0.6123172446330267
9500139  0.6123172446330267
1700029  0.5955912175037912
1700030  0.5955912175037912
1700031  0.5955912175037912
1700034  0.5955912175037912
1700035  0.5955912175037912
1700036  0.5955912175037912
1700037  0.5955912175037912
1700038  0.5955912175037912
1700039  0.5955912175037912
1700040  0.5955912175037912
1700041  0.5955912175037912
1700045  0.5955912175037912
1700046  0.5955912175037912
1700047  0.5955912175037912
1700048  0.5955912175037912
1700049  0.5955912175037912
1700050  0.5955912175037912
1700051  0.5955912175037912
1700052  0.5955912175037912
1700056  0.5955912175037912
1700057  0.5955912175037912
1700058  0.5955912175037912
1700059  0.5955912175037912
1700060  0.5955912175037912
1700061  0.5955912175037912
1700062  0.5955912175037912
1700063  0.5955912175037912
1700064  0.5955912175037912
1700014  0.5944512646815496
5400041  0.5894898891714336
1800029  0.5810256950093624
5800017  0.5810005540751372
5800019  0.5810005540751372
5800021  0.5810005540751372
5800022  0.5810005540751372
5800023  0.5810005540751372
9500134  0.5763164638723779
2600045  0.5756175956643057
7900101  0.5756175956643057
8700108  0.5595805239533422
1800033  0.5469722177985918
9400080  0.5438970957937832
9400082  0.5438970957937832
9400084  0.5438970957937832
9400086  0.5438970957937832
9400088  0.5438970957937832
9400090  0.5438970957937832
9400092  0.5438970957937832
9400076  0.5429585323752396
9400100  0.5417189183107053
9400102  0.5417189183107053
9400104  0.5417189183107053
9400106  0.5417189183107053
9400110  0.5417189183107053
9400094  0.5407676991074645
9400096  0.5407676991074645
9400098  0.5407676991074645
6900056  0.5317992371511602
1400009  0.4321444879290821
1400011  0.4321444879290821
1400017  0.4321444879290821
1400019  0.4321444879290821
1400022  0.4321444879290821
1400023  0.4321444879290821
1400029  0.4321444879290821
1400030  0.4321444879290821
1400031  0.4321444879290821
9700120  0.42780535683087856
9700121  0.42780535683087856
9700123  0.42780535683087856
9700127  0.42780535683087856
9700133  0.42780535683087856
9700136  0.42780535683087856
4300014  0.4265187212649082
4300015  0.4265187212649082
4300016  0.4265187212649082
4300017  0.4265187212649082
4300020  0.4265187212649082
4300021  0.4265187212649082
4300023  0.4265187212649082
4300026  0.4265187212649082
4300027  0.4265187212649082
4300028  0.4265187212649082
8000034  0.42587736321697744
8000047  0.42587736321697744
8000048  0.42587736321697744
8000051  0.42587736321697744
8000052  0.42587736321697744
8000058  0.42587736321697744
8000059  0.42587736321697744
8000086  0.4252316049028096
8000087  0.4252316049028096
8000089  0.4252316049028096
8000093  0.4252316049028096
8000100  0.4252316049028096
8000103  0.4252316049028096
2600057  0.42331181358622466
2600058  0.42331181358622466
5400021  0.42331181358622466
8000084  0.42210525284608563
8000085  0.42210525284608563
9700118  0.42210525284608563
9700119  0.42210525284608563
8000033  0.4214858757657863
8100035  0.4201691434442791
5100015  0.31514293343362576
5100016  0.31514293343362576
9300261  0.31514293343362576
9300245  0.2806548116239435
9300256  0.2806548116239435
9300257  0.2806548116239435
9300246  0.21099892877738854
6100030  0.11715192918704218
9500171  0.11715192918704218
7100057  0.11648323592917252
7100059  0.11648323592917252
7100062  0.11648323592917252
7100064  0.11648323592917252
7200020  0.11648323592917252
7200024  0.11648323592917252
7200025  0.11648323592917252
7200026  0.11648323592917252
2000021  0.11627437429004116
2000057  0.11627437429004116
8600063  0.11602458422270256
2000054  0.11499425043121407
2000031  0.11493212495372931
4800044  0.11472327120137266
4800045  0.11472327120137266
2900015  0.11459850414847177
2000028  0.11432880254530672
9500179  0.11429608174745699
8600049  0.11424222658361116
8600050  0.11424222658361116
6400062  0.11416500379495255
6400063  0.11416500379495255
6400064  0.11416500379495255
2000050  0.11416395617412221
6100034  0.11416395617412221
2000024  0.1137348826705861
4800052  0.1137348826705861
4800053  0.1137348826705861
2000046  0.11335139099830817
6100017  0.11255593281255219
6100018  0.11255593281255219
6100019  0.11255593281255219
6500023  0.11255593281255219
6500024  0.11255593281255219
6400087  0.11200716377093392
6400088  0.11200716377093392
7100054  0.11200716377093392
7100055  0.11200716377093392
7100056  0.11200716377093392
2000020  0.11172679496131967
3700014  0.11063831491458145
3700015  0.11063831491458145
3700016  0.11063831491458145
7100046  0.10989825099052421
7100047  0.10989825099052421
8600064  0.10881548319570142
10201071  0.10881548319570142
4800032  0.10874499947617099
6400033  0.10874499947617099
6400034  0.10874499947617099
6400035  0.10874499947617099
2000011  0.10851865639241862
2000013  0.10851865639241862
2000016  0.10851865639241862
8600054  0.10707987778019032
4700025  0.10674261748488637
4700026  0.10674261748488637
4700027  0.10674261748488637
7100045  0.10674261748488637
9500174  0.09400446548080937
5100020  0.058520573598065284
