1000119	inf
6100224	0.7071067811865475
3300227	0.4082482904638631
5800286	0.3333333333333333
6100222	0.2672612419124244
6100140	0.25
6100162	0.24253562503633297
6100139	0.23570226039551587
6100159	0.22941573387056174
6100153	0.2182178902359924
6100434	0.1889822365046136
6100432	0.18257418583505536
6100429	0.1796053020267749
3700457	0.13736056394868904
4400175	0.11624763874381928
6100217	0.08451542547285165
6100346	0.08304547985373997
6100212	0.08111071056538127
6100207	0.08084520834544433
6100202	0.08058229640253803
6100199	0.08032193289024989
6100196	0.08006407690254357
6100335	0.08006407690254357
6100190	0.07980868844676221
6100323	0.07905694150420949
6100311	0.07881104062391006
4400170	0.06900655593423542
5800292	0.06757373783994859
1600378	0.0584206237836986
10201544	0.044721359549995794
10201580	0.04458779620677098
8400086	0.04210759605332595
1100818	0.04079085082240021
1100804	0.04075695729696112
3900213	0.04068942293855797
3900199	0.040655781409087086
3900192	0.04062222318511938
1100758	0.04062222318511938
3900183	0.040555355282690636
9000089	0.04038961958610097
4400105	0.03946685189819292
6500632	0.036563621206356534
6400378	0.03651483716701107
6500532	0.03620243071279983
5800282	0.03571428571428571
4600260	0.035623524993954825
8500209	0.03560094272544522
8500409	0.035555906726738896
8500284	0.03539961627023943
6500518	0.035311227577322434
6500514	0.03522349768381734
6500565	0.03507153119159472
8500310	0.03494282789073061
6500489	0.03492151478847891
8500296	0.03487900532075779
8500195	0.03471050672503116
6500482	0.03468961565679801
4500144	0.03468961565679801
4000982	0.03458572319330373
4000999	0.03454442679267334
3700492	0.03446227583977888
6500480	0.034421419541075714
4200335	0.03369085602646046
4201462	0.03363363969981562
4600259	0.033022909334191324
4200610	0.0328443092721431
1800082	0.0328443092721431
4200619	0.03280893574623933
8500174	0.03280893574623933
9300823	0.03280893574623933
3400153	0.032773676267223106
8500193	0.032773676267223106
2600083	0.03275608910402092
1800100	0.03272099955018442
9300742	0.03268602252303067
3900132	0.03268602252303067
9300675	0.03266857601924006
8500593	0.032651157422416956
7800229	0.032651157422416956
6900079	0.03263376665824188
1900186	0.03263376665824188
9300752	0.03263376665824188
9300739	0.03259906833194042
9300940	0.03259906833194042
8500075	0.0325644804512918
9300738	0.0325644804512918
9300672	0.03254722774520597
4200096	0.032478490123081544
1900245	0.032478490123081544
4001055	0.032461373658059775
6900078	0.03230853348756192
6800410	0.03220783132004154
9100209	0.03217447260438934
9000145	0.03212462831016178
9000184	0.03210806495339678
9300816	0.031992834407549194
9300796	0.0318464877649241
8900542	0.03171807398477756
8900528	0.03165444689164592
8500514	0.031591201180328175
7100132	0.031591201180328175
8900524	0.031591201180328175
7100128	0.03157544889753363
7800073	0.031559720154890156
6900253	0.03152833305597158
6900224	0.031512674583162724
7800182	0.031512674583162724
7800238	0.031481427501027934
1100886	0.031450273186121945
6900211	0.03143473067309657
1800080	0.03138824102871723
6800548	0.03138824102871723
6800504	0.03135736227945324
6800545	0.03135736227945324
5400304	0.031341957040361135
7800129	0.03132657448383193
5400301	0.03132657448383193
1900110	0.03126526997403612
4001051	0.03125
7800235	0.031234752377721213
6800335	0.031219527052723135
6800185	0.03117398431942748
1400096	0.031128640318234518
6900050	0.031098520678556146
1400164	0.031068488300060003
7800061	0.031053504702226845
6800562	0.03102360242788488
6800501	0.030978910540439487
7400113	0.03090485136077065
6800425	0.03090485136077065
7400104	0.03089010316076077
6800352	0.03089010316076077
6800422	0.03087537605472192
6800516	0.030831320798910367
6800153	0.030816677568068284
4000980	0.030816677568068284
6800524	0.030729254193150105
1300083	0.03071475584169756
6800347	0.03070027799227584
9000161	0.030485538042484616
1100792	0.03044312827739915
8100059	0.030247530200945175
4000976	0.030042088406305484
4500118	0.030015011259383207
9100171	0.030001500112509377
6500421	0.02993421700446248
4500256	0.029867384554474945
2300101	0.02932311763539111
4300048	0.0291111254869791
6900162	0.0291111254869791
10201538	0.02855977389887699
10201577	0.02854813347699592
3700480	0.028421021140160225
10201543	0.027482485496465633
1400093	0.027226638505866506
10201579	0.027156272329678422
4000949	0.026958193300859603
8700051	0.026650089544451302
4900527	0.026640630772354096
4900518	0.026416599065942358
4900516	0.026388990698462976
5400285	0.0258803470681335
1900102	0.02583711946644009
1900206	0.025828499910081303
1900094	0.025768403601503658
1900210	0.025229689602299696
4400054	0.025181648258293953
1800054	0.025047007249281213
1800065	0.02503915429180672
6800443	0.025031308716087945
7800225	0.025015639663712997
1900054	0.024968808471946116
6700073	0.024961028814965893
9100213	0.024610841494742634
7100116	0.024566243134638045
4800131	0.02413319668619763
3400166	0.023993858358289818
7400057	0.023843339369540383
2900131	0.02382303276028985
6800542	0.0237758517182737
7000134	0.023649188492020107
6700299	0.02363597296235327
6800167	0.023446803861612006
7100083	0.023433924539650597
1300112	0.023268401675088573
6800560	0.023224433809720592
1400079	0.023186944788008416
7000175	0.023149636727175963
7500056	0.023137240669137377
6800493	0.023051022277878704
10300160	0.0229597066319268
10201536	0.02289942900985637
10300103	0.02289942900985637
10201531	0.022893427324781505
6800559	0.022893427324781505
10201573	0.022869467687317412
5000256	0.022222222222222223
5000252	0.02217845610938612
1300132	0.022167554926073633
7000123	0.022145800696175846
6800456	0.02195814375455294
3100238	0.02194227995205747
3100233	0.02193699965359284
7500048	0.021905397716916176
7100055	0.021879166839686815
7000142	0.02185302996876323
6800476	0.02179068168202045
1300080	0.02179068168202045
6800613	0.02175970699446223
3100256	0.021749411414517784
3100251	0.021744269101781406
7000088	0.021703261485649127
7000120	0.02163711612039577
9100233	0.02162193750322053
6800407	0.021561540911771697
9100221	0.021461994946516343
7000139	0.021457053771143726
4700077	0.021447181650183562
9100202	0.021358941442919024
4700086	0.02132007163556104
9100197	0.02113829521450379
5000284	0.02088779965721784
5000270	0.02065480961930069
5100051	0.020615270438818365
6800393	0.020597770206089702
6800368	0.02026518240899438
4600061	0.02014966332712555
4700107	0.019551547175144377
4700096	0.019114484997483857
2900129	0.018712029714127994
5400114	0.01867935633541406
5400100	0.018669587648437895
5400287	0.01862420223192341
7300128	0.018278756253377788
4700133	0.018199876605254923
4000175	0.01816681048781899
10300123	0.018122009407318746
4001273	0.017992480714263844
3300218	0.017989569074028863
2800109	0.01798665884686851
4800315	0.01789140667411283
3000161	0.017859990659227328
7600057	0.017658366242304668
7900059	0.017658366242304668
2100155	0.01761721408605633
2100049	0.01761448082809464
1100726	0.017609018126512475
7400095	0.01760083359521907
2300069	0.017579063848365748
5400284	0.01755196492081838
2700173	0.01754926191550154
7800209	0.01753846236868463
2400055	0.017533070066522223
6700316	0.017516922953288844
7100096	0.01750618296273089
4700122	0.017484762112905904
9100081	0.0174687479784702
1300123	0.01744746408634046
1400142	0.017376201171422898
6800146	0.017310989648230364
6800143	0.017292861596651866
9100045	0.017290276521281022
9100148	0.017259345769283257
6800699	0.017226024063738864
4800321	0.017167540087486825
4000148	0.017119673934947517
4000134	0.017117165741551164
3300092	0.017107143980890235
4800268	0.017104641289927988
3300053	0.017104641289927988
1000056	0.017099639201419235
3200054	0.017097139802268062
10100102	0.017097139802268062
1600327	0.017097139802268062
1600273	0.017097139802268062
1600227	0.017097139802268062
2100071	0.017094641498783945
2400066	0.017094641498783945
1600200	0.017094641498783945
2100080	0.017092144290166606
1100069	0.017092144290166606
3200063	0.01708715315433522
1600191	0.01708465922552469
1100058	0.017082166388387977
1400151	0.01706971854997297
2000063	0.0170672322461873
2100062	0.01705233720429863
3200043	0.017049858486761837
2300052	0.017047380849825593
1300058	0.017017733208518925
5800278	0.017015269548251433
2100044	0.017000510022951148
1400049	0.016927284226638313
5300526	0.016888615337236124
1600182	0.016854996561581053
1100050	0.01684064984606185
1200033	0.016838262286703987
1600153	0.016833490212841196
2200196	0.016831105696898524
2400047	0.016809690554095334
1700030	0.0167623925128122
2200105	0.01665048655513923
2200178	0.016636655330361162
2200187	0.016629752630943483
2200160	0.01662056238286334
2200132	0.016599939908326297
2200151	0.016590798971560294
2200114	0.01655438565145405
2200123	0.016552117772047358
4000213	0.0162822402256459
4000205	0.01628008235137685
4000714	0.016267153097966322
2200094	0.016239245061540772
