1200131	inf
error	1.0
5300314	0.8660254037844387
10600518	0.6172133998483676
8900206	0.6172133998483676
10600515	0.5547001962252291
10600514	0.5252257314388902
1200347	0.4472135954999579
1200334	0.4364357804719848
10600652	0.375
10600592	0.375
8000129	0.35355339059327373
3300223	0.32659863237109044
10600352	0.32025630761017426
10600410	0.31426968052735443
10600412	0.31426968052735443
10600408	0.31234752377721214
3300204	0.30499714066520933
3300219	0.2932942300427066
10600426	0.28005601680560194
3300202	0.2773500981126146
10600395	0.2734343708098653
10600079	0.2684624220856097
10600780	0.25
8100575	0.24712082528608617
2900555	0.24712082528608617
6400218	0.23866718525271902
7000237	0.23652495839563303
4400328	0.23570226039551587
3300267	0.23570226039551587
9300082	0.2301741350593744
4400595	0.22941573387056174
4400323	0.22360679774997896
9300079	0.22291128503014113
5300053	0.21320071635561044
6400049	0.21320071635561041
8100565	0.20465780403866032
2900486	0.20306923302672383
2900490	0.20100756305184242
5300050	0.1978141420187361
2400317	0.19611613513818404
5300108	0.19446111706564934
2900479	0.19069251784911848
9300059	0.18772930178557284
5300041	0.1867718419094071
10600520	0.18257418583505536
8900215	0.18257418583505536
2900551	0.18257418583505536
4400322	0.18257418583505536
2900613	0.18219500746971076
2900549	0.18181818181818182
3000300	0.1796053020267749
2900588	0.1796053020267749
10600612	0.17677669529663687
10600672	0.17677669529663687
2900586	0.17643243655649235
1702577	0.173421993904824
2900683	0.17277368511627203
2900170	0.17245224542369075
3000320	0.17213259316477408
8900139	0.17149858514250882
4400239	0.17149858514250882
2900583	0.16813254068367944
2900563	0.16813254068367944
2900400	0.16783627165933782
2900147	0.16695677422593644
2400313	0.16666666666666666
8900334	0.1638463841038081
1501133	0.16329931618554522
8900339	0.16329931618554522
4401643	0.16169041669088866
4401633	0.16142686245425236
4401623	0.16116459280507606
1500747	0.16090359734182594
4401614	0.1598721533954863
1500727	0.15961737689352443
4400549	0.15811388300841897
1500757	0.15737789507292674
1500769	0.15737789507292674
4301261	0.15617376188860607
1500370	0.1559362351170901
1500273	0.14948701855038718
1500152	0.1492786741724152
4201367	0.14824986333222023
1500406	0.14784425419091457
4400293	0.14744195615489714
4201363	0.14724203476646205
10600362	0.13608276348795434
7000184	0.1327446623199944
7000180	0.13259870882635919
12001541	0.1284322598135871
3000127	0.1281682672224003
12001577	0.12803687993289598
2700378	0.12329924047901797
4400475	0.12309149097933272
7000249	0.12194215216993846
2400818	0.11634594543263002
2400307	0.11624763874381928
2400804	0.11624763874381928
6900213	0.11605177063713189
6900199	0.11595420713048969
6900192	0.11585688927269845
2400758	0.11585688927269845
6900183	0.11566298639324804
3300105	0.1125087900926024
7300084	0.11215443081840887
10400089	0.1111111111111111
4401604	0.10838556292068097
4401594	0.10798984943120776
4401585	0.1065247282582615
1500779	0.10425720702853739
8700517	0.10369516947304253
12400498	0.10362555203016796
1500737	0.10273309938750283
3700260	0.10192943828752511
7400204	0.10186331473967244
8700503	0.10153461651336192
7400281	0.10140402531267877
8700499	0.10127393670836667
1500791	0.10127393670836667
7400307	0.10082253837294725
7400293	0.10063092108532552
8700474	0.10050378152592121
8700550	0.10037712264569912
1702718	0.10018802899712485
7400194	0.10018802899712485
7100144	0.10012523486435178
1500448	0.10006255865485199
12400496	0.1
8700467	0.09993755853278152
8700465	0.09913631941932192
1500209	0.09913631941932192
2600957	0.09907548092361398
2400298	0.09901475429766744
2600974	0.09901475429766744
3000172	0.09895413919905868
3000154	0.09805806756909202
1500345	0.0978231976089037
1501141	0.09690031662230184
1501131	0.09678678369916545
1501104	0.09667364890456635
3700259	0.09443843292997713
5100082	0.09314928656652446
8400079	0.09309881282314554
7400173	0.09309881282314554
8200795	0.09304842103984709
6200152	0.09294788246803462
7400192	0.09294788246803462
5500082	0.09289773523888237
1500408	0.09284766908852593
5100100	0.09279768379871821
9000228	0.09269795493186431
6800136	0.09269795493186431
7400579	0.09269795493186431
8200714	0.09269795493186431
1500396	0.09269795493186431
5200172	0.0926482109224159
7400074	0.0926482109224159
8200647	0.0926482109224159
8200710	0.09245003270420485
8200644	0.0924006865396515
8400078	0.0922531208028885
5200228	0.09220408911151481
7900209	0.09181462976097772
3801174	0.09162174167027523
10400145	0.09143006417649889
4101288	0.09143006417649889
10400184	0.09138233247699076
1500359	0.09128709291752768
1702580	0.09123958466923195
4001430	0.0911447902699551
4001425	0.09109750373485538
4101281	0.09105029072119708
1501139	0.09095608449760505
1501129	0.09095608449760505
1501117	0.09086217008485092
8200788	0.09076854597952916
2600955	0.09039692294111375
8200768	0.09035079029052513
9500541	0.09025873648130484
9800131	0.09021281496396893
7400501	0.09021281496396893
7400271	0.09016696346674323
9500527	0.09012118181186658
9000072	0.09012118181186658
8400253	0.09002982732126874
8400224	0.0899842541331695
9000181	0.0899842541331695
9500523	0.08993875008265757
9000237	0.08989331499509895
2400886	0.08980265101338746
8400211	0.08975742177304004
8100540	0.08966716793244406
5100080	0.08962214298964417
8100537	0.08957718580447785
8100496	0.08953229620716904
1200272	0.08948747402853657
1500104	0.08944271909999159
1200269	0.08944271909999159
9000128	0.08944271909999159
5200096	0.08926436853549036
1501127	0.08921994734909411
1500336	0.08921994734909411
1501137	0.08921994734909411
9000234	0.08917559241354196
8100327	0.08913130356431728
1501100	0.08913130356431728
1500083	0.0890870806374748
8100185	0.08899883189799696
2300095	0.08886694914058754
8400050	0.08877935232369506
2300163	0.08869201403169857
9000060	0.08864844143558726
8100554	0.08864844143558726
8100493	0.08843153765707637
8100153	0.08830215713766959
10000112	0.08821621827824618
8100414	0.08821621827824618
10000103	0.0881733428354811
8100344	0.0881733428354811
2600951	0.08804509063256238
8100508	0.08800246410349283
2200082	0.08774799861437135
8100516	0.08770580193070293
8100339	0.0876215908676647
2400792	0.08691545608312636
8700406	0.0858282150845749
7100118	0.08570991287109667
7100256	0.08528028654224416
10400161	0.08497185773241747
10500059	0.08432740427115679
4800101	0.0837707816583391
12001535	0.08336952587937554
12001574	0.08333333333333333
8400162	0.08300970751529205
12400480	0.08141255010133056
3300054	0.07987230638308716
12001540	0.07933635037580193
2600924	0.07838618016696206
12001576	0.07835609527613335
2300092	0.07770286898858113
4400271	0.07669649888473704
4400268	0.07624928516630233
7600051	0.07559289460184544
3400527	0.0755659115938104
4400233	0.07537783614444091
1500167	0.07495316889958614
3400518	0.07492686492653552
3400516	0.07484811885651198
4400230	0.07453559924999299
5200088	0.07327433054473116
5200192	0.07324975421315116
5200080	0.07307840952418695
8100435	0.07238114933672875
8900072	0.07216878364870323
5200196	0.07186530690807356
5100054	0.07133763750064216
5100065	0.07131495823206692
9000224	0.07124704998790965
7900213	0.071156806696482
5200052	0.07111181345347779
9800115	0.07009996372327816
6800131	0.06921285402059828
6200165	0.06863982230545802
10000056	0.06857926664981863
8100534	0.06837856599513578
8000134	0.06788442333021306
8100458	0.06782584334807007
9800082	0.06743914781733674
3300255	0.06741998624632421
8100552	0.06685262704648756
8100167	0.0668153104781061
11400160	0.06677805632941779
2300078	0.06677805632941779
2200111	0.06674086442659999
8000175	0.06666666666666667
12001533	0.06662966046527696
11400103	0.06662966046527696
12001528	0.06661118045924538
11400140	0.06653741390233153
9300055	0.06650062240717552
8100485	0.0663723311599972
8100551	0.06604581866838265
1702650	0.06509445549041194
7000196	0.06482037235521644
4001456	0.06454972243679027
3000612	0.0642824346533225
3300160	0.06401843996644799
3000533	0.06401843996644799
8000123	0.06379009321094968
3500256	0.0636123820830045
2200131	0.06350006350009525
3500252	0.06348406650689517
8100448	0.06338833777713108
9300047	0.06322974774186792
6400222	0.06318240236065635
6400217	0.06316664418548654
9800054	0.0631037291856266
8000142	0.0630723421012747
8100468	0.0629940788348712
8000088	0.06273014684478057
2200079	0.06257643392852427
8100605	0.06257643392852427
6400240	0.06254582672007622
6400235	0.06253053994807224
7900233	0.06248474679660018
8000120	0.06237828615518053
8100399	0.062302575135466366
8000139	0.06198757273737437
6700077	0.06192811222226325
7900221	0.061868822488974594
7900202	0.061691969847563574
7900197	0.06109897266759836
3500284	0.05973476910894989
8100385	0.059260885094595976
3500270	0.05904099236933969
3600051	0.05892556509887897
8100360	0.05844556321868036
3700061	0.057710985682476124
12400475	0.057353933467640436
3300150	0.05590169943749474
1200255	0.05392618512730701
1100414	0.05372153093502535
1200068	0.05369248441712195
3300191	0.052999894000318
9200127	0.052741266274988985
2600174	0.052226264272394435
11400123	0.052155183920609346
6700133	0.052066740268841255
3300172	0.05184758473652126
3300187	0.05184758473652126
2601250	0.051769363543267964
5800218	0.051760694136267
4700109	0.05175202908319945
6800315	0.05157963676845041
6300160	0.051375022526748214
1200252	0.05078367161190256
4700147	0.05065320595869052
6000049	0.05064508520417602
2400726	0.050628855405584566
10000094	0.05060453993692575
5500090	0.05055601391655587
4800069	0.050539869571926896
9000208	0.05052374068382766
10100056	0.05052374068382766
4900055	0.050507627227610534
8900310	0.05045937920459939
9800095	0.05042729056592992
6700122	0.05027570118399011
2200122	0.050251890762960605
7900081	0.05022811413955104
8100146	0.05015698625755192
8100143	0.05010187299959102
2300141	0.05004694102113484
7900045	0.049790388022051275
7900148	0.049698069547042624
8000075	0.04959863506434428
6800321	0.04933386504563307
5800092	0.049244058177998824
6800268	0.04923659639173309
2600147	0.04923659639173309
5800053	0.04923659639173309
2600133	0.04922913799641775
2700164	0.04922168298948527
2700227	0.04921423136837081
5700054	0.04921423136837081
2700273	0.04921423136837081
11600102	0.04921423136837081
2700327	0.04921423136837081
6000071	0.04920678313051229
2700200	0.04920678313051229
4900066	0.04920678313051229
2400069	0.0491993382733503
6000080	0.0491993382733503
5700063	0.04918445869089195
2700191	0.04917702396049034
2400058	0.04916959260057477
2300150	0.04913248626927609
2500063	0.04912507507890747
6000062	0.049080678255487356
5700043	0.04907329048119165
4700047	0.049065906041983305
3300170	0.04902903378454601
2200057	0.048977551997830084
12500278	0.048970210687439175
6000044	0.04892623204301543
2300048	0.04870810241434831
1200035	0.04864323032907135
2700182	0.048492864496887195
2400050	0.04845015831115092
2100033	0.048443051577220335
2700153	0.0484288474861432
5000196	0.04842175012441591
4900047	0.0483580139723127
4600030	0.048217274401525456
5000105	0.04788445058287671
5000178	0.04784333039445718
5000187	0.047822809985881044
5000160	0.047795490469235126
5000132	0.047734192344372824
5000151	0.04770702433286961
5000114	0.047598814328302444
5000123	0.04759207562729489
2600212	0.04717978496210717
2600204	0.047173222644117
2600706	0.046842132836443645
2600689	0.046835710387268824
5000094	0.04666329666137581
6900223	0.04402254531628119
7000225	0.03450327796711771
1702608	0.03143473067309657
3000657	0.030289126640769135
8900114	0.024267841905814505
8900098	0.024196695924791362
8900092	0.02414022747926338
6700086	0.01523569088340013
6700096	0.013563140979519323
