1700047  inf
1700048  inf
1700050  inf
1700051  inf
1700052  inf
6900041  inf
6900080  inf
6900081  inf
6900084  inf
6900085  inf
6900086  inf
8700221  inf
8900206  inf
1700137  9856.8
1700190  9856.8
1700191  9856.8
1700195  9856.8
1700200  9856.8
6900096  8140.166666666667
6900097  8140.166666666667
1700140  3522.769230769231
1700141  3522.769230769231
1700143  3522.769230769231
6900164  3522.769230769231
6900165  3522.769230769231
1600048  2996.266666666667
1600049  2996.266666666667
1600066  2142.45
1600082  2142.45
1600086  2142.45
1600087  2142.45
1600091  2142.45
1600100  2142.45
1600128  2142.45
6900155  1809.391304347826
6900158  1809.391304347826
10700097  1809.391304347826
10700115  1809.391304347826
10700128  1809.391304347826
10700141  1809.391304347826
10700160  1809.391304347826
10700179  1809.391304347826
10700198  1809.391304347826
10700218  1809.391304347826
10700237  1809.391304347826
10700256  1809.391304347826
10700277  1809.391304347826
10700285  1809.391304347826
10700288  1809.391304347826
1600101  1632.16
1600155  1632.16
8600035  1188.28125
8600036  1188.28125
8600040  1188.28125
8600041  1188.28125
1700192  1140.4848484848485
1700193  1140.4848484848485
8600049  1140.4848484848485
2100045  1095.5588235294117
2100046  1095.5588235294117
2100047  1095.5588235294117
2100048  1095.5588235294117
10703017  1095.5588235294117
7900035  712.195652173913
7900036  712.195652173913
7900037  712.195652173913
1600088  689.3617021276596
1600089  689.3617021276596
1600129  689.3617021276596
1600130  689.3617021276596
7900045  689.3617021276596
1700162  667.5208333333334
1700163  667.5208333333334
1600142  626.58
1600115  588.9423076923077
1600109  492.4310344827586
1600121  492.4310344827586
1700102  478.3728813559322
9700054  464.81666666666666
9700055  464.81666666666666
9700056  464.81666666666666
10800047  451.73770491803276
10800050  451.73770491803276
10800051  451.73770491803276
10900053  451.73770491803276
13300099  451.73770491803276
13300101  451.73770491803276
13300133  451.73770491803276
13300134  451.73770491803276
13300135  451.73770491803276
13300136  451.73770491803276
13300137  451.73770491803276
13300138  451.73770491803276
13300139  451.73770491803276
13300140  451.73770491803276
13300142  451.73770491803276
13300143  451.73770491803276
13300207  451.73770491803276
13300224  451.73770491803276
2100065  426.92063492063494
10800067  415.140625
10800068  415.140625
10800071  415.140625
10800074  415.140625
10100264  308.05333333333334
10100267  308.05333333333334
9700043  300.0131578947368
11200339  300.0131578947368
11200345  300.0131578947368
13300115  300.0131578947368
13300117  300.0131578947368
13300215  300.0131578947368
14400052  300.0131578947368
14400058  300.0131578947368
14400454  300.0131578947368
14400455  300.0131578947368
14400456  300.0131578947368
14400467  300.0131578947368
14400472  300.0131578947368
14400483  300.0131578947368
14400487  300.0131578947368
2900043  284.62820512820514
14600082  284.62820512820514
14600083  284.62820512820514
14600106  284.62820512820514
14600107  284.62820512820514
14600108  284.62820512820514
14600109  284.62820512820514
14600110  284.62820512820514
14600111  284.62820512820514
14600112  284.62820512820514
14600113  284.62820512820514
14600114  284.62820512820514
14600162  284.62820512820514
14600171  284.62820512820514
2800060  277.26582278481015
2801159  277.26582278481015
11200306  277.26582278481015
11200307  277.26582278481015
10703532  263.1604938271605
10703535  256.4024390243902
10500070  237.2235294117647
10500077  237.2235294117647
10500078  237.2235294117647
2900085  225.28735632183907
2900086  225.28735632183907
2900087  225.28735632183907
10700379  203.25274725274724
10703539  203.25274725274724
10703544  198.09782608695653
10703545  198.09782608695653
10703548  198.09782608695653
10800056  188.18085106382978
4500028  178.76041666666666
4500030  178.76041666666666
4500032  178.76041666666666
2900104  174.22680412371133
2900105  174.22680412371133
2900108  174.22680412371133
2900109  174.22680412371133
10703421  157.1881188118812
11200079  157.1881188118812
11200080  157.1881188118812
11200081  157.1881188118812
11200272  157.1881188118812
11200273  157.1881188118812
11200276  157.1881188118812
11200279  157.1881188118812
11200280  157.1881188118812
11200281  157.1881188118812
11200285  157.1881188118812
11200286  157.1881188118812
11200289  157.1881188118812
11200290  157.1881188118812
11200291  157.1881188118812
11200294  157.1881188118812
11200296  157.1881188118812
11200300  157.1881188118812
11200547  157.1881188118812
11200548  157.1881188118812
2100074  141.75238095238095
2900758  141.75238095238095
2900761  141.75238095238095
11200061  141.75238095238095
11200062  141.75238095238095
11200063  141.75238095238095
11200314  141.75238095238095
11200315  141.75238095238095
11200316  141.75238095238095
4600043  121.22522522522523
4600044  121.22522522522523
4600064  118.08035714285714
4600081  118.08035714285714
4600085  103.41880341880342
4600086  103.41880341880342
4600087  103.41880341880342
4600088  103.41880341880342
4600090  103.41880341880342
4600095  103.41880341880342
11200101  103.41880341880342
11200102  103.41880341880342
11200105  103.41880341880342
11200108  103.41880341880342
11200109  103.41880341880342
11200112  103.41880341880342
11200113  103.41880341880342
11200116  103.41880341880342
11200121  103.41880341880342
11200123  103.41880341880342
10703536  98.01680672268908
14400606  95.40833333333333
14400610  95.40833333333333
14400130  92.85950413223141
14400134  92.85950413223141
2900456  90.3688524590164
2900457  90.3688524590164
2900458  90.3688524590164
2900459  90.3688524590164
2900460  90.3688524590164
2900461  90.3688524590164
2900463  90.3688524590164
10703533  90.3688524590164
5400044  87.9349593495935
5400045  87.9349593495935
5400058  87.9349593495935
5400062  87.9349593495935
11200117  87.9349593495935
4600101  85.55645161290323
2300053  70.35114503816794
2300054  70.35114503816794
2400050  70.35114503816794
2400051  70.35114503816794
2500048  70.35114503816794
2500049  70.35114503816794
2900450  68.37121212121212
10800675  68.37121212121212
2300197  62.696296296296296
2300244  62.696296296296296
2300248  62.696296296296296
2300249  62.696296296296296
2300250  62.696296296296296
2300253  62.696296296296296
2300256  62.696296296296296
2300265  62.696296296296296
2300266  62.696296296296296
2300267  62.696296296296296
2300268  62.696296296296296
2300269  62.696296296296296
2300271  62.696296296296296
2400083  62.696296296296296
2400099  62.696296296296296
2400103  62.696296296296296
2400104  62.696296296296296
2400111  62.696296296296296
2500087  62.696296296296296
2500131  62.696296296296296
2500135  62.696296296296296
2500136  62.696296296296296
2500140  62.696296296296296
2500141  62.696296296296296
2500142  62.696296296296296
2500144  62.696296296296296
2500145  62.696296296296296
2500146  62.696296296296296
2500151  62.696296296296296
2500152  62.696296296296296
2500161  62.696296296296296
2500165  62.696296296296296
4200038  62.696296296296296
4200039  62.696296296296296
4200040  62.696296296296296
4200048  62.696296296296296
4300041  62.696296296296296
4300042  62.696296296296296
4300043  62.696296296296296
4300065  62.696296296296296
12200052  62.696296296296296
12200053  62.696296296296296
12200054  62.696296296296296
12200064  62.696296296296296
12200065  62.696296296296296
12200082  62.696296296296296
12200083  62.696296296296296
12200084  62.696296296296296
12200085  62.696296296296296
12200107  62.696296296296296
12200226  62.696296296296296
12200227  62.696296296296296
12200236  62.696296296296296
12200237  62.696296296296296
12200238  62.696296296296296
12200242  62.696296296296296
12200276  62.696296296296296
12200282  62.696296296296296
2500105  60.88970588235294
2500062  59.12408759124087
2500063  59.12408759124087
2500096  59.12408759124087
2500137  59.12408759124087
2500138  59.12408759124087
4100035  59.12408759124087
4100036  59.12408759124087
4100037  59.12408759124087
4100045  59.12408759124087
2000044  57.39855072463768
2000045  57.39855072463768
2000058  57.39855072463768
2000066  57.39855072463768
2300065  57.39855072463768
2300216  57.39855072463768
2300217  57.39855072463768
2300222  57.39855072463768
2300223  57.39855072463768
2300224  57.39855072463768
2300227  57.39855072463768
2400060  57.39855072463768
2400105  57.39855072463768
2400108  57.39855072463768
4000035  57.39855072463768
4000036  57.39855072463768
4000037  57.39855072463768
4000045  57.39855072463768
5500035  57.39855072463768
5500036  57.39855072463768
5500037  57.39855072463768
12200184  57.39855072463768
12200187  57.39855072463768
12200188  57.39855072463768
12200189  57.39855072463768
12200190  57.39855072463768
12200191  57.39855072463768
12200192  57.39855072463768
12200193  57.39855072463768
12200196  57.39855072463768
2900610  54.06428571428572
4600091  47.84027777777778
4600092  47.84027777777778
5500045  47.84027777777778
2300076  46.37241379310345
2300077  46.37241379310345
2300120  46.37241379310345
2300121  46.37241379310345
6900114  46.37241379310345
12200163  46.37241379310345
12200165  46.37241379310345
12200166  46.37241379310345
12200167  46.37241379310345
12200168  46.37241379310345
12200171  46.37241379310345
12200219  46.37241379310345
12200289  46.37241379310345
1900045  44.93835616438356
1900046  44.93835616438356
1900047  44.93835616438356
1900048  44.93835616438356
11200145  44.93835616438356
11200528  44.93835616438356
11200529  44.93835616438356
11200531  44.93835616438356
11200532  44.93835616438356
11200534  44.93835616438356
5400070  43.53741496598639
5400071  43.53741496598639
10800126  43.53741496598639
10800127  43.53741496598639
10800128  43.53741496598639
10800129  43.53741496598639
10800130  43.53741496598639
10800131  43.53741496598639
10800135  43.53741496598639
11200254  43.53741496598639
2900600  39.526666666666664
4600115  38.25165562913907
4600116  38.25165562913907
10500331  35.790849673202615
10500332  35.790849673202615
10500335  35.790849673202615
10500338  35.790849673202615
10500342  35.790849673202615
10500344  35.790849673202615
10702999  35.790849673202615
1900054  32.31410256410256
1900061  31.21019108280255
10800534  30.132911392405063
10800535  30.132911392405063
10800536  30.132911392405063
10800537  30.132911392405063
10800538  30.132911392405063
10800541  30.132911392405063
2900726  28.05625
2200274  25.12883435582822
2200275  25.12883435582822
2200276  25.12883435582822
2200277  25.12883435582822
2200278  25.12883435582822
2200279  25.12883435582822
2200280  25.12883435582822
2200113  24.201219512195124
2200285  24.201219512195124
2200953  24.201219512195124
2200287  23.296969696969697
2200288  23.296969696969697
2200289  23.296969696969697
2200292  23.296969696969697
2200293  23.296969696969697
2200294  23.296969696969697
2200295  23.296969696969697
2200296  23.296969696969697
2200297  23.296969696969697
2200300  23.296969696969697
2200301  23.296969696969697
2200302  23.296969696969697
2200303  23.296969696969697
2200304  23.296969696969697
2200305  23.296969696969697
2200306  23.296969696969697
2200307  23.296969696969697
2200308  23.296969696969697
2200309  23.296969696969697
2200311  23.296969696969697
2200314  23.296969696969697
2200315  23.296969696969697
2200316  23.296969696969697
2200317  23.296969696969697
2200320  23.296969696969697
2200321  23.296969696969697
2200322  23.296969696969697
2200323  23.296969696969697
2200325  23.296969696969697
2200326  23.296969696969697
2200329  23.296969696969697
2200331  23.296969696969697
2200332  23.296969696969697
2200333  23.296969696969697
2200337  23.296969696969697
2200341  23.296969696969697
2200342  23.296969696969697
2200343  23.296969696969697
2200346  23.296969696969697
2200349  23.296969696969697
2200350  23.296969696969697
2200351  23.296969696969697
2200352  23.296969696969697
2200355  23.296969696969697
2200356  23.296969696969697
2200357  23.296969696969697
2200359  23.296969696969697
2200362  23.296969696969697
2200366  23.296969696969697
2200367  23.296969696969697
2200368  23.296969696969697
2200369  23.296969696969697
2200370  23.296969696969697
2200371  23.296969696969697
2200372  23.296969696969697
2200373  23.296969696969697
2200374  23.296969696969697
2200376  23.296969696969697
2200380  23.296969696969697
2200387  23.296969696969697
2200388  23.296969696969697
2200392  23.296969696969697
2200395  23.296969696969697
2200396  23.296969696969697
2200397  23.296969696969697
2200399  23.296969696969697
2200400  23.296969696969697
2200401  23.296969696969697
2200402  23.296969696969697
2200403  23.296969696969697
2200404  23.296969696969697
2200405  23.296969696969697
2200408  23.296969696969697
2200411  23.296969696969697
2200412  23.296969696969697
2200413  23.296969696969697
2200414  23.296969696969697
2200415  23.296969696969697
2200416  23.296969696969697
2200417  23.296969696969697
2200419  23.296969696969697
2200421  23.296969696969697
2200422  23.296969696969697
2200426  23.296969696969697
2200427  23.296969696969697
2200428  23.296969696969697
2200429  23.296969696969697
2200432  23.296969696969697
2200433  23.296969696969697
2200434  23.296969696969697
2200435  23.296969696969697
2200440  23.296969696969697
2200441  23.296969696969697
2200442  23.296969696969697
2200443  23.296969696969697
2200444  23.296969696969697
2200445  23.296969696969697
2200448  23.296969696969697
2200449  23.296969696969697
2200450  23.296969696969697
2200452  23.296969696969697
2200453  23.296969696969697
2200454  23.296969696969697
2200455  23.296969696969697
2200456  23.296969696969697
2200459  23.296969696969697
2200462  23.296969696969697
2200471  23.296969696969697
2200472  23.296969696969697
2200476  23.296969696969697
2200478  23.296969696969697
2200479  23.296969696969697
2200480  23.296969696969697
2200481  23.296969696969697
2200482  23.296969696969697
2200484  23.296969696969697
2200487  23.296969696969697
2200512  23.296969696969697
2200522  23.296969696969697
2200525  23.296969696969697
2200528  23.296969696969697
2200532  23.296969696969697
2200533  23.296969696969697
2200560  23.296969696969697
2200564  23.296969696969697
2200565  23.296969696969697
2200567  23.296969696969697
2200570  23.296969696969697
2200571  23.296969696969697
2200572  23.296969696969697
2200573  23.296969696969697
2200576  23.296969696969697
2200581  23.296969696969697
2200582  23.296969696969697
2200583  23.296969696969697
2200584  23.296969696969697
2200585  23.296969696969697
2200586  23.296969696969697
2200588  23.296969696969697
2200589  23.296969696969697
2200590  23.296969696969697
2200856  23.296969696969697
2200858  23.296969696969697
2200859  23.296969696969697
2200862  23.296969696969697
2200863  23.296969696969697
2200864  23.296969696969697
2200865  23.296969696969697
2200866  23.296969696969697
2200867  23.296969696969697
2200869  23.296969696969697
2200873  23.296969696969697
2200876  23.296969696969697
2200877  23.296969696969697
2200878  23.296969696969697
2200879  23.296969696969697
2200880  23.296969696969697
2200881  23.296969696969697
2200882  23.296969696969697
2200884  23.296969696969697
2200888  23.296969696969697
2200889  23.296969696969697
2200890  23.296969696969697
2200893  23.296969696969697
2200897  23.296969696969697
2200898  23.296969696969697
2200899  23.296969696969697
2200902  23.296969696969697
2200903  23.296969696969697
2200904  23.296969696969697
2200905  23.296969696969697
2200908  23.296969696969697
2200909  23.296969696969697
2200912  23.296969696969697
2200932  23.296969696969697
2200933  23.296969696969697
2200935  23.296969696969697
2200936  23.296969696969697
2200937  23.296969696969697
2200938  23.296969696969697
2200939  23.296969696969697
2200941  23.296969696969697
2200942  23.296969696969697
2200943  23.296969696969697
2200946  23.296969696969697
2200957  23.296969696969697
2300111  23.296969696969697
10703464  23.296969696969697
10703465  23.296969696969697
2200591  22.41566265060241
2200592  22.41566265060241
2200923  19.90532544378698
2200924  19.90532544378698
11800149  19.90532544378698
11800150  19.90532544378698
11800151  19.90532544378698
11800154  19.90532544378698
11800155  19.90532544378698
11800157  19.90532544378698
11800162  19.90532544378698
11800165  19.90532544378698
11800166  19.90532544378698
11800167  19.90532544378698
11800168  19.90532544378698
11800169  19.90532544378698
11800173  19.90532544378698
11800178  19.90532544378698
11801571  19.90532544378698
11801580  19.90532544378698
11801251  19.111764705882354
11801257  19.111764705882354
11800127  17.587209302325583
11800128  17.587209302325583
11800203  17.587209302325583
11800204  17.587209302325583
11800205  17.587209302325583
11800206  17.587209302325583
11800209  17.587209302325583
11800210  17.587209302325583
11800211  17.587209302325583
11800217  17.587209302325583
11800218  17.587209302325583
11800219  17.587209302325583
11800220  17.587209302325583
11800221  17.587209302325583
11800222  17.587209302325583
11800223  17.587209302325583
11800224  17.587209302325583
11800225  17.587209302325583
11800226  17.587209302325583
11800229  17.587209302325583
11800230  17.587209302325583
11800233  17.587209302325583
11800234  17.587209302325583
11800235  17.587209302325583
11800236  17.587209302325583
11800238  17.587209302325583
11800242  17.587209302325583
1700072  14.778409090909092
9000042  12.871508379888269
9000043  12.871508379888269
9000044  12.871508379888269
9000045  12.871508379888269
1600092  12.272222222222222
1600093  12.272222222222222
1600094  12.272222222222222
1600095  12.272222222222222
1600131  12.272222222222222
9000053  12.272222222222222
9000061  12.272222222222222
2200516  11.69060773480663
2200517  11.69060773480663
10500336  11.69060773480663
1600134  11.126373626373626
1600135  11.126373626373626
1600136  11.126373626373626
1600137  11.126373626373626
2200162  11.126373626373626
2200163  11.126373626373626
11800598  11.126373626373626
11800599  11.126373626373626
11800601  11.126373626373626
11800602  11.126373626373626
11800603  11.126373626373626
11800604  11.126373626373626
11800605  11.126373626373626
11800606  11.126373626373626
11800607  11.126373626373626
11800608  11.126373626373626
11800609  11.126373626373626
11800610  11.126373626373626
11800614  11.126373626373626
11800615  11.126373626373626
11800616  11.126373626373626
11800620  11.126373626373626
1600143  10.579234972677595
1600146  10.579234972677595
1600147  10.579234972677595
1600148  10.579234972677595
1600149  10.579234972677595
10500096  10.579234972677595
10500097  10.579234972677595
10500272  10.579234972677595
10800616  10.048913043478262
7800066  9.03763440860215
7800067  9.03763440860215
7800068  9.03763440860215
11801264  8.090425531914894
11801267  8.090425531914894
11801270  8.090425531914894
11801271  8.090425531914894
11801272  8.090425531914894
11801273  8.090425531914894
11801274  8.090425531914894
11801275  8.090425531914894
11801276  8.090425531914894
11801277  8.090425531914894
11801278  8.090425531914894
11801279  8.090425531914894
11801280  8.090425531914894
11801281  8.090425531914894
11801289  8.090425531914894
11801292  8.090425531914894
11801297  8.090425531914894
7800039  7.64021164021164
7800115  7.64021164021164
7800121  7.64021164021164
7800122  7.64021164021164
7800123  7.64021164021164
7800124  7.64021164021164
7800125  7.64021164021164
9400029  7.205263157894737
9401535  7.205263157894737
9403043  7.205263157894737
9404074  7.205263157894737
9405103  7.205263157894737
10003808  5.989637305699482
10003811  5.989637305699482
10003817  5.989637305699482
10003818  5.989637305699482
10003819  5.989637305699482
10003821  5.989637305699482
10003822  5.989637305699482
10003823  5.989637305699482
10003824  5.989637305699482
10003826  5.989637305699482
10003827  5.989637305699482
10003828  5.989637305699482
10003829  5.989637305699482
10003831  5.989637305699482
10003832  5.989637305699482
10003841  5.989637305699482
10003842  5.989637305699482
10003843  5.989637305699482
10003844  5.989637305699482
10003850  5.989637305699482
10003856  5.989637305699482
10003862  5.989637305699482
10701678  5.989637305699482
10701680  5.989637305699482
10701681  5.989637305699482
10701682  5.989637305699482
10701683  5.989637305699482
10701686  5.989637305699482
10701688  5.989637305699482
10701698  5.989637305699482
10701700  5.989637305699482
10701701  5.989637305699482
10701702  5.989637305699482
10701703  5.989637305699482
10701704  5.989637305699482
10701706  5.989637305699482
10701717  5.989637305699482
10701718  5.989637305699482
10701721  5.989637305699482
10701722  5.989637305699482
10701723  5.989637305699482
10701724  5.989637305699482
10701727  5.989637305699482
10701728  5.989637305699482
10701729  5.989637305699482
10701730  5.989637305699482
10701733  5.989637305699482
10701734  5.989637305699482
10701735  5.989637305699482
10701736  5.989637305699482
10701762  5.989637305699482
10701763  5.989637305699482
10701765  5.989637305699482
10701766  5.989637305699482
10701767  5.989637305699482
10701768  5.989637305699482
10701769  5.989637305699482
10701771  5.989637305699482
10701772  5.989637305699482
10701773  5.989637305699482
10701774  5.989637305699482
10701775  5.989637305699482
10701777  5.989637305699482
10701792  5.989637305699482
10701819  5.989637305699482
10701820  5.989637305699482
10701822  5.989637305699482
10701823  5.989637305699482
10701824  5.989637305699482
10701825  5.989637305699482
10701828  5.989637305699482
10701830  5.989637305699482
10701841  5.989637305699482
10701842  5.989637305699482
10701844  5.989637305699482
10701845  5.989637305699482
10701846  5.989637305699482
10701848  5.989637305699482
10702226  5.989637305699482
10702227  5.989637305699482
10702229  5.989637305699482
10702232  5.989637305699482
10702233  5.989637305699482
10702239  5.989637305699482
10702247  5.989637305699482
10702252  5.989637305699482
10702262  5.989637305699482
10702263  5.989637305699482
10702264  5.989637305699482
10702265  5.989637305699482
10702268  5.989637305699482
10702272  5.989637305699482
10702278  5.989637305699482
11801290  5.989637305699482
10702280  5.61340206185567
3600074  5.251282051282051
3600075  5.251282051282051
3600076  5.251282051282051
1800067  4.903061224489796
1800068  4.903061224489796
1800069  4.903061224489796
3600052  4.903061224489796
3600081  4.903061224489796
3600176  4.903061224489796
3600083  4.568527918781726
3600087  4.568527918781726
3600091  4.568527918781726
3600092  4.568527918781726
3600094  4.568527918781726
3600096  4.568527918781726
3600097  4.568527918781726
3600098  4.568527918781726
3600101  4.568527918781726
3600102  4.568527918781726
3600105  4.568527918781726
3600106  4.568527918781726
3600107  4.568527918781726
3600108  4.568527918781726
3600111  4.568527918781726
3600113  4.568527918781726
3600180  4.568527918781726
9000073  4.568527918781726
9000074  4.568527918781726
9000075  4.568527918781726
9000076  4.568527918781726
9000078  4.568527918781726
9406174  4.568527918781726
10403777  4.568527918781726
10403791  4.568527918781726
10403793  4.568527918781726
10701120  4.568527918781726
10701130  4.568527918781726
10701133  4.568527918781726
10701136  4.568527918781726
10701147  4.568527918781726
10701156  4.568527918781726
10701158  4.568527918781726
10701178  4.568527918781726
10701228  4.568527918781726
10701239  4.568527918781726
10701241  4.568527918781726
10701242  4.568527918781726
10701244  4.568527918781726
10701297  4.568527918781726
10701298  4.568527918781726
10701299  4.568527918781726
10701300  4.568527918781726
10701301  4.568527918781726
10701302  4.568527918781726
10701303  4.568527918781726
10701320  4.568527918781726
10701321  4.568527918781726
10701322  4.568527918781726
10701323  4.568527918781726
10701324  4.568527918781726
10701325  4.568527918781726
10701327  4.568527918781726
10701328  4.568527918781726
10701329  4.568527918781726
10701330  4.568527918781726
10701332  4.568527918781726
10701333  4.568527918781726
10701334  4.568527918781726
10701335  4.568527918781726
10701337  4.568527918781726
10701338  4.568527918781726
10701339  4.568527918781726
10701340  4.568527918781726
10701342  4.568527918781726
10701343  4.568527918781726
10701344  4.568527918781726
10701345  4.568527918781726
10701347  4.568527918781726
10701352  4.568527918781726
10702276  4.568527918781726
3600114  4.247474747474747
3600115  4.247474747474747
3600116  4.247474747474747
3600119  4.247474747474747
3600120  4.247474747474747
3600121  4.247474747474747
3600123  4.247474747474747
3600124  4.247474747474747
3600125  4.247474747474747
3600128  4.247474747474747
3600129  4.247474747474747
3600130  4.247474747474747
3600134  4.247474747474747
3600135  4.247474747474747
3600136  4.247474747474747
3600137  4.247474747474747
3600138  4.247474747474747
3600145  4.247474747474747
3600146  4.247474747474747
3600149  4.247474747474747
5400080  4.247474747474747
5800089  4.247474747474747
5800097  4.247474747474747
5800098  4.247474747474747
5800122  4.247474747474747
5800128  4.247474747474747
5800192  4.247474747474747
5800196  4.247474747474747
5800197  4.247474747474747
5800198  4.247474747474747
5800201  4.247474747474747
5800204  4.247474747474747
5800213  4.247474747474747
5800216  4.247474747474747
10500244  4.247474747474747
10702274  4.247474747474747
1700093  3.9396984924623117
2200463  3.9396984924623117
2200465  3.9396984924623117
2200468  3.9396984924623117
2200469  3.9396984924623117
2200470  3.9396984924623117
2200599  3.645
2200600  3.645
2200620  3.645
2200621  3.645
2200622  3.645
2200623  3.645
2200624  3.645
2200625  3.645
2200627  3.645
2200628  3.645
2200630  3.645
2200631  3.645
2200632  3.645
2200639  3.645
2200640  3.645
2200644  3.645
2200647  3.645
2200650  3.645
2200651  3.645
2200652  3.645
2200653  3.645
2200655  3.645
2200657  3.645
2200658  3.645
2200659  3.645
2200660  3.645
2200661  3.645
2200662  3.645
2200664  3.645
2200665  3.645
2200666  3.645
2200670  3.645
2200672  3.645
2200733  3.645
2200734  3.645
2200735  3.645
2200738  3.645
2200739  3.645
2200743  3.645
2200747  3.645
2200748  3.645
2200749  3.645
2200750  3.645
2200752  3.645
2200757  3.645
2200758  3.645
2200759  3.645
2200763  3.645
2200767  3.645
2200768  3.645
2200780  3.645
2200781  3.645
2200782  3.645
2200783  3.645
2200786  3.645
2200797  3.645
2200798  3.645
2200803  3.645
2200804  3.645
2200805  3.645
2200808  3.645
2200812  3.645
2200813  3.645
2200814  3.645
2200815  3.645
2200816  3.645
2200819  3.645
2200824  3.645
2200825  3.645
2200827  3.645
5700133  3.645
5700135  3.645
5800132  3.645
5800139  3.645
5800140  3.645
5800151  3.645
5800152  3.645
5800154  3.645
5800155  3.645
5800156  3.645
5800158  3.645
5800159  3.645
5800160  3.645
5800161  3.645
5800162  3.645
5800165  3.645
5800172  3.645
5800173  3.645
5800175  3.645
5800220  3.645
5900141  3.645
5900144  3.645
5900145  3.645
5900146  3.645
7300183  3.645
7300194  3.645
7300217  3.645
7300222  3.645
7300223  3.645
7300226  3.645
7300227  3.645
7300228  3.645
7300229  3.645
7300230  3.645
7300232  3.645
7300234  3.645
7300247  3.645
7300248  3.645
7300249  3.645
7300250  3.645
7300251  3.645
7300256  3.645
7300257  3.645
7300284  3.645
7300285  3.645
7300286  3.645
7300296  3.645
7300300  3.645
10702293  3.645
10702296  3.645
10702297  3.645
10702301  3.645
10702306  3.645
10702307  3.645
10702317  3.645
10702318  3.645
10702319  3.645
10702320  3.645
10702326  3.645
10702328  3.645
10702330  3.645
10702332  3.645
10703467  3.645
10703468  3.645
1000040  3.36318407960199
1000041  3.36318407960199
1000042  3.36318407960199
1000195  3.36318407960199
1000196  3.36318407960199
1700060  3.36318407960199
1800039  3.36318407960199
1800117  3.36318407960199
1800123  3.36318407960199
1800124  3.36318407960199
1800125  3.36318407960199
1800126  3.36318407960199
1800127  3.36318407960199
1800128  3.36318407960199
1800129  3.36318407960199
1800130  3.36318407960199
2000105  3.36318407960199
2200496  3.36318407960199
2200497  3.36318407960199
2200498  3.36318407960199
2200499  3.36318407960199
2200501  3.36318407960199
2200502  3.36318407960199
2200503  3.36318407960199
2200504  3.36318407960199
2200505  3.36318407960199
2200506  3.36318407960199
2200508  3.36318407960199
2200769  3.36318407960199
2200770  3.36318407960199
2200771  3.36318407960199
2200772  3.36318407960199
3600151  3.36318407960199
3600152  3.36318407960199
3600156  3.36318407960199
3600159  3.36318407960199
3600160  3.36318407960199
3600161  3.36318407960199
3600166  3.36318407960199
5800167  3.36318407960199
6900105  3.36318407960199
10702334  3.36318407960199
12600076  3.36318407960199
12600077  3.36318407960199
12600086  3.36318407960199
12600087  3.36318407960199
12600092  3.36318407960199
12600093  3.36318407960199
12600094  3.36318407960199
12600095  3.36318407960199
12600096  3.36318407960199
12600097  3.36318407960199
12600100  3.36318407960199
12600101  3.36318407960199
12600103  3.36318407960199
12600104  3.36318407960199
12600107  3.36318407960199
12600110  3.36318407960199
12600120  3.36318407960199
12600121  3.36318407960199
12600122  3.36318407960199
12600123  3.36318407960199
12600124  3.36318407960199
12600125  3.36318407960199
12600128  3.36318407960199
12600131  3.36318407960199
12600132  3.36318407960199
12600133  3.36318407960199
12600138  3.36318407960199
12600144  3.36318407960199
12600160  3.36318407960199
12600161  3.36318407960199
12600258  3.36318407960199
13700262  3.36318407960199
13700279  3.36318407960199
13700280  3.36318407960199
13700281  3.36318407960199
13700282  3.36318407960199
13700283  3.36318407960199
13700292  3.36318407960199
13700293  3.36318407960199
13700296  3.36318407960199
1800132  3.094059405940594
2200601  3.094059405940594
2200602  3.094059405940594
2200603  3.094059405940594
2200605  3.094059405940594
2200606  3.094059405940594
2200607  3.094059405940594
2200608  3.094059405940594
2200609  3.094059405940594
2200612  3.094059405940594
2200613  3.094059405940594
2200614  3.094059405940594
2200616  3.094059405940594
5800105  3.094059405940594
5800106  3.094059405940594
1100094  2.8374384236453203
1100106  2.8374384236453203
1100107  2.8374384236453203
1100108  2.8374384236453203
1100109  2.8374384236453203
1100144  2.8374384236453203
1100146  2.8374384236453203
1100147  2.8374384236453203
1100150  2.8374384236453203
1100151  2.8374384236453203
1100154  2.8374384236453203
1100155  2.8374384236453203
1100167  2.8374384236453203
1100172  2.8374384236453203
1100173  2.8374384236453203
1100174  2.8374384236453203
1100176  2.8374384236453203
1100177  2.8374384236453203
1100178  2.8374384236453203
1100179  2.8374384236453203
1100180  2.8374384236453203
1100181  2.8374384236453203
1100182  2.8374384236453203
1100183  2.8374384236453203
1100184  2.8374384236453203
1100186  2.8374384236453203
1100187  2.8374384236453203
1100191  2.8374384236453203
1100192  2.8374384236453203
1100193  2.8374384236453203
1100194  2.8374384236453203
1100195  2.8374384236453203
1100196  2.8374384236453203
1100197  2.8374384236453203
1100198  2.8374384236453203
1100199  2.8374384236453203
1100203  2.8374384236453203
1100205  2.8374384236453203
1100207  2.8374384236453203
1100216  2.8374384236453203
1100217  2.8374384236453203
3600063  2.8374384236453203
3600064  2.8374384236453203
6700119  2.8374384236453203
6700200  2.8374384236453203
6700202  2.8374384236453203
6700204  2.8374384236453203
6700206  2.8374384236453203
6700231  2.8374384236453203
6700232  2.8374384236453203
6700233  2.8374384236453203
6700234  2.8374384236453203
6700235  2.8374384236453203
6700236  2.8374384236453203
6700237  2.8374384236453203
6700238  2.8374384236453203
6700239  2.8374384236453203
7000290  2.8374384236453203
7000291  2.8374384236453203
7000292  2.8374384236453203
10703489  2.8374384236453203
6700363  2.593137254901961
6700530  2.593137254901961
7000297  2.593137254901961
7000298  2.593137254901961
7100327  2.593137254901961
7100328  2.593137254901961
7100331  2.593137254901961
7100332  2.593137254901961
10701179  2.593137254901961
10800141  2.593137254901961
10800143  2.593137254901961
10800144  2.593137254901961
10800145  2.593137254901961
10800146  2.593137254901961
10800147  2.593137254901961
10800148  2.593137254901961
10800149  2.593137254901961
10800150  2.593137254901961
10800151  2.593137254901961
10800153  2.593137254901961
10800157  2.593137254901961
10800598  2.593137254901961
10800599  2.593137254901961
10800600  2.593137254901961
10800601  2.593137254901961
10800611  2.593137254901961
10800873  2.593137254901961
11200410  2.593137254901961
11200411  2.593137254901961
11200412  2.593137254901961
11200413  2.593137254901961
11200414  2.593137254901961
11200415  2.593137254901961
11200416  2.593137254901961
11200419  2.593137254901961
11300030  2.593137254901961
11300034  2.593137254901961
11300041  2.593137254901961
11400601  2.593137254901961
11400606  2.593137254901961
11400607  2.593137254901961
12600165  2.593137254901961
13700300  2.593137254901961
13700303  2.593137254901961
13700304  2.593137254901961
13700308  2.593137254901961
13700309  2.593137254901961
13700310  2.593137254901961
13700316  2.593137254901961
13700317  2.593137254901961
13700318  2.593137254901961
13700319  2.593137254901961
13700324  2.593137254901961
14400081  2.593137254901961
2200676  2.3609756097560974
2200677  2.3609756097560974
2200678  2.3609756097560974
2200680  2.3609756097560974
2200681  2.3609756097560974
2200682  2.3609756097560974
2200683  2.3609756097560974
2200684  2.3609756097560974
2200688  2.3609756097560974
2200689  2.3609756097560974
2200690  2.3609756097560974
2200691  2.3609756097560974
2200693  2.3609756097560974
2200696  2.3609756097560974
2200703  2.3609756097560974
3600162  2.3609756097560974
3600163  2.3609756097560974
7300097  2.3609756097560974
7300098  2.3609756097560974
7300101  2.3609756097560974
7300104  2.3609756097560974
7300108  2.3609756097560974
7300109  2.3609756097560974
7300110  2.3609756097560974
7300111  2.3609756097560974
7300112  2.3609756097560974
7300115  2.3609756097560974
7300118  2.3609756097560974
1800135  2.1407766990291264
1000090  1.932367149758454
1000091  1.932367149758454
1000092  1.932367149758454
2200698  1.932367149758454
2200699  1.932367149758454
6200048  1.932367149758454
6200052  1.932367149758454
6200081  1.932367149758454
6200083  1.932367149758454
6200086  1.932367149758454
6200090  1.932367149758454
6200091  1.932367149758454
6200092  1.932367149758454
6300049  1.932367149758454
6300050  1.932367149758454
6700534  1.932367149758454
6700535  1.932367149758454
6700536  1.932367149758454
6700537  1.932367149758454
6700539  1.932367149758454
6700540  1.932367149758454
6700541  1.932367149758454
6700545  1.932367149758454
6700552  1.932367149758454
6700553  1.932367149758454
6700554  1.932367149758454
6700556  1.932367149758454
6700557  1.932367149758454
7000304  1.932367149758454
7100338  1.932367149758454
7300268  1.932367149758454
7300269  1.932367149758454
7300270  1.932367149758454
7300271  1.932367149758454
7300272  1.932367149758454
7300275  1.932367149758454
7300276  1.932367149758454
7400189  1.932367149758454
7400192  1.932367149758454
7400193  1.932367149758454
7400194  1.932367149758454
7400195  1.932367149758454
7400199  1.932367149758454
7400200  1.932367149758454
7400201  1.932367149758454
7400202  1.932367149758454
7400203  1.932367149758454
7400206  1.932367149758454
7400207  1.932367149758454
7400208  1.932367149758454
7400212  1.932367149758454
7400213  1.932367149758454
7400214  1.932367149758454
7400216  1.932367149758454
7400219  1.932367149758454
7400223  1.932367149758454
7400225  1.932367149758454
7400226  1.932367149758454
7400227  1.932367149758454
7400229  1.932367149758454
7400232  1.932367149758454
7400239  1.932367149758454
7400240  1.932367149758454
7400242  1.932367149758454
7400243  1.932367149758454
7400244  1.932367149758454
7400246  1.932367149758454
7400248  1.932367149758454
7400250  1.932367149758454
7400251  1.932367149758454
7400280  1.932367149758454
10703026  1.932367149758454
10703029  1.932367149758454
1000104  1.7355769230769231
1000106  1.7355769230769231
1000107  1.7355769230769231
1000108  1.7355769230769231
1000109  1.7355769230769231
1000110  1.7355769230769231
1000111  1.7355769230769231
1000112  1.7355769230769231
1000114  1.7355769230769231
1000115  1.7355769230769231
1000118  1.7355769230769231
2200466  1.7355769230769231
6300070  1.7355769230769231
6300095  1.7355769230769231
6300099  1.7355769230769231
6300100  1.7355769230769231
6300107  1.7355769230769231
6300108  1.7355769230769231
6300109  1.7355769230769231
6300111  1.7355769230769231
6300112  1.7355769230769231
6300113  1.7355769230769231
6300116  1.7355769230769231
6700560  1.7355769230769231
6700561  1.7355769230769231
6900053  1.7355769230769231
6900054  1.7355769230769231
6900062  1.7355769230769231
6900069  1.7355769230769231
7400222  1.7355769230769231
7400237  1.7355769230769231
8300035  1.7355769230769231
8300036  1.7355769230769231
8300037  1.7355769230769231
8300045  1.7355769230769231
9100063  1.7355769230769231
10701184  1.7355769230769231
10701185  1.7355769230769231
10701186  1.7355769230769231
10701187  1.7355769230769231
10701188  1.7355769230769231
10701189  1.7355769230769231
10701190  1.7355769230769231
10701192  1.7355769230769231
10701193  1.7355769230769231
10701194  1.7355769230769231
10701196  1.7355769230769231
10701198  1.7355769230769231
10701199  1.7355769230769231
10701201  1.7355769230769231
10701202  1.7355769230769231
10701203  1.7355769230769231
10701206  1.7355769230769231
10701207  1.7355769230769231
10701208  1.7355769230769231
10701210  1.7355769230769231
10701211  1.7355769230769231
10701212  1.7355769230769231
10701216  1.7355769230769231
10701217  1.7355769230769231
10701219  1.7355769230769231
10701220  1.7355769230769231
10701221  1.7355769230769231
10701223  1.7355769230769231
1100233  1.5502392344497609
1100234  1.5502392344497609
1100235  1.5502392344497609
1100236  1.5502392344497609
1100237  1.5502392344497609
1100238  1.5502392344497609
1100239  1.5502392344497609
1100241  1.5502392344497609
1100242  1.5502392344497609
1100243  1.5502392344497609
1100244  1.5502392344497609
1100245  1.5502392344497609
1100247  1.5502392344497609
1100248  1.5502392344497609
1100250  1.5502392344497609
1100253  1.5502392344497609
1100256  1.5502392344497609
1100257  1.5502392344497609
1100258  1.5502392344497609
1100259  1.5502392344497609
1100261  1.5502392344497609
6300101  1.5502392344497609
6300102  1.5502392344497609
6300103  1.5502392344497609
6300104  1.5502392344497609
6300105  1.5502392344497609
6500833  1.5502392344497609
6500843  1.5502392344497609
6500844  1.5502392344497609
6500845  1.5502392344497609
6500846  1.5502392344497609
6500850  1.5502392344497609
6600881  1.5502392344497609
6600892  1.5502392344497609
6600893  1.5502392344497609
6600894  1.5502392344497609
6600895  1.5502392344497609
6600903  1.5502392344497609
6600904  1.5502392344497609
6600905  1.5502392344497609
6600907  1.5502392344497609
6600910  1.5502392344497609
6600936  1.5502392344497609
6600937  1.5502392344497609
6600944  1.5502392344497609
6600945  1.5502392344497609
6600947  1.5502392344497609
6600948  1.5502392344497609
6600949  1.5502392344497609
6600951  1.5502392344497609
6600954  1.5502392344497609
6600957  1.5502392344497609
6600966  1.5502392344497609
6600967  1.5502392344497609
6600968  1.5502392344497609
6600969  1.5502392344497609
6600971  1.5502392344497609
6700079  1.5502392344497609
6700370  1.5502392344497609
6700371  1.5502392344497609
6700372  1.5502392344497609
6700374  1.5502392344497609
6700375  1.5502392344497609
6700376  1.5502392344497609
6700377  1.5502392344497609
6700378  1.5502392344497609
6700379  1.5502392344497609
6700382  1.5502392344497609
6700387  1.5502392344497609
6700390  1.5502392344497609
6700391  1.5502392344497609
6700392  1.5502392344497609
6700394  1.5502392344497609
6700395  1.5502392344497609
6700396  1.5502392344497609
6700397  1.5502392344497609
6700404  1.5502392344497609
6700411  1.5502392344497609
6700413  1.5502392344497609
6700416  1.5502392344497609
6700419  1.5502392344497609
6700421  1.5502392344497609
6700422  1.5502392344497609
6700423  1.5502392344497609
6700424  1.5502392344497609
6700425  1.5502392344497609
6700426  1.5502392344497609
6700427  1.5502392344497609
6700433  1.5502392344497609
6700434  1.5502392344497609
6700435  1.5502392344497609
6700436  1.5502392344497609
6700437  1.5502392344497609
6700438  1.5502392344497609
6700439  1.5502392344497609
6700441  1.5502392344497609
6700450  1.5502392344497609
6700455  1.5502392344497609
6700456  1.5502392344497609
6700457  1.5502392344497609
6700458  1.5502392344497609
6700459  1.5502392344497609
6700465  1.5502392344497609
6700466  1.5502392344497609
6700470  1.5502392344497609
6700471  1.5502392344497609
6700472  1.5502392344497609
6700477  1.5502392344497609
6700482  1.5502392344497609
6700486  1.5502392344497609
6700497  1.5502392344497609
6700500  1.5502392344497609
6700505  1.5502392344497609
6700506  1.5502392344497609
6700507  1.5502392344497609
6700514  1.5502392344497609
6700546  1.5502392344497609
6700566  1.5502392344497609
6700574  1.5502392344497609
6700578  1.5502392344497609
6700579  1.5502392344497609
6700580  1.5502392344497609
6700582  1.5502392344497609
6700583  1.5502392344497609
6700586  1.5502392344497609
6700587  1.5502392344497609
6700588  1.5502392344497609
6700589  1.5502392344497609
6700592  1.5502392344497609
6700593  1.5502392344497609
6700594  1.5502392344497609
6700595  1.5502392344497609
6700596  1.5502392344497609
6700597  1.5502392344497609
6700598  1.5502392344497609
6700599  1.5502392344497609
6700600  1.5502392344497609
6700602  1.5502392344497609
6700603  1.5502392344497609
6700606  1.5502392344497609
6700608  1.5502392344497609
6700609  1.5502392344497609
6700613  1.5502392344497609
6700614  1.5502392344497609
6700616  1.5502392344497609
6700617  1.5502392344497609
6700618  1.5502392344497609
6700621  1.5502392344497609
6700622  1.5502392344497609
6700623  1.5502392344497609
6700624  1.5502392344497609
6700625  1.5502392344497609
6700626  1.5502392344497609
6700628  1.5502392344497609
6700629  1.5502392344497609
6700630  1.5502392344497609
6700631  1.5502392344497609
6700632  1.5502392344497609
6700633  1.5502392344497609
6700634  1.5502392344497609
6700635  1.5502392344497609
6700637  1.5502392344497609
6700648  1.5502392344497609
6700651  1.5502392344497609
6700652  1.5502392344497609
6700655  1.5502392344497609
6700656  1.5502392344497609
6700657  1.5502392344497609
6700659  1.5502392344497609
6700804  1.5502392344497609
6700805  1.5502392344497609
6700807  1.5502392344497609
6700808  1.5502392344497609
6700817  1.5502392344497609
6700818  1.5502392344497609
6700819  1.5502392344497609
6700821  1.5502392344497609
6700822  1.5502392344497609
6700823  1.5502392344497609
6700824  1.5502392344497609
6700826  1.5502392344497609
6700982  1.5502392344497609
6700983  1.5502392344497609
6700984  1.5502392344497609
6700985  1.5502392344497609
6700988  1.5502392344497609
6700996  1.5502392344497609
6700997  1.5502392344497609
6700998  1.5502392344497609
6700999  1.5502392344497609
6701002  1.5502392344497609
6701010  1.5502392344497609
6701011  1.5502392344497609
6701012  1.5502392344497609
6701013  1.5502392344497609
6701014  1.5502392344497609
6701017  1.5502392344497609
6701026  1.5502392344497609
6701027  1.5502392344497609
6701028  1.5502392344497609
6701029  1.5502392344497609
6701032  1.5502392344497609
6701056  1.5502392344497609
6701057  1.5502392344497609
6701058  1.5502392344497609
6701059  1.5502392344497609
6701062  1.5502392344497609
6701102  1.5502392344497609
6701103  1.5502392344497609
6701104  1.5502392344497609
6701105  1.5502392344497609
6701107  1.5502392344497609
6701127  1.5502392344497609
6701128  1.5502392344497609
6701130  1.5502392344497609
6701138  1.5502392344497609
6701139  1.5502392344497609
6701140  1.5502392344497609
6701142  1.5502392344497609
6701152  1.5502392344497609
6701153  1.5502392344497609
6701154  1.5502392344497609
6701155  1.5502392344497609
6701158  1.5502392344497609
6701167  1.5502392344497609
6701177  1.5502392344497609
6701178  1.5502392344497609
6701179  1.5502392344497609
6701180  1.5502392344497609
6701181  1.5502392344497609
6701182  1.5502392344497609
6701185  1.5502392344497609
6701195  1.5502392344497609
6701196  1.5502392344497609
6701197  1.5502392344497609
6701198  1.5502392344497609
6701199  1.5502392344497609
6701200  1.5502392344497609
6701202  1.5502392344497609
6701210  1.5502392344497609
6701211  1.5502392344497609
6701212  1.5502392344497609
6701213  1.5502392344497609
6701214  1.5502392344497609
6701215  1.5502392344497609
6701219  1.5502392344497609
6701227  1.5502392344497609
6701228  1.5502392344497609
6701229  1.5502392344497609
6701230  1.5502392344497609
6701231  1.5502392344497609
6701232  1.5502392344497609
6701236  1.5502392344497609
6701244  1.5502392344497609
6701245  1.5502392344497609
6701246  1.5502392344497609
6701247  1.5502392344497609
6701250  1.5502392344497609
6701258  1.5502392344497609
6701259  1.5502392344497609
6701260  1.5502392344497609
6701261  1.5502392344497609
6701264  1.5502392344497609
6701309  1.5502392344497609
6701310  1.5502392344497609
6701311  1.5502392344497609
6701312  1.5502392344497609
6701315  1.5502392344497609
7400234  1.5502392344497609
7400255  1.5502392344497609
7400256  1.5502392344497609
7400257  1.5502392344497609
7400259  1.5502392344497609
7400262  1.5502392344497609
7400264  1.5502392344497609
7400265  1.5502392344497609
8200048  1.5502392344497609
8200049  1.5502392344497609
8200052  1.5502392344497609
8200057  1.5502392344497609
8200058  1.5502392344497609
8200059  1.5502392344497609
8200060  1.5502392344497609
8200078  1.5502392344497609
8200086  1.5502392344497609
8200094  1.5502392344497609
9300762  1.5502392344497609
9300763  1.5502392344497609
9300764  1.5502392344497609
10800079  1.5502392344497609
10800081  1.5502392344497609
10800082  1.5502392344497609
10800083  1.5502392344497609
10800084  1.5502392344497609
10800085  1.5502392344497609
10800086  1.5502392344497609
10800090  1.5502392344497609
10800096  1.5502392344497609
10800098  1.5502392344497609
10800099  1.5502392344497609
10800100  1.5502392344497609
10800101  1.5502392344497609
10800102  1.5502392344497609
10800103  1.5502392344497609
10800107  1.5502392344497609
10800112  1.5502392344497609
10800113  1.5502392344497609
10800114  1.5502392344497609
10800115  1.5502392344497609
10800116  1.5502392344497609
10800117  1.5502392344497609
10800121  1.5502392344497609
10800280  1.5502392344497609
10800466  1.5502392344497609
10800467  1.5502392344497609
10800468  1.5502392344497609
10800469  1.5502392344497609
10800470  1.5502392344497609
10800473  1.5502392344497609
10800559  1.5502392344497609
10800560  1.5502392344497609
10800561  1.5502392344497609
10800562  1.5502392344497609
10800563  1.5502392344497609
10800566  1.5502392344497609
11800258  1.5502392344497609
11800259  1.5502392344497609
11800261  1.5502392344497609
11800262  1.5502392344497609
11800263  1.5502392344497609
11800264  1.5502392344497609
11800265  1.5502392344497609
11800266  1.5502392344497609
11800267  1.5502392344497609
11800268  1.5502392344497609
11800269  1.5502392344497609
11800270  1.5502392344497609
11800271  1.5502392344497609
11800272  1.5502392344497609
11800276  1.5502392344497609
13800280  1.5502392344497609
13800289  1.5502392344497609
13800290  1.5502392344497609
13800294  1.5502392344497609
13800295  1.5502392344497609
13800299  1.5502392344497609
14400338  1.5502392344497609
14400341  1.5502392344497609
14400342  1.5502392344497609
14400343  1.5502392344497609
14400344  1.5502392344497609
14400346  1.5502392344497609
14400571  1.5502392344497609
14400576  1.5502392344497609
14400588  1.5502392344497609
14400593  1.5502392344497609
6200044  1.3761904761904762
6200116  1.3761904761904762
6200117  1.3761904761904762
6200118  1.3761904761904762
6200119  1.3761904761904762
6200122  1.3761904761904762
6200127  1.3761904761904762
6200128  1.3761904761904762
6200129  1.3761904761904762
6200135  1.3761904761904762
6200136  1.3761904761904762
6200137  1.3761904761904762
6200138  1.3761904761904762
6200139  1.3761904761904762
6200140  1.3761904761904762
6300077  1.3761904761904762
6300122  1.3761904761904762
6300128  1.3761904761904762
6300134  1.3761904761904762
6300148  1.3761904761904762
6300149  1.3761904761904762
6700398  1.3761904761904762
6700428  1.3761904761904762
6700703  1.3761904761904762
6700704  1.3761904761904762
6700705  1.3761904761904762
6700707  1.3761904761904762
6700710  1.3761904761904762
6700711  1.3761904761904762
6700712  1.3761904761904762
6700714  1.3761904761904762
6700718  1.3761904761904762
6700720  1.3761904761904762
6700722  1.3761904761904762
6700723  1.3761904761904762
6700724  1.3761904761904762
6700725  1.3761904761904762
6700726  1.3761904761904762
6700727  1.3761904761904762
6700728  1.3761904761904762
6700729  1.3761904761904762
6700730  1.3761904761904762
6700731  1.3761904761904762
6700733  1.3761904761904762
6700735  1.3761904761904762
6700738  1.3761904761904762
6700739  1.3761904761904762
6700740  1.3761904761904762
6700741  1.3761904761904762
6700742  1.3761904761904762
6700749  1.3761904761904762
6700758  1.3761904761904762
6700759  1.3761904761904762
6700767  1.3761904761904762
6700770  1.3761904761904762
6700772  1.3761904761904762
6700773  1.3761904761904762
6700774  1.3761904761904762
6700775  1.3761904761904762
6700776  1.3761904761904762
6700786  1.3761904761904762
6700791  1.3761904761904762
6700792  1.3761904761904762
6700793  1.3761904761904762
6700795  1.3761904761904762
6701041  1.3761904761904762
6701042  1.3761904761904762
6701043  1.3761904761904762
6701044  1.3761904761904762
6701047  1.3761904761904762
6701071  1.3761904761904762
6701072  1.3761904761904762
6701073  1.3761904761904762
6701074  1.3761904761904762
6701077  1.3761904761904762
6701085  1.3761904761904762
6701086  1.3761904761904762
6701087  1.3761904761904762
6701088  1.3761904761904762
6701089  1.3761904761904762
6701091  1.3761904761904762
6701093  1.3761904761904762
6701272  1.3761904761904762
6701273  1.3761904761904762
6701274  1.3761904761904762
6701276  1.3761904761904762
6701284  1.3761904761904762
6701285  1.3761904761904762
6701286  1.3761904761904762
6701288  1.3761904761904762
10800521  1.3761904761904762
10800522  1.3761904761904762
10800523  1.3761904761904762
10800527  1.3761904761904762
10800528  1.3761904761904762
10800530  1.3761904761904762
12400081  1.3761904761904762
12400118  1.3761904761904762
12400119  1.3761904761904762
12400120  1.3761904761904762
12400121  1.3761904761904762
12400122  1.3761904761904762
12400123  1.3761904761904762
12400128  1.3761904761904762
12400199  1.3761904761904762
12400200  1.3761904761904762
12400201  1.3761904761904762
12400202  1.3761904761904762
12400203  1.3761904761904762
12400207  1.3761904761904762
12400223  1.3761904761904762
12400225  1.3761904761904762
12400227  1.3761904761904762
12400228  1.3761904761904762
12400230  1.3761904761904762
12400235  1.3761904761904762
12400561  1.3761904761904762
12400562  1.3761904761904762
12400563  1.3761904761904762
12400564  1.3761904761904762
12400573  1.3761904761904762
12400574  1.3761904761904762
12400575  1.3761904761904762
12400576  1.3761904761904762
12400577  1.3761904761904762
12400578  1.3761904761904762
12400582  1.3761904761904762
12400583  1.3761904761904762
12400586  1.3761904761904762
12400587  1.3761904761904762
12400588  1.3761904761904762
12400589  1.3761904761904762
12400591  1.3761904761904762
12400596  1.3761904761904762
12400597  1.3761904761904762
12400598  1.3761904761904762
12400601  1.3761904761904762
12400602  1.3761904761904762
12400607  1.3761904761904762
12400608  1.3761904761904762
12400611  1.3761904761904762
12400618  1.3761904761904762
12400674  1.3761904761904762
12400678  1.3761904761904762
12400679  1.3761904761904762
12400680  1.3761904761904762
12400681  1.3761904761904762
12400687  1.3761904761904762
12400699  1.3761904761904762
12400700  1.3761904761904762
12400701  1.3761904761904762
12400702  1.3761904761904762
12400706  1.3761904761904762
12400707  1.3761904761904762
12400708  1.3761904761904762
12400713  1.3761904761904762
12400714  1.3761904761904762
12400715  1.3761904761904762
12400716  1.3761904761904762
12400717  1.3761904761904762
12400719  1.3761904761904762
12400721  1.3761904761904762
14300062  1.3761904761904762
14300063  1.3761904761904762
14300068  1.3761904761904762
14300069  1.3761904761904762
14300070  1.3761904761904762
14300071  1.3761904761904762
14300072  1.3761904761904762
14300073  1.3761904761904762
14300074  1.3761904761904762
14300077  1.3761904761904762
14300078  1.3761904761904762
14300086  1.3761904761904762
14300087  1.3761904761904762
14300089  1.3761904761904762
14300098  1.3761904761904762
14300099  1.3761904761904762
14300100  1.3761904761904762
14300103  1.3761904761904762
14300126  1.3761904761904762
14300127  1.3761904761904762
14300131  1.3761904761904762
14300175  1.3761904761904762
14300185  1.3761904761904762
14300193  1.3761904761904762
14300194  1.3761904761904762
14300195  1.3761904761904762
14300252  1.3761904761904762
14300253  1.3761904761904762
14400215  1.3761904761904762
14400216  1.3761904761904762
14400217  1.3761904761904762
14400219  1.3761904761904762
14400390  1.3761904761904762
14400391  1.3761904761904762
14400398  1.3761904761904762
14400399  1.3761904761904762
14400412  1.3761904761904762
14400439  1.3761904761904762
6200141  1.2132701421800949
6200144  1.2132701421800949
6200145  1.2132701421800949
6200147  1.2132701421800949
6200148  1.2132701421800949
6200151  1.2132701421800949
6200153  1.2132701421800949
6200155  1.2132701421800949
6200156  1.2132701421800949
6200157  1.2132701421800949
6200160  1.2132701421800949
6200161  1.2132701421800949
6200162  1.2132701421800949
6200163  1.2132701421800949
6200164  1.2132701421800949
6200165  1.2132701421800949
6200167  1.2132701421800949
6200168  1.2132701421800949
6200169  1.2132701421800949
6200170  1.2132701421800949
6200171  1.2132701421800949
6200173  1.2132701421800949
6200176  1.2132701421800949
6200179  1.2132701421800949
6200180  1.2132701421800949
6200182  1.2132701421800949
6200199  1.2132701421800949
6200204  1.2132701421800949
6200208  1.2132701421800949
6200213  1.2132701421800949
6200217  1.2132701421800949
6200224  1.2132701421800949
6200227  1.2132701421800949
6200228  1.2132701421800949
6200233  1.2132701421800949
6200234  1.2132701421800949
6200235  1.2132701421800949
6200241  1.2132701421800949
6200248  1.2132701421800949
6200261  1.2132701421800949
6200262  1.2132701421800949
6200266  1.2132701421800949
6200268  1.2132701421800949
6200269  1.2132701421800949
6200270  1.2132701421800949
6200271  1.2132701421800949
6200279  1.2132701421800949
6200286  1.2132701421800949
6200287  1.2132701421800949
6200304  1.2132701421800949
6200307  1.2132701421800949
6200311  1.2132701421800949
6400045  1.2132701421800949
6400046  1.2132701421800949
6400047  1.2132701421800949
6400048  1.2132701421800949
6400056  1.2132701421800949
6400065  1.2132701421800949
6700451  1.2132701421800949
6200174  1.0613207547169812
6200200  1.0613207547169812
6200211  1.0613207547169812
6200249  1.0613207547169812
6200252  1.0613207547169812
6200254  1.0613207547169812
6200255  1.0613207547169812
6200256  1.0613207547169812
6200257  1.0613207547169812
6200258  1.0613207547169812
6200259  1.0613207547169812
6701109  1.0613207547169812
6701110  1.0613207547169812
6701111  1.0613207547169812
6701113  1.0613207547169812
12400579  1.0613207547169812
12400580  1.0613207547169812
12400612  1.0613207547169812
12400614  1.0613207547169812
12400615  1.0613207547169812
12400619  1.0613207547169812
12400623  1.0613207547169812
12400624  1.0613207547169812
12400625  1.0613207547169812
12400626  1.0613207547169812
12400627  1.0613207547169812
12400629  1.0613207547169812
12400631  1.0613207547169812
12400632  1.0613207547169812
12400633  1.0613207547169812
12400635  1.0613207547169812
12400636  1.0613207547169812
12400637  1.0613207547169812
12400638  1.0613207547169812
12400639  1.0613207547169812
12400640  1.0613207547169812
12400641  1.0613207547169812
12400642  1.0613207547169812
12400643  1.0613207547169812
12400645  1.0613207547169812
12400646  1.0613207547169812
12400647  1.0613207547169812
12400648  1.0613207547169812
12400649  1.0613207547169812
12400651  1.0613207547169812
12400656  1.0613207547169812
12400657  1.0613207547169812
12400658  1.0613207547169812
12400659  1.0613207547169812
12400660  1.0613207547169812
12400661  1.0613207547169812
12400662  1.0613207547169812
12400663  1.0613207547169812
12400664  1.0613207547169812
12400667  1.0613207547169812
12400670  1.0613207547169812
12400671  1.0613207547169812
12400672  1.0613207547169812
12400682  1.0613207547169812
12400683  1.0613207547169812
12400684  1.0613207547169812
12400688  1.0613207547169812
12400689  1.0613207547169812
12400690  1.0613207547169812
12400691  1.0613207547169812
12400692  1.0613207547169812
12400693  1.0613207547169812
14300104  1.0613207547169812
14300105  1.0613207547169812
14300106  1.0613207547169812
14300107  1.0613207547169812
14300108  1.0613207547169812
14300109  1.0613207547169812
14300110  1.0613207547169812
14300111  1.0613207547169812
14300113  1.0613207547169812
14300114  1.0613207547169812
14300115  1.0613207547169812
14300116  1.0613207547169812
14300118  1.0613207547169812
14300119  1.0613207547169812
14300120  1.0613207547169812
14300121  1.0613207547169812
14300198  1.0613207547169812
14300199  1.0613207547169812
14300200  1.0613207547169812
14300201  1.0613207547169812
14300202  1.0613207547169812
14300203  1.0613207547169812
14300205  1.0613207547169812
14300206  1.0613207547169812
14300207  1.0613207547169812
14300210  1.0613207547169812
14300211  1.0613207547169812
14300217  1.0613207547169812
14300218  1.0613207547169812
14300219  1.0613207547169812
14300220  1.0613207547169812
14300221  1.0613207547169812
14300222  1.0613207547169812
14300223  1.0613207547169812
14300224  1.0613207547169812
14300225  1.0613207547169812
14300227  1.0613207547169812
14300231  1.0613207547169812
14300232  1.0613207547169812
14300233  1.0613207547169812
14300235  1.0613207547169812
14300238  1.0613207547169812
14300239  1.0613207547169812
14300244  1.0613207547169812
14300245  1.0613207547169812
14300246  1.0613207547169812
14300247  1.0613207547169812
14400400  1.0613207547169812
14400401  1.0613207547169812
14400402  1.0613207547169812
4700095  0.92018779342723
4700097  0.92018779342723
4700099  0.92018779342723
4800058  0.92018779342723
4800162  0.92018779342723
4800164  0.92018779342723
4800165  0.92018779342723
4800166  0.92018779342723
4800167  0.92018779342723
4800168  0.92018779342723
4800187  0.92018779342723
4800303  0.92018779342723
4800307  0.92018779342723
4800308  0.92018779342723
4800316  0.92018779342723
4800402  0.92018779342723
4900044  0.92018779342723
4900045  0.92018779342723
4900074  0.92018779342723
4900090  0.92018779342723
4900094  0.92018779342723
4900095  0.92018779342723
4900096  0.92018779342723
4900099  0.92018779342723
4900102  0.92018779342723
6200186  0.92018779342723
6200187  0.92018779342723
6200190  0.92018779342723
6200202  0.92018779342723
6200250  0.92018779342723
6200312  0.92018779342723
7700035  0.92018779342723
7700036  0.92018779342723
7700037  0.92018779342723
7700045  0.92018779342723
11800072  0.92018779342723
11800098  0.92018779342723
11800099  0.92018779342723
11800100  0.92018779342723
11800103  0.92018779342723
11800104  0.92018779342723
11800107  0.92018779342723
11800108  0.92018779342723
11801215  0.92018779342723
11801216  0.92018779342723
11801217  0.92018779342723
11801220  0.92018779342723
11801221  0.92018779342723
11801222  0.92018779342723
11801224  0.92018779342723
11801225  0.92018779342723
11801226  0.92018779342723
11801227  0.92018779342723
11801228  0.92018779342723
11801229  0.92018779342723
11801230  0.92018779342723
11801231  0.92018779342723
11801232  0.92018779342723
11801233  0.92018779342723
11801234  0.92018779342723
11801235  0.92018779342723
11801236  0.92018779342723
11801237  0.92018779342723
11801241  0.92018779342723
11801245  0.92018779342723
15100051  0.92018779342723
15100094  0.92018779342723
15100095  0.92018779342723
15100096  0.92018779342723
15100097  0.92018779342723
15100098  0.92018779342723
4800049  0.7897196261682243
4800193  0.7897196261682243
4800194  0.7897196261682243
4800195  0.7897196261682243
4800196  0.7897196261682243
4800197  0.7897196261682243
4800198  0.7897196261682243
4800199  0.7897196261682243
4800200  0.7897196261682243
4800205  0.7897196261682243
4800206  0.7897196261682243
4800208  0.7897196261682243
4800209  0.7897196261682243
4800210  0.7897196261682243
4800213  0.7897196261682243
4800214  0.7897196261682243
4800215  0.7897196261682243
4800217  0.7897196261682243
4800219  0.7897196261682243
4800220  0.7897196261682243
4800221  0.7897196261682243
4800222  0.7897196261682243
4800223  0.7897196261682243
4800225  0.7897196261682243
4800230  0.7897196261682243
4800231  0.7897196261682243
4800235  0.7897196261682243
4800236  0.7897196261682243
4800239  0.7897196261682243
4800240  0.7897196261682243
4800243  0.7897196261682243
4800244  0.7897196261682243
4800245  0.7897196261682243
4800246  0.7897196261682243
4800251  0.7897196261682243
4800252  0.7897196261682243
4800253  0.7897196261682243
4800254  0.7897196261682243
4800255  0.7897196261682243
4800259  0.7897196261682243
4800264  0.7897196261682243
4800265  0.7897196261682243
4800266  0.7897196261682243
4800268  0.7897196261682243
4800269  0.7897196261682243
4800274  0.7897196261682243
4800277  0.7897196261682243
4800287  0.7897196261682243
4800317  0.7897196261682243
4800330  0.7897196261682243
4800331  0.7897196261682243
4800332  0.7897196261682243
4800333  0.7897196261682243
4800334  0.7897196261682243
4800335  0.7897196261682243
4800336  0.7897196261682243
4800406  0.7897196261682243
4900054  0.7897196261682243
5000259  0.7897196261682243
5100371  0.7897196261682243
5100372  0.7897196261682243
5100373  0.7897196261682243
5100374  0.7897196261682243
5100379  0.7897196261682243
5100380  0.7897196261682243
5100381  0.7897196261682243
5100385  0.7897196261682243
5100388  0.7897196261682243
5100389  0.7897196261682243
5100390  0.7897196261682243
5100393  0.7897196261682243
5200343  0.7897196261682243
6200264  0.7897196261682243
10702433  0.7897196261682243
10702436  0.7897196261682243
10702440  0.7897196261682243
10702447  0.7897196261682243
10702452  0.7897196261682243
10702458  0.7897196261682243
10702459  0.7897196261682243
10702460  0.7897196261682243
10702462  0.7897196261682243
10702463  0.7897196261682243
10702464  0.7897196261682243
10702467  0.7897196261682243
10702468  0.7897196261682243
10702469  0.7897196261682243
10702470  0.7897196261682243
10702471  0.7897196261682243
10702474  0.7897196261682243
10702482  0.7897196261682243
10702483  0.7897196261682243
10702484  0.7897196261682243
10702485  0.7897196261682243
10702486  0.7897196261682243
10702487  0.7897196261682243
10702488  0.7897196261682243
10702490  0.7897196261682243
10702491  0.7897196261682243
10702493  0.7897196261682243
10702494  0.7897196261682243
10702495  0.7897196261682243
10702497  0.7897196261682243
10702498  0.7897196261682243
10702499  0.7897196261682243
10702502  0.7897196261682243
10702504  0.7897196261682243
10702505  0.7897196261682243
10702509  0.7897196261682243
10702510  0.7897196261682243
10702513  0.7897196261682243
10702524  0.7897196261682243
10702525  0.7897196261682243
10702526  0.7897196261682243
10702527  0.7897196261682243
10702528  0.7897196261682243
10702529  0.7897196261682243
10702530  0.7897196261682243
10702533  0.7897196261682243
10702535  0.7897196261682243
10702536  0.7897196261682243
10702537  0.7897196261682243
10702540  0.7897196261682243
10702543  0.7897196261682243
10702544  0.7897196261682243
10702545  0.7897196261682243
10702546  0.7897196261682243
10702547  0.7897196261682243
10702549  0.7897196261682243
10702550  0.7897196261682243
10702552  0.7897196261682243
10702566  0.7897196261682243
10702570  0.7897196261682243
14800353  0.7897196261682243
14800357  0.7897196261682243
14800372  0.7897196261682243
14800373  0.7897196261682243
14800374  0.7897196261682243
15100106  0.7897196261682243
15100112  0.7897196261682243
15100118  0.7897196261682243
15100124  0.7897196261682243
15100130  0.7897196261682243
15100136  0.7897196261682243
15100142  0.7897196261682243
15100155  0.7897196261682243
15100156  0.7897196261682243
15100177  0.7897196261682243
15100180  0.7897196261682243
15100181  0.7897196261682243
15100182  0.7897196261682243
15100183  0.7897196261682243
15100184  0.7897196261682243
15100185  0.7897196261682243
15100186  0.7897196261682243
15100193  0.7897196261682243
15100196  0.7897196261682243
15100277  0.7897196261682243
15100278  0.7897196261682243
15100310  0.7897196261682243
15100313  0.7897196261682243
15100314  0.7897196261682243
15200088  0.7897196261682243
15200089  0.7897196261682243
15200090  0.7897196261682243
15200091  0.7897196261682243
15200093  0.7897196261682243
15200096  0.7897196261682243
15200097  0.7897196261682243
15200102  0.7897196261682243
15200103  0.7897196261682243
15200108  0.7897196261682243
15200113  0.7897196261682243
15200114  0.7897196261682243
15200119  0.7897196261682243
15200120  0.7897196261682243
15200144  0.7897196261682243
15200145  0.7897196261682243
15200146  0.7897196261682243
15200147  0.7897196261682243
15200148  0.7897196261682243
15200149  0.7897196261682243
15200150  0.7897196261682243
15200151  0.7897196261682243
15200153  0.7897196261682243
15200154  0.7897196261682243
15200157  0.7897196261682243
15200158  0.7897196261682243
15200159  0.7897196261682243
15200160  0.7897196261682243
15200161  0.7897196261682243
15200162  0.7897196261682243
15200163  0.7897196261682243
15200166  0.7897196261682243
15200167  0.7897196261682243
15200169  0.7897196261682243
15200171  0.7897196261682243
15200173  0.7897196261682243
15200179  0.7897196261682243
15200185  0.7897196261682243
15200187  0.7897196261682243
15200188  0.7897196261682243
15200196  0.7897196261682243
15200199  0.7897196261682243
15200201  0.7897196261682243
15200202  0.7897196261682243
15200203  0.7897196261682243
15200211  0.7897196261682243
15200214  0.7897196261682243
15200215  0.7897196261682243
15200217  0.7897196261682243
15200218  0.7897196261682243
15200224  0.7897196261682243
15200225  0.7897196261682243
15200232  0.7897196261682243
4800280  0.6697674418604651
5200346  0.6697674418604651
6700452  0.6697674418604651
15000037  0.6697674418604651
15000038  0.6697674418604651
15100067  0.6697674418604651
15100070  0.6697674418604651
15200047  0.6697674418604651
15200048  0.6697674418604651
15200055  0.6697674418604651
15200056  0.6697674418604651
15200098  0.6697674418604651
4800071  0.5601851851851852
4800075  0.5601851851851852
7400121  0.5601851851851852
7400122  0.5601851851851852
7400139  0.5601851851851852
7400141  0.5601851851851852
7400142  0.5601851851851852
7400143  0.5601851851851852
7400144  0.5601851851851852
7400145  0.5601851851851852
10702442  0.5601851851851852
10702443  0.5601851851851852
10702444  0.5601851851851852
10702453  0.5601851851851852
10702455  0.5601851851851852
10702456  0.5601851851851852
10702567  0.5601851851851852
15200197  0.5601851851851852
15200219  0.5601851851851852
15200227  0.5601851851851852
15200228  0.5601851851851852
15200229  0.5601851851851852
15200230  0.5601851851851852
7300311  0.4608294930875576
7300315  0.4608294930875576
7300316  0.4608294930875576
9300749  0.4608294930875576
9300777  0.4608294930875576
9300778  0.4608294930875576
9300779  0.4608294930875576
15200222  0.4608294930875576
10702423  0.37155963302752293
10703471  0.37155963302752293
10703476  0.37155963302752293
10703477  0.37155963302752293
10703480  0.37155963302752293
12400592  0.37155963302752293
6200209  0.2922374429223744
7600157  0.22272727272727272
7600158  0.22272727272727272
7600161  0.22272727272727272
7600163  0.22272727272727272
7600177  0.22272727272727272
7600179  0.22272727272727272
7600197  0.22272727272727272
7600200  0.22272727272727272
7600201  0.22272727272727272
7600202  0.22272727272727272
7600203  0.22272727272727272
7600204  0.22272727272727272
7600205  0.22272727272727272
7600206  0.22272727272727272
7600208  0.22272727272727272
7600212  0.22272727272727272
7600214  0.22272727272727272
10500339  0.22272727272727272
7300325  0.16289592760180996
7300328  0.16289592760180996
7300329  0.16289592760180996
7600165  0.16289592760180996
7600166  0.16289592760180996
7600168  0.16289592760180996
7600170  0.16289592760180996
7600173  0.16289592760180996
8400068  0.16289592760180996
8400069  0.16289592760180996
8400070  0.16289592760180996
10702477  0.16289592760180996
10702479  0.16289592760180996
10702480  0.16289592760180996
10702481  0.16289592760180996
5600065  0.11261261261261261
5600070  0.11261261261261261
5600122  0.11261261261261261
5600124  0.11261261261261261
5600127  0.11261261261261261
5600130  0.11261261261261261
5600131  0.11261261261261261
5600134  0.11261261261261261
5600136  0.11261261261261261
5600174  0.11261261261261261
5600376  0.11261261261261261
6100318  0.11261261261261261
6100329  0.11261261261261261
6100330  0.11261261261261261
6100333  0.11261261261261261
6200242  0.11261261261261261
6200243  0.11261261261261261
8400041  0.11261261261261261
8400117  0.11261261261261261
8400123  0.11261261261261261
8400124  0.11261261261261261
8400125  0.11261261261261261
8400126  0.11261261261261261
8400127  0.11261261261261261
8500048  0.11261261261261261
8500079  0.11261261261261261
8500080  0.11261261261261261
8500090  0.11261261261261261
8500091  0.11261261261261261
8500094  0.11261261261261261
8500098  0.11261261261261261
8500099  0.11261261261261261
8500100  0.11261261261261261
5600101  0.07174887892376682
5600102  0.07174887892376682
5600151  0.07174887892376682
5600152  0.07174887892376682
5600176  0.07174887892376682
5600177  0.07174887892376682
5600178  0.07174887892376682
5600180  0.07174887892376682
5600181  0.07174887892376682
5600182  0.07174887892376682
5600185  0.07174887892376682
5600188  0.07174887892376682
5600189  0.07174887892376682
5600190  0.07174887892376682
5600191  0.07174887892376682
5600193  0.07174887892376682
5600195  0.07174887892376682
5600196  0.07174887892376682
5600197  0.07174887892376682
5600198  0.07174887892376682
5600199  0.07174887892376682
5600201  0.07174887892376682
5600202  0.07174887892376682
5600204  0.07174887892376682
5600206  0.07174887892376682
5600207  0.07174887892376682
5600208  0.07174887892376682
5600209  0.07174887892376682
5600210  0.07174887892376682
5600212  0.07174887892376682
5600219  0.07174887892376682
5600223  0.07174887892376682
5600224  0.07174887892376682
5600225  0.07174887892376682
5600230  0.07174887892376682
5600231  0.07174887892376682
5600283  0.07174887892376682
5600284  0.07174887892376682
5600285  0.07174887892376682
5600286  0.07174887892376682
5600287  0.07174887892376682
5600288  0.07174887892376682
5600291  0.07174887892376682
5600292  0.07174887892376682
5600293  0.07174887892376682
5600295  0.07174887892376682
5600380  0.07174887892376682
6000346  0.07174887892376682
6000348  0.07174887892376682
6000349  0.07174887892376682
6000350  0.07174887892376682
6000352  0.07174887892376682
6000353  0.07174887892376682
6100345  0.07174887892376682
6100346  0.07174887892376682
6100357  0.07174887892376682
6100358  0.07174887892376682
6100362  0.07174887892376682
6700475  0.07174887892376682
7600101  0.07174887892376682
7600102  0.07174887892376682
7600115  0.07174887892376682
7600117  0.07174887892376682
7600118  0.07174887892376682
7600119  0.07174887892376682
8500113  0.07174887892376682
8500114  0.07174887892376682
8500116  0.07174887892376682
8500117  0.07174887892376682
8500118  0.07174887892376682
8500122  0.07174887892376682
8500123  0.07174887892376682
8500124  0.07174887892376682
8500126  0.07174887892376682
8500127  0.07174887892376682
8500128  0.07174887892376682
8500131  0.07174887892376682
8500132  0.07174887892376682
8500134  0.07174887892376682
8500135  0.07174887892376682
8500136  0.07174887892376682
8500138  0.07174887892376682
8500139  0.07174887892376682
8500141  0.07174887892376682
8500142  0.07174887892376682
8500145  0.07174887892376682
8500164  0.07174887892376682
8500167  0.07174887892376682
8500184  0.07174887892376682
8500185  0.07174887892376682
8500186  0.07174887892376682
8500187  0.07174887892376682
8500188  0.07174887892376682
8500189  0.07174887892376682
8500190  0.07174887892376682
8500192  0.07174887892376682
8500193  0.07174887892376682
8500194  0.07174887892376682
8500195  0.07174887892376682
8500196  0.07174887892376682
8500197  0.07174887892376682
8500199  0.07174887892376682
8500200  0.07174887892376682
8500201  0.07174887892376682
8500202  0.07174887892376682
8500204  0.07174887892376682
8500205  0.07174887892376682
8500206  0.07174887892376682
8500208  0.07174887892376682
8500229  0.07174887892376682
8500245  0.07174887892376682
8500261  0.07174887892376682
8500281  0.07174887892376682
8500284  0.07174887892376682
8500285  0.07174887892376682
10702234  0.07174887892376682
10702235  0.07174887892376682
10702269  0.07174887892376682
5600213  0.04017857142857143
5600214  0.04017857142857143
5600226  0.04017857142857143
5600232  0.04017857142857143
5600238  0.04017857142857143
5600239  0.04017857142857143
5600240  0.04017857142857143
5600241  0.04017857142857143
5600242  0.04017857142857143
5600245  0.04017857142857143
5600246  0.04017857142857143
5600248  0.04017857142857143
5600267  0.04017857142857143
6700401  0.04017857142857143
6700430  0.04017857142857143
6700672  0.04017857142857143
6700673  0.04017857142857143
6700674  0.04017857142857143
6700678  0.04017857142857143
6700679  0.04017857142857143
6700687  0.04017857142857143
5600168  0.017777777777777778
5600169  0.017777777777777778
5600249  0.017777777777777778
5600250  0.017777777777777778
5600251  0.017777777777777778
5600252  0.017777777777777778
5600253  0.017777777777777778
5600255  0.017777777777777778
6700461  0.017777777777777778
10701613  0.017777777777777778
10701615  0.017777777777777778
10701622  0.017777777777777778
10701623  0.017777777777777778
10701624  0.017777777777777778
10701625  0.017777777777777778
10701628  0.017777777777777778
10701629  0.017777777777777778
10701632  0.017777777777777778
10701633  0.017777777777777778
10701634  0.017777777777777778
10701636  0.017777777777777778
10701638  0.017777777777777778
10701641  0.017777777777777778
10701642  0.017777777777777778
10701643  0.017777777777777778
10701644  0.017777777777777778
10701645  0.017777777777777778
10701646  0.017777777777777778
10701647  0.017777777777777778
10701652  0.017777777777777778
10701653  0.017777777777777778
10701654  0.017777777777777778
10701655  0.017777777777777778
10701656  0.017777777777777778
10701657  0.017777777777777778
10701658  0.017777777777777778
10701659  0.017777777777777778
10701660  0.017777777777777778
10701662  0.017777777777777778
10701664  0.017777777777777778
10701666  0.017777777777777778
15300072  0.017777777777777778
15300073  0.017777777777777778
15300081  0.017777777777777778
15300082  0.017777777777777778
15300083  0.017777777777777778
6700462  0.004424778761061947
6700483  0.004424778761061947
6700787  0.004424778761061947
6700788  0.004424778761061947
6700789  0.004424778761061947
8500146  0.004424778761061947
8500147  0.004424778761061947
8500150  0.004424778761061947
8500151  0.004424778761061947
8500152  0.004424778761061947
8500153  0.004424778761061947
8500154  0.004424778761061947
8500180  0.004424778761061947
8500181  0.004424778761061947
10703540  0.004424778761061947
15300087  0.004424778761061947
15300088  0.004424778761061947
15300090  0.004424778761061947
15300091  0.004424778761061947
15300094  0.004424778761061947
