1200054  1.0
1200058  1.0
1200059  1.0
1200060  1.0
1200076  1.0
1200079  1.0
1200082  1.0
1200083  1.0
1200084  1.0
1200085  1.0
1200086  1.0
1200087  1.0
1200088  1.0
1200089  1.0
1200102  1.0
1200103  1.0
1200104  1.0
1300506  1.0
1400051  1.0
1400052  1.0
1400053  1.0
1400057  1.0
2100078  1.0
2000029  0.9642857142857143
1700035  0.9583333333333334
1800056  0.9583333333333334
1800057  0.9583333333333334
1800060  0.9583333333333334
1800062  0.9583333333333334
1900051  0.9583333333333334
1900052  0.9583333333333334
1900053  0.9583333333333334
1900054  0.9583333333333334
1900055  0.9583333333333334
2200030  0.9583333333333334
1900085  0.9565217391304348
2300034  0.9545454545454546
2300036  0.9545454545454546
1000046  0.9523809523809523
1000050  0.9523809523809523
1000054  0.9523809523809523
1000058  0.9523809523809523
1000062  0.9523809523809523
1000066  0.9523809523809523
1000070  0.9523809523809523
1000074  0.9523809523809523
1000078  0.9523809523809523
1000082  0.9523809523809523
1000086  0.9523809523809523
1000090  0.9523809523809523
1000094  0.9523809523809523
1000098  0.9523809523809523
1000102  0.9523809523809523
1000106  0.9523809523809523
1000110  0.9523809523809523
1000114  0.9523809523809523
1000118  0.9523809523809523
1000317  0.9523809523809523
1000320  0.9523809523809523
1100268  0.9523809523809523
1100272  0.9523809523809523
1100273  0.9523809523809523
1200114  0.9523809523809523
1200115  0.9523809523809523
1200116  0.9523809523809523
1200117  0.9523809523809523
1300052  0.9523809523809523
1300072  0.9523809523809523
1300094  0.9523809523809523
1300109  0.9523809523809523
1300124  0.9523809523809523
1300140  0.9523809523809523
1300183  0.9523809523809523
1300206  0.9523809523809523
1300217  0.9523809523809523
1300233  0.9523809523809523
1300250  0.9523809523809523
1300266  0.9523809523809523
1400040  0.9523809523809523
1400041  0.9523809523809523
1400042  0.9523809523809523
1500145  0.9523809523809523
1500149  0.9523809523809523
1500150  0.9523809523809523
1600034  0.9523809523809523
1600035  0.9523809523809523
1600138  0.9523809523809523
1600139  0.9523809523809523
1600147  0.9523809523809523
1600148  0.9523809523809523
1600349  0.9523809523809523
1600350  0.9523809523809523
1600358  0.9523809523809523
1600359  0.9523809523809523
1600370  0.9523809523809523
1600371  0.9523809523809523
1600377  0.9523809523809523
1600378  0.9523809523809523
1600386  0.9523809523809523
1600387  0.9523809523809523
1600395  0.9523809523809523
1600396  0.9523809523809523
1600408  0.9523809523809523
1600409  0.9523809523809523
1600417  0.9523809523809523
1600418  0.9523809523809523
1600419  0.9523809523809523
1600420  0.9523809523809523
1600422  0.9523809523809523
1200032  0.9444444444444444
2100065  0.9411764705882353
2100066  0.9411764705882353
2100070  0.9411764705882353
2100071  0.9411764705882353
2100072  0.9411764705882353
2100073  0.9411764705882353
2100040  0.9090909090909091
2100041  0.9090909090909091
2100042  0.9090909090909091
2100043  0.9090909090909091
2100044  0.9090909090909091
2100045  0.9090909090909091
2100046  0.9090909090909091
2100047  0.9090909090909091
2100048  0.9090909090909091
2100049  0.9090909090909091
2100051  0.9090909090909091
2100052  0.9090909090909091
2100056  0.9090909090909091
2100057  0.9090909090909091
2100058  0.9090909090909091
