1200076  0.6233503222465515
1200084  0.6158204078674316
1200085  0.6145280003547668
1200054  0.6127565503120422
1200079  0.6102542281150818
1200083  0.6094273328781128
1200082  0.6090906858444214
1200104  0.6087839603424072
1200103  0.6021935343742371
1200058  0.5951396226882935
1200086  0.5911189913749695
1200060  0.590691328048706
1200088  0.5840206742286682
1200102  0.578970730304718
1200059  0.5722001194953918
1900055  0.554905891418457
1200087  0.5495843887329102
2100078  0.5479665398597717
1200089  0.5446465015411377
2300036  0.5381930470466614
1800057  0.5381433963775635
1400053  0.5351672172546387
1600370  0.5344496965408325
1600148  0.532758891582489
1600409  0.5309091806411743
1300217  0.5303849577903748
1200032  0.5294132232666016
1400041  0.5291671752929688
1400040  0.5289719700813293
1600147  0.5281651020050049
1400057  0.5273182392120361
1900053  0.5265311598777771
1900051  0.5261367559432983
1800062  0.525993287563324
1600417  0.5259549021720886
1500145  0.5256484746932983
1600377  0.5237296223640442
1400052  0.5234723091125488
1600139  0.5211657285690308
1600034  0.5203501582145691
1300233  0.519339382648468
1000066  0.5191304683685303
1600349  0.5190581679344177
1000062  0.5184494853019714
1400051  0.5177462697029114
2000029  0.5176759958267212
1600418  0.5168999433517456
1200117  0.5160502791404724
1300124  0.5158825516700745
1800056  0.515648365020752
1300250  0.5154271721839905
1600371  0.5153605937957764
1000118  0.5151661038398743
1300140  0.5149582028388977
2300034  0.5148991346359253
1000090  0.5147733092308044
1000058  0.5134646892547607
1000114  0.513455867767334
1600386  0.5119582414627075
1300183  0.5108335018157959
1500150  0.5104464292526245
2100051  0.5096938610076904
1000086  0.509525716304779
1200114  0.5094633102416992
1600396  0.5092699527740479
1300109  0.5087203979492188
2200030  0.508388102054596
1000070  0.5079509019851685
1300072  0.5079026222229004
1800060  0.5068871974945068
1600359  0.5066016912460327
1700035  0.5061079859733582
2100073  0.5058256983757019
1600395  0.5053247809410095
1900085  0.5051550269126892
1300266  0.5051519870758057
1600387  0.5039916634559631
1000046  0.5035236477851868
1000098  0.5031613707542419
1000110  0.503024160861969
1300206  0.5027831196784973
1000106  0.5024866461753845
1600420  0.5020014643669128
1100272  0.5015512704849243
2100045  0.5008544921875
1600419  0.5005862712860107
1100273  0.500470757484436
1600138  0.4997127652168274
1600035  0.498995840549469
1000317  0.49841567873954773
1600358  0.4982798397541046
1000074  0.4982466399669647
2100041  0.4981940984725952
1600422  0.49788975715637207
2100058  0.4970932602882385
1000078  0.496976763010025
1900054  0.4967801570892334
2100057  0.49630483984947205
2100065  0.49613437056541443
2100056  0.49570995569229126
1000054  0.49495965242385864
1300094  0.49448174238204956
2100066  0.4942087233066559
1000320  0.4941125512123108
1200116  0.4933378994464874
1900052  0.4922574758529663
1100268  0.49167120456695557
1000050  0.49106648564338684
1200115  0.49078574776649475
2100072  0.48964226245880127
1600408  0.4893186092376709
1000082  0.48783934116363525
1300506  0.48586541414260864
2100040  0.48435521125793457
1300052  0.4833870530128479
2100070  0.4758473336696625
1000102  0.4745754599571228
2100044  0.47428110241889954
1600378  0.47339358925819397
1600350  0.4729803800582886
2100071  0.47249412536621094
1500149  0.47124093770980835
1400042  0.4702860116958618
1000094  0.47023212909698486
2100049  0.4684393107891083
2100042  0.46805134415626526
2100043  0.4655999541282654
2100052  0.4648345708847046
2100047  0.4610564112663269
2100048  0.46013060212135315
2100046  0.452299565076828
