2700093  1.0
2700094  1.0
2700095  1.0
2700106  1.0
2700107  1.0
2700110  1.0
2700111  1.0
2700115  1.0
2800222  1.0
2800224  1.0
2800225  1.0
2800226  1.0
2800227  1.0
2800228  1.0
2800229  1.0
2800230  1.0
2800232  1.0
2800233  1.0
2800234  1.0
2800237  1.0
2800238  1.0
2800239  1.0
2800240  1.0
2800242  1.0
2800243  1.0
2800245  1.0
2800281  1.0
2700075  0.7071067811865475
2700079  0.7071067811865475
2700085  0.7071067811865475
2700086  0.7071067811865475
2700087  0.7071067811865475
2700147  0.7071067811865475
2800046  0.7071067811865475
2800196  0.7071067811865475
2800205  0.7071067811865475
2800217  0.7071067811865475
2800272  0.7071067811865475
2800260  0.5773502691896258
2800263  0.5773502691896258
2800264  0.5773502691896258
2800265  0.5773502691896258
2800266  0.5773502691896258
2800270  0.5773502691896258
2500044  0.4472135954999579
2500089  0.4472135954999579
2502220  0.4472135954999579
2502243  0.4472135954999579
2502244  0.4472135954999579
2502245  0.4472135954999579
2800165  0.4472135954999579
2800166  0.4472135954999579
2800167  0.4472135954999579
2800169  0.4472135954999579
2800171  0.4472135954999579
2800172  0.4472135954999579
2800173  0.4472135954999579
2800174  0.4472135954999579
2800175  0.4472135954999579
2800176  0.4472135954999579
2800178  0.4472135954999579
2800179  0.4472135954999579
2800181  0.4472135954999579
2800183  0.4472135954999579
2800187  0.4472135954999579
2800188  0.4472135954999579
2900055  0.4472135954999579
2900060  0.4472135954999579
2900065  0.4472135954999579
2900070  0.4472135954999579
2900073  0.4472135954999579
2900076  0.4472135954999579
2900085  0.4472135954999579
2900105  0.4472135954999579
2900118  0.4472135954999579
2900128  0.4472135954999579
2900131  0.4472135954999579
2900134  0.4472135954999579
2900137  0.4472135954999579
2900140  0.4472135954999579
2900143  0.4472135954999579
2900146  0.4472135954999579
2900167  0.4472135954999579
2900175  0.4472135954999579
2900178  0.4472135954999579
2900208  0.4472135954999579
2900209  0.4472135954999579
2900210  0.4472135954999579
2900213  0.4472135954999579
2900214  0.4472135954999579
2900217  0.4472135954999579
2900218  0.4472135954999579
2900219  0.4472135954999579
2900220  0.4472135954999579
2900222  0.4472135954999579
2900224  0.4472135954999579
2900225  0.4472135954999579
2900226  0.4472135954999579
2900231  0.4472135954999579
2900232  0.4472135954999579
2900233  0.4472135954999579
2900234  0.4472135954999579
2900238  0.4472135954999579
2900239  0.4472135954999579
2900240  0.4472135954999579
2900244  0.4472135954999579
2900245  0.4472135954999579
2900987  0.4472135954999579
2900988  0.4472135954999579
2900989  0.4472135954999579
2900990  0.4472135954999579
2900991  0.4472135954999579
2900992  0.4472135954999579
2900994  0.4472135954999579
2900995  0.4472135954999579
2900996  0.4472135954999579
2900997  0.4472135954999579
2900999  0.4472135954999579
2901000  0.4472135954999579
2901002  0.4472135954999579
2901003  0.4472135954999579
2901004  0.4472135954999579
2901007  0.4472135954999579
2901008  0.4472135954999579
2901009  0.4472135954999579
2901012  0.4472135954999579
2901021  0.4472135954999579
2901022  0.4472135954999579
2901023  0.4472135954999579
2901024  0.4472135954999579
2901025  0.4472135954999579
2901030  0.4472135954999579
2901037  0.4472135954999579
2901038  0.4472135954999579
2901040  0.4472135954999579
2901041  0.4472135954999579
2901042  0.4472135954999579
2901043  0.4472135954999579
2901044  0.4472135954999579
2901045  0.4472135954999579
2901046  0.4472135954999579
2901047  0.4472135954999579
2901049  0.4472135954999579
2901057  0.4472135954999579
2901058  0.4472135954999579
2901061  0.4472135954999579
2901062  0.4472135954999579
2901070  0.4472135954999579
2901071  0.4472135954999579
2901073  0.4472135954999579
2901074  0.4472135954999579
2901095  0.4472135954999579
2901096  0.4472135954999579
2901098  0.4472135954999579
2901103  0.4472135954999579
2901104  0.4472135954999579
2901106  0.4472135954999579
2901107  0.4472135954999579
2901111  0.4472135954999579
2901113  0.4472135954999579
2901115  0.4472135954999579
2901118  0.4472135954999579
2901120  0.4472135954999579
2901122  0.4472135954999579
2901130  0.4472135954999579
2901131  0.4472135954999579
2901132  0.4472135954999579
2901135  0.4472135954999579
2901136  0.4472135954999579
2901137  0.4472135954999579
2901139  0.4472135954999579
2901140  0.4472135954999579
2901143  0.4472135954999579
2901144  0.4472135954999579
2901146  0.4472135954999579
2901147  0.4472135954999579
2901148  0.4472135954999579
2901149  0.4472135954999579
2901150  0.4472135954999579
2901151  0.4472135954999579
2901154  0.4472135954999579
2901155  0.4472135954999579
2901156  0.4472135954999579
2901158  0.4472135954999579
2901159  0.4472135954999579
2901160  0.4472135954999579
2901161  0.4472135954999579
2901162  0.4472135954999579
2901163  0.4472135954999579
2901166  0.4472135954999579
2901167  0.4472135954999579
2901168  0.4472135954999579
2901170  0.4472135954999579
2901171  0.4472135954999579
2901172  0.4472135954999579
2901173  0.4472135954999579
2901174  0.4472135954999579
2901175  0.4472135954999579
2901176  0.4472135954999579
2901185  0.4472135954999579
2901186  0.4472135954999579
2901187  0.4472135954999579
2901196  0.4472135954999579
2901197  0.4472135954999579
2901199  0.4472135954999579
2901201  0.4472135954999579
2901202  0.4472135954999579
2901203  0.4472135954999579
2901204  0.4472135954999579
2901207  0.4472135954999579
2901208  0.4472135954999579
2901210  0.4472135954999579
2901213  0.4472135954999579
2901214  0.4472135954999579
2901215  0.4472135954999579
2901217  0.4472135954999579
2901220  0.4472135954999579
2901716  0.4472135954999579
2901717  0.4472135954999579
2901718  0.4472135954999579
2901719  0.4472135954999579
2901721  0.4472135954999579
2901724  0.4472135954999579
2901725  0.4472135954999579
2901726  0.4472135954999579
2901727  0.4472135954999579
2901728  0.4472135954999579
2901729  0.4472135954999579
2901730  0.4472135954999579
2901731  0.4472135954999579
2901734  0.4472135954999579
2901740  0.4472135954999579
2901741  0.4472135954999579
2901743  0.4472135954999579
2901744  0.4472135954999579
2901745  0.4472135954999579
2901746  0.4472135954999579
2901747  0.4472135954999579
2901748  0.4472135954999579
2901749  0.4472135954999579
2901752  0.4472135954999579
2901753  0.4472135954999579
2901754  0.4472135954999579
2901756  0.4472135954999579
2901766  0.4472135954999579
2901767  0.4472135954999579
2901768  0.4472135954999579
2901769  0.4472135954999579
2901770  0.4472135954999579
2901771  0.4472135954999579
2901773  0.4472135954999579
2901774  0.4472135954999579
2901775  0.4472135954999579
2901777  0.4472135954999579
2901778  0.4472135954999579
2901781  0.4472135954999579
2901782  0.4472135954999579
2901784  0.4472135954999579
2901785  0.4472135954999579
2901786  0.4472135954999579
2901789  0.4472135954999579
2901790  0.4472135954999579
2901793  0.4472135954999579
2901794  0.4472135954999579
2901795  0.4472135954999579
2901798  0.4472135954999579
2901809  0.4472135954999579
2901810  0.4472135954999579
2901811  0.4472135954999579
2901812  0.4472135954999579
2901813  0.4472135954999579
2901814  0.4472135954999579
2901816  0.4472135954999579
2901817  0.4472135954999579
2901818  0.4472135954999579
2901820  0.4472135954999579
2901821  0.4472135954999579
2901824  0.4472135954999579
2901825  0.4472135954999579
2901827  0.4472135954999579
2901828  0.4472135954999579
2901829  0.4472135954999579
2901832  0.4472135954999579
2901833  0.4472135954999579
2901836  0.4472135954999579
2901837  0.4472135954999579
2901838  0.4472135954999579
2901841  0.4472135954999579
2901847  0.4472135954999579
2901850  0.4472135954999579
2901851  0.4472135954999579
2901853  0.4472135954999579
2901854  0.4472135954999579
2901855  0.4472135954999579
2901857  0.4472135954999579
2901858  0.4472135954999579
2901859  0.4472135954999579
2901863  0.4472135954999579
2901864  0.4472135954999579
2901865  0.4472135954999579
2901866  0.4472135954999579
2901867  0.4472135954999579
2901868  0.4472135954999579
2901870  0.4472135954999579
2901872  0.4472135954999579
2901873  0.4472135954999579
2901874  0.4472135954999579
2901875  0.4472135954999579
2901878  0.4472135954999579
2901879  0.4472135954999579
2901880  0.4472135954999579
2901883  0.4472135954999579
2901884  0.4472135954999579
2901885  0.4472135954999579
2901886  0.4472135954999579
2901887  0.4472135954999579
2901888  0.4472135954999579
2901889  0.4472135954999579
2901891  0.4472135954999579
2901892  0.4472135954999579
2901893  0.4472135954999579
2901894  0.4472135954999579
2901895  0.4472135954999579
2901896  0.4472135954999579
2901897  0.4472135954999579
2901898  0.4472135954999579
2901901  0.4472135954999579
2901902  0.4472135954999579
2901903  0.4472135954999579
2901904  0.4472135954999579
2901905  0.4472135954999579
2901908  0.4472135954999579
2901909  0.4472135954999579
2901910  0.4472135954999579
2901911  0.4472135954999579
2901912  0.4472135954999579
2901913  0.4472135954999579
2901914  0.4472135954999579
2901919  0.4472135954999579
2901920  0.4472135954999579
2901921  0.4472135954999579
2901922  0.4472135954999579
2901924  0.4472135954999579
2901925  0.4472135954999579
2901927  0.4472135954999579
2901929  0.4472135954999579
2901930  0.4472135954999579
2901932  0.4472135954999579
2901934  0.4472135954999579
2901935  0.4472135954999579
2901938  0.4472135954999579
2903784  0.4472135954999579
