1700116  0.9744248390197754
1700117  0.9727737903594971
1500086  0.9692107439041138
1600279  0.9681637287139893
1600275  0.9676187038421631
1600280  0.9658082723617554
1500079  0.965671956539154
1500070  0.965594470500946
1700118  0.9655789136886597
1700396  0.9648692607879639
1700401  0.9644481539726257
1600278  0.9644082188606262
1500064  0.9633750915527344
1700381  0.9614826440811157
1700393  0.9598668813705444
1700395  0.9596254229545593
1700376  0.9595884680747986
1700392  0.959369421005249
1700378  0.9593662023544312
1700403  0.9592714309692383
1700394  0.9591102004051208
1700119  0.9581551551818848
1700375  0.9562387466430664
1800045  0.9534768462181091
1700120  0.9520598649978638
1700142  0.9515873789787292
1800046  0.9505293965339661
1700374  0.9357814788818359
1800047  0.9347687363624573
1800079  0.9116411209106445
1700230  0.9112993478775024
1700231  0.9111676812171936
1700245  0.9099084734916687
1700143  0.9090187549591064
1800081  0.9055455327033997
1700146  0.9052368402481079
1700152  0.9050029516220093
1700221  0.904429018497467
1800084  0.9034331440925598
1700155  0.9026219248771667
1700145  0.8985127210617065
1700147  0.8983237147331238
1800073  0.8973943591117859
1700220  0.8972370028495789
1800069  0.8968555927276611
1800074  0.8965234160423279
1800070  0.8963907361030579
1700291  0.895078182220459
1800077  0.8940743803977966
1800078  0.8933197855949402
1700294  0.8900167346000671
1800066  0.8899849057197571
1700289  0.8892835974693298
1700144  0.8866327404975891
1700250  0.8859859704971313
1800048  0.8847103118896484
1700273  0.8811019062995911
1700286  0.8806809782981873
1700288  0.8790538907051086
1700270  0.877993106842041
1700274  0.8775878548622131
1800089  0.8774169683456421
1700251  0.8751688599586487
1700265  0.8743211627006531
1700287  0.8708574771881104
1800090  0.8679950833320618
1700269  0.8679085969924927
1800094  0.8660975694656372
1700295  0.8649715185165405
1700268  0.8541232943534851
1700296  0.8489678502082825
1700297  0.8372493386268616
1800125  0.7814896702766418
1800127  0.7808768153190613
1800097  0.7669157385826111
1700299  0.7638484835624695
1800121  0.7608522772789001
1800124  0.7590781450271606
1800120  0.7535015940666199
1800123  0.7522159218788147
1800116  0.7504580020904541
1800119  0.7392672300338745
1800115  0.7374756932258606
1800122  0.7327182292938232
1800131  0.7239309549331665
1700361  0.720652163028717
1700368  0.7122718691825867
1800132  0.7049333453178406
1700360  0.7034528851509094
1700320  0.702136754989624
1700322  0.7004018425941467
1700349  0.699088454246521
1700307  0.6980990767478943
1700319  0.6928368210792542
1700306  0.692537784576416
1700345  0.6893606185913086
1900051  0.6889334321022034
1900050  0.6885210275650024
1700369  0.6817450523376465
1700301  0.6697860360145569
1700372  0.6657479405403137
1700373  0.6597712635993958
1500063  0.6463547348976135
1200109  0.5334450006484985
1200108  0.530241072177887
1200107  0.527944028377533
1100046  0.5278943777084351
1000045  0.526840329170227
1200106  0.5229077339172363
1100045  0.522617757320404
1100054  0.5220652222633362
1100053  0.5211279392242432
1000044  0.5175598859786987
1000043  0.5162487030029297
1200119  0.5160424709320068
1200120  0.5116590261459351
1200121  0.5106093883514404
1200122  0.4598183035850525
1200060  0.4161776006221771
1200067  0.4161776006221771
1200073  0.4161776006221771
1200085  0.4161776006221771
1200166  0.4161776006221771
1200172  0.4161776006221771
1300027  0.4161776006221771
1300030  0.4161776006221771
1300033  0.4161776006221771
1400050  0.4161776006221771
1400051  0.4161776006221771
1400052  0.4161776006221771
1400053  0.4161776006221771
1400065  0.4161776006221771
1400066  0.4161776006221771
1400067  0.4161776006221771
1400068  0.4161776006221771
1400074  0.4161776006221771
1400075  0.4161776006221771
1400076  0.4161776006221771
1400077  0.4161776006221771
1400078  0.4161776006221771
1500048  0.4161776006221771
1500049  0.4161776006221771
1500050  0.4161776006221771
1500051  0.4161776006221771
1500061  0.4161776006221771
1500062  0.4161776006221771
