1600280  0.5559992790222168
1800090  0.5541512966156006
1800120  0.552588164806366
1800070  0.5490252375602722
1800048  0.5484036207199097
1800122  0.5480511784553528
1700307  0.5463822484016418
1700322  0.5462774634361267
1800045  0.5460691452026367
1500062  0.5452611446380615
1400066  0.5445111393928528
1800125  0.5444130301475525
1700294  0.5440332889556885
1800089  0.5425418019294739
1700291  0.5420660376548767
1600279  0.5410289168357849
1800127  0.5407679080963135
1800131  0.5406574606895447
1400074  0.5403745174407959
1800097  0.5395799875259399
1800132  0.5395643711090088
1800115  0.5394640564918518
1800124  0.539326012134552
1700306  0.5390288233757019
1800047  0.538128137588501
1400077  0.5376741290092468
1800069  0.5375912189483643
1500051  0.5361829996109009
1500063  0.5361707210540771
1700297  0.5352681875228882
1800074  0.5343316793441772
1000043  0.5339018106460571
1600278  0.5337949395179749
1800119  0.5337462425231934
1800046  0.5334346890449524
1400078  0.5333195328712463
1700301  0.53168785572052
1400068  0.5316610336303711
1700319  0.5316116213798523
1800066  0.5309461951255798
1000044  0.5308011174201965
1800073  0.5304999947547913
1800079  0.5300379991531372
1700299  0.5299949049949646
1700289  0.5296984910964966
1400076  0.5293117165565491
1500061  0.5291761755943298
1800123  0.5286281108856201
1700403  0.5285463929176331
1800116  0.5284872651100159
1900050  0.5284695625305176
1400067  0.5279122591018677
1800094  0.5278805494308472
1800121  0.5271158814430237
1200108  0.5263358354568481
1700296  0.5262579321861267
1100054  0.5261332392692566
1700320  0.5261003971099854
1700393  0.525212824344635
1700373  0.5252031683921814
1700295  0.5251539945602417
1700220  0.5250391960144043
1700269  0.5245378613471985
1700401  0.5236055254936218
1400065  0.523399829864502
1700361  0.5233219861984253
1100053  0.523041307926178
1800081  0.5227034687995911
1500070  0.5221672654151917
1200172  0.5217742323875427
1300027  0.5217030644416809
1100046  0.5216318964958191
1700395  0.521452009677887
1800084  0.5211369395256042
1200073  0.5207059383392334
1700287  0.5206758379936218
1700221  0.5206733345985413
1300030  0.520468533039093
1700117  0.520361602306366
1700374  0.5198875665664673
1500050  0.5198479890823364
1500064  0.5197655558586121
1000045  0.5197346806526184
1800077  0.5192127823829651
1500048  0.5190932154655457
1700142  0.518558919429779
1700116  0.5184815526008606
1700349  0.5181669592857361
1400051  0.5179630517959595
1700152  0.5179386734962463
1200107  0.5171946883201599
1700120  0.5168220400810242
1700369  0.516718327999115
1400052  0.5166323781013489
1700360  0.5165582299232483
1700119  0.5162839889526367
1400075  0.5160358548164368
1200060  0.5158646106719971
1700231  0.5154533386230469
1400050  0.5153687596321106
1600275  0.5150736570358276
1700345  0.5149968862533569
1700147  0.514957070350647
1700378  0.5148526430130005
1700250  0.514299213886261
1800078  0.5142707824707031
1700274  0.5135848522186279
1700144  0.5133576989173889
1700375  0.5132814645767212
1900051  0.5132492780685425
1700155  0.512895405292511
1700381  0.512852132320404
1700245  0.5120570659637451
1200121  0.5107300877571106
1100045  0.5104857683181763
1700251  0.5102192759513855
1700394  0.5101314187049866
1500049  0.5098874568939209
1700145  0.509786069393158
1200166  0.5096034407615662
1200120  0.509238064289093
1700270  0.5092262029647827
1700230  0.5089969635009766
1200119  0.5089899301528931
1500079  0.5087153315544128
1400053  0.5079635977745056
1700376  0.5079177021980286
1700286  0.5078374147415161
1700268  0.5075702667236328
1700368  0.5069903135299683
1200122  0.506771445274353
1700392  0.5062967538833618
1700118  0.5061283111572266
1700273  0.5057351589202881
1300033  0.5052704215049744
1700265  0.5051668286323547
1700288  0.5049923062324524
1700146  0.5047310590744019
1700396  0.5037314295768738
1200067  0.5035102963447571
1200106  0.5016488432884216
1700143  0.5016458034515381
1700372  0.49864664673805237
1200109  0.49752920866012573
1500086  0.4969232976436615
1200085  0.49313899874687195
