2700325  1.0
2700332  1.0
2700333  1.0
2700334  1.0
2700337  1.0
2700338  1.0
2700339  1.0
2700342  1.0
2700343  1.0
2700346  1.0
2700347  1.0
2700350  1.0
2700351  1.0
2700352  1.0
2700354  1.0
2700363  1.0
2700364  1.0
2700367  1.0
2700368  1.0
2700369  1.0
2700370  1.0
2700373  1.0
2800242  1.0
2800343  1.0
2800347  1.0
2800348  1.0
2800350  1.0
2800351  1.0
2800353  1.0
3800321  1.0
3800322  1.0
3800335  1.0
3800336  1.0
4300317  1.0
4900182  1.0
4900183  1.0
4900188  1.0
4900190  1.0
4900191  1.0
4900218  1.0
4900224  1.0
4900239  1.0
4900240  1.0
4900241  1.0
4900242  1.0
4900243  1.0
4900342  1.0
4900343  1.0
4900344  1.0
4900345  1.0
4900346  1.0
4900349  1.0
5300218  1.0
2800237  0.9473684210526316
2800239  0.9473684210526316
2800256  0.9473684210526316
2800264  0.9473684210526316
2800266  0.9473684210526316
2800267  0.9473684210526316
2800268  0.9473684210526316
2800299  0.9473684210526316
2800317  0.9473684210526316
2800318  0.9473684210526316
2800319  0.9473684210526316
4900150  0.9411764705882353
4900151  0.9411764705882353
4900152  0.9411764705882353
4900153  0.9411764705882353
4900154  0.9411764705882353
4900155  0.9411764705882353
4900158  0.9411764705882353
4900159  0.9411764705882353
4900165  0.9411764705882353
4900166  0.9411764705882353
4900173  0.9411764705882353
4900199  0.9411764705882353
4900202  0.9411764705882353
4900203  0.9411764705882353
4900204  0.9411764705882353
4900205  0.9411764705882353
4900206  0.9411764705882353
4900207  0.9411764705882353
4900208  0.9411764705882353
4900209  0.9411764705882353
4900215  0.9411764705882353
4900217  0.9411764705882353
4900237  0.9411764705882353
4900251  0.9411764705882353
4900256  0.9411764705882353
4900257  0.9411764705882353
4900261  0.9411764705882353
4900262  0.9411764705882353
4900264  0.9411764705882353
4900283  0.9411764705882353
4900285  0.9411764705882353
4900293  0.9411764705882353
4900294  0.9411764705882353
4900375  0.9411764705882353
4900376  0.9411764705882353
4900377  0.9411764705882353
4900378  0.9411764705882353
4900383  0.9411764705882353
4900384  0.9411764705882353
4900385  0.9411764705882353
4900388  0.9411764705882353
4900398  0.9411764705882353
4900399  0.9411764705882353
4900300  0.9090909090909091
4900309  0.9090909090909091
4900326  0.9090909090909091
4900327  0.9090909090909091
4900328  0.9090909090909091
4900329  0.9090909090909091
4900330  0.9090909090909091
4900333  0.9090909090909091
4900335  0.9090909090909091
4900336  0.9090909090909091
4900337  0.9090909090909091
4900338  0.9090909090909091
4900339  0.9090909090909091
4900353  0.9090909090909091
2800044  0.9
2800231  0.9
2800235  0.9
3200209  0.9
3200210  0.9
5100112  0.9
5100118  0.9
5100142  0.9
5100155  0.9
5100156  0.9
5100177  0.9
5100180  0.9
5100181  0.9
5100182  0.9
5100183  0.9
5100184  0.9
5100185  0.9
5100186  0.9
5100193  0.9
5100196  0.9
5100310  0.9
5100313  0.9
5100314  0.9
5400353  0.9
5400357  0.9
2700127  0.8888888888888888
2700130  0.8888888888888888
4900084  0.8888888888888888
4900085  0.8888888888888888
4900088  0.8888888888888888
4900089  0.8888888888888888
4900090  0.8888888888888888
5100124  0.8888888888888888
5100201  0.8888888888888888
5100277  0.8888888888888888
5100278  0.8888888888888888
5400372  0.8888888888888888
5400373  0.8888888888888888
5400374  0.8888888888888888
5000037  0.8421052631578947
5000038  0.8421052631578947
5100067  0.8421052631578947
5100070  0.8421052631578947
2700138  0.8181818181818181
2700140  0.8181818181818181
2700191  0.8181818181818181
2700192  0.8181818181818181
2700306  0.8181818181818181
2700307  0.8181818181818181
2700323  0.8181818181818181
2700327  0.8181818181818181
2700393  0.8181818181818181
2700394  0.8181818181818181
2700395  0.8181818181818181
2800125  0.8181818181818181
2800321  0.8181818181818181
2800322  0.8181818181818181
2800331  0.8181818181818181
5100130  0.8181818181818181
5100136  0.8181818181818181
1203358  0.782608695652174
1203362  0.782608695652174
1203363  0.782608695652174
2800102  0.782608695652174
2800103  0.782608695652174
2800104  0.782608695652174
2800105  0.782608695652174
2800106  0.782608695652174
2800107  0.782608695652174
2800110  0.782608695652174
2800111  0.782608695652174
2800112  0.782608695652174
2800113  0.782608695652174
2800114  0.782608695652174
2800115  0.782608695652174
2800116  0.782608695652174
2800117  0.782608695652174
2800119  0.782608695652174
2800157  0.782608695652174
2800158  0.782608695652174
2800159  0.782608695652174
2800160  0.782608695652174
2800180  0.782608695652174
2800182  0.782608695652174
2800196  0.782608695652174
2800197  0.782608695652174
2800198  0.782608695652174
2800199  0.782608695652174
2800203  0.782608695652174
2800204  0.782608695652174
2800206  0.782608695652174
2800217  0.782608695652174
2800218  0.782608695652174
2800219  0.782608695652174
2800222  0.782608695652174
2800223  0.782608695652174
2800224  0.782608695652174
2800227  0.782608695652174
2800277  0.782608695652174
2800278  0.782608695652174
2800284  0.782608695652174
2800285  0.782608695652174
2800286  0.782608695652174
2800312  0.782608695652174
2800313  0.782608695652174
2800315  0.782608695652174
2800324  0.782608695652174
3100054  0.782608695652174
3100061  0.782608695652174
3100070  0.782608695652174
3100080  0.782608695652174
3100087  0.782608695652174
3200206  0.782608695652174
5100051  0.782608695652174
5100094  0.782608695652174
5100095  0.782608695652174
5100096  0.782608695652174
5100097  0.782608695652174
5100098  0.782608695652174
5200041  0.782608695652174
5200048  0.782608695652174
5200055  0.782608695652174
5200062  0.782608695652174
5200068  0.782608695652174
5200074  0.782608695652174
1203367  0.7
1203369  0.7
1203373  0.7
1700336  0.5333333333333333
2400264  0.5294117647058824
2400267  0.5294117647058824
1202274  0.37037037037037035
1201678  0.3125
1201680  0.3125
1201681  0.3125
1201682  0.3125
1201683  0.3125
1201686  0.3125
1201688  0.3125
1201698  0.3125
1201700  0.3125
1201701  0.3125
1201702  0.3125
1201703  0.3125
1201704  0.3125
1201706  0.3125
1201717  0.3125
1201718  0.3125
1201721  0.3125
1201722  0.3125
1201723  0.3125
1201724  0.3125
1201727  0.3125
1201728  0.3125
1201729  0.3125
1201730  0.3125
1201733  0.3125
1201734  0.3125
1201735  0.3125
1201736  0.3125
1201762  0.3125
1201763  0.3125
1201765  0.3125
1201766  0.3125
1201767  0.3125
1201768  0.3125
1201769  0.3125
1201771  0.3125
1201772  0.3125
1201773  0.3125
1201774  0.3125
1201775  0.3125
1201777  0.3125
1201792  0.3125
1201819  0.3125
1201820  0.3125
1201822  0.3125
1201823  0.3125
1201824  0.3125
1201825  0.3125
1201828  0.3125
1201830  0.3125
1201841  0.3125
1201842  0.3125
1201844  0.3125
1201845  0.3125
1201846  0.3125
1201848  0.3125
1202226  0.3125
1202227  0.3125
1202229  0.3125
1202232  0.3125
1202233  0.3125
1202239  0.3125
1202247  0.3125
1202252  0.3125
1202268  0.3125
1202272  0.3125
1202293  0.3125
1202296  0.3125
1202297  0.3125
1202301  0.3125
1202306  0.3125
1202307  0.3125
1202326  0.3125
1202328  0.3125
4000374  0.29166666666666663
4000375  0.29166666666666663
4000383  0.29166666666666663
4000320  0.2592592592592593
4000322  0.2592592592592593
4000330  0.2592592592592593
4000333  0.2592592592592593
4000334  0.2592592592592593
4000335  0.2592592592592593
4000336  0.2592592592592593
4000337  0.2592592592592593
4000338  0.2592592592592593
4000339  0.2592592592592593
4000340  0.2592592592592593
4000341  0.2592592592592593
4000342  0.2592592592592593
4000343  0.2592592592592593
4000344  0.2592592592592593
4000345  0.2592592592592593
4000346  0.2592592592592593
4000349  0.2592592592592593
4000350  0.2592592592592593
4000351  0.2592592592592593
4000352  0.2592592592592593
4000359  0.2592592592592593
4000363  0.2592592592592593
4000364  0.2592592592592593
4000365  0.2592592592592593
4000366  0.2592592592592593
4000367  0.2592592592592593
4000368  0.2592592592592593
4000369  0.2592592592592593
4000370  0.2592592592592593
4000371  0.2592592592592593
4000373  0.2592592592592593
4000388  0.2592592592592593
4000389  0.2592592592592593
4000397  0.2592592592592593
4000403  0.2592592592592593
4000415  0.2592592592592593
4000416  0.2592592592592593
4000419  0.2592592592592593
4000420  0.2592592592592593
4000423  0.2592592592592593
4000425  0.2592592592592593
4000428  0.2592592592592593
4000429  0.2592592592592593
4000433  0.2592592592592593
4000435  0.2592592592592593
4000438  0.2592592592592593
4000439  0.2592592592592593
4000443  0.2592592592592593
4000445  0.2592592592592593
4000447  0.2592592592592593
3500255  0.23333333333333328
3500256  0.23333333333333328
3500258  0.23333333333333328
3500259  0.23333333333333328
3500263  0.23333333333333328
3500268  0.23333333333333328
3500269  0.23333333333333328
3500272  0.23333333333333328
3500273  0.23333333333333328
3500274  0.23333333333333328
3500275  0.23333333333333328
3500278  0.23333333333333328
3500279  0.23333333333333328
3500283  0.23333333333333328
4000245  0.23333333333333328
4000247  0.23333333333333328
4000249  0.23333333333333328
4000250  0.23333333333333328
4000251  0.23333333333333328
4000274  0.23333333333333328
4000279  0.23333333333333328
4000289  0.23333333333333328
4000291  0.23333333333333328
4000293  0.23333333333333328
4000294  0.23333333333333328
4000295  0.23333333333333328
4000298  0.23333333333333328
4000299  0.23333333333333328
4000300  0.23333333333333328
4000303  0.23333333333333328
4000305  0.23333333333333328
4000310  0.23333333333333328
4000311  0.23333333333333328
4000312  0.23333333333333328
4000409  0.23333333333333328
4000411  0.23333333333333328
1203331  0.23076923076923073
1203335  0.23076923076923073
1203339  0.23076923076923073
1203340  0.23076923076923073
1203344  0.23076923076923073
1203489  0.23076923076923073
3500220  0.22580645161290325
3500223  0.22580645161290325
3500063  0.20588235294117652
3500070  0.20588235294117652
3500137  0.20588235294117652
3500247  0.20588235294117652
4000181  0.20588235294117652
4000232  0.20588235294117652
4000233  0.20588235294117652
4000234  0.20588235294117652
4000235  0.20588235294117652
4000236  0.20588235294117652
3300239  0.1875
3300240  0.1875
3300313  0.18604651162790697
3300309  0.17307692307692313
3300311  0.17307692307692313
3300317  0.17307692307692313
3300319  0.17307692307692313
3300320  0.17307692307692313
3300321  0.17307692307692313
3300322  0.17307692307692313
3300324  0.17307692307692313
3300325  0.17307692307692313
3300326  0.17307692307692313
1200888  0.17045454545454541
1200890  0.17045454545454541
1200898  0.17045454545454541
1200899  0.17045454545454541
1203467  0.17045454545454541
1203468  0.17045454545454541
3300254  0.16981132075471694
3300304  0.16981132075471694
3300306  0.16981132075471694
3300332  0.16981132075471694
3300117  0.1636363636363637
3300119  0.1636363636363637
3300120  0.1636363636363637
3300121  0.1636363636363637
3300122  0.1636363636363637
3300123  0.1636363636363637
3300125  0.1636363636363637
3300128  0.1636363636363637
3300129  0.1636363636363637
3300130  0.1636363636363637
3300132  0.1636363636363637
3300300  0.1636363636363637
3300301  0.1636363636363637
3300302  0.1636363636363637
3300303  0.1636363636363637
3800182  0.15384615384615385
3800183  0.15384615384615385
3800184  0.15384615384615385
3800185  0.15384615384615385
3900085  0.15384615384615385
3900087  0.15384615384615385
3900097  0.15384615384615385
3900098  0.15384615384615385
3900103  0.15384615384615385
3900105  0.15384615384615385
3300236  0.15000000000000002
3300237  0.15000000000000002
3300238  0.15000000000000002
3300247  0.15000000000000002
3300249  0.15000000000000002
3300252  0.15000000000000002
3300253  0.15000000000000002
3300264  0.15000000000000002
3300266  0.15000000000000002
3300267  0.15000000000000002
3300268  0.15000000000000002
3300269  0.15000000000000002
3300271  0.15000000000000002
3300274  0.15000000000000002
3300279  0.15000000000000002
3300280  0.15000000000000002
3300281  0.15000000000000002
3300282  0.15000000000000002
3300284  0.15000000000000002
3300288  0.15000000000000002
3300289  0.15000000000000002
3800172  0.14953271028037385
3800174  0.14953271028037385
3800175  0.14953271028037385
3800176  0.14953271028037385
3800177  0.14953271028037385
3800178  0.14953271028037385
3800179  0.14953271028037385
3800181  0.14953271028037385
3800200  0.14953271028037385
3800201  0.14953271028037385
3800202  0.14953271028037385
3800203  0.14953271028037385
3800204  0.14953271028037385
3800207  0.14953271028037385
3800249  0.14953271028037385
3800250  0.14953271028037385
3800251  0.14953271028037385
3800252  0.14953271028037385
3800253  0.14953271028037385
3800254  0.14953271028037385
3800255  0.14953271028037385
3800256  0.14953271028037385
3800257  0.14953271028037385
3800258  0.14953271028037385
3800259  0.14953271028037385
3800260  0.14953271028037385
3800261  0.14953271028037385
3800263  0.14953271028037385
3800269  0.14953271028037385
3800272  0.14953271028037385
3800489  0.14953271028037385
3800490  0.14953271028037385
3800491  0.14953271028037385
3800493  0.14953271028037385
3900134  0.14953271028037385
3900135  0.14953271028037385
3900136  0.14953271028037385
3900137  0.14953271028037385
3900138  0.14953271028037385
3900143  0.14953271028037385
3900144  0.14953271028037385
3900145  0.14953271028037385
3300198  0.14754098360655743
3300199  0.14754098360655743
3300202  0.14754098360655743
3300203  0.14754098360655743
3300204  0.14754098360655743
3300205  0.14754098360655743
3300206  0.14754098360655743
3300207  0.14754098360655743
3300210  0.14754098360655743
3300211  0.14754098360655743
3300213  0.14754098360655743
3300216  0.14754098360655743
3300217  0.14754098360655743
3300218  0.14754098360655743
3300219  0.14754098360655743
3300222  0.14754098360655743
3300225  0.14754098360655743
3300228  0.14754098360655743
3300229  0.14754098360655743
3300231  0.14754098360655743
3300233  0.14754098360655743
1203464  0.1428571428571429
3300197  0.1428571428571429
3800360  0.13740458015267176
1203465  0.13636363636363635
3900060  0.134453781512605
3900061  0.134453781512605
3900062  0.134453781512605
3900063  0.134453781512605
3900064  0.134453781512605
3800112  0.1333333333333333
3800113  0.1333333333333333
3800114  0.1333333333333333
3800115  0.1333333333333333
3800116  0.1333333333333333
3800117  0.1333333333333333
3800118  0.1333333333333333
3800119  0.1333333333333333
3800120  0.1333333333333333
3800121  0.1333333333333333
3800122  0.1333333333333333
3800123  0.1333333333333333
3800124  0.1333333333333333
3800125  0.1333333333333333
3800126  0.1333333333333333
3800214  0.1333333333333333
3800215  0.1333333333333333
3800216  0.1333333333333333
3800217  0.1333333333333333
3800218  0.1333333333333333
3800219  0.1333333333333333
3800369  0.1333333333333333
1203533  0.1328125
3300188  0.13235294117647056
3300189  0.13235294117647056
3300353  0.13235294117647056
3300354  0.13235294117647056
3300367  0.13235294117647056
3300368  0.13235294117647056
1202999  0.12587412587412583
1700070  0.12587412587412583
1700077  0.12587412587412583
1700078  0.12587412587412583
1700331  0.12587412587412583
1700332  0.12587412587412583
1700335  0.12587412587412583
1700338  0.12587412587412583
1700342  0.12587412587412583
1700344  0.12587412587412583
2700300  0.12587412587412583
2700301  0.12587412587412583
2700304  0.12587412587412583
2700305  0.12587412587412583
2700308  0.12587412587412583
2700312  0.12587412587412583
2700313  0.12587412587412583
2700322  0.12587412587412583
2700329  0.12587412587412583
2700390  0.12587412587412583
2700391  0.12587412587412583
2700392  0.12587412587412583
2700396  0.12587412587412583
2700399  0.12587412587412583
2700403  0.12587412587412583
3800343  0.12587412587412583
3800351  0.12587412587412583
4300313  0.12587412587412583
3800385  0.12413793103448278
4100099  0.12328767123287676
1200379  0.12318840579710144
1003744  0.12307692307692308
1003770  0.12307692307692308
1003771  0.12307692307692308
1003773  0.12307692307692308
1200850  0.12307692307692308
1200906  0.12307692307692308
1200907  0.12307692307692308
1200908  0.12307692307692308
1200914  0.12307692307692308
1200923  0.12307692307692308
1200924  0.12307692307692308
1200925  0.12307692307692308
1200926  0.12307692307692308
1200927  0.12307692307692308
1200934  0.12307692307692308
1200935  0.12307692307692308
1200941  0.12307692307692308
1200943  0.12307692307692308
1200949  0.12307692307692308
1200955  0.12307692307692308
2000029  0.12307692307692308
2001535  0.12307692307692308
2003043  0.12307692307692308
2004074  0.12307692307692308
2005103  0.12307692307692308
2006142  0.12307692307692308
2006150  0.12307692307692308
2006158  0.12307692307692308
2006166  0.12307692307692308
2203705  0.12307692307692308
2203737  0.12307692307692308
2203738  0.12307692307692308
2203740  0.12307692307692308
3800407  0.1216216216216216
3800408  0.1216216216216216
3800409  0.1216216216216216
3800410  0.1216216216216216
3800411  0.1216216216216216
3800413  0.1216216216216216
3800417  0.1216216216216216
3800418  0.1216216216216216
3800420  0.1216216216216216
2700270  0.12080536912751683
4100120  0.12080536912751683
4100123  0.12080536912751683
4100130  0.12080536912751683
2700188  0.12
2700190  0.12
2700194  0.12
2700198  0.12
2700200  0.12
2700206  0.12
2700207  0.12
2700218  0.12
2700223  0.12
2700224  0.12
2700225  0.12
2700228  0.12
2700268  0.12
2700269  0.12
2700280  0.12
2700281  0.12
4100097  0.12
4100118  0.12
4100119  0.12
4100167  0.12
4100168  0.12
4100171  0.12
4100289  0.12
4100292  0.12
4100293  0.12
4100297  0.12
4200092  0.12
4200095  0.12
4200096  0.12
1400155  0.11920529801324509
1400158  0.11920529801324509
2700425  0.11920529801324509
4100159  0.11920529801324509
1203536  0.11842105263157898
1203026  0.11688311688311692
1203029  0.11688311688311692
2700417  0.11688311688311692
2700419  0.11688311688311692
2700420  0.11688311688311692
4100073  0.11688311688311692
4100074  0.11688311688311692
4100075  0.11688311688311692
4100076  0.11688311688311692
4100077  0.11688311688311692
4100078  0.11688311688311692
4100079  0.11688311688311692
4100080  0.11688311688311692
4100081  0.11688311688311692
4100178  0.11688311688311692
4100179  0.11688311688311692
4100185  0.11688311688311692
4100196  0.11688311688311692
4100201  0.11688311688311692
4100203  0.11688311688311692
1203532  0.11612903225806448
1203535  0.11612903225806448
3800221  0.11612903225806448
3800222  0.11612903225806448
3800223  0.11612903225806448
3800224  0.11612903225806448
3800225  0.11612903225806448
3800229  0.11612903225806448
3800230  0.11612903225806448
3800231  0.11612903225806448
3800290  0.11612903225806448
3800291  0.11612903225806448
3800292  0.11612903225806448
3800293  0.11612903225806448
3800300  0.11612903225806448
3800301  0.11612903225806448
3800302  0.11612903225806448
3800303  0.11612903225806448
3800306  0.11612903225806448
3800308  0.11612903225806448
3800379  0.11612903225806448
3800380  0.11612903225806448
3800381  0.11612903225806448
4200077  0.11612903225806448
4200080  0.11612903225806448
4200081  0.11612903225806448
4200065  0.11538461538461542
2700215  0.1132075471698113
4200049  0.1132075471698113
4200050  0.1132075471698113
4200051  0.1132075471698113
4200052  0.1132075471698113
3400334  0.11111111111111116
3400340  0.11111111111111116
3800213  0.10843373493975905
3800237  0.10843373493975905
1200851  0.10833333333333328
1200853  0.10833333333333328
1200861  0.10833333333333328
1200871  0.10833333333333328
1200881  0.10833333333333328
1200883  0.10833333333333328
1200884  0.10833333333333328
1200886  0.10833333333333328
3400110  0.10784313725490191
3400111  0.10784313725490191
3400112  0.10784313725490191
3400114  0.10784313725490191
3400157  0.10784313725490191
3400158  0.10784313725490191
3400159  0.10784313725490191
3400161  0.10784313725490191
3400162  0.10784313725490191
3400163  0.10784313725490191
3400164  0.10784313725490191
3400166  0.10784313725490191
2700084  0.10778443113772451
2700085  0.10778443113772451
2700086  0.10778443113772451
2700087  0.10778443113772451
2700088  0.10778443113772451
2700089  0.10778443113772451
2700090  0.10778443113772451
2700091  0.10778443113772451
2700092  0.10778443113772451
2700093  0.10778443113772451
2700094  0.10778443113772451
2700168  0.10778443113772451
2700169  0.10778443113772451
1203348  0.10769230769230764
1200097  0.1071428571428571
1200115  0.1071428571428571
1200128  0.1071428571428571
1200141  0.1071428571428571
1200160  0.1071428571428571
1200179  0.1071428571428571
1200198  0.1071428571428571
1200218  0.1071428571428571
1200237  0.1071428571428571
1200256  0.1071428571428571
1200277  0.1071428571428571
1200285  0.1071428571428571
1200288  0.1071428571428571
1203017  0.1071428571428571
1300063  0.1071428571428571
1400041  0.1071428571428571
1400053  0.1071428571428571
1400054  0.1071428571428571
1400062  0.1071428571428571
1400069  0.1071428571428571
1400080  0.1071428571428571
1400081  0.1071428571428571
1400084  0.1071428571428571
1400085  0.1071428571428571
1400086  0.1071428571428571
1400096  0.1071428571428571
1400097  0.1071428571428571
1400164  0.1071428571428571
1400165  0.1071428571428571
3400324  0.10476190476190472
3400325  0.10476190476190472
3400253  0.10377358490566035
3400233  0.10280373831775702
3400336  0.10204081632653061
1201443  0.10185185185185186
1201445  0.10185185185185186
1201449  0.10185185185185186
1201454  0.10185185185185186
3400223  0.10185185185185186
3400225  0.10185185185185186
3400229  0.10185185185185186
3400221  0.09999999999999998
3400358  0.09482758620689657
3400359  0.09482758620689657
3400360  0.09482758620689657
1103777  0.09345794392523366
1103791  0.09345794392523366
1103793  0.09345794392523366
1200944  0.09345794392523366
1201130  0.09345794392523366
1201133  0.09345794392523366
1201136  0.09345794392523366
1201147  0.09345794392523366
1201156  0.09345794392523366
1201158  0.09345794392523366
1201178  0.09345794392523366
1201228  0.09345794392523366
1201239  0.09345794392523366
1201241  0.09345794392523366
1201242  0.09345794392523366
1201244  0.09345794392523366
1201246  0.09345794392523366
1201247  0.09345794392523366
1201248  0.09345794392523366
1201249  0.09345794392523366
1201250  0.09345794392523366
1201253  0.09345794392523366
1201254  0.09345794392523366
1201255  0.09345794392523366
1201256  0.09345794392523366
1201259  0.09345794392523366
1201260  0.09345794392523366
1201261  0.09345794392523366
1201263  0.09345794392523366
1201265  0.09345794392523366
1201266  0.09345794392523366
1201268  0.09345794392523366
1201269  0.09345794392523366
1201270  0.09345794392523366
1201273  0.09345794392523366
1201274  0.09345794392523366
1201275  0.09345794392523366
1201277  0.09345794392523366
1201278  0.09345794392523366
1201279  0.09345794392523366
1201283  0.09345794392523366
1201284  0.09345794392523366
1201292  0.09345794392523366
1201293  0.09345794392523366
1201294  0.09345794392523366
1201320  0.09345794392523366
1201321  0.09345794392523366
1201322  0.09345794392523366
1201323  0.09345794392523366
1201324  0.09345794392523366
1201325  0.09345794392523366
1201327  0.09345794392523366
1201328  0.09345794392523366
1201329  0.09345794392523366
1201330  0.09345794392523366
1201332  0.09345794392523366
1201333  0.09345794392523366
1201334  0.09345794392523366
1201335  0.09345794392523366
1201337  0.09345794392523366
1201338  0.09345794392523366
1201339  0.09345794392523366
1201340  0.09345794392523366
1201342  0.09345794392523366
1201343  0.09345794392523366
1201344  0.09345794392523366
1201345  0.09345794392523366
1201347  0.09345794392523366
1201348  0.09345794392523366
1201349  0.09345794392523366
1201352  0.09345794392523366
1201479  0.09345794392523366
1201490  0.09345794392523366
1201502  0.09345794392523366
1201526  0.09345794392523366
1201540  0.09345794392523366
1201557  0.09345794392523366
1201558  0.09345794392523366
1201559  0.09345794392523366
1201560  0.09345794392523366
1201561  0.09345794392523366
1201569  0.09345794392523366
1201570  0.09345794392523366
1201574  0.09345794392523366
1201575  0.09345794392523366
1201578  0.09345794392523366
1201579  0.09345794392523366
1201580  0.09345794392523366
1201581  0.09345794392523366
1201584  0.09345794392523366
1201585  0.09345794392523366
1201587  0.09345794392523366
1201588  0.09345794392523366
1201590  0.09345794392523366
1201591  0.09345794392523366
1201592  0.09345794392523366
1201593  0.09345794392523366
1201594  0.09345794392523366
1201595  0.09345794392523366
1201597  0.09345794392523366
1201599  0.09345794392523366
2006174  0.09345794392523366
3400261  0.08737864077669899
3400262  0.08737864077669899
3400263  0.08737864077669899
3400264  0.08737864077669899
3400265  0.08737864077669899
3400266  0.08737864077669899
3400267  0.08737864077669899
3400270  0.08737864077669899
3400272  0.08737864077669899
3400277  0.08737864077669899
3400278  0.08737864077669899
3400280  0.08737864077669899
3400283  0.08737864077669899
3400284  0.08737864077669899
3400285  0.08737864077669899
3400286  0.08737864077669899
3400288  0.08737864077669899
3400292  0.08737864077669899
3400293  0.08737864077669899
3400296  0.08737864077669899
3400297  0.08737864077669899
3400298  0.08737864077669899
3400301  0.08737864077669899
3400304  0.08737864077669899
3400308  0.08737864077669899
3400366  0.08737864077669899
3400373  0.08737864077669899
2700400  0.08196721311475408
2700401  0.08196721311475408
2700109  0.078125
2700110  0.078125
2700195  0.078125
2700196  0.078125
