4300317  0.4181835353374481
2700337  0.41651198267936707
2700338  0.41499823331832886
2700354  0.4142580032348633
2700332  0.4140905439853668
2700325  0.41371288895606995
3800321  0.4136489927768707
2700342  0.4129839241504669
3800322  0.41255223751068115
2700334  0.41210514307022095
2700343  0.41146206855773926
2800319  0.40893787145614624
2700347  0.40873557329177856
2700346  0.4082542657852173
2700370  0.40747055411338806
2800235  0.4073067903518677
2700333  0.40720734000205994
2800347  0.4072064757347107
3800335  0.4070143401622772
2700339  0.40633612871170044
2800299  0.406186044216156
2700350  0.4057295620441437
2700192  0.40552130341529846
4000340  0.4049142301082611
2800317  0.4048987925052643
3800336  0.4045311212539673
4900264  0.404082328081131
4000336  0.403755247592926
2800267  0.403097540140152
4900203  0.40294313430786133
5100183  0.40292036533355713
2800239  0.4021230936050415
2700394  0.40202057361602783
2700367  0.40190738439559937
5100184  0.4017336368560791
4000369  0.40164971351623535
5100182  0.40164291858673096
5100155  0.40152984857559204
4000373  0.4014841318130493
4900376  0.4014434516429901
5100156  0.40141212940216064
2800125  0.40124812722206116
3500258  0.4012155830860138
2800318  0.40109747648239136
5100118  0.4010806381702423
2700327  0.40101829171180725
2800268  0.4009866714477539
2800343  0.4009186625480652
1201792  0.4008771777153015
2800237  0.40085938572883606
4000322  0.4007646143436432
2800266  0.4007207751274109
4900183  0.4006088376045227
5100112  0.4005175232887268
3200209  0.40048494935035706
2800264  0.40047165751457214
1201724  0.4004625082015991
2700368  0.40043801069259644
2800331  0.40037813782691956
2400267  0.40030887722969055
2800351  0.4002501666545868
4900262  0.4000312089920044
2800321  0.3999743163585663
2800044  0.3999658226966858
1201723  0.3999496102333069
5100314  0.3998545706272125
4000435  0.3998385965824127
4000388  0.39982742071151733
4000445  0.39979979395866394
2700395  0.39978930354118347
4000443  0.39974677562713623
2800242  0.3996677100658417
2700140  0.39961206912994385
1202306  0.3995968997478485
4000251  0.39956560730934143
2800285  0.39954861998558044
3300189  0.3994809091091156
2800256  0.39947929978370667
4000351  0.3994697630405426
4000352  0.39945197105407715
2800116  0.39938896894454956
4000367  0.39938825368881226
1203467  0.39937642216682434
2800350  0.399338036775589
1201777  0.39931756258010864
4900205  0.3993101119995117
1201717  0.3992195129394531
2800159  0.3991844058036804
2700323  0.39909112453460693
4000342  0.39905846118927
4000294  0.3990076780319214
3800249  0.39898839592933655
1202239  0.3987519145011902
2700191  0.39873653650283813
2700393  0.3987305462360382
5400353  0.3986225128173828
2800224  0.3985806703567505
1201721  0.39856770634651184
2800277  0.39852190017700195
3400340  0.3985215723514557
4900385  0.398468554019928
4900345  0.398451566696167
5100142  0.39835137128829956
5300218  0.3983471095561981
2700138  0.398269921541214
4000415  0.39826294779777527
4900384  0.3982411026954651
2700130  0.39822643995285034
4900293  0.3981323540210724
1202233  0.3981136083602905
4000334  0.39809951186180115
3500259  0.3980852961540222
5100313  0.39805883169174194
2800322  0.3980511426925659
2700373  0.3980475962162018
3300326  0.3979678452014923
1203468  0.3979674279689789
2800206  0.3979501724243164
1201681  0.3979063630104065
2000029  0.3978930115699768
4000299  0.3978840112686157
3500272  0.39786583185195923
1200888  0.39783555269241333
1201822  0.39779162406921387
4900217  0.3976582884788513
2700363  0.3976457417011261
1201678  0.39760878682136536
1201730  0.39755451679229736
3300313  0.39752352237701416
2700352  0.39748185873031616
1201774  0.3974551856517792
4000343  0.39742034673690796
2800111  0.3973829448223114
3300239  0.39737001061439514
1202293  0.39726364612579346
4000312  0.3972582519054413
4000375  0.39715516567230225
2800324  0.3971484303474426
1201706  0.3971324563026428
4000364  0.3970450758934021
4900199  0.3969648480415344
5100177  0.3969428837299347
1201158  0.39690667390823364
2700306  0.3968762457370758
4000338  0.39687579870224
4900202  0.3968701660633087
2700369  0.39682644605636597
4900191  0.396822988986969
2700224  0.3967658281326294
4900261  0.39676421880722046
3500274  0.39675769209861755
4900378  0.39670461416244507
3500269  0.3966650068759918
4900153  0.39663931727409363
3500275  0.39662978053092957
3500273  0.3966282308101654
1201599  0.39660143852233887
1201765  0.39654597640037537
4900154  0.39653104543685913
5100136  0.39649295806884766
5100185  0.396476686000824
2800231  0.3964456617832184
5100193  0.39641040563583374
2700351  0.3963237702846527
4000289  0.3962979316711426
4900344  0.3962678611278534
3100054  0.3962167799472809
4900159  0.39621037244796753
3500247  0.3961983621120453
4900243  0.3961866796016693
1201845  0.39613473415374756
3200210  0.3961224853992462
1201584  0.3960745334625244
2203705  0.3960701823234558
2800284  0.39603009819984436
4000349  0.396002858877182
2800110  0.39595869183540344
5400357  0.39591288566589355
4000333  0.39587122201919556
3800201  0.3958323299884796
3400296  0.3958284258842468
1203362  0.3958129286766052
4000245  0.3957841098308563
1201735  0.39572593569755554
4900151  0.39571914076805115
1201820  0.39571413397789
1201254  0.3956485986709595
2700364  0.3956131935119629
4000339  0.3955519497394562
5100186  0.3955411911010742
4900383  0.39552921056747437
1201762  0.3955284059047699
5200048  0.39552778005599976
2800218  0.3954980969429016
4000368  0.39544597268104553
3300253  0.3954381048679352
3800200  0.39542439579963684
4000330  0.395412802696228
4900218  0.3953891694545746
4000305  0.3953840434551239
3500279  0.3953372836112976
5200055  0.3953137993812561
3100070  0.3952765464782715
1700336  0.39524775743484497
2700307  0.3951976001262665
1201768  0.3951229453086853
4900237  0.3951106071472168
4900251  0.395049512386322
1202328  0.39504140615463257
3800269  0.39504075050354004
1200898  0.3949667811393738
4000337  0.39494767785072327
3200206  0.3949296772480011
5200062  0.3949132263660431
4000409  0.3948999345302582
3900136  0.3948952555656433
3400262  0.39488670229911804
4000274  0.3948696255683899
3300301  0.39486899971961975
4000365  0.39485979080200195
3400253  0.39484626054763794
4000291  0.3948177993297577
2800348  0.3948039412498474
4900204  0.39479413628578186
3500256  0.39476722478866577
4900158  0.3947525918483734
4900343  0.3947426676750183
4900166  0.3947159945964813
4900283  0.3946702182292938
2700420  0.3946499228477478
4000295  0.39461684226989746
3500255  0.3946140706539154
2800198  0.394613653421402
2800106  0.3945939242839813
4000303  0.3945888578891754
4000383  0.39458200335502625
4000419  0.3945753574371338
1201328  0.39456450939178467
4900152  0.3945392370223999
1201772  0.39451196789741516
3300228  0.39450666308403015
1201736  0.3944844901561737
4900240  0.39446353912353516
1201700  0.39445075392723083
4000335  0.3944029211997986
3500220  0.39439845085144043
2800353  0.3943706750869751
4900239  0.39435821771621704
4900188  0.39431190490722656
1201702  0.3942904472351074
4900388  0.3942562937736511
4900256  0.39424410462379456
3500223  0.3942383825778961
4900084  0.3941904902458191
4000370  0.39418360590934753
2800105  0.3941706717014313
3800254  0.3941658139228821
4900346  0.3941328525543213
3300280  0.39412370324134827
4900294  0.39411795139312744
4900089  0.39406514167785645
1201449  0.3940352499485016
1203358  0.39400145411491394
2800219  0.39398273825645447
1201733  0.39397504925727844
4900207  0.3939722776412964
3300206  0.3939671516418457
1201766  0.3939582407474518
4900150  0.3939545154571533
4000310  0.3939375877380371
3500263  0.3939169645309448
2700218  0.39390140771865845
4000371  0.393898069858551
1201819  0.39388424158096313
4900155  0.39388248324394226
1201698  0.39387980103492737
3300199  0.3938746452331543
4900173  0.39382824301719666
5000038  0.39379018545150757
4000345  0.39378562569618225
4900257  0.39378491044044495
2700305  0.3937538266181946
3800253  0.39373818039894104
4900349  0.3937000632286072
5100095  0.39367344975471497
2800115  0.3936566114425659
1201703  0.3936496675014496
4000350  0.3936394453048706
2800114  0.39362412691116333
2800227  0.3936206102371216
5100196  0.39361581206321716
3300123  0.39358073472976685
3100087  0.39357563853263855
1201825  0.39357465505599976
4000433  0.39356839656829834
5100124  0.39356136322021484
4000234  0.39351344108581543
4100074  0.3935072720050812
3400280  0.3934648633003235
2001535  0.3934619426727295
5200041  0.39341363310813904
2700329  0.3934042453765869
4000233  0.39337196946144104
1203339  0.3933583199977875
5100098  0.39328253269195557
1201773  0.3932822048664093
4000346  0.39322036504745483
3400163  0.3932124078273773
5400374  0.3932117521762848
4900224  0.39320990443229675
4000397  0.3931698799133301
4000298  0.3931139409542084
2700399  0.39311283826828003
3100061  0.3930947184562683
4900375  0.39309161901474
5100130  0.3930847644805908
5100097  0.3930846154689789
2800112  0.3930685818195343
5100278  0.39305463433265686
2800119  0.3930254876613617
3300203  0.3930024802684784
4900399  0.39299073815345764
4000363  0.3929697871208191
1201479  0.3929595947265625
2700228  0.39294400811195374
1200853  0.39290866255760193
1201682  0.392903596162796
3800207  0.39289629459381104
4000423  0.39289408922195435
5100277  0.39289379119873047
1203373  0.39288851618766785
1201335  0.3928833603858948
2700127  0.3928791880607605
2700313  0.39284807443618774
5100310  0.3928370475769043
4900190  0.39281517267227173
2800113  0.39277392625808716
1201704  0.392768919467926
4900328  0.39276322722435
2800203  0.39274951815605164
1201728  0.39273419976234436
3300204  0.39272546768188477
4000311  0.392720490694046
3300353  0.39271825551986694
1203369  0.3927099406719208
4000247  0.3926764726638794
3800112  0.39267635345458984
4200096  0.3926742672920227
3300211  0.3926627039909363
4000447  0.3926416337490082
3400373  0.3926186263561249
3300324  0.3926100432872772
3500283  0.3925604522228241
1200927  0.39255109429359436
3300231  0.39253947138786316
4900241  0.3925367593765259
3400286  0.39253100752830505
3800179  0.39251527190208435
3500278  0.39248478412628174
3800204  0.39247146248817444
5100051  0.39246007800102234
4000429  0.3924352824687958
5100067  0.39243289828300476
1202307  0.39243069291114807
1201320  0.39239683747291565
2800196  0.39239463210105896
3900087  0.39238953590393066
5100180  0.39236125349998474
2800222  0.3923555016517639
1203340  0.3923519253730774
1201253  0.3923420310020447
3500268  0.39231163263320923
1201841  0.39223232865333557
2700194  0.39221447706222534
3500070  0.3921979069709778
3300320  0.39218589663505554
4100120  0.39218124747276306
1200908  0.392167866230011
4000300  0.39216068387031555
4000181  0.39215904474258423
4900242  0.39214983582496643
1202226  0.3921436071395874
1201844  0.3921293318271637
2800158  0.39212435483932495
2800217  0.39211469888687134
2700300  0.39210301637649536
2700188  0.3920931816101074
3900103  0.39208680391311646
4000250  0.39203208684921265
3800202  0.3920315206050873
1203363  0.3920198380947113
4000425  0.3919491171836853
3300229  0.3919388949871063
3400283  0.3919306993484497
1103791  0.3919186592102051
1201727  0.3919130861759186
3800185  0.3918643593788147
1201763  0.3918582797050476
1003744  0.3918064832687378
1201560  0.3917645812034607
4900327  0.39176446199417114
1200926  0.3917393386363983
2700281  0.3917194902896881
1201767  0.39170750975608826
1003771  0.3916890025138855
1201130  0.39166542887687683
1201734  0.3916366398334503
4000249  0.39162173867225647
4100196  0.3916093707084656
1201574  0.391598105430603
2800117  0.39159050583839417
3300240  0.3915885388851166
3300302  0.3915621340274811
4000438  0.3915553390979767
2800223  0.39150986075401306
2800182  0.3915064334869385
3300205  0.39149513840675354
4900206  0.3914748728275299
2400264  0.3914707601070404
2800103  0.3914600610733032
2700425  0.39145323634147644
3300202  0.3914104998111725
4900330  0.3913898169994354
1202326  0.39133650064468384
4000439  0.3913331627845764
1202274  0.39130985736846924
1202232  0.3912908732891083
1202227  0.3912767767906189
2800315  0.3912634253501892
3800172  0.3912522792816162
4100130  0.3912501335144043
1200941  0.39123252034187317
1202268  0.39121851325035095
2800313  0.39120832085609436
3800181  0.39117705821990967
2800102  0.391156405210495
5400373  0.3911484181880951
1200935  0.3911397457122803
3300284  0.39113178849220276
1201580  0.39112231135368347
3300368  0.3911217153072357
3300321  0.3911193907260895
3900085  0.3911084532737732
3300282  0.39109939336776733
4100123  0.3910868763923645
1201347  0.3910711407661438
1203335  0.3910686671733856
4900329  0.3910504877567291
3500063  0.39104634523391724
4000320  0.39104315638542175
1203489  0.3910216689109802
1201239  0.39098790287971497
3800258  0.3909754753112793
3800255  0.39096128940582275
4000293  0.3909427225589752
4900085  0.39089471101760864
3800251  0.3908490836620331
2700301  0.3908468186855316
3300303  0.3908395767211914
1201249  0.3908054530620575
1201340  0.39078712463378906
1200943  0.39077743887901306
3400284  0.39077287912368774
4900215  0.3907719552516937
4000374  0.3907698094844818
4900090  0.3907594680786133
3300132  0.3907105624675751
1201588  0.390707403421402
2800197  0.3906535804271698
1201846  0.3906483054161072
4900209  0.3906439542770386
3400110  0.3906312584877014
3800259  0.3906281292438507
1202247  0.3905943036079407
2700280  0.3905893862247467
1201830  0.3905811309814453
1201454  0.39058029651641846
1202252  0.3905622363090515
1201261  0.3905428946018219
4100178  0.3905335068702698
3300225  0.39044809341430664
1201260  0.390410840511322
5100181  0.39039376378059387
1201228  0.3903804421424866
1200907  0.39037421345710754
4000420  0.3903227150440216
4000403  0.39032086730003357
2800107  0.3903040289878845
2700200  0.3902946710586548
1201842  0.39028608798980713
2006174  0.3902857303619385
1200934  0.39028456807136536
4000428  0.39019837975502014
3400272  0.39018478989601135
4000344  0.39017653465270996
4900398  0.3901732861995697
2005103  0.39012643694877625
4000341  0.39010488986968994
5100094  0.39010486006736755
4000416  0.39009037613868713
3800121  0.3900638222694397
1201265  0.39001938700675964
1201683  0.3900131583213806
2800286  0.389997273683548
1201256  0.3899805247783661
4900208  0.3899475336074829
1202272  0.3899437487125397
4000389  0.3898911476135254
1200955  0.3898869454860687
1201133  0.38988590240478516
2800204  0.3898806571960449
1201828  0.3898642659187317
3800182  0.3898354172706604
2800180  0.38981932401657104
3400233  0.38979944586753845
1201323  0.3897935152053833
4900333  0.38971394300460815
2700268  0.3897130787372589
1200884  0.38969966769218445
1201823  0.3896610736846924
1201269  0.3896469473838806
1200925  0.38964322209358215
4900165  0.38963639736175537
5200068  0.3896333873271942
5200074  0.38962119817733765
3300236  0.3896181583404541
2203738  0.38958168029785156
1200851  0.38957738876342773
1203331  0.38956692814826965
1202296  0.3895634412765503
1201136  0.38954272866249084
1201178  0.3895396590232849
1201345  0.3895179033279419
1202301  0.3895113468170166
3400221  0.3895074129104614
3300217  0.38950300216674805
2003043  0.3895009756088257
4100076  0.38948819041252136
1201293  0.389485239982605
1200906  0.389460951089859
5100201  0.3894285261631012
4000359  0.3893999755382538
1400155  0.38938066363334656
3400336  0.3893510699272156
1203344  0.38929587602615356
3800272  0.38927578926086426
1202297  0.38927072286605835
1201273  0.3891472816467285
3300309  0.3891403377056122
4900342  0.3891398012638092
1201283  0.389139324426651
1203367  0.3891301155090332
1201278  0.38912108540534973
2800104  0.3891008496284485
3800413  0.3890809118747711
3400223  0.3890688717365265
3800256  0.38904714584350586
3500137  0.38902217149734497
3300213  0.3890133798122406
3300271  0.3890000283718109
1200886  0.3889492154121399
3300269  0.3889179825782776
4100171  0.38888484239578247
1201324  0.3888407051563263
4900285  0.38883164525032043
4100289  0.3888283669948578
1202999  0.38879677653312683
3800308  0.38877353072166443
3400161  0.38873547315597534
5100096  0.38872790336608887
1201594  0.3887268900871277
4900336  0.3887133300304413
1201581  0.3886983096599579
3900098  0.38869237899780273
3400301  0.3886760175228119
1201246  0.3886716365814209
4000232  0.3886353373527527
4900182  0.38862982392311096
1201270  0.38860011100769043
3300317  0.3885621726512909
3400265  0.38856178522109985
1201332  0.3885594606399536
3400285  0.3885469138622284
1201593  0.3885445296764374
1201769  0.3885434865951538
1201294  0.3885359764099121
1201587  0.3885304927825928
2700225  0.3885240852832794
1700078  0.38852062821388245
2700270  0.38850221037864685
1201344  0.38843265175819397
1201333  0.38836660981178284
1203026  0.38833898305892944
4000279  0.3883293867111206
3400225  0.3883066475391388
2006150  0.3882806599140167
3900105  0.38826075196266174
3900134  0.3882530927658081
1203029  0.3882167339324951
3300311  0.3881993591785431
3900145  0.38816171884536743
4100073  0.3881431221961975
5100070  0.38808515667915344
3800123  0.3880848288536072
4000411  0.38808467984199524
3900097  0.38807567954063416
3300332  0.38804057240486145
1700331  0.3880302906036377
2800157  0.3880201280117035
3800231  0.3880085349082947
3300247  0.38800379633903503
3800223  0.3879992663860321
4900377  0.3879607021808624
4100179  0.38795047998428345
2700304  0.3879239857196808
2800160  0.38789212703704834
3900143  0.3878810703754425
3300367  0.3878650963306427
3800409  0.387861430644989
1201579  0.3878561854362488
3300238  0.3878471553325653
3300322  0.3878325819969177
4900326  0.38782182335853577
3800491  0.38781753182411194
3400278  0.38780999183654785
1201775  0.3877963125705719
2203737  0.38778385519981384
4900088  0.38777586817741394
1201263  0.387774795293808
2800312  0.3877744972705841
1201688  0.3877522349357605
1200850  0.3877371549606323
3800203  0.3877115845680237
3300288  0.38770055770874023
2004074  0.38767009973526
4100075  0.3876531422138214
2700269  0.38763266801834106
4900338  0.38762935996055603
2700392  0.38761916756629944
2700391  0.3876087963581085
3800175  0.38760852813720703
3400293  0.38759344816207886
3300289  0.38758108019828796
3400229  0.38756781816482544
1201279  0.38756296038627625
1200890  0.3875374495983124
3300125  0.3875347375869751
3800369  0.38751718401908875
1201558  0.38751012086868286
4900309  0.3874970078468323
1200949  0.38738498091697693
1201585  0.3873841166496277
1201591  0.38737431168556213
2800278  0.3873731195926666
3400324  0.3873721659183502
3300188  0.38730892539024353
4900300  0.38729268312454224
1200944  0.3872915804386139
2700396  0.38728952407836914
3300219  0.3872888684272766
3800490  0.3872714936733246
3300237  0.3872639536857605
1700342  0.38723698258399963
3900063  0.387180894613266
3300266  0.3871490955352783
1200899  0.3871426284313202
3300264  0.3871384859085083
3300197  0.3871361017227173
4100201  0.3871361017227173
4000366  0.38711017370224
3800343  0.3870626389980316
4900335  0.3870561122894287
2006158  0.38703182339668274
3300306  0.387014240026474
3400166  0.3870059847831726
3300222  0.38698509335517883
1201342  0.3869744539260864
3400158  0.386929988861084
1201242  0.38691791892051697
2700403  0.38690778613090515
4200077  0.38690558075904846
2700092  0.3868924379348755
3800177  0.3868899345397949
1201824  0.3868847191333771
3300122  0.3868737816810608
3800417  0.3868660628795624
4100297  0.3868316411972046
1200881  0.38682591915130615
1201352  0.38682442903518677
2700190  0.3868059813976288
3800237  0.38678696751594543
1201590  0.3867834806442261
1201322  0.3867688477039337
1201490  0.3867659270763397
1201718  0.3867635428905487
3900144  0.3867282569408417
1202229  0.38669389486312866
1203348  0.38666805624961853
1201848  0.38664841651916504
3800303  0.38664376735687256
4200080  0.38662853837013245
2700400  0.3866255283355713
1201250  0.3866225481033325
3400159  0.38658034801483154
1201729  0.3865765929222107
2800199  0.38656866550445557
1201147  0.38656216859817505
1201334  0.38653260469436646
2700312  0.38652414083480835
3800250  0.38650909066200256
3300130  0.3865056037902832
3100080  0.38647711277008057
2700198  0.3864133358001709
1201686  0.3863864243030548
2700401  0.38636088371276855
3400325  0.38634660840034485
3800176  0.38634541630744934
3400288  0.3863352835178375
1201321  0.38633400201797485
2700419  0.38633039593696594
3400334  0.3863098621368408
3800229  0.3862868845462799
1200861  0.38627734780311584
4100099  0.3862386643886566
1201329  0.38623717427253723
3900061  0.38622748851776123
3300268  0.3861818015575409
1201268  0.38611897826194763
3800261  0.38611871004104614
1201680  0.3861151933670044
3900135  0.38609838485717773
3300267  0.38609781861305237
2006166  0.3860504627227783
1201575  0.3860432803630829
1201443  0.38600173592567444
2700390  0.38600072264671326
1201255  0.38597550988197327
5000037  0.385966032743454
1201349  0.3858812153339386
3800301  0.3858807682991028
4100185  0.38585665822029114
2700086  0.38584840297698975
2006142  0.38577648997306824
4100159  0.3857147693634033
3800214  0.3856757581233978
1201771  0.38567376136779785
3400308  0.38565561175346375
1201595  0.38563695549964905
4900337  0.3856365978717804
3800178  0.3856051564216614
3300233  0.3855752646923065
3300216  0.38553252816200256
3900138  0.38551703095436096
3400263  0.3855019807815552
3800184  0.38549163937568665
1201338  0.38547152280807495
1201266  0.3854402005672455
3300249  0.38536521792411804
3400261  0.3853641748428345
1003773  0.38534486293792725
2203740  0.3853219747543335
1103777  0.3853151798248291
1200914  0.38528886437416077
1200924  0.3852662146091461
1201337  0.38512101769447327
2700223  0.3850299119949341
3800420  0.38501301407814026
3300274  0.3849833905696869
2700417  0.38497716188430786
2700109  0.3849712014198303
1201339  0.38495340943336487
3400304  0.3849330246448517
3300281  0.384894996881485
3300325  0.3848836421966553
1201526  0.3848666846752167
2700215  0.384858638048172
1200871  0.3848426640033722
3800407  0.3848400115966797
1201277  0.38482579588890076
3300300  0.38481569290161133
3800252  0.38476675748825073
1201284  0.3847566246986389
1201325  0.3847309648990631
2700207  0.38467690348625183
3400360  0.38456496596336365
1201569  0.3845472037792206
1201327  0.38454127311706543
3300207  0.38453182578086853
3800113  0.3845002055168152
3900137  0.3844994604587555
1201156  0.38447487354278564
4100081  0.3844497799873352
1201244  0.38444432616233826
4100203  0.38428014516830444
3300128  0.3842761218547821
1700335  0.38427090644836426
2700090  0.38427090644836426
4100118  0.3842605650424957
1201722  0.3842589855194092
4200095  0.3842375576496124
1103793  0.3842306137084961
3800257  0.38420265913009644
2700110  0.3841720521450043
3800493  0.38408055901527405
3800380  0.38402310013771057
3300254  0.38402077555656433
3400162  0.38392987847328186
1201570  0.3839028477668762
3300218  0.3839019536972046
3800125  0.3839001953601837
3300279  0.38383767008781433
3400277  0.38383710384368896
1200923  0.3838302791118622
3400298  0.383786678314209
1201701  0.38376083970069885
3400270  0.3837571144104004
1201578  0.38372641801834106
3400267  0.38371217250823975
1400062  0.38371115922927856
3800183  0.38369953632354736
1201275  0.3836846947669983
4000236  0.3836196959018707
1700332  0.3835831582546234
2700322  0.3835708200931549
3800126  0.3835427165031433
4000235  0.3834948241710663
3300304  0.3834238648414612
1201502  0.38339999318122864
2700206  0.38339754939079285
1201343  0.38337835669517517
3300117  0.3833770751953125
4100079  0.3833494782447815
1201292  0.38334500789642334
3400264  0.3833117187023163
4200092  0.38329094648361206
3800291  0.383204847574234
4100167  0.38318702578544617
1700070  0.3831203579902649
3400359  0.38308295607566833
1201597  0.38307806849479675
3400292  0.3830515444278717
4100292  0.3829883635044098
3400297  0.38297611474990845
1700338  0.382971853017807
3800119  0.382910817861557
3800410  0.3828258514404297
3300354  0.38280555605888367
4100077  0.3827202320098877
1203465  0.38269269466400146
3800117  0.3826811611652374
1203533  0.3826550245285034
1003770  0.38262486457824707
4100097  0.382596492767334
2700168  0.38258096575737
4200050  0.3825782835483551
1203464  0.382568359375
3800418  0.38256505131721497
1400158  0.3825562000274658
1400080  0.3825376331806183
3300129  0.38253501057624817
1200883  0.38250023126602173
1201330  0.3824670910835266
3400112  0.38232821226119995
1201559  0.38228973746299744
3300319  0.3822687864303589
4100293  0.38226088881492615
1201348  0.38223233819007874
4900339  0.38223162293434143
3400164  0.3822161555290222
1203536  0.3821573555469513
3800385  0.3821515142917633
2700195  0.38207757472991943
1201259  0.3820748031139374
3400266  0.3820163905620575
1201557  0.3819335401058197
2700308  0.3819258511066437
3300210  0.3818872272968292
3800116  0.3818851709365845
1201248  0.38186439871788025
3800213  0.38182103633880615
1201445  0.38181665539741516
1201274  0.3817741572856903
3800230  0.38175326585769653
1203535  0.38175132870674133
3800292  0.38173970580101013
3800351  0.3816962242126465
2700084  0.3816922903060913
3800221  0.3816787898540497
3400157  0.3815886676311493
3800114  0.3815882205963135
1700077  0.3815365135669708
3400114  0.38151395320892334
3800290  0.38147854804992676
3400366  0.3814680278301239
3300119  0.3814401924610138
2700087  0.38143035769462585
4100080  0.3814297020435333
3800222  0.3813793361186981
3800120  0.38136228919029236
1700344  0.3813486099243164
3300120  0.3813258409500122
1400164  0.38126951456069946
1201592  0.38122689723968506
3800360  0.38117414712905884
4200065  0.3810978829860687
3300198  0.3810651898384094
2700085  0.38101670145988464
1201247  0.38100510835647583
3800489  0.38091084361076355
5400372  0.3808329403400421
3300252  0.3808296322822571
3800411  0.3806568384170532
4300313  0.3805440366268158
4100078  0.38051271438598633
3400111  0.3804302215576172
2700196  0.38038796186447144
3800217  0.38034361600875854
3300121  0.3803001642227173
4200051  0.3802156150341034
4100119  0.38019874691963196
1201241  0.38007524609565735
3800124  0.3800084590911865
3800225  0.37991955876350403
2700093  0.3798826336860657
3800118  0.3798552453517914
3800408  0.3797706365585327
1200379  0.3797593116760254
3800381  0.37975093722343445
4900353  0.3797210454940796
3800260  0.3795466423034668
1201561  0.3794696033000946
3400358  0.3794124722480774
3800306  0.3793160319328308
2700091  0.3790324330329895
3800115  0.37897467613220215
2700094  0.3789074718952179
3800300  0.3788449764251709
4100168  0.3788226544857025
3800216  0.3787388801574707
3800218  0.37852755188941956
3800263  0.3785149157047272
2700088  0.3784974217414856
1400069  0.3779096007347107
2700089  0.37785375118255615
1200285  0.3778393566608429
3800379  0.3777392506599426
1203017  0.37770557403564453
3800215  0.3775237500667572
4200081  0.37748682498931885
1200218  0.37744516134262085
4200052  0.377332866191864
3900064  0.37709835171699524
1300063  0.37688514590263367
1200277  0.3767991065979004
1200256  0.3767428696155548
1201540  0.3767234683036804
1200115  0.37645989656448364
3800224  0.37628552317619324
1400086  0.3762640357017517
1400053  0.3761640191078186
3800293  0.376138299703598
4200049  0.3757926821708679
1203532  0.3757767081260681
3800219  0.3757508099079132
1200237  0.37556031346321106
3800302  0.3755287230014801
1200288  0.3754637539386749
1400084  0.37538471817970276
3900060  0.37461405992507935
1400054  0.37447166442871094
3900062  0.3744097650051117
2700169  0.37423625588417053
1400165  0.37421417236328125
1200179  0.374160498380661
1400081  0.3740350306034088
1200198  0.3738398551940918
1200141  0.37367644906044006
1200128  0.37327641248703003
3800174  0.37322133779525757
3800122  0.3730727434158325
1400085  0.37267249822616577
1400041  0.3722732663154602
1200097  0.3716021478176117
1400096  0.3702264726161957
1400097  0.3694840669631958
1200160  0.3678058385848999
