1600155  1.0
1600173  1.0
1600174  1.0
1600175  1.0
1600740  1.0
1600741  1.0
1600742  1.0
1700335  1.0
1700365  1.0
1800103  1.0
1800104  1.0
1900203  1.0
1900204  1.0
1900205  1.0
1300272  0.6666666666666667
1500147  0.6666666666666667
1500152  0.6666666666666667
1700330  0.6666666666666667
1700333  0.6666666666666667
1700334  0.6666666666666667
1700337  0.6666666666666667
1700340  0.6666666666666667
1600183  0.5
1600172  0.33333333333333337
1600532  0.2857142857142857
1900136  0.2222222222222222
1800085  0.19999999999999996
1900134  0.19999999999999996
1900135  0.19999999999999996
1300150  0.18181818181818177
1300187  0.18181818181818177
1300250  0.18181818181818177
1300251  0.18181818181818177
1300263  0.18181818181818177
1300266  0.18181818181818177
1300270  0.18181818181818177
1300271  0.18181818181818177
1300275  0.18181818181818177
1300276  0.18181818181818177
1300277  0.18181818181818177
1300279  0.18181818181818177
1300280  0.18181818181818177
1300281  0.18181818181818177
1300282  0.18181818181818177
1300285  0.18181818181818177
1500113  0.18181818181818177
1500115  0.18181818181818177
1500116  0.18181818181818177
1500117  0.18181818181818177
1500118  0.18181818181818177
1500119  0.18181818181818177
1500120  0.18181818181818177
1500121  0.18181818181818177
1500122  0.18181818181818177
1500123  0.18181818181818177
1500125  0.18181818181818177
1500214  0.18181818181818177
1500223  0.18181818181818177
1600147  0.18181818181818177
1600150  0.18181818181818177
1600151  0.18181818181818177
1600152  0.18181818181818177
1600158  0.18181818181818177
1600159  0.18181818181818177
1600160  0.18181818181818177
1600162  0.18181818181818177
1600163  0.18181818181818177
1600164  0.18181818181818177
1600167  0.18181818181818177
1600168  0.18181818181818177
1600169  0.18181818181818177
1600170  0.18181818181818177
1600178  0.18181818181818177
1600179  0.18181818181818177
1600180  0.18181818181818177
1600181  0.18181818181818177
1600189  0.18181818181818177
1600191  0.18181818181818177
1600193  0.18181818181818177
1800074  0.18181818181818177
1800075  0.18181818181818177
1800076  0.18181818181818177
1800077  0.18181818181818177
1900067  0.18181818181818177
1900068  0.18181818181818177
1900069  0.18181818181818177
1900128  0.18181818181818177
1900131  0.18181818181818177
1900132  0.18181818181818177
1900133  0.18181818181818177
1900140  0.18181818181818177
1900201  0.18181818181818177
1900202  0.18181818181818177
1900207  0.18181818181818177
1900208  0.18181818181818177
1900210  0.18181818181818177
1100073  0.16666666666666663
1100074  0.16666666666666663
1100075  0.16666666666666663
1200172  0.16666666666666663
1200173  0.16666666666666663
1200186  0.16666666666666663
1200187  0.16666666666666663
1200194  0.16666666666666663
1300074  0.16666666666666663
1300075  0.16666666666666663
1300076  0.16666666666666663
1300077  0.16666666666666663
1300078  0.16666666666666663
1600106  0.16666666666666663
1600107  0.16666666666666663
1600108  0.16666666666666663
1600109  0.16666666666666663
1600110  0.16666666666666663
1600111  0.16666666666666663
1600112  0.16666666666666663
1600113  0.16666666666666663
1600114  0.16666666666666663
1600115  0.16666666666666663
1000065  0.15384615384615385
1000066  0.15384615384615385
1000067  0.15384615384615385
1200096  0.15384615384615385
1200097  0.15384615384615385
1200098  0.15384615384615385
1200099  0.15384615384615385
1700085  0.15384615384615385
1700086  0.15384615384615385
1700091  0.15384615384615385
1700092  0.15384615384615385
1700093  0.15384615384615385
