1600741  0.24883045256137848
1300271  0.22181852161884308
1300272  0.22181852161884308
1300275  0.22181852161884308
1300276  0.22181852161884308
1300277  0.22181852161884308
1300279  0.22181852161884308
1300280  0.22181852161884308
1300281  0.22181852161884308
1300282  0.22181852161884308
1300285  0.22181852161884308
1500113  0.22181852161884308
1500115  0.22181852161884308
1500116  0.22181852161884308
1500117  0.22181852161884308
1500118  0.22181852161884308
1500119  0.22181852161884308
1500120  0.22181852161884308
1500121  0.22181852161884308
1500122  0.22181852161884308
1500123  0.22181852161884308
1500125  0.22181852161884308
1500147  0.22181852161884308
1500152  0.22181852161884308
1500214  0.22181852161884308
1500223  0.22181852161884308
1600106  0.22181852161884308
1600107  0.22181852161884308
1600108  0.22181852161884308
1600109  0.22181852161884308
1600110  0.22181852161884308
1600111  0.22181852161884308
1600112  0.22181852161884308
1600113  0.22181852161884308
1600114  0.22181852161884308
1600115  0.22181852161884308
1600147  0.22181852161884308
1600150  0.22181852161884308
1600151  0.22181852161884308
1600742  0.22181852161884308
1700085  0.22181852161884308
1700086  0.22181852161884308
1700091  0.22181852161884308
1700092  0.22181852161884308
1700093  0.22181852161884308
1700330  0.22181852161884308
1700333  0.22181852161884308
1700334  0.22181852161884308
1700335  0.22181852161884308
1700337  0.22181852161884308
1700340  0.22181852161884308
1300270  0.21705307066440582
1900202  0.2058418095111847
1900135  0.20538859069347382
1900205  0.20425628125667572
1900201  0.20421861112117767
1900207  0.20375721156597137
1900203  0.20354904234409332
1900133  0.20285780727863312
1900208  0.20285780727863312
1900210  0.20285780727863312
1900140  0.202797532081604
1900204  0.20225802063941956
1900134  0.20198102295398712
1900136  0.20172624289989471
1200186  0.19325530529022217
1200099  0.19224269688129425
1000065  0.19206368923187256
1000066  0.19129842519760132
1200173  0.19120866060256958
1100074  0.18981540203094482
1100073  0.1893821656703949
1600152  0.18928119540214539
1200098  0.1887263059616089
1200172  0.18768741190433502
1900132  0.18534645438194275
1600172  0.18502308428287506
1600155  0.18435148894786835
1600170  0.18409155309200287
1600168  0.18403609097003937
1600169  0.18323925137519836
1600159  0.1827407330274582
1600162  0.18267947435379028
1100075  0.18212702870368958
1000067  0.18211141228675842
1700365  0.1814277023077011
1200187  0.18116846680641174
1600160  0.18112316727638245
1600158  0.1804082989692688
1200096  0.18038758635520935
1600167  0.17977194488048553
1300266  0.17881770431995392
1300250  0.17842738330364227
1200194  0.17834687232971191
1300263  0.1761414110660553
1300076  0.17524142563343048
1300251  0.1743474006652832
1600163  0.1742967665195465
1200097  0.17394642531871796
1300187  0.1726856380701065
1600164  0.17170029878616333
1300074  0.1715487688779831
1300075  0.17084550857543945
1300077  0.16923747956752777
1300078  0.1687113493680954
1900131  0.1673610955476761
1800074  0.16688121855258942
1900069  0.16655105352401733
1900068  0.16416358947753906
1300150  0.1641312837600708
1800085  0.1640046387910843
1800075  0.16371949017047882
1900128  0.16262313723564148
1800077  0.16106052696704865
1800076  0.15821288526058197
1800103  0.15691253542900085
1800104  0.15052707493305206
1900067  0.15047451853752136
1600740  0.14899921417236328
1600191  0.14680805802345276
1600174  0.144758939743042
1600532  0.14378100633621216
1600173  0.14339004456996918
1600180  0.1418793946504593
1600193  0.1416911631822586
1600175  0.13989034295082092
1600178  0.13924932479858398
1600179  0.13902415335178375
1600189  0.13583512604236603
1600181  0.1352299004793167
1600183  0.12513387203216553
