1600155  1.0
1600740  1.0
1600741  1.0
1600742  1.0
1800103  1.0
1800104  1.0
1900203  1.0
1900204  1.0
1900205  1.0
1300272  0.8164965809277261
1500147  0.8164965809277261
1500152  0.8164965809277261
1700330  0.8164965809277261
1700333  0.8164965809277261
1700334  0.8164965809277261
1700337  0.8164965809277261
1700340  0.8164965809277261
1600173  0.7071067811865475
1600174  0.7071067811865475
1600175  0.7071067811865475
1700335  0.7071067811865475
1700365  0.7071067811865475
1600532  0.5345224838248488
1600183  0.5
1900136  0.47140452079103173
1800085  0.4472135954999579
1900134  0.4472135954999579
1900135  0.4472135954999579
1300150  0.42640143271122083
1300187  0.42640143271122083
1300250  0.42640143271122083
1300251  0.42640143271122083
1300263  0.42640143271122083
1300266  0.42640143271122083
1300270  0.42640143271122083
1300271  0.42640143271122083
1300275  0.42640143271122083
1300276  0.42640143271122083
1300277  0.42640143271122083
1300279  0.42640143271122083
1300280  0.42640143271122083
1300281  0.42640143271122083
1300282  0.42640143271122083
1300285  0.42640143271122083
1500113  0.42640143271122083
1500115  0.42640143271122083
1500116  0.42640143271122083
1500117  0.42640143271122083
1500118  0.42640143271122083
1500119  0.42640143271122083
1500120  0.42640143271122083
1500121  0.42640143271122083
1500122  0.42640143271122083
1500123  0.42640143271122083
1500125  0.42640143271122083
1500214  0.42640143271122083
1500223  0.42640143271122083
1600147  0.42640143271122083
1600150  0.42640143271122083
1600151  0.42640143271122083
1600152  0.42640143271122083
1600158  0.42640143271122083
1600159  0.42640143271122083
1600160  0.42640143271122083
1600162  0.42640143271122083
1600163  0.42640143271122083
1600164  0.42640143271122083
1600167  0.42640143271122083
1600168  0.42640143271122083
1600169  0.42640143271122083
1600170  0.42640143271122083
1600178  0.42640143271122083
1600179  0.42640143271122083
1600180  0.42640143271122083
1600181  0.42640143271122083
1600189  0.42640143271122083
1600191  0.42640143271122083
1600193  0.42640143271122083
1800074  0.42640143271122083
1800075  0.42640143271122083
1800076  0.42640143271122083
1800077  0.42640143271122083
1900067  0.42640143271122083
1900068  0.42640143271122083
1900069  0.42640143271122083
1900128  0.42640143271122083
1900131  0.42640143271122083
1900132  0.42640143271122083
1900133  0.42640143271122083
1900140  0.42640143271122083
1900201  0.42640143271122083
1900202  0.42640143271122083
1900207  0.42640143271122083
1900208  0.42640143271122083
1900210  0.42640143271122083
1100073  0.4082482904638631
1100074  0.4082482904638631
1100075  0.4082482904638631
1200172  0.4082482904638631
1200173  0.4082482904638631
1200186  0.4082482904638631
1200187  0.4082482904638631
1200194  0.4082482904638631
1300074  0.4082482904638631
1300075  0.4082482904638631
1300076  0.4082482904638631
1300077  0.4082482904638631
1300078  0.4082482904638631
1600106  0.4082482904638631
1600107  0.4082482904638631
1600108  0.4082482904638631
1600109  0.4082482904638631
1600110  0.4082482904638631
1600111  0.4082482904638631
1600112  0.4082482904638631
1600113  0.4082482904638631
1600114  0.4082482904638631
1600115  0.4082482904638631
1600172  0.4082482904638631
1000065  0.3922322702763681
1000066  0.3922322702763681
1000067  0.3922322702763681
1200096  0.3922322702763681
1200097  0.3922322702763681
1200098  0.3922322702763681
1200099  0.3922322702763681
1700085  0.3922322702763681
1700086  0.3922322702763681
1700091  0.3922322702763681
1700092  0.3922322702763681
1700093  0.3922322702763681
