1800162  0.8514841198921204
1800168  0.8445312976837158
1800161  0.8296359777450562
1800099  0.8145843148231506
1800097  0.8104246258735657
1800169  0.7942367792129517
1800160  0.791235089302063
1800096  0.7803559303283691
1800101  0.7647690773010254
1800102  0.7486255764961243
1800158  0.7475537657737732
1800170  0.7447782754898071
1800095  0.7406907081604004
2000056  0.7201530933380127
1800179  0.7201509475708008
1800093  0.7198126912117004
1800177  0.7163616418838501
1800106  0.7151239514350891
1800174  0.6902384161949158
2000057  0.6873571276664734
1900039  0.6789201498031616
1800180  0.6548623442649841
2000058  0.6295397281646729
1800182  0.6198710799217224
1800173  0.6195087432861328
1900038  0.617504358291626
1800171  0.5872250199317932
1800186  0.561228334903717
1900036  0.5604389309883118
2000060  0.549730658531189
1000045  0.2471936047077179
1000046  0.2471936047077179
1100038  0.2471936047077179
1100039  0.2471936047077179
1300047  0.2471936047077179
1300049  0.2471936047077179
1300050  0.2471936047077179
1300053  0.2471936047077179
1300054  0.2471936047077179
1300057  0.2471936047077179
1300083  0.2471936047077179
1300085  0.2471936047077179
1300094  0.2471936047077179
1300100  0.2471936047077179
1300113  0.2471936047077179
1300114  0.2471936047077179
1300115  0.2471936047077179
1300151  0.2471936047077179
1300152  0.2471936047077179
1300153  0.2471936047077179
1300154  0.2471936047077179
1300155  0.2471936047077179
1300235  0.2471936047077179
1300265  0.2471936047077179
1300266  0.2471936047077179
1300267  0.2471936047077179
1300271  0.2471936047077179
1300272  0.2471936047077179
1400039  0.2471936047077179
1400042  0.2471936047077179
1400050  0.2471936047077179
1400051  0.2471936047077179
1400052  0.2471936047077179
1400053  0.2471936047077179
1400076  0.2471936047077179
1400077  0.2471936047077179
1400093  0.2471936047077179
1400097  0.2471936047077179
1400098  0.2471936047077179
1400109  0.2471936047077179
1500044  0.2471936047077179
1500045  0.2471936047077179
1800040  0.2471936047077179
1800060  0.2471936047077179
1800090  0.2471936047077179
