1400109  0.4939444959163666
2000056  0.4833294451236725
2000057  0.4713456332683563
2000058  0.4637469947338104
2000060  0.4370221197605133
1800161  0.40068429708480835
1300153  0.36297720670700073
1300053  0.355398029088974
1800060  0.346114844083786
1800101  0.3453240692615509
1800171  0.345226913690567
1800106  0.3447488844394684
1300266  0.3419947922229767
1300271  0.34119245409965515
1300085  0.3365442454814911
1800040  0.33653759956359863
1800180  0.33540505170822144
1300047  0.33531105518341064
1300114  0.33517128229141235
1800096  0.3347059488296509
1800182  0.3337688744068146
1800102  0.3335486650466919
1300235  0.33272385597229004
1800095  0.3326631486415863
1300115  0.3321908116340637
1800162  0.3316144645214081
1300155  0.330645352602005
1800160  0.32891401648521423
1500045  0.3277238607406616
1300050  0.32749658823013306
1800174  0.32586345076560974
1900039  0.32550448179244995
1800173  0.3245045840740204
1300267  0.32261011004447937
1300094  0.3217310607433319
1300054  0.3200586140155792
1800179  0.3185257017612457
1800177  0.3181172311306
1800168  0.3157591223716736
1300265  0.31520092487335205
1300154  0.314544677734375
1800169  0.3135665953159332
1500044  0.31339016556739807
1300151  0.3092806339263916
1800158  0.3089238703250885
1300152  0.3073570132255554
1800093  0.304162859916687
1900036  0.3038816750049591
1900038  0.3035697638988495
1300113  0.3025672137737274
1300049  0.3025108277797699
1100038  0.2986993193626404
1800170  0.2948288321495056
1300272  0.2904075086116791
1800097  0.2900415062904358
1800186  0.2868119776248932
1800099  0.28504225611686707
1300057  0.2823808491230011
1800090  0.2820228636264801
1400093  0.2787855863571167
1400098  0.27674850821495056
1300083  0.2748123109340668
1000046  0.2741934061050415
1400097  0.272845596075058
1400076  0.272405207157135
1400051  0.2722146511077881
1400053  0.27195459604263306
1300100  0.27040916681289673
1400039  0.2689826786518097
1400052  0.2680043876171112
1400050  0.2640947103500366
1400077  0.26091718673706055
1000045  0.2579917907714844
1100039  0.25205546617507935
1400042  0.24139635264873505
