1400109  1.0
2000056  1.0
2000057  1.0
2000058  1.0
2000060  1.0
1800161  0.7905694150420948
1800040  0.7844645405527362
1800060  0.7844645405527362
1800090  0.7844645405527362
1800093  0.7844645405527362
1800095  0.7844645405527362
1800096  0.7844645405527362
1800097  0.7844645405527362
1800099  0.7844645405527362
1800101  0.7844645405527362
1800102  0.7844645405527362
1800106  0.7844645405527362
1800158  0.7844645405527362
1800160  0.7844645405527362
1800162  0.7844645405527362
1800168  0.7844645405527362
1800169  0.7844645405527362
1800170  0.7844645405527362
1800171  0.7844645405527362
1800173  0.7844645405527362
1800174  0.7844645405527362
1800177  0.7844645405527362
1800179  0.7844645405527362
1800182  0.7844645405527362
1800186  0.7844645405527362
1000045  0.6324555320336759
1000046  0.6324555320336759
1100038  0.6324555320336759
1100039  0.6324555320336759
1400039  0.6324555320336759
1400042  0.6324555320336759
1400050  0.6324555320336759
1400051  0.6324555320336759
1400052  0.6324555320336759
1400053  0.6324555320336759
1400076  0.6324555320336759
1400077  0.6324555320336759
1400093  0.6324555320336759
1400097  0.6324555320336759
1400098  0.6324555320336759
1300047  0.35355339059327373
1300049  0.35355339059327373
1300050  0.35355339059327373
1300053  0.35355339059327373
1300054  0.35355339059327373
1300057  0.35355339059327373
1300083  0.35355339059327373
1300085  0.35355339059327373
1300094  0.35355339059327373
1300100  0.35355339059327373
1300113  0.35355339059327373
1300114  0.35355339059327373
1300115  0.35355339059327373
1300151  0.35355339059327373
1300152  0.35355339059327373
1300153  0.35355339059327373
1300154  0.35355339059327373
1300155  0.35355339059327373
1300235  0.35355339059327373
1300265  0.35355339059327373
1300266  0.35355339059327373
1300267  0.35355339059327373
1300271  0.35355339059327373
1300272  0.35355339059327373
1500044  0.35355339059327373
1500045  0.35355339059327373
1800180  0.35355339059327373
1900036  0.35355339059327373
1900038  0.35355339059327373
1900039  0.35355339059327373
