1100013  1.0
1100014  1.0
1100015  1.0
1100016  1.0
1100018  1.0
1100023  1.0
1100028  1.0
1100032  1.0
1100033  1.0
1100035  1.0
1100039  1.0
5100026  0.4742857142857143
1200021  0.47005444646098005
1200022  0.47005444646098005
1200025  0.47005444646098005
1700020  0.47005444646098005
1800014  0.47005444646098005
1800020  0.47005444646098005
1800041  0.47005444646098005
1800042  0.47005444646098005
1800044  0.47005444646098005
1800046  0.47005444646098005
3200016  0.47005444646098005
3400016  0.47005444646098005
3400018  0.47005444646098005
3400019  0.47005444646098005
3400020  0.47005444646098005
3600016  0.47005444646098005
3600017  0.47005444646098005
3600018  0.47005444646098005
3800016  0.47005444646098005
3900017  0.47005444646098005
3900020  0.47005444646098005
3900026  0.47005444646098005
4000017  0.47005444646098005
4400039  0.47005444646098005
4700022  0.47005444646098005
4900022  0.47005444646098005
4900032  0.47005444646098005
4900033  0.47005444646098005
4900034  0.47005444646098005
4900035  0.47005444646098005
4900047  0.47005444646098005
4900048  0.47005444646098005
4900056  0.47005444646098005
4900057  0.47005444646098005
4900066  0.47005444646098005
5100055  0.47005444646098005
5200023  0.47005444646098005
5200024  0.47005444646098005
5200025  0.47005444646098005
5200055  0.47005444646098005
5200056  0.47005444646098005
5200057  0.47005444646098005
5200060  0.47005444646098005
5200061  0.47005444646098005
5200062  0.47005444646098005
5200063  0.47005444646098005
5200065  0.47005444646098005
5200068  0.47005444646098005
5200069  0.47005444646098005
5200071  0.47005444646098005
5200073  0.47005444646098005
5200075  0.47005444646098005
5200077  0.47005444646098005
5200090  0.47005444646098005
5200091  0.47005444646098005
5200092  0.47005444646098005
5200094  0.47005444646098005
5200095  0.47005444646098005
5200096  0.47005444646098005
5200097  0.47005444646098005
5200100  0.47005444646098005
5200101  0.47005444646098005
5300048  0.47005444646098005
5400028  0.47005444646098005
5500029  0.47005444646098005
5500030  0.47005444646098005
5500031  0.47005444646098005
5500040  0.47005444646098005
5500041  0.47005444646098005
5500049  0.47005444646098005
5500050  0.47005444646098005
5500051  0.47005444646098005
5500058  0.47005444646098005
5700030  0.47005444646098005
5700032  0.47005444646098005
5700033  0.47005444646098005
5700034  0.47005444646098005
5700035  0.47005444646098005
5700036  0.47005444646098005
5700058  0.47005444646098005
5700059  0.47005444646098005
5700062  0.47005444646098005
5700063  0.47005444646098005
5700079  0.47005444646098005
5900032  0.47005444646098005
5900034  0.47005444646098005
5900037  0.47005444646098005
5900124  0.47005444646098005
5900132  0.47005444646098005
5900133  0.47005444646098005
5900134  0.47005444646098005
5900138  0.47005444646098005
5900146  0.47005444646098005
5900150  0.47005444646098005
5900151  0.47005444646098005
5900152  0.47005444646098005
5900156  0.47005444646098005
6000038  0.47005444646098005
6000041  0.47005444646098005
6100039  0.47005444646098005
6100047  0.47005444646098005
6100048  0.47005444646098005
6100075  0.47005444646098005
6200042  0.47005444646098005
6700055  0.47005444646098005
6700056  0.47005444646098005
6700058  0.47005444646098005
6700059  0.47005444646098005
6700065  0.47005444646098005
6700066  0.47005444646098005
6700067  0.47005444646098005
6700068  0.47005444646098005
6700071  0.47005444646098005
6700072  0.47005444646098005
6700076  0.47005444646098005
6700077  0.47005444646098005
6700081  0.47005444646098005
6700082  0.47005444646098005
6700086  0.47005444646098005
6700087  0.47005444646098005
6700091  0.47005444646098005
6700095  0.47005444646098005
6900059  0.47005444646098005
6900061  0.47005444646098005
6900062  0.47005444646098005
6900064  0.47005444646098005
6900133  0.47005444646098005
7000090  0.47005444646098005
7000094  0.47005444646098005
7000095  0.47005444646098005
7000098  0.47005444646098005
7000101  0.47005444646098005
7000102  0.47005444646098005
7000103  0.47005444646098005
7000108  0.47005444646098005
7000109  0.47005444646098005
7000112  0.47005444646098005
7000114  0.47005444646098005
7000117  0.47005444646098005
1000009  0.4691358024691358
3300016  0.4691358024691358
3300019  0.4691358024691358
3300022  0.4691358024691358
3300023  0.4691358024691358
3300025  0.4691358024691358
3300049  0.4691358024691358
3300050  0.4691358024691358
4300019  0.4691358024691358
4400020  0.4691358024691358
4500020  0.4691358024691358
4500022  0.4691358024691358
4500023  0.4691358024691358
4500027  0.4691358024691358
4500069  0.4691358024691358
4500072  0.4691358024691358
4500077  0.4691358024691358
4500082  0.4691358024691358
4500084  0.4691358024691358
4500090  0.4691358024691358
4500091  0.4691358024691358
4500110  0.4691358024691358
4600021  0.4691358024691358
4600023  0.4691358024691358
4800022  0.4691358024691358
4800026  0.4691358024691358
4800112  0.4691358024691358
4800117  0.4691358024691358
5100022  0.4691358024691358
5100029  0.4691358024691358
5100031  0.4691358024691358
5100032  0.4691358024691358
5100034  0.4691358024691358
5100037  0.4691358024691358
5100038  0.4691358024691358
5100039  0.4691358024691358
5100040  0.4691358024691358
5100047  0.4691358024691358
5100048  0.4691358024691358
6500049  0.4691358024691358
6800056  0.4691358024691358
6800063  0.4691358024691358
6800064  0.4691358024691358
6800075  0.4691358024691358
6800079  0.4691358024691358
6800082  0.4691358024691358
6800097  0.4691358024691358
6800110  0.4691358024691358
6800114  0.4691358024691358
6800119  0.4691358024691358
6800127  0.4691358024691358
6800140  0.4691358024691358
6800141  0.4691358024691358
6800146  0.4691358024691358
6800149  0.4691358024691358
6800151  0.4691358024691358
6800152  0.4691358024691358
6800169  0.4691358024691358
1200014  0.46441281138790036
1200017  0.46441281138790036
