5200100  0.8794168829917908
7000095  0.876067042350769
5200101  0.8753858208656311
7000098  0.8753684759140015
6800097  0.8745435476303101
4500110  0.8738269209861755
7000101  0.8738185167312622
5200097  0.873528242111206
7000102  0.8729885220527649
5200096  0.8716974854469299
7000109  0.8686161041259766
7000112  0.8684670925140381
6800110  0.8684062361717224
7000103  0.8676995635032654
5200095  0.8676561117172241
4800112  0.8665497303009033
7000108  0.8655753135681152
6700095  0.8626058101654053
6800114  0.8614124059677124
7000114  0.8563905954360962
4800117  0.8416405916213989
6800082  0.776395857334137
4500082  0.7731049656867981
6700082  0.7718573808670044
7000094  0.7711701393127441
6700081  0.7703285217285156
5200077  0.7703155279159546
4500084  0.769862711429596
5900134  0.7692519426345825
6800079  0.7688528299331665
4500091  0.7676716446876526
5700079  0.7674092650413513
6900133  0.7661319971084595
6700086  0.7653037905693054
6700077  0.7646063566207886
7000090  0.7637895941734314
5900138  0.7629841566085815
5200090  0.7625580430030823
6800140  0.7619453072547913
5900124  0.76153165102005
5900132  0.7611165642738342
6700087  0.760344386100769
5900151  0.7600687146186829
5900133  0.7585881948471069
6700091  0.7582308650016785
4500090  0.7580925822257996
6800141  0.7572352290153503
6800127  0.7562999129295349
4500077  0.7536789774894714
5900150  0.7525689601898193
5200091  0.7500953674316406
6800149  0.7499334216117859
6800146  0.7479473352432251
5900146  0.7478669285774231
6800151  0.745898425579071
6800119  0.7443413138389587
5200092  0.7432767748832703
5900152  0.7431442141532898
5200094  0.7399253845214844
7000117  0.7369996905326843
6800152  0.7353017926216125
5900156  0.7273913025856018
6800169  0.7264971137046814
5700058  0.6661192774772644
5200057  0.6659525632858276
4900057  0.664974570274353
6700056  0.6630627512931824
6700058  0.6621423363685608
5200056  0.6599265336990356
5500058  0.6594880819320679
5200060  0.6565935015678406
5700059  0.6565630435943604
6900059  0.6564486026763916
6800056  0.6556404829025269
5200061  0.6556367874145508
6900061  0.6550351977348328
6900062  0.6534072756767273
4900056  0.6528743505477905
6700055  0.6507265567779541
6700059  0.6487801671028137
5200062  0.6458666324615479
5700062  0.6396766901016235
5200063  0.6396123170852661
5100055  0.5108141899108887
5700063  0.48691508173942566
6700076  0.4585767984390259
5100047  0.33316656947135925
1800044  0.33176547288894653
6100048  0.3313961327075958
6200042  0.33105549216270447
6100047  0.3309705853462219
1800042  0.3306353688240051
1800041  0.3300738036632538
5500049  0.3300090730190277
5300048  0.32973483204841614
4900047  0.32962074875831604
6500049  0.3292767107486725
5100048  0.32858186960220337
1800046  0.32839635014533997
3300049  0.32773032784461975
3300050  0.32742607593536377
5500050  0.32662227749824524
4900048  0.3263416886329651
5500051  0.3258861005306244
6000041  0.32529476284980774
5200055  0.3249174654483795
5500041  0.32047420740127563
5700035  0.3178401589393616
5700036  0.31757184863090515
5100034  0.31742000579833984
4900034  0.3170976936817169
4900035  0.316913366317749
1100035  0.316546231508255
1100039  0.31645694375038147
6100039  0.31623709201812744
5900034  0.31618985533714294
1100033  0.31602758169174194
6000038  0.3155827224254608
5900037  0.31534770131111145
5100037  0.3152759075164795
4900033  0.3151691257953644
5700034  0.31493669748306274
6700072  0.31456077098846436
5100039  0.3145231306552887
6700068  0.31415170431137085
4000017  0.31411972641944885
1100016  0.31406357884407043
3600017  0.3138015866279602
3400016  0.313776433467865
1100014  0.3137693703174591
3300016  0.3137270212173462
3200016  0.31372010707855225
1800014  0.3136833608150482
1200014  0.31362536549568176
4900066  0.31360146403312683
5200068  0.3135923147201538
6700067  0.3135760724544525
3600016  0.31352564692497253
1100015  0.31349554657936096
5200065  0.3134639859199524
5200069  0.3133855164051056
3900017  0.31335940957069397
4400039  0.31333106756210327
5200071  0.3133140802383423
4500072  0.31329959630966187
1100018  0.313248872756958
3800016  0.3132323622703552
6700066  0.3132270574569702
6900064  0.31312665343284607
1200017  0.31307709217071533
1100013  0.31305190920829773
4500069  0.31301361322402954
6700065  0.3130122125148773
6800064  0.3129896819591522
5100038  0.31297075748443604
6800075  0.3128383159637451
6100075  0.31283652782440186
3600018  0.31282666325569153
1000009  0.3127759099006653
3400018  0.31274017691612244
6700071  0.31264838576316833
5500040  0.3126208186149597
1100023  0.31259840726852417
1100028  0.31259840726852417
1100032  0.31259840726852417
1200021  0.31259840726852417
1200022  0.31259840726852417
1200025  0.31259840726852417
1700020  0.31259840726852417
1800020  0.31259840726852417
3300022  0.31259840726852417
3300023  0.31259840726852417
3300025  0.31259840726852417
3400019  0.31259840726852417
3400020  0.31259840726852417
3900020  0.31259840726852417
3900026  0.31259840726852417
4300019  0.31259840726852417
4400020  0.31259840726852417
4500020  0.31259840726852417
4500022  0.31259840726852417
4500023  0.31259840726852417
4500027  0.31259840726852417
4600021  0.31259840726852417
4600023  0.31259840726852417
4700022  0.31259840726852417
4800022  0.31259840726852417
4800026  0.31259840726852417
4900022  0.31259840726852417
4900032  0.31259840726852417
5100022  0.31259840726852417
5100026  0.31259840726852417
5100029  0.31259840726852417
5100031  0.31259840726852417
5100032  0.31259840726852417
5100040  0.31259840726852417
5200023  0.31259840726852417
5200024  0.31259840726852417
5200025  0.31259840726852417
5200075  0.31259840726852417
5400028  0.31259840726852417
5500029  0.31259840726852417
5500030  0.31259840726852417
5500031  0.31259840726852417
5700030  0.31259840726852417
5700032  0.31259840726852417
5900032  0.31259840726852417
5700033  0.31258660554885864
3300019  0.3125849664211273
6800063  0.3125763535499573
5200073  0.31244760751724243
