1100013  inf
1100015  6553.6
1100018  6553.6
1100039  6553.6
1000009  235.06976744186048
3300016  235.06976744186048
3300019  235.06976744186048
3300022  235.06976744186048
3300023  235.06976744186048
3300025  235.06976744186048
3300049  235.06976744186048
3300050  235.06976744186048
4300019  235.06976744186048
4400020  235.06976744186048
4500020  235.06976744186048
4500022  235.06976744186048
4500023  235.06976744186048
4500027  235.06976744186048
4500069  235.06976744186048
4500072  235.06976744186048
4500077  235.06976744186048
4500082  235.06976744186048
4500084  235.06976744186048
4500090  235.06976744186048
4500091  235.06976744186048
4500110  235.06976744186048
4600021  235.06976744186048
4600023  235.06976744186048
4800022  235.06976744186048
4800026  235.06976744186048
4800112  235.06976744186048
4800117  235.06976744186048
5100022  235.06976744186048
5100029  235.06976744186048
5100031  235.06976744186048
5100032  235.06976744186048
5100034  235.06976744186048
5100037  235.06976744186048
5100038  235.06976744186048
5100039  235.06976744186048
5100040  235.06976744186048
5100047  235.06976744186048
5100048  235.06976744186048
6500049  235.06976744186048
6800056  235.06976744186048
6800063  235.06976744186048
6800064  235.06976744186048
6800075  235.06976744186048
6800079  235.06976744186048
6800082  235.06976744186048
6800097  235.06976744186048
6800110  235.06976744186048
6800114  235.06976744186048
6800119  235.06976744186048
6800127  235.06976744186048
6800140  235.06976744186048
6800141  235.06976744186048
6800146  235.06976744186048
6800149  235.06976744186048
6800151  235.06976744186048
6800152  235.06976744186048
6800169  235.06976744186048
1200021  224.35117056856188
1200022  224.35117056856188
1200025  224.35117056856188
1700020  224.35117056856188
1800014  224.35117056856188
1800020  224.35117056856188
1800041  224.35117056856188
1800042  224.35117056856188
1800044  224.35117056856188
1800046  224.35117056856188
3200016  224.35117056856188
3400016  224.35117056856188
3400018  224.35117056856188
3400019  224.35117056856188
3400020  224.35117056856188
3600016  224.35117056856188
3600017  224.35117056856188
3600018  224.35117056856188
3800016  224.35117056856188
3900017  224.35117056856188
3900020  224.35117056856188
3900026  224.35117056856188
4000017  224.35117056856188
4400039  224.35117056856188
4700022  224.35117056856188
4900022  224.35117056856188
4900032  224.35117056856188
4900033  224.35117056856188
4900034  224.35117056856188
4900035  224.35117056856188
4900047  224.35117056856188
4900048  224.35117056856188
4900056  224.35117056856188
4900057  224.35117056856188
4900066  224.35117056856188
5100055  224.35117056856188
5200023  224.35117056856188
5200024  224.35117056856188
5200025  224.35117056856188
5200055  224.35117056856188
5200056  224.35117056856188
5200057  224.35117056856188
5200060  224.35117056856188
5200061  224.35117056856188
5200062  224.35117056856188
5200063  224.35117056856188
5200065  224.35117056856188
5200068  224.35117056856188
5200069  224.35117056856188
5200071  224.35117056856188
5200073  224.35117056856188
5200075  224.35117056856188
5200077  224.35117056856188
5200090  224.35117056856188
5200091  224.35117056856188
5200092  224.35117056856188
5200094  224.35117056856188
5200095  224.35117056856188
5200096  224.35117056856188
5200097  224.35117056856188
5200100  224.35117056856188
5200101  224.35117056856188
5300048  224.35117056856188
5400028  224.35117056856188
5500029  224.35117056856188
5500030  224.35117056856188
5500031  224.35117056856188
5500040  224.35117056856188
5500041  224.35117056856188
5500049  224.35117056856188
5500050  224.35117056856188
5500051  224.35117056856188
5500058  224.35117056856188
5700030  224.35117056856188
5700032  224.35117056856188
5700033  224.35117056856188
5700034  224.35117056856188
5700035  224.35117056856188
5700036  224.35117056856188
5700058  224.35117056856188
5700059  224.35117056856188
5700062  224.35117056856188
5700063  224.35117056856188
5700079  224.35117056856188
5900032  224.35117056856188
5900034  224.35117056856188
5900037  224.35117056856188
5900124  224.35117056856188
5900132  224.35117056856188
5900133  224.35117056856188
5900134  224.35117056856188
5900138  224.35117056856188
5900146  224.35117056856188
5900150  224.35117056856188
5900151  224.35117056856188
5900152  224.35117056856188
5900156  224.35117056856188
6000038  224.35117056856188
6000041  224.35117056856188
6100039  224.35117056856188
6100047  224.35117056856188
6100048  224.35117056856188
6100075  224.35117056856188
6200042  224.35117056856188
6700055  224.35117056856188
6700056  224.35117056856188
6700058  224.35117056856188
6700059  224.35117056856188
6700065  224.35117056856188
6700066  224.35117056856188
6700067  224.35117056856188
6700068  224.35117056856188
6700071  224.35117056856188
6700072  224.35117056856188
6700076  224.35117056856188
6700077  224.35117056856188
6700081  224.35117056856188
6700082  224.35117056856188
6700086  224.35117056856188
6700087  224.35117056856188
6700091  224.35117056856188
6700095  224.35117056856188
6900059  224.35117056856188
6900061  224.35117056856188
6900062  224.35117056856188
6900064  224.35117056856188
6900133  224.35117056856188
7000090  224.35117056856188
7000094  224.35117056856188
7000095  224.35117056856188
7000098  224.35117056856188
7000101  224.35117056856188
7000102  224.35117056856188
7000103  224.35117056856188
7000108  224.35117056856188
7000109  224.35117056856188
7000112  224.35117056856188
7000114  224.35117056856188
7000117  224.35117056856188
1200014  222.61764705882354
1200017  222.61764705882354
5100026  211.6075085324232
1100014  1.024
1100016  0.061068702290076333
1100023  0.061068702290076333
1100028  0.061068702290076333
1100032  0.061068702290076333
1100033  0.061068702290076333
1100035  0.061068702290076333
