1200111  1.0
1200144  1.0
1200145  1.0
1200146  1.0
1200147  1.0
1200148  1.0
1200149  1.0
1200150  1.0
1200151  1.0
1200153  1.0
1200154  1.0
1200155  1.0
1200156  1.0
1200157  1.0
1200158  1.0
1500664  1.0
1500665  1.0
1500795  1.0
1500796  1.0
1500797  1.0
1600055  1.0
1600058  1.0
1600069  1.0
1600070  1.0
1600071  1.0
4300542  1.0
1500571  0.8944271909999159
1500574  0.8944271909999159
1500575  0.8944271909999159
1500576  0.8944271909999159
1500578  0.8944271909999159
1500579  0.8944271909999159
1500959  0.8944271909999159
1500960  0.8944271909999159
1500961  0.8944271909999159
1500962  0.8944271909999159
1500972  0.8944271909999159
1200135  0.8660254037844387
1200136  0.8660254037844387
1500628  0.8164965809277261
1500641  0.8164965809277261
1500642  0.8164965809277261
1500643  0.8164965809277261
1500644  0.8164965809277261
1500645  0.8164965809277261
1500646  0.8164965809277261
1500647  0.8164965809277261
1501486  0.7559289460184544
1501487  0.7559289460184544
1501488  0.7559289460184544
1500327  0.6666666666666666
1500328  0.6666666666666666
4300541  0.5773502691896258
1200166  0.5
1000077  0.3481553119113957
1000078  0.3481553119113957
1000079  0.3481553119113957
1100055  0.3481553119113957
1100059  0.3481553119113957
1100063  0.3481553119113957
1100074  0.3481553119113957
1100075  0.3481553119113957
1100076  0.3481553119113957
1400251  0.3481553119113957
1400255  0.3481553119113957
1400258  0.3481553119113957
1400262  0.3481553119113957
1400265  0.3481553119113957
1400269  0.3481553119113957
1400321  0.3481553119113957
1400324  0.3481553119113957
1400327  0.3481553119113957
1400370  0.3481553119113957
1400388  0.3481553119113957
1400394  0.3481553119113957
1400404  0.3481553119113957
1400407  0.3481553119113957
1400410  0.3481553119113957
1400413  0.3481553119113957
1400468  0.3481553119113957
1400504  0.3481553119113957
1400505  0.3481553119113957
1400506  0.3481553119113957
1400509  0.3481553119113957
1400511  0.3481553119113957
1400512  0.3481553119113957
1400513  0.3481553119113957
1400514  0.3481553119113957
1400515  0.3481553119113957
1400517  0.3481553119113957
1400518  0.3481553119113957
1400520  0.3481553119113957
1400521  0.3481553119113957
1400522  0.3481553119113957
1400524  0.3481553119113957
1400525  0.3481553119113957
1400527  0.3481553119113957
1400529  0.3481553119113957
1400530  0.3481553119113957
1400531  0.3481553119113957
1400532  0.3481553119113957
1400533  0.3481553119113957
1400534  0.3481553119113957
1400535  0.3481553119113957
1400536  0.3481553119113957
1400537  0.3481553119113957
1400539  0.3481553119113957
1400540  0.3481553119113957
1400542  0.3481553119113957
1400544  0.3481553119113957
1400545  0.3481553119113957
1400546  0.3481553119113957
1400547  0.3481553119113957
1400548  0.3481553119113957
1400549  0.3481553119113957
1400551  0.3481553119113957
1400552  0.3481553119113957
1400553  0.3481553119113957
2300060  0.3481553119113957
2300061  0.3481553119113957
2300062  0.3481553119113957
2400055  0.3481553119113957
2400063  0.3481553119113957
2400064  0.3481553119113957
2700059  0.3481553119113957
2700063  0.3481553119113957
2700081  0.3481553119113957
2700082  0.3481553119113957
2700083  0.3481553119113957
2700084  0.3481553119113957
3700090  0.3481553119113957
3700092  0.3481553119113957
3700141  0.3481553119113957
3700142  0.3481553119113957
3700143  0.3481553119113957
3800082  0.3481553119113957
3800084  0.3481553119113957
3800087  0.3481553119113957
3800090  0.3481553119113957
3800095  0.3481553119113957
3800096  0.3481553119113957
3800097  0.3481553119113957
3800099  0.3481553119113957
5500075  0.3481553119113957
5500076  0.3481553119113957
5500077  0.3481553119113957
6000160  0.2886751345948129
6000161  0.2886751345948129
1501497  0.22645540682891913
1501498  0.22645540682891913
1501499  0.22645540682891913
1501506  0.22645540682891913
1500393  0.20412414523193154
1500394  0.20412414523193154
1500395  0.20412414523193154
1500396  0.20412414523193154
1500397  0.20412414523193154
1500398  0.20412414523193154
1500399  0.20412414523193154
2900209  0.20412414523193154
2900212  0.20412414523193154
2900213  0.20412414523193154
2900251  0.20412414523193154
2900254  0.20412414523193154
2900255  0.20412414523193154
3000078  0.20412414523193154
3000079  0.20412414523193154
3300095  0.20412414523193154
3300096  0.20412414523193154
3300099  0.20412414523193154
3300100  0.20412414523193154
3300101  0.20412414523193154
3400082  0.20412414523193154
3400084  0.20412414523193154
3400093  0.20412414523193154
3400094  0.20412414523193154
3400097  0.20412414523193154
3400100  0.20412414523193154
3400103  0.20412414523193154
3400104  0.20412414523193154
3400105  0.20412414523193154
3400106  0.20412414523193154
3600080  0.20412414523193154
3600081  0.20412414523193154
3600092  0.20412414523193154
3600093  0.20412414523193154
3600094  0.20412414523193154
3600095  0.20412414523193154
3600096  0.20412414523193154
3600097  0.20412414523193154
4200131  0.20412414523193154
4200134  0.20412414523193154
4200216  0.20412414523193154
4200219  0.20412414523193154
4200220  0.20412414523193154
4200221  0.20412414523193154
4200223  0.20412414523193154
4200357  0.20412414523193154
4200358  0.20412414523193154
4200359  0.20412414523193154
4200366  0.20412414523193154
4300108  0.20412414523193154
4300112  0.20412414523193154
4300162  0.20412414523193154
4300163  0.20412414523193154
4300175  0.20412414523193154
4300176  0.20412414523193154
4300177  0.20412414523193154
4300178  0.20412414523193154
4300179  0.20412414523193154
4300180  0.20412414523193154
4300181  0.20412414523193154
4300182  0.20412414523193154
4300183  0.20412414523193154
4300184  0.20412414523193154
4300185  0.20412414523193154
4300186  0.20412414523193154
4300187  0.20412414523193154
4300188  0.20412414523193154
4300229  0.20412414523193154
4300230  0.20412414523193154
4300231  0.20412414523193154
4500064  0.20412414523193154
4500065  0.20412414523193154
4500066  0.20412414523193154
4400126  0.19069251784911848
4400130  0.19069251784911848
4400160  0.19069251784911848
4400187  0.19069251784911848
4400190  0.19069251784911848
4400211  0.19069251784911848
4400213  0.19069251784911848
4400216  0.19069251784911848
4400219  0.19069251784911848
4400222  0.19069251784911848
4400223  0.19069251784911848
4400224  0.19069251784911848
4400228  0.19069251784911848
4400229  0.19069251784911848
4400230  0.19069251784911848
4400231  0.19069251784911848
4400232  0.19069251784911848
4400234  0.19069251784911848
1500243  0.18650096164806276
1500246  0.18650096164806276
1500250  0.18650096164806276
1500253  0.18650096164806276
1500298  0.18650096164806276
1500301  0.18650096164806276
1500364  0.18650096164806276
1500366  0.18650096164806276
1500371  0.18650096164806276
1500372  0.18650096164806276
1500373  0.18650096164806276
1500376  0.18650096164806276
1500380  0.18650096164806276
1500381  0.18650096164806276
1500382  0.18650096164806276
1500384  0.18650096164806276
1500386  0.18650096164806276
1500387  0.18650096164806276
1500389  0.18650096164806276
1500392  0.18650096164806276
1500403  0.18650096164806276
1500411  0.18650096164806276
1500413  0.18650096164806276
1500414  0.18650096164806276
1500415  0.18650096164806276
1500417  0.18650096164806276
2900109  0.18650096164806276
2900110  0.18650096164806276
2900111  0.18650096164806276
2900112  0.18650096164806276
2900113  0.18650096164806276
2900114  0.18650096164806276
2900115  0.18650096164806276
2900116  0.18650096164806276
2900117  0.18650096164806276
2900277  0.18650096164806276
2900280  0.18650096164806276
2900281  0.18650096164806276
3100057  0.18650096164806276
3100061  0.18650096164806276
3100065  0.18650096164806276
3100076  0.18650096164806276
3100077  0.18650096164806276
3100078  0.18650096164806276
3200057  0.18650096164806276
3200061  0.18650096164806276
3200065  0.18650096164806276
3200076  0.18650096164806276
3200077  0.18650096164806276
3200078  0.18650096164806276
3500071  0.18650096164806276
3500128  0.18650096164806276
3500129  0.18650096164806276
3500132  0.18650096164806276
3500135  0.18650096164806276
3500136  0.18650096164806276
3500137  0.18650096164806276
3900067  0.18650096164806276
3900069  0.18650096164806276
3900111  0.18650096164806276
3900112  0.18650096164806276
3900129  0.18650096164806276
3900130  0.18650096164806276
3900147  0.18650096164806276
3900148  0.18650096164806276
4000145  0.18650096164806276
4000146  0.18650096164806276
4000147  0.18650096164806276
4000148  0.18650096164806276
4000198  0.18650096164806276
4000199  0.18650096164806276
4000207  0.18650096164806276
4000208  0.18650096164806276
4000216  0.18650096164806276
4000217  0.18650096164806276
4000225  0.18650096164806276
4000226  0.18650096164806276
4000234  0.18650096164806276
4000235  0.18650096164806276
4100082  0.18650096164806276
4100084  0.18650096164806276
4100128  0.18650096164806276
4100129  0.18650096164806276
4100137  0.18650096164806276
4100138  0.18650096164806276
4100146  0.18650096164806276
4100147  0.18650096164806276
4100155  0.18650096164806276
4100156  0.18650096164806276
4200096  0.18650096164806276
4200100  0.18650096164806276
4200104  0.18650096164806276
4200107  0.18650096164806276
4200172  0.18650096164806276
4200175  0.18650096164806276
4200178  0.18650096164806276
4200183  0.18650096164806276
4200187  0.18650096164806276
4200191  0.18650096164806276
4200192  0.18650096164806276
4200193  0.18650096164806276
4200194  0.18650096164806276
4200195  0.18650096164806276
4200196  0.18650096164806276
4200198  0.18650096164806276
4200337  0.18650096164806276
4200338  0.18650096164806276
4600044  0.18650096164806276
4600052  0.18650096164806276
4600056  0.18650096164806276
5200063  0.18650096164806276
5200064  0.18650096164806276
5200065  0.18650096164806276
5200066  0.18650096164806276
5400052  0.18650096164806276
5400799  0.18650096164806276
5400800  0.18650096164806276
5400802  0.18650096164806276
5400822  0.18650096164806276
1300868  0.1849000654084097
1300869  0.1849000654084097
1700057  0.1849000654084097
1700061  0.1849000654084097
1700065  0.1849000654084097
1700069  0.1849000654084097
1700080  0.1849000654084097
1700081  0.1849000654084097
1700082  0.1849000654084097
5000063  0.18107149208503706
5000067  0.18107149208503706
5000071  0.18107149208503706
5000075  0.18107149208503706
5000079  0.18107149208503706
5000083  0.18107149208503706
5000087  0.18107149208503706
5000091  0.18107149208503706
5000095  0.18107149208503706
5000106  0.18107149208503706
5000107  0.18107149208503706
5000108  0.18107149208503706
1300191  0.15811388300841897
1300194  0.15811388300841897
1300198  0.15811388300841897
1300201  0.15811388300841897
1300210  0.15811388300841897
1300219  0.15811388300841897
1300223  0.15811388300841897
1300264  0.15811388300841897
1300267  0.15811388300841897
1300284  0.15811388300841897
1300286  0.15811388300841897
1300287  0.15811388300841897
1300288  0.15811388300841897
1300289  0.15811388300841897
1300290  0.15811388300841897
1300291  0.15811388300841897
1300292  0.15811388300841897
1300293  0.15811388300841897
1300294  0.15811388300841897
1300296  0.15811388300841897
1300297  0.15811388300841897
1300298  0.15811388300841897
1300300  0.15811388300841897
1300302  0.15811388300841897
1300304  0.15811388300841897
2800083  0.15811388300841897
2800087  0.15811388300841897
2800091  0.15811388300841897
2800095  0.15811388300841897
2800100  0.15811388300841897
2800105  0.15811388300841897
2800150  0.15811388300841897
2800156  0.15811388300841897
2800197  0.15811388300841897
2800199  0.15811388300841897
2800200  0.15811388300841897
2800201  0.15811388300841897
2800202  0.15811388300841897
2800203  0.15811388300841897
2800204  0.15811388300841897
2800205  0.15811388300841897
2800289  0.15811388300841897
2800291  0.15811388300841897
2800292  0.15811388300841897
2800293  0.15811388300841897
2800294  0.15811388300841897
2800297  0.15811388300841897
2800299  0.15811388300841897
2800302  0.15811388300841897
2800303  0.15811388300841897
2800304  0.15811388300841897
2800307  0.15811388300841897
2800308  0.15811388300841897
2800309  0.15811388300841897
2800312  0.15811388300841897
2800315  0.15811388300841897
2800316  0.15811388300841897
2800317  0.15811388300841897
2800320  0.15811388300841897
2800323  0.15811388300841897
2800324  0.15811388300841897
2800325  0.15811388300841897
2800328  0.15811388300841897
2800331  0.15811388300841897
2800332  0.15811388300841897
2800333  0.15811388300841897
2800335  0.15811388300841897
2800517  0.15811388300841897
2800532  0.15811388300841897
4700059  0.15811388300841897
4700062  0.15811388300841897
4700065  0.15811388300841897
4700068  0.15811388300841897
4700071  0.15811388300841897
4700074  0.15811388300841897
4700077  0.15811388300841897
4700080  0.15811388300841897
4700083  0.15811388300841897
4700086  0.15811388300841897
4700089  0.15811388300841897
4700092  0.15811388300841897
4700095  0.15811388300841897
4700098  0.15811388300841897
4700101  0.15811388300841897
4700104  0.15811388300841897
4700107  0.15811388300841897
4700110  0.15811388300841897
4700113  0.15811388300841897
4700116  0.15811388300841897
4700119  0.15811388300841897
4700122  0.15811388300841897
4700125  0.15811388300841897
4700128  0.15811388300841897
4700151  0.15811388300841897
2100065  0.15161960871578067
2100102  0.15161960871578067
2100103  0.15161960871578067
2100116  0.15161960871578067
2100117  0.15161960871578067
2100120  0.15161960871578067
2100121  0.15161960871578067
2100122  0.15161960871578067
2100123  0.15161960871578067
2100124  0.15161960871578067
2100125  0.15161960871578067
4900056  0.14990633779917228
4900059  0.14990633779917228
4900069  0.14990633779917228
4900070  0.14990633779917228
4900071  0.14990633779917228
4800068  0.1466471150213533
4800071  0.1466471150213533
4800077  0.1466471150213533
4800078  0.1466471150213533
4800086  0.1466471150213533
4800087  0.1466471150213533
4800095  0.1466471150213533
4800096  0.1466471150213533
4800097  0.1466471150213533
4800098  0.1466471150213533
5100058  0.1466471150213533
5100059  0.1466471150213533
1900069  0.14586499149789456
1900070  0.14586499149789456
1900093  0.14586499149789456
1900094  0.14586499149789456
1900095  0.14586499149789456
1900096  0.14586499149789456
5600055  0.14586499149789456
5600059  0.14586499149789456
5600063  0.14586499149789456
5600074  0.14586499149789456
5600075  0.14586499149789456
5600076  0.14586499149789456
5800095  0.07001400420140048
5800096  0.07001400420140048
5800103  0.07001400420140048
5800104  0.07001400420140048
5800105  0.07001400420140048
5800106  0.07001400420140048
5800107  0.07001400420140048
5800108  0.07001400420140048
5900073  0.07001400420140048
5900074  0.07001400420140048
5900075  0.07001400420140048
2000063  0.04602873089491617
2000064  0.04602873089491617
2000065  0.04602873089491617
6000094  0.04602873089491617
6000095  0.04602873089491617
6000096  0.04602873089491617
6000097  0.04602873089491617
