3600061  0.5585998296737671
3700189  0.5560348033905029
3600060  0.5504106879234314
3700175  0.4363380968570709
4100179  0.4339123070240021
3700233  0.4330922067165375
3700196  0.4320785403251648
3700176  0.43173670768737793
3700179  0.4304710030555725
3700072  0.4300083816051483
3700177  0.42925843596458435
3700202  0.4288816750049591
3700069  0.4267936646938324
3700071  0.4259493947029114
3700152  0.42235979437828064
3700250  0.4206852912902832
3700150  0.4196745753288269
2600288  0.4196500778198242
1400152  0.4192366600036621
1800062  0.41884905099868774
1900072  0.41860759258270264
3700197  0.41835010051727295
3900295  0.4182516038417816
2800039  0.417132169008255
1400165  0.4170685410499573
1800054  0.4167451560497284
2600254  0.4167373478412628
3503925  0.4162053167819977
1400126  0.4159691333770752
3700070  0.41560468077659607
1900045  0.414507120847702
3700156  0.4143354296684265
2600380  0.41369524598121643
2600374  0.4134489595890045
3700125  0.4130263924598694
1800043  0.4128749370574951
1900036  0.4127870202064514
3900283  0.4122452139854431
3900140  0.4114702343940735
3501923  0.41134750843048096
2600109  0.4112676680088043
2600180  0.41112473607063293
1400156  0.4111015498638153
1900068  0.4110703766345978
3700167  0.4110649526119232
1900067  0.41102683544158936
4200380  0.4108537435531616
4100203  0.4100654423236847
3501805  0.4100482165813446
1900084  0.4099964201450348
3501193  0.4097631573677063
2600220  0.409665048122406
2600367  0.4094873070716858
2600104  0.4093416929244995
3400085  0.40929579734802246
1400153  0.40905800461769104
3900134  0.4088153839111328
2800038  0.40849193930625916
1400116  0.408441960811615
2600133  0.40841248631477356
3501922  0.408267617225647
3501863  0.4082067906856537
2800037  0.4081723093986511
3700172  0.40815189480781555
2600250  0.4079659581184387
3501238  0.40786609053611755
2600105  0.4076670706272125
2600295  0.4076133668422699
3501885  0.4075053930282593
2600225  0.4073876440525055
2600195  0.40734779834747314
1800042  0.40717101097106934
1400151  0.40704572200775146
3501801  0.4069431722164154
3500239  0.4067973792552948
1800053  0.4067859947681427
2700045  0.4067537188529968
3501781  0.4064250886440277
3700162  0.40620478987693787
2600047  0.4060681462287903
2600274  0.4059014916419983
1400051  0.40584421157836914
3501069  0.40564408898353577
3501175  0.40553805232048035
2600051  0.4055042564868927
3501892  0.4054984152317047
1400154  0.4054810404777527
2600226  0.4051460325717926
2600338  0.4049723148345947
3501899  0.40482136607170105
1900046  0.404752254486084
3501773  0.40466052293777466
2600213  0.4044492840766907
2600218  0.4044003486633301
3501183  0.40417614579200745
3500098  0.40413564443588257
2600255  0.404007226228714
3900128  0.4039009213447571
3501845  0.40378624200820923
1400159  0.40363240242004395
3900296  0.40362486243247986
2600106  0.4036107063293457
2600320  0.4034326672554016
2600277  0.40339189767837524
1900047  0.4033908545970917
3501939  0.4033450782299042
3501893  0.40333276987075806
3501012  0.40328019857406616
3700151  0.40317556262016296
2600112  0.40306127071380615
2600150  0.40304896235466003
2600318  0.40302684903144836
3500263  0.4030202627182007
2600258  0.4029642343521118
3500162  0.40296122431755066
2600278  0.40294530987739563
1400155  0.40290871262550354
2600334  0.40284696221351624
2600212  0.402740478515625
3500110  0.40266233682632446
2600072  0.4024673402309418
2600285  0.4024425745010376
2600211  0.4024105668067932
3501946  0.4023361802101135
3501015  0.4022614359855652
1400045  0.40221449732780457
3501129  0.4022085666656494
2600044  0.40214240550994873
2600081  0.4021388590335846
2600332  0.4019857347011566
3501864  0.40198230743408203
3501931  0.4019542336463928
2600201  0.4018176794052124
2600241  0.40166953206062317
3501891  0.40160438418388367
3501780  0.40157219767570496
2600317  0.40154528617858887
2600120  0.4012569785118103
3501756  0.40124815702438354
3500264  0.40122491121292114
3501227  0.4011813700199127
2600253  0.4011424779891968
3501156  0.400981605052948
2600308  0.40094852447509766
2600269  0.40090078115463257
3700161  0.4008839726448059
2600064  0.4008233845233917
3501072  0.4007950723171234
2600327  0.40074142813682556
2600113  0.40073302388191223
3503410  0.4007297456264496
2600206  0.40072527527809143
2600303  0.4007137715816498
2600158  0.4006621837615967
2600098  0.40065261721611023
3501145  0.40062007308006287
1800056  0.4006115794181824
3501878  0.40058648586273193
3501210  0.4005672037601471
2600091  0.40055328607559204
2600270  0.4003927707672119
3501013  0.40038686990737915
2600163  0.4003200829029083
2600292  0.40030598640441895
3501071  0.4002574384212494
2600319  0.4002324938774109
2600046  0.4002001881599426
2600268  0.4001128077507019
3501074  0.4001041054725647
3501920  0.4000903069972992
2600125  0.40007302165031433
3501804  0.40006089210510254
2600299  0.4000149667263031
2600264  0.39994972944259644
4000048  0.39994820952415466
2600153  0.39990898966789246
1400158  0.39987340569496155
3501173  0.399816632270813
2600149  0.39977023005485535
2600283  0.39966604113578796
2600198  0.3996005356311798
2600281  0.39949870109558105
3501165  0.39949831366539
2600287  0.3994635045528412
3500153  0.3993128538131714
3501941  0.39930909872055054
2600228  0.39928898215293884
3501229  0.3992849588394165
2600340  0.39927080273628235
3503929  0.3992200195789337
3501014  0.3990693688392639
3501181  0.3990212678909302
2600154  0.39898452162742615
2600311  0.39898109436035156
3501843  0.39889734983444214
2600355  0.3988710045814514
2600137  0.39885759353637695
4200374  0.39882901310920715
3501021  0.39879927039146423
3501848  0.3987883925437927
2600315  0.3987677991390228
2600306  0.39876294136047363
3501825  0.39871618151664734
1800055  0.39857766032218933
2600117  0.3985706567764282
1400150  0.3985344469547272
4200310  0.3985206186771393
2600175  0.3984958827495575
2600333  0.39847174286842346
3500270  0.39846134185791016
3501032  0.39845266938209534
3501068  0.3984471261501312
2600147  0.3984406292438507
2600127  0.3984392583370209
3501162  0.3984355032444
3501180  0.39838331937789917
3501808  0.39833080768585205
3501928  0.3982645571231842
2600146  0.3982272148132324
2600170  0.3981483280658722
2600171  0.39811599254608154
2600223  0.39810872077941895
2600189  0.39810025691986084
3501187  0.39809679985046387
3501802  0.3980426788330078
3900065  0.3980206549167633
3501132  0.3979239761829376
2600058  0.3979053497314453
4200340  0.3978710174560547
3501024  0.3978481590747833
2600235  0.39782702922821045
3501067  0.3977785110473633
2600102  0.3977651000022888
2600159  0.3977350890636444
2600224  0.39765653014183044
3501025  0.39762794971466064
2600148  0.39762285351753235
2600207  0.39758986234664917
2600182  0.3974919319152832
2600172  0.39735132455825806
3501795  0.3973422348499298
3500171  0.3971973955631256
3501865  0.3971509039402008
2600227  0.3971352279186249
2600248  0.3971344828605652
2600328  0.3971191346645355
2600251  0.3970811367034912
3501847  0.3970393240451813
2600122  0.39703860878944397
3501168  0.3969462811946869
3501820  0.3968774378299713
2600210  0.3968736231327057
3501793  0.39686793088912964
3501816  0.39682748913764954
2600074  0.3968259394168854
2600272  0.3968196213245392
3500233  0.39678189158439636
3501746  0.3967320919036865
3501798  0.396727055311203
3501961  0.39671674370765686
1400055  0.39671072363853455
2600126  0.39664676785469055
2600301  0.3966403901576996
3501066  0.39661091566085815
2600291  0.39655452966690063
2600097  0.3965218663215637
3501800  0.3964802324771881
3500251  0.39646080136299133
3500247  0.39643701910972595
3501192  0.3964281976222992
3500269  0.3964166045188904
2600103  0.39639905095100403
2600215  0.39635443687438965
3501211  0.3963264226913452
2600296  0.3962628245353699
3501034  0.3961656391620636
2600197  0.39613598585128784
3501836  0.39606913924217224
3501161  0.3960394263267517
3501855  0.39597177505493164
2600077  0.3959413468837738
2600118  0.3959125280380249
2600217  0.3958754241466522
3501796  0.3958655893802643
2600160  0.3957662284374237
3501176  0.3956553637981415
2600356  0.3956431448459625
2600305  0.39559534192085266
2600173  0.39558565616607666
3501902  0.3955698013305664
2600108  0.39549848437309265
2600067  0.39549124240875244
4200336  0.39546337723731995
3501169  0.3954547345638275
3700133  0.3953721225261688
3501201  0.3953687250614166
2600065  0.3953676223754883
2600335  0.39533689618110657
3501919  0.39528870582580566
3501222  0.39528602361679077
3501841  0.39527902007102966
3700118  0.3952747881412506
2600357  0.39524129033088684
2600092  0.395233154296875
3500165  0.39523109793663025
3501016  0.3952266275882721
3501874  0.3951955735683441
3501837  0.39516162872314453
3500203  0.395143985748291
3503928  0.39506053924560547
2600131  0.39501437544822693
3500085  0.3949607014656067
2600286  0.3949088156223297
2600193  0.39490777254104614
2600304  0.3948585093021393
3501239  0.39483681321144104
2700050  0.39483413100242615
2600222  0.3948243260383606
2600107  0.39479225873947144
3501757  0.3946318030357361
3501771  0.3945785462856293
3501019  0.3945477604866028
3501098  0.3944871723651886
3500259  0.3943891227245331
1400068  0.3942791819572449
3501817  0.3942583203315735
2600234  0.39421936869621277
3500258  0.3941637873649597
2600208  0.39413097500801086
3501744  0.39410167932510376
4200375  0.3940814733505249
3501017  0.39405447244644165
4200305  0.3940214514732361
2600095  0.39398741722106934
3501776  0.3939245641231537
2600110  0.3939158022403717
2600205  0.3939116597175598
2600289  0.39388927817344666
3501046  0.39388880133628845
3500249  0.39384037256240845
3501962  0.3938294053077698
2600330  0.3937905728816986
3501947  0.3937476873397827
3501932  0.3936919867992401
2600298  0.39368313550949097
3501880  0.3936213254928589
3501894  0.3935929238796234
3501868  0.39358577132225037
2600135  0.39357030391693115
2600050  0.393545925617218
2600136  0.39345142245292664
2600310  0.3934146463871002
2600132  0.3934069275856018
2600341  0.39336922764778137
2600284  0.39336535334587097
3501813  0.39335113763809204
3501199  0.39333686232566833
2600233  0.39332014322280884
2600323  0.3933166563510895
2700046  0.39327767491340637
3501930  0.39327675104141235
3501138  0.39324039220809937
3500200  0.39323386549949646
2600057  0.3931730389595032
2600190  0.39310774207115173
2600082  0.3929441273212433
2600165  0.3929029703140259
2600130  0.3928642272949219
2600194  0.3928546607494354
3501822  0.39283373951911926
3501935  0.3928183615207672
3501242  0.39276984333992004
2600145  0.39273372292518616
2600184  0.3926853835582733
3501028  0.3926141560077667
2600276  0.39259716868400574
3700147  0.39251619577407837
2600039  0.3924381732940674
2600273  0.3923705518245697
2600245  0.3923534154891968
2600209  0.3923080265522003
2600083  0.3922787606716156
2600300  0.3922332227230072
3501232  0.39222586154937744
3501860  0.3921637237071991
3501224  0.39204877614974976
2600055  0.3920014798641205
2600155  0.3918939232826233
3501221  0.391862690448761
3500143  0.3918564021587372
3501033  0.3918546438217163
1400161  0.39178648591041565
3501037  0.39178159832954407
3500130  0.39173924922943115
2600101  0.3917257487773895
3500090  0.3917069435119629
2600177  0.39168909192085266
4200371  0.39167237281799316
2600266  0.3916485607624054
2600214  0.3916122019290924
3501948  0.39160263538360596
2600100  0.39154699444770813
3501751  0.39152953028678894
3501772  0.39150118827819824
3500250  0.39149218797683716
3500238  0.39149031043052673
2600191  0.39145952463150024
3501957  0.39145439863204956
2600279  0.3912833034992218
2600096  0.3912786543369293
2600176  0.3912656903266907
2600324  0.3912540674209595
2700043  0.3912326991558075
3501753  0.39123252034187317
3500244  0.3911985456943512
3501140  0.3911738097667694
3501157  0.39116621017456055
2600139  0.391165167093277
2600123  0.39116352796554565
3500168  0.3911619782447815
3501063  0.3911132514476776
3501179  0.39109688997268677
2600128  0.39102184772491455
3501783  0.3910192847251892
3501235  0.3910118043422699
3501821  0.39096519351005554
2600314  0.3909578025341034
2600048  0.39094096422195435
2600084  0.3908942639827728
3501082  0.3908921480178833
2600229  0.3908480703830719
2600309  0.3908376693725586
2600329  0.390835165977478
2600059  0.3908259868621826
2600219  0.390720933675766
2600045  0.39065346121788025
2600260  0.3906356990337372
3501856  0.3905937969684601
2600174  0.3905831277370453
2600062  0.3905141055583954
2600049  0.3905121088027954
2600086  0.3904816210269928
3500265  0.39045092463493347
3501147  0.390448659658432
2600337  0.39040112495422363
3501087  0.3903733491897583
3501809  0.3903128504753113
2600247  0.3902650475502014
3501952  0.3902302384376526
2600061  0.3902081847190857
2600156  0.39020609855651855
3501906  0.3901013433933258
3501881  0.3899999260902405
3501200  0.3899995982646942
2600157  0.389941930770874
3501758  0.3898775279521942
3501047  0.38981664180755615
3700139  0.3898017704486847
3501884  0.3897784352302551
2600054  0.3897317349910736
2600263  0.38971298933029175
2600152  0.3896922469139099
3501954  0.3896864056587219
3900116  0.38967180252075195
3501852  0.3895725905895233
3501936  0.38955697417259216
3501775  0.3895469307899475
3501921  0.38950785994529724
2600326  0.3894135355949402
3501897  0.38935935497283936
3501938  0.38934943079948425
3501767  0.3893360495567322
3501886  0.3893146216869354
2600256  0.38927367329597473
3501940  0.389269083738327
2600073  0.38926902413368225
3501184  0.3892517387866974
2600237  0.3891996741294861
3700117  0.3891919255256653
3501911  0.38914480805397034
3501949  0.3891278803348541
3501212  0.38910213112831116
2600325  0.3890731632709503
2600321  0.38900062441825867
2600094  0.38897794485092163
2600302  0.38897114992141724
3900282  0.38893187046051025
2600204  0.38890913128852844
3500095  0.3888801336288452
4300254  0.3887554109096527
3501160  0.3887515366077423
2600261  0.38858723640441895
3501918  0.3884822726249695
2600141  0.38848161697387695
2600167  0.3884761929512024
2600071  0.38844528794288635
2600312  0.3884345591068268
2600297  0.3884154260158539
3501752  0.3883276879787445
3501959  0.3883174657821655
2600203  0.3882869780063629
3501774  0.38827818632125854
2600243  0.3882301449775696
2600307  0.38822391629219055
3500080  0.38821864128112793
3501895  0.3882118761539459
2600183  0.38795578479766846
3501188  0.3879106342792511
3501901  0.38790759444236755
2600186  0.3878690302371979
2600099  0.38782650232315063
2600244  0.3877577781677246
3500101  0.38770782947540283
3500156  0.387703537940979
3501095  0.38765737414360046
3501761  0.38764262199401855
2600066  0.38759109377861023
2600124  0.38758715987205505
2600239  0.3875524401664734
3500235  0.387536883354187
3501839  0.38735508918762207
3700132  0.387349933385849
3501851  0.38731178641319275
3501797  0.3873072564601898
3501882  0.38725894689559937
3501197  0.38712528347969055
2600056  0.3870968818664551
3501812  0.38708585500717163
2600192  0.38705378770828247
3501794  0.3870392143726349
2600249  0.3869870603084564
3900068  0.38691994547843933
2600161  0.3868591785430908
3501900  0.3868177831172943
3501937  0.3867417573928833
3501233  0.3866962492465973
3501055  0.3866840898990631
3501859  0.3866671025753021
2600115  0.38659778237342834
3501143  0.38659653067588806
2600142  0.3865777254104614
3500256  0.3865589499473572
3501185  0.3865383565425873
2700044  0.3864433765411377
2600339  0.38640448451042175
2600257  0.3863893449306488
3501228  0.38635045289993286
3501136  0.38625651597976685
3500243  0.3862397074699402
2600063  0.386147141456604
2600316  0.3861064910888672
3501755  0.3860419988632202
2600294  0.3860314190387726
3501912  0.38601648807525635
2600342  0.38600996136665344
2600313  0.3860032856464386
3501916  0.38598018884658813
2600116  0.38588520884513855
2600185  0.3858635425567627
2600232  0.3858519494533539
3501172  0.38567617535591125
3501096  0.38567468523979187
2600151  0.3856200873851776
3501929  0.3855898678302765
3501877  0.3855658173561096
3501915  0.3854912221431732
2600259  0.385390967130661
3501086  0.3853760361671448
2600240  0.3852732181549072
3501062  0.3852384090423584
3501155  0.38522613048553467
2600290  0.38514819741249084
2600271  0.3851262032985687
2700042  0.385054349899292
2600088  0.3850058615207672
3501910  0.38475972414016724
2600164  0.3847195506095886
2600134  0.3846628665924072
3501120  0.3845854103565216
3501226  0.3845689594745636
2600199  0.38451912999153137
3501245  0.38443827629089355
3501083  0.3843580484390259
3501029  0.38429585099220276
2600114  0.3842496871948242
2600221  0.38424113392829895
3501907  0.38417693972587585
3501174  0.38408252596855164
1400039  0.3840748071670532
4300263  0.3840716779232025
2600336  0.38396957516670227
2600093  0.3839483857154846
3501171  0.3838881850242615
3501914  0.38386058807373047
3500242  0.3837941586971283
3501020  0.38376542925834656
2600181  0.38373568654060364
3501913  0.3837244212627411
2600166  0.3836935758590698
4300266  0.38359397649765015
3501854  0.3835386335849762
2600075  0.38351625204086304
4200309  0.3833065927028656
1400066  0.3832930624485016
3501198  0.38328424096107483
3501099  0.3832704424858093
2600242  0.38319075107574463
2600200  0.38318127393722534
2600079  0.3831658363342285
2600143  0.383116751909256
3501924  0.3830944895744324
3501743  0.3830827474594116
3501164  0.3830008804798126
3501748  0.3829970359802246
2600140  0.38296738266944885
2600280  0.38294079899787903
2600196  0.3828747570514679
3501049  0.38286668062210083
3501196  0.3828595280647278
2600246  0.38281869888305664
3500245  0.38270238041877747
3501070  0.3826926350593567
2600231  0.38254228234291077
2600085  0.38237887620925903
3501065  0.3822630047798157
3501890  0.38224396109580994
2600076  0.3822330832481384
2600267  0.3820142447948456
2600078  0.3819854259490967
3500192  0.38196346163749695
2600322  0.3818006217479706
3501745  0.3816145956516266
2600053  0.38153600692749023
3501048  0.38150665163993835
2600080  0.38144952058792114
2600138  0.38140520453453064
2600089  0.38139137625694275
3501956  0.38138216733932495
2600068  0.3813607096672058
3501811  0.3812914788722992
3501131  0.38124606013298035
3501027  0.38122543692588806
3700142  0.3811948895454407
2600282  0.3811657130718231
2600168  0.38115212321281433
3501121  0.38101255893707275
3700134  0.3809608817100525
3501050  0.3809492588043213
3500159  0.3808208703994751
2600230  0.38077789545059204
3501838  0.38070040941238403
4200308  0.38064098358154297
3400094  0.38059109449386597
3501905  0.38058191537857056
2600129  0.38045910000801086
2600121  0.3800363838672638
2600178  0.3798910975456238
3500257  0.379745751619339
2600087  0.37962716817855835
2600069  0.3793613016605377
3501965  0.3792304992675781
3501770  0.3792194128036499
2600179  0.37914586067199707
4000041  0.379138320684433
2600144  0.379134863615036
2600265  0.37903928756713867
2600202  0.3787943422794342
3501925  0.3787591755390167
2600060  0.37866705656051636
3501128  0.37786364555358887
3900181  0.3778543174266815
3501951  0.37767112255096436
3501768  0.37762531638145447
2700054  0.3776035010814667
2600262  0.37747564911842346
2600187  0.3773464560508728
3501022  0.3772769570350647
2600275  0.37722542881965637
2600236  0.3771999180316925
3501240  0.37672245502471924
3900173  0.3765886127948761
3501779  0.37623709440231323
2600169  0.3761726915836334
3501195  0.37603315711021423
2600111  0.37602606415748596
3800037  0.37600502371788025
4000068  0.37600094079971313
3501844  0.3759331703186035
3501191  0.3758123815059662
3900180  0.3756709694862366
2600188  0.37552472949028015
2600070  0.37516656517982483
3501840  0.3751237094402313
2600119  0.37466296553611755
3800038  0.3743641972541809
3501123  0.3742975890636444
2600090  0.37425073981285095
3202334  0.37363114953041077
3501186  0.3735423684120178
3501754  0.37346938252449036
1400067  0.3732215464115143
3900110  0.3730408549308777
2600052  0.373002827167511
2600252  0.3725074231624603
2600162  0.37239792943000793
4300260  0.3723568916320801
2600216  0.37222570180892944
3900093  0.3715321123600006
2600238  0.37148410081863403
3400045  0.37119194865226746
3202337  0.37110635638237
3400028  0.3707905411720276
2600331  0.3702312111854553
4000062  0.37014180421829224
4000055  0.3698548972606659
3900096  0.36982667446136475
3900297  0.3688185513019562
2600293  0.36874452233314514
3500234  0.3678972125053406
3900187  0.3675272464752197
3900094  0.3669106662273407
3900195  0.3658941388130188
3700131  0.36497506499290466
3400093  0.3642036020755768
3900177  0.3625505566596985
3900092  0.3622135818004608
4000074  0.3612697720527649
3400084  0.3610896170139313
3900190  0.36031532287597656
3900095  0.3600926697254181
3400087  0.3573988974094391
3900298  0.35679301619529724
3900178  0.35538697242736816
3900176  0.35500195622444153
3900154  0.3548072278499603
3900294  0.35427820682525635
3200085  0.3541223406791687
3400044  0.35396602749824524
3900049  0.3512328267097473
3900182  0.3467690050601959
3900153  0.34530338644981384
3900179  0.34514713287353516
