9600066  0.5164669752120972
3200068  0.5164318084716797
9700060  0.5164214968681335
8000078  0.5163265466690063
7900073  0.5162498950958252
10900073  0.5161877274513245
10500065  0.5161705613136292
8000076  0.5161575675010681
9800066  0.5161575675010681
7100062  0.5161388516426086
2200063  0.5161170363426208
10500066  0.5161005258560181
8600065  0.5160986185073853
8000068  0.5160456299781799
2200062  0.516037106513977
8600061  0.5159990787506104
9800072  0.5159978866577148
8000079  0.51596999168396
10400076  0.5159667730331421
1300024  0.5159634351730347
1500019  0.5159634351730347
1500022  0.5159634351730347
1500023  0.5159634351730347
1700018  0.5159634351730347
1700020  0.5159634351730347
1700024  0.5159634351730347
1700027  0.5159634351730347
1900018  0.5159634351730347
1900025  0.5159634351730347
2100020  0.5159634351730347
2100021  0.5159634351730347
2100024  0.5159634351730347
2100050  0.5159634351730347
2100054  0.5159634351730347
2100057  0.5159634351730347
2200050  0.5159634351730347
2200051  0.5159634351730347
2200052  0.5159634351730347
2200056  0.5159634351730347
2200057  0.5159634351730347
2200058  0.5159634351730347
2200059  0.5159634351730347
2400018  0.5159634351730347
2400021  0.5159634351730347
2400024  0.5159634351730347
2400025  0.5159634351730347
2800019  0.5159634351730347
2900018  0.5159634351730347
3100018  0.5159634351730347
3100019  0.5159634351730347
3100020  0.5159634351730347
3100021  0.5159634351730347
3100052  0.5159634351730347
3100053  0.5159634351730347
3100054  0.5159634351730347
3100055  0.5159634351730347
3200053  0.5159634351730347
3200057  0.5159634351730347
3200058  0.5159634351730347
3200080  0.5159634351730347
3200081  0.5159634351730347
3300019  0.5159634351730347
3300020  0.5159634351730347
3300021  0.5159634351730347
3300022  0.5159634351730347
3300023  0.5159634351730347
3300024  0.5159634351730347
3300025  0.5159634351730347
3300026  0.5159634351730347
3400018  0.5159634351730347
3400022  0.5159634351730347
3400027  0.5159634351730347
4000021  0.5159634351730347
4000024  0.5159634351730347
4300020  0.5159634351730347
4300021  0.5159634351730347
4300023  0.5159634351730347
4300026  0.5159634351730347
4300027  0.5159634351730347
4300028  0.5159634351730347
5100018  0.5159634351730347
5100021  0.5159634351730347
5100022  0.5159634351730347
5100025  0.5159634351730347
5100026  0.5159634351730347
5100027  0.5159634351730347
5200018  0.5159634351730347
5200021  0.5159634351730347
5200022  0.5159634351730347
5200024  0.5159634351730347
5200052  0.5159634351730347
5200053  0.5159634351730347
5300018  0.5159634351730347
5300019  0.5159634351730347
5400026  0.5159634351730347
5600020  0.5159634351730347
5600021  0.5159634351730347
5600023  0.5159634351730347
5600024  0.5159634351730347
5600028  0.5159634351730347
6000021  0.5159634351730347
6000023  0.5159634351730347
6400018  0.5159634351730347
6400020  0.5159634351730347
6400021  0.5159634351730347
6400022  0.5159634351730347
6400023  0.5159634351730347
6400026  0.5159634351730347
6400028  0.5159634351730347
6500018  0.5159634351730347
6500019  0.5159634351730347
6600021  0.5159634351730347
6800018  0.5159634351730347
6800019  0.5159634351730347
6800022  0.5159634351730347
6900018  0.5159634351730347
6900019  0.5159634351730347
6900021  0.5159634351730347
6900022  0.5159634351730347
6900023  0.5159634351730347
7100018  0.5159634351730347
7100020  0.5159634351730347
7100021  0.5159634351730347
7100025  0.5159634351730347
7100052  0.5159634351730347
7100053  0.5159634351730347
7100056  0.5159634351730347
7100057  0.5159634351730347
7100058  0.5159634351730347
7100083  0.5159634351730347
7100084  0.5159634351730347
7100087  0.5159634351730347
7100088  0.5159634351730347
7100103  0.5159634351730347
7100107  0.5159634351730347
7100110  0.5159634351730347
7100111  0.5159634351730347
7200018  0.5159634351730347
7200019  0.5159634351730347
7200020  0.5159634351730347
7200023  0.5159634351730347
7200024  0.5159634351730347
7300018  0.5159634351730347
7300019  0.5159634351730347
7300020  0.5159634351730347
7400019  0.5159634351730347
7400024  0.5159634351730347
7500024  0.5159634351730347
7500053  0.5159634351730347
7500055  0.5159634351730347
7500059  0.5159634351730347
7600020  0.5159634351730347
7600059  0.5159634351730347
7700020  0.5159634351730347
7700024  0.5159634351730347
7700025  0.5159634351730347
7700026  0.5159634351730347
7800020  0.5159634351730347
7900020  0.5159634351730347
7900024  0.5159634351730347
7900026  0.5159634351730347
7900027  0.5159634351730347
7900054  0.5159634351730347
7900055  0.5159634351730347
7900056  0.5159634351730347
7900057  0.5159634351730347
7900059  0.5159634351730347
7900079  0.5159634351730347
7900091  0.5159634351730347
8000021  0.5159634351730347
8000023  0.5159634351730347
8000050  0.5159634351730347
8000051  0.5159634351730347
8000053  0.5159634351730347
8000058  0.5159634351730347
8000084  0.5159634351730347
8000085  0.5159634351730347
8000086  0.5159634351730347
8000089  0.5159634351730347
8000093  0.5159634351730347
8000111  0.5159634351730347
8000112  0.5159634351730347
8000113  0.5159634351730347
8000117  0.5159634351730347
8000118  0.5159634351730347
8000119  0.5159634351730347
8000120  0.5159634351730347
8300022  0.5159634351730347
8300024  0.5159634351730347
8300100  0.5159634351730347
8300105  0.5159634351730347
8500022  0.5159634351730347
8500026  0.5159634351730347
8500055  0.5159634351730347
8600023  0.5159634351730347
8600024  0.5159634351730347
8600027  0.5159634351730347
8600059  0.5159634351730347
8700025  0.5159634351730347
8700026  0.5159634351730347
8800025  0.5159634351730347
8800027  0.5159634351730347
8900026  0.5159634351730347
8900027  0.5159634351730347
8900028  0.5159634351730347
8900052  0.5159634351730347
8900054  0.5159634351730347
8900056  0.5159634351730347
8900084  0.5159634351730347
8900088  0.5159634351730347
8900092  0.5159634351730347
8900093  0.5159634351730347
8900094  0.5159634351730347
8900095  0.5159634351730347
9000026  0.5159634351730347
9000051  0.5159634351730347
9000052  0.5159634351730347
9000058  0.5159634351730347
9000059  0.5159634351730347
9000080  0.5159634351730347
9000081  0.5159634351730347
9000082  0.5159634351730347
9000083  0.5159634351730347
9000084  0.5159634351730347
9000085  0.5159634351730347
9000086  0.5159634351730347
9000087  0.5159634351730347
9000089  0.5159634351730347
9000093  0.5159634351730347
9000097  0.5159634351730347
9000100  0.5159634351730347
9000103  0.5159634351730347
9100026  0.5159634351730347
9100053  0.5159634351730347
9200027  0.5159634351730347
9200057  0.5159634351730347
9200093  0.5159634351730347
9200105  0.5159634351730347
9200106  0.5159634351730347
9200112  0.5159634351730347
9600059  0.5159634351730347
9600086  0.5159634351730347
9600087  0.5159634351730347
9600088  0.5159634351730347
9600090  0.5159634351730347
9600092  0.5159634351730347
9600093  0.5159634351730347
9600094  0.5159634351730347
9600096  0.5159634351730347
9600103  0.5159634351730347
9600104  0.5159634351730347
9800051  0.5159634351730347
9800052  0.5159634351730347
9800056  0.5159634351730347
10400051  0.5159634351730347
10400059  0.5159634351730347
10400080  0.5159634351730347
10400082  0.5159634351730347
10400084  0.5159634351730347
10400086  0.5159634351730347
10400088  0.5159634351730347
10400090  0.5159634351730347
10400092  0.5159634351730347
10400094  0.5159634351730347
10400096  0.5159634351730347
10400098  0.5159634351730347
10400100  0.5159634351730347
10400102  0.5159634351730347
10400104  0.5159634351730347
10400106  0.5159634351730347
10400110  0.5159634351730347
10500052  0.5159634351730347
10500053  0.5159634351730347
10500054  0.5159634351730347
10500055  0.5159634351730347
10500056  0.5159634351730347
10500057  0.5159634351730347
10500058  0.5159634351730347
10500059  0.5159634351730347
10500060  0.5159634351730347
10500085  0.5159634351730347
10500089  0.5159634351730347
10500093  0.5159634351730347
10500143  0.5159634351730347
10500144  0.5159634351730347
10500145  0.5159634351730347
10500148  0.5159634351730347
10500151  0.5159634351730347
10500155  0.5159634351730347
10500171  0.5159634351730347
10500174  0.5159634351730347
10500179  0.5159634351730347
10500230  0.5159634351730347
10500231  0.5159634351730347
10600057  0.5159634351730347
10700089  0.5159634351730347
10700093  0.5159634351730347
10700094  0.5159634351730347
10700095  0.5159634351730347
10700096  0.5159634351730347
10700098  0.5159634351730347
10700101  0.5159634351730347
10700102  0.5159634351730347
10700103  0.5159634351730347
10700104  0.5159634351730347
10700107  0.5159634351730347
10700110  0.5159634351730347
10700112  0.5159634351730347
10700116  0.5159634351730347
10700117  0.5159634351730347
10700118  0.5159634351730347
10700119  0.5159634351730347
10700120  0.5159634351730347
10700121  0.5159634351730347
10700123  0.5159634351730347
10700127  0.5159634351730347
10700130  0.5159634351730347
10700133  0.5159634351730347
10700136  0.5159634351730347
11000095  0.5159634351730347
11400646  0.5159634351730347
11400657  0.5159634351730347
11400689  0.5159634351730347
11400702  0.5159634351730347
11400743  0.5159634351730347
11400777  0.5159634351730347
11400893  0.5159634351730347
11401082  0.5159634351730347
11401113  0.5159634351730347
11401139  0.5159634351730347
11401481  0.5159634351730347
11401502  0.5159634351730347
11401681  0.5159634351730347
5200073  0.515953540802002
9600068  0.515924870967865
7900062  0.5159220695495605
8600068  0.5159163475036621
7500063  0.5159088969230652
8500063  0.5158851146697998
10400069  0.5158795714378357
3200067  0.5158785581588745
7100071  0.5158513188362122
7900071  0.5158329606056213
9600074  0.51581871509552
9800065  0.5158150792121887
9600077  0.5158052444458008
7900075  0.5158025622367859
3200072  0.5157740116119385
9800070  0.5157585144042969
10400074  0.515748143196106
9800076  0.5157420039176941
8000064  0.5157389640808105
7100069  0.5156809687614441
7100064  0.5156534314155579
7500066  0.5156492590904236
8000077  0.5156422257423401
7100063  0.5156232118606567
7900074  0.5155621767044067
2200064  0.5155144929885864
5200072  0.5155020356178284
9800075  0.5154951810836792
3200076  0.5154868960380554
9600071  0.5154812335968018
7900072  0.5154332518577576
7500064  0.5154228210449219
7100077  0.5154041051864624
8000061  0.5154037475585938
2200060  0.5154019594192505
8900060  0.5153754353523254
10400070  0.515342652797699
2200061  0.5153326988220215
7900064  0.5153076648712158
5200068  0.5150883793830872
8000075  0.5150704383850098
8800037  0.5146766901016235
7900041  0.5146194696426392
9200034  0.5146183967590332
2400037  0.5144913196563721
9600038  0.5144683718681335
7100034  0.5144567489624023
9700038  0.5144476294517517
7700041  0.5144257545471191
2200041  0.5143880844116211
9800040  0.514314591884613
2200038  0.5142930746078491
2200039  0.5142692923545837
8600040  0.5142481327056885
7800039  0.5142142176628113
8300039  0.5141971707344055
1900037  0.5141926407814026
8500040  0.5141279101371765
2200040  0.51412034034729
8900039  0.514112114906311
2200037  0.514086902141571
9600037  0.5140815377235413
7100039  0.5140345692634583
9800038  0.5139512419700623
2200036  0.5139394998550415
8500039  0.5139349699020386
7900038  0.5139315128326416
3100039  0.513913631439209
8500034  0.5139110684394836
5200040  0.5139044523239136
8300038  0.5138965845108032
8500038  0.513878583908081
5200037  0.5138784646987915
3100040  0.5138711929321289
3300037  0.5138609409332275
10000039  0.5138510465621948
3100037  0.5138474702835083
2200035  0.5138470530509949
7900036  0.5138407945632935
7100035  0.5138242840766907
7100040  0.513795793056488
8800038  0.513780951499939
8600036  0.5137504935264587
8900036  0.5137040615081787
8900035  0.5136858224868774
5200036  0.5136833786964417
3100035  0.5136783719062805
9100035  0.5136772990226746
7500040  0.5136709213256836
5600035  0.5136698484420776
9100041  0.5136412382125854
3100036  0.5136370062828064
7700040  0.5136334896087646
8800036  0.5134602785110474
6800034  0.5134281516075134
2400036  0.5134197473526001
8900037  0.5133817195892334
7900037  0.5133538246154785
8600041  0.5132811069488525
8500037  0.5132502913475037
8000037  0.5131694078445435
8600035  0.5129492282867432
3100034  0.512617290019989
7100041  0.3600742220878601
2100028  0.3568401336669922
5400018  0.30018413066864014
3100049  0.21271313726902008
7900046  0.2111794501543045
2200046  0.21099838614463806
8900049  0.21032528579235077
3300041  0.20968548953533173
7100049  0.2089434266090393
9100048  0.20789121091365814
2100046  0.20783451199531555
9000048  0.20760279893875122
8600046  0.20729294419288635
8900046  0.20644834637641907
9800047  0.20601820945739746
9000047  0.20599529147148132
9800045  0.20568165183067322
3100046  0.20567472279071808
10300047  0.20553793013095856
2200047  0.20553070306777954
2200048  0.20548246800899506
9100046  0.20546361804008484
5200045  0.2053542137145996
8600047  0.2052004188299179
9600047  0.2051399201154709
8500047  0.20488330721855164
9800041  0.2048342078924179
9200045  0.20452101528644562
7900047  0.20451995730400085
9100047  0.20427602529525757
9200049  0.20419707894325256
7500049  0.20414601266384125
8500048  0.20407724380493164
9600046  0.20358219742774963
8000044  0.20356303453445435
8600045  0.20342734456062317
8000049  0.20339082181453705
7100042  0.20328974723815918
9100043  0.20316921174526215
8900043  0.20293864607810974
5200048  0.20289596915245056
7100048  0.20279157161712646
5200049  0.20229212939739227
7900042  0.2022477090358734
2200049  0.2021971046924591
9600045  0.20219387114048004
3200049  0.20182225108146667
7900045  0.2017730325460434
9600043  0.20175984501838684
3300044  0.20170295238494873
8900041  0.20158183574676514
9600042  0.20154884457588196
9600044  0.20152431726455688
9800046  0.20136874914169312
10100044  0.20092043280601501
10300044  0.20083630084991455
3100041  0.200480654835701
9800042  0.200280100107193
8900042  0.2001635879278183
8600043  0.20014406740665436
2200034  0.2000044584274292
8600034  0.1997031420469284
8900031  0.19951899349689484
2200045  0.19873064756393433
5200044  0.19862143695354462
9300032  0.19817018508911133
1900041  0.19805796444416046
8800041  0.1980482041835785
2200031  0.1980430781841278
7500044  0.1979665756225586
9000034  0.19666379690170288
9200028  0.19664010405540466
1500031  0.1962743103504181
7700030  0.1954822838306427
7800032  0.1948505938053131
3300031  0.19476550817489624
2100031  0.19474543631076813
3100033  0.19474376738071442
8500031  0.19468195736408234
9200030  0.19442616403102875
7500031  0.19426798820495605
3100031  0.1940339356660843
8900032  0.1937227100133896
8800030  0.19367308914661407
8500032  0.19365979731082916
7900031  0.19361895322799683
7600030  0.19361773133277893
3300032  0.19331414997577667
8800031  0.19329412281513214
7600031  0.1931723803281784
9000033  0.19299156963825226
7700031  0.1928786337375641
7900032  0.19272242486476898
8600028  0.19245898723602295
1500030  0.19241133332252502
8700030  0.19231602549552917
3400031  0.19221071898937225
1900033  0.19220945239067078
5200032  0.1921439915895462
7100029  0.19201229512691498
8700029  0.19186504185199738
1500029  0.19182468950748444
2200030  0.19167736172676086
9500033  0.19164614379405975
9100029  0.19159595668315887
5200028  0.19157740473747253
8600029  0.19155800342559814
7500032  0.19143863022327423
7900033  0.19127431511878967
7100033  0.19120065867900848
8800029  0.191079780459404
8500029  0.19076332449913025
4000029  0.19075964391231537
8000028  0.19048663973808289
5200029  0.1901092678308487
7500028  0.18971221148967743
9200029  0.18945950269699097
1900029  0.18939641118049622
2200029  0.18934887647628784
7600032  0.1893312782049179
6800030  0.18894745409488678
8600030  0.18844449520111084
8000030  0.18771076202392578
8800028  0.1874215453863144
7500030  0.1872553676366806
9100028  0.18688230216503143
7100030  0.1864517331123352
6800017  0.15382777154445648
1900015  0.1536601185798645
1100007  0.15289264917373657
4300015  0.1517813503742218
5700016  0.151600643992424
1200009  0.1513192057609558
6000017  0.15113843977451324
5400015  0.15075740218162537
3900015  0.1502474993467331
2900015  0.1501750499010086
6000016  0.1500920206308365
5700017  0.15000705420970917
2800016  0.14959807693958282
5700015  0.1495407223701477
2200014  0.14943429827690125
2500015  0.1493271291255951
5400016  0.14931844174861908
1900016  0.1492728739976883
5600015  0.14917504787445068
4000016  0.14896807074546814
4300016  0.14895467460155487
2900014  0.14872346818447113
5400017  0.1486499011516571
3900016  0.1485653519630432
5300015  0.1484711468219757
4000017  0.14839227497577667
5100015  0.1483357697725296
1500017  0.14816273748874664
3000015  0.1481405645608902
1900017  0.14788596332073212
2100013  0.14783217012882233
6400017  0.1477675884962082
1400009  0.14766034483909607
2100016  0.14759154617786407
3000013  0.14722445607185364
2100011  0.14715665578842163
6600017  0.14715246856212616
1400011  0.14712463319301605
3100013  0.14704537391662598
1900011  0.14703944325447083
4300014  0.14692769944667816
2800015  0.1467209905385971
3200013  0.14671361446380615
6500017  0.14664286375045776
4000014  0.14658166468143463
2900013  0.14651085436344147
2400011  0.14647486805915833
4300017  0.14605844020843506
3300013  0.1460009664297104
3100017  0.14598926901817322
5200015  0.1459619253873825
2500012  0.14587663114070892
2400014  0.14582262933254242
1200012  0.14578132331371307
1500009  0.14575855433940887
2800013  0.14570514857769012
3400013  0.14541156589984894
3900014  0.14476445317268372
1400015  0.14448300004005432
1500011  0.14446048438549042
1700010  0.14377355575561523
2800014  0.14340569078922272
