7100057  0.4659261405467987
9600077  0.4637296199798584
2800013  0.46221598982810974
5200036  0.462171345949173
7100042  0.46195125579833984
9800076  0.46190813183784485
2800016  0.46187102794647217
7100039  0.46109041571617126
9800075  0.4593048691749573
2800015  0.4588490128517151
7100058  0.458482563495636
5200037  0.4570293724536896
5400016  0.45683684945106506
5400026  0.45680251717567444
2800014  0.4559915363788605
9800072  0.45580536127090454
2800019  0.4556678831577301
7100040  0.4554019570350647
5400015  0.45521247386932373
7100041  0.45419347286224365
5400017  0.4515115022659302
7100056  0.4504910409450531
7100049  0.4496593475341797
9800070  0.44889122247695923
7100048  0.4475249946117401
5400018  0.44729679822921753
8700030  0.4452085494995117
10500085  0.44362500309944153
1900029  0.44362401962280273
11401139  0.4431319236755371
8900088  0.44266200065612793
9200049  0.4422203004360199
9200106  0.44179567694664
4000016  0.4408450722694397
8900092  0.4401150047779083
10500093  0.4399957060813904
3300031  0.4394535720348358
4000014  0.4390875995159149
4000017  0.4390811622142792
8700025  0.43894341588020325
9200093  0.438748300075531
8700026  0.4386296272277832
10500056  0.43858811259269714
9600066  0.4382270574569702
5200068  0.43809014558792114
11401481  0.43770861625671387
8900095  0.43753618001937866
11401113  0.4374959170818329
4000021  0.4371583163738251
2900014  0.436626672744751
8900093  0.4365321695804596
8900094  0.4365262985229492
8600045  0.43624573945999146
3400022  0.43618354201316833
5600020  0.4361562132835388
10500145  0.4361271858215332
6900021  0.43597716093063354
9600074  0.4359000027179718
8600040  0.4358437657356262
8600046  0.4354270398616791
8900084  0.4344789385795593
3400018  0.4344196021556854
7300019  0.43420591950416565
5600023  0.43375691771507263
2900015  0.43370407819747925
8600065  0.4336719214916229
9200057  0.4336158037185669
9600059  0.4333077371120453
8600059  0.43301597237586975
4000024  0.4329153597354889
8300039  0.43289715051651
1300024  0.4327550232410431
5600024  0.43246975541114807
8600047  0.4317677319049835
10500065  0.4317289888858795
7100107  0.43170449137687683
8600041  0.43144068121910095
7300018  0.43143415451049805
6500019  0.431293249130249
1900018  0.43128377199172974
1200009  0.4312629997730255
10500089  0.4309483468532562
5600035  0.43093740940093994
9600068  0.4306783974170685
5600021  0.4302586019039154
3300019  0.4302550256252289
9200105  0.43009892106056213
1900025  0.4299948215484619
3300021  0.429971843957901
7800032  0.42984458804130554
3300020  0.42913973331451416
3300041  0.42913398146629333
10500054  0.4288790225982666
1900016  0.42875492572784424
7900091  0.4287315607070923
7300020  0.42863884568214417
2200052  0.4284513592720032
4000029  0.42838597297668457
9200112  0.4283449351787567
7100052  0.4283260405063629
5600028  0.4283234179019928
8700029  0.42830365896224976
9200034  0.4282117784023285
3400031  0.4281252920627594
6900019  0.42809972167015076
1900041  0.42771008610725403
8600035  0.4272652566432953
1900015  0.427102655172348
2100057  0.42679691314697266
9600071  0.426723450422287
1100007  0.4266631603240967
10700117  0.42663395404815674
9600092  0.4263818860054016
6800034  0.4262235462665558
10700116  0.42615604400634766
9000087  0.42612898349761963
1900011  0.4257838726043701
4300027  0.42577141523361206
8600034  0.42575180530548096
10400070  0.4257422387599945
9200030  0.42558494210243225
3300044  0.4255712628364563
9200027  0.42552804946899414
2200030  0.42547452449798584
1200012  0.42535343766212463
10500066  0.42532217502593994
3300025  0.42524123191833496
7900042  0.4252186417579651
3200058  0.42517244815826416
9000081  0.425005704164505
8300038  0.4249880611896515
11401502  0.42487475275993347
8800036  0.4248087406158447
3300037  0.4247610569000244
10500155  0.4246934950351715
10500057  0.42464330792427063
3200080  0.4244805872440338
8600030  0.4244319200515747
8600061  0.42418503761291504
11400657  0.4241662919521332
7900041  0.42411506175994873
2200014  0.4240921437740326
2200063  0.4240792989730835
9100046  0.4240550696849823
6900018  0.4240514934062958
10700096  0.42392081022262573
8000044  0.4239181578159332
9000033  0.4238572418689728
9200028  0.4237610697746277
2200041  0.4236198365688324
9100047  0.42351624369621277
6500018  0.4234834611415863
7700040  0.4234798848628998
8600036  0.42345598340034485
9000047  0.4232828617095947
1900017  0.4232042729854584
2900018  0.4231473207473755
2100046  0.42313843965530396
10500058  0.4231354594230652
7700031  0.42307519912719727
8600043  0.42307204008102417
6900023  0.42301276326179504
3100049  0.4229159355163574
2200040  0.4228458106517792
7400024  0.42281976342201233
9000086  0.42281442880630493
3900014  0.4227755665779114
3300024  0.4227464199066162
9000085  0.42264604568481445
9200029  0.42263659834861755
3100041  0.42258819937705994
7200024  0.42254042625427246
7200018  0.4225168824195862
5200072  0.42243334650993347
8600068  0.4223329722881317
8000089  0.42229482531547546
10500059  0.42226046323776245
2400036  0.42218321561813354
2200060  0.4220872223377228
10000039  0.4220627248287201
8800038  0.4219955503940582
9600038  0.42193499207496643
8000077  0.42179569602012634
3300026  0.4217337369918823
6000021  0.42169463634490967
7100088  0.42168736457824707
10500171  0.42162880301475525
7900064  0.4215983748435974
10400074  0.4214644432067871
2100013  0.42145341634750366
8900039  0.4213463068008423
1500031  0.42133432626724243
1900033  0.42122626304626465
7700026  0.4211611747741699
8600027  0.42114946246147156
6500017  0.42114725708961487
10600057  0.42114290595054626
3900015  0.4211396276950836
6800022  0.4211028516292572
6800030  0.4210694134235382
7500055  0.4210200011730194
4300026  0.42095470428466797
2200057  0.4208986759185791
4300021  0.4208262860774994
3200081  0.4207287132740021
2200035  0.42067188024520874
9000089  0.4206659495830536
3400027  0.42065370082855225
1900037  0.42059147357940674
5200052  0.42057448625564575
3300022  0.42053884267807007
5100027  0.42052337527275085
7600031  0.42041298747062683
10500179  0.42040908336639404
9000052  0.4203885495662689
4300015  0.420350044965744
9600087  0.42032837867736816
9000100  0.4203205406665802
4300023  0.4201878309249878
8000076  0.4201381504535675
11401082  0.4201071560382843
4300020  0.42008721828460693
8000093  0.4199920892715454
5200040  0.41998961567878723
3300032  0.4199553430080414
7900031  0.4198506772518158
1500017  0.4197629392147064
9600088  0.41962552070617676
9100035  0.41956499218940735
10400069  0.4195334315299988
2100050  0.41953030228614807
9800065  0.419503390789032
11400893  0.4195011258125305
9000103  0.41946637630462646
2400018  0.41940808296203613
8000078  0.4193682372570038
3300023  0.4192151427268982
10700127  0.4191797375679016
7500063  0.4191429615020752
7900079  0.41914102435112
2100016  0.4191157817840576
8900036  0.41907158493995667
3100052  0.4189421534538269
9600104  0.4189354181289673
9600093  0.41890668869018555
10500060  0.41887015104293823
10500055  0.41881659626960754
9000048  0.4188120663166046
7900057  0.4187625050544739
3400013  0.4186983108520508
8600024  0.4186738431453705
7900038  0.4186341464519501
7900047  0.41860949993133545
5600015  0.4185919463634491
2200048  0.4185613691806793
9000093  0.418500691652298
7900055  0.41846227645874023
9600045  0.41843920946121216
3100021  0.41843318939208984
7500030  0.418425589799881
8000113  0.41842415928840637
10500151  0.41827914118766785
9800040  0.4182324707508087
10500052  0.4181879758834839
8000112  0.4181653559207916
9800051  0.418061763048172
8000084  0.41803231835365295
2200047  0.4179282486438751
7200019  0.41792556643486023
10300047  0.4179239571094513
8900052  0.4178924858570099
8000051  0.41787847876548767
8500063  0.4177016019821167
5100021  0.417682945728302
7100053  0.4176497161388397
7900024  0.41764023900032043
2200051  0.41762015223503113
7100029  0.41753891110420227
10500053  0.4175093472003937
2900013  0.41749754548072815
9600086  0.4174264073371887
9800056  0.417420893907547
3200072  0.41741278767585754
8900027  0.417381227016449
7800020  0.41736921668052673
7500064  0.417357474565506
2200046  0.4173341989517212
1500011  0.41724932193756104
10400094  0.41721490025520325
3200053  0.41713079810142517
2200045  0.4170892834663391
9000080  0.4170127213001251
7900073  0.4169574975967407
7900062  0.4169502556324005
1500019  0.41680485010147095
9600103  0.4167700707912445
7100030  0.4167403280735016
3900016  0.4166035056114197
10400080  0.41660234332084656
2200062  0.416545033454895
3200067  0.41650518774986267
2200034  0.4164547920227051
2200058  0.416443407535553
7100069  0.41639620065689087
9800047  0.4163779318332672
3100046  0.41634830832481384
3000015  0.4163440465927124
4300028  0.41628116369247437
11000095  0.41625553369522095
10500174  0.4162229001522064
10500148  0.4162212014198303
9000059  0.4161858856678009
5200029  0.4161777198314667
10700104  0.4161522090435028
5200032  0.41609063744544983
7500044  0.4159998297691345
5100026  0.41587474942207336
7500028  0.41582557559013367
7100110  0.4157295227050781
7900033  0.41568416357040405
7900071  0.41559478640556335
3100018  0.41559141874313354
8900037  0.41554737091064453
8000064  0.415458619594574
4300016  0.4154132604598999
9800041  0.41530489921569824
5700015  0.41530296206474304
9800066  0.41530269384384155
9600043  0.4150930643081665
10700107  0.41502511501312256
10900073  0.41495272517204285
10400084  0.41485702991485596
11400646  0.4147967994213104
2200038  0.4147718548774719
3000013  0.41475945711135864
8000068  0.4146648645401001
8800030  0.41461896896362305
9700038  0.4146120250225067
7900027  0.4144597053527832
10500144  0.41438063979148865
10700119  0.41432926058769226
7100103  0.4143168330192566
6800017  0.4142531752586365
8000049  0.4142463505268097
8900056  0.4141790568828583
2100031  0.41415080428123474
7900020  0.4141327738761902
10400059  0.41411539912223816
10700136  0.4141016900539398
5300018  0.41401687264442444
4300014  0.41400983929634094
8000061  0.4139305353164673
9100053  0.413873553276062
5300015  0.41385355591773987
2200049  0.4138157367706299
8000117  0.4137638509273529
9000058  0.4137473404407501
8800027  0.4137119948863983
9100043  0.4137006998062134
7900036  0.4136878252029419
8900041  0.4136454463005066
1500029  0.41360852122306824
2100024  0.4135037362575531
10400051  0.4134548306465149
11401681  0.4134168326854706
9800045  0.4133208990097046
3100053  0.4131649136543274
2200031  0.41313081979751587
8000021  0.4130278527736664
1400009  0.41296279430389404
7600032  0.41296014189720154
6400028  0.41295626759529114
9300032  0.41295579075813293
8800041  0.41283702850341797
3100036  0.4127263128757477
2500015  0.4127063453197479
3200013  0.4126802384853363
7600030  0.41266345977783203
10400076  0.41264620423316956
9600096  0.41248348355293274
11400702  0.4124618470668793
6800018  0.4124457836151123
7500032  0.41238933801651
5200049  0.4123506546020508
7900059  0.41230592131614685
10500143  0.41230228543281555
10700133  0.4122565686702728
10700118  0.41219162940979004
2200037  0.41215842962265015
8800025  0.4121495187282562
8800029  0.41211074590682983
10700123  0.41211017966270447
7400019  0.41206037998199463
9000083  0.41205838322639465
2200039  0.41203784942626953
2200036  0.4119722545146942
7600059  0.4119392931461334
3300013  0.4119345247745514
10400106  0.4118911921977997
10400096  0.4118480384349823
7900075  0.4117735028266907
5200053  0.41176363825798035
9000051  0.41174590587615967
2100054  0.41172662377357483
6800019  0.4116332530975342
3100013  0.41156360507011414
3200068  0.41148173809051514
1400011  0.4114221930503845
4300017  0.4113520681858063
6600017  0.4113241136074066
7900026  0.4113141894340515
5200028  0.41130921244621277
9500033  0.4112960696220398
3100033  0.4112832546234131
8000037  0.41126590967178345
2200056  0.4112628400325775
9600047  0.41114169359207153
6000023  0.41110092401504517
9600037  0.41109415888786316
5100025  0.41108831763267517
2200050  0.411012202501297
7900045  0.4109686315059662
7700020  0.410939484834671
8000079  0.4107687771320343
8900060  0.4107499420642853
8900042  0.41065338253974915
9000097  0.4105747938156128
8000119  0.41054853796958923
9100048  0.41049084067344666
7500066  0.41044846177101135
10700130  0.4101908802986145
7500024  0.41014596819877625
8900049  0.4101181626319885
7500049  0.41011592745780945
10400090  0.41006818413734436
8000111  0.4100639522075653
2200059  0.4100331664085388
3100037  0.4099951684474945
6400020  0.409951776266098
7900074  0.40991729497909546
7200020  0.40984225273132324
7500059  0.40982311964035034
9100041  0.40978193283081055
10400110  0.4097357392311096
9600044  0.40971291065216064
10700095  0.4096354842185974
9600094  0.40955567359924316
8900032  0.4095122218132019
2200061  0.4094746708869934
10400098  0.40941256284713745
9000034  0.4094059467315674
9700060  0.4093557596206665
7800039  0.40932437777519226
6900022  0.4093226194381714
5100015  0.4093194305896759
7700030  0.40931227803230286
3200049  0.409259557723999
1500030  0.40925732254981995
7700024  0.40913066267967224
5200048  0.40908607840538025
8000085  0.4090571701526642
10700120  0.4090021550655365
10400104  0.4089913070201874
2100021  0.40887632966041565
7200023  0.40882283449172974
2400037  0.4087885022163391
7900072  0.4087566137313843
10400086  0.4086933434009552
9600042  0.40862786769866943
3100055  0.4086240828037262
2400024  0.4083852171897888
11400777  0.4083734154701233
10400092  0.4083004295825958
6400026  0.4081732928752899
5200044  0.4081484377384186
7500040  0.4080730378627777
8900043  0.4080687463283539
10700101  0.40801867842674255
2200029  0.4080123007297516
10500231  0.4079832434654236
8500038  0.407965749502182
10700094  0.40793174505233765
1500009  0.4078083038330078
10700110  0.4077867865562439
10400102  0.4077453911304474
5700016  0.4077366888523102
8600029  0.40773308277130127
3100031  0.40770864486694336
5100022  0.4077063202857971
8500029  0.4075813293457031
7900056  0.4075669050216675
8000086  0.4074712097644806
7100062  0.4074004292488098
8800028  0.4073454439640045
3200076  0.40732723474502563
7100071  0.4072151780128479
8900054  0.4071774184703827
11400689  0.40716734528541565
10500230  0.40715354681015015
7900037  0.4071294963359833
9200045  0.40711572766304016
5100018  0.40711256861686707
11400743  0.40710359811782837
8800037  0.40709051489830017
9800052  0.40708455443382263
5300019  0.4070574939250946
7500053  0.40705549716949463
8000118  0.40691518783569336
9000084  0.4068242609500885
5700017  0.4067838191986084
7100033  0.4065457880496979
7700025  0.40648916363716125
7100064  0.406459778547287
7100063  0.40643370151519775
10400088  0.40621501207351685
3100019  0.40617835521698
9600090  0.4061538279056549
9600046  0.40602198243141174
10400082  0.4059765934944153
7100020  0.4059588313102722
10700121  0.4059247076511383
7900046  0.40589919686317444
9100028  0.40559208393096924
6400018  0.4055444002151489
8000028  0.40525364875793457
2500012  0.40525317192077637
6400017  0.4051803648471832
6000016  0.40513378381729126
2400021  0.4050515592098236
9000082  0.40494900941848755
2200064  0.404825896024704
3100040  0.40471306443214417
8500040  0.4045884907245636
7700041  0.4045168459415436
2100011  0.40450504422187805
8000058  0.40449994802474976
7100034  0.4044809937477112
2100020  0.4043954610824585
1500023  0.4043882191181183
9800038  0.40435734391212463
8000050  0.4042069613933563
8500034  0.40400198101997375
3100035  0.403623104095459
2400025  0.4036104083061218
8000120  0.40355387330055237
8000030  0.4034768342971802
5200073  0.40345844626426697
5200015  0.40344056487083435
5200045  0.4034302234649658
7900054  0.4033123552799225
8000053  0.403293639421463
5200021  0.4031645655632019
6400022  0.4030415713787079
6400023  0.40302208065986633
5200024  0.402784526348114
1700020  0.4027411937713623
8600023  0.4026912450790405
3100054  0.40265414118766785
7100111  0.4026165306568146
7500031  0.4025627076625824
7100021  0.40247222781181335
8900026  0.4024307131767273
2100028  0.40242165327072144
9100026  0.4023802578449249
9800042  0.4023551642894745
7100087  0.4016963839530945
8000075  0.4016778767108917
3100039  0.4016767740249634
8300022  0.4014684557914734
3100017  0.40145716071128845
8900031  0.4013780951499939
10300044  0.40120694041252136
10400100  0.40117233991622925
3200057  0.4010049104690552
2400011  0.40039438009262085
8900028  0.40037181973457336
8900046  0.40036994218826294
8800031  0.4002907872200012
7900032  0.40026208758354187
8600028  0.4002155661582947
2400014  0.4001222252845764
5200022  0.39978763461112976
6600021  0.39973360300064087
9800046  0.3996567726135254
1700010  0.39950254559516907
3100020  0.3992948532104492
8000023  0.3992939591407776
1400015  0.3991413414478302
7100083  0.3990660309791565
1500022  0.3988983929157257
8300024  0.3987189829349518
8500022  0.39854323863983154
8300105  0.39851197600364685
6400021  0.39833810925483704
10700112  0.3982120156288147
7100025  0.39808499813079834
10700103  0.397238552570343
8500048  0.3970501124858856
7100018  0.3970227837562561
8500037  0.39682990312576294
7100084  0.3966192305088043
8500032  0.39652228355407715
10700102  0.3964468538761139
10700089  0.3963250517845154
6000017  0.3960524797439575
8900035  0.3960177004337311
10700098  0.3959735333919525
1700024  0.39590984582901
10700093  0.39590582251548767
1700018  0.3955753743648529
3100034  0.39503294229507446
9100029  0.3948926329612732
5200018  0.3947586119174957
8500031  0.3940488398075104
1700027  0.39369767904281616
9000026  0.39358922839164734
7100035  0.3935546576976776
7100077  0.39339813590049744
8300100  0.39266055822372437
8500055  0.3926406800746918
10100044  0.3916143774986267
8500039  0.39054885506629944
8500026  0.3878819942474365
7600020  0.3867672085762024
8500047  0.37710678577423096
