5400026  1.0
9600077  1.0
2800019  0.9929576588559564
7100056  0.9929576588559564
7100057  0.9929576588559564
7100058  0.9929576588559564
9800075  0.9793081070841201
9800076  0.9793081070841201
5200036  0.9759827728404614
5200037  0.9759827728404614
2800013  0.9726910846347603
2800014  0.9726910846347603
2800015  0.9726910846347603
2800016  0.9726910846347603
7100039  0.9726910846347603
7100040  0.9726910846347603
7100041  0.9726910846347603
7100042  0.9726910846347603
5400015  0.9678154093971983
5400016  0.9678154093971983
5400017  0.9678154093971983
5400018  0.9678154093971983
9800072  0.9630123256085185
9800070  0.9614271190595561
7100048  0.8998879212954087
7100049  0.8998879212954087
1300024  0.8955878461076471
8700025  0.8955878461076471
8700026  0.8955878461076471
8700029  0.8955878461076471
8700030  0.8955878461076471
8900088  0.8565520778919354
11401481  0.8310068657244868
8900095  0.8112210705428823
8900092  0.8102728281725646
8900093  0.8102728281725646
8900094  0.8102728281725646
10500085  0.7893414134342033
8900084  0.7858641215772721
9200057  0.7750791399240209
3400018  0.7715821298156453
3400022  0.7715821298156453
9200093  0.7686392016346334
8600035  0.7616993972426681
1900037  0.7496665925596525
4000024  0.7449547248105398
9600071  0.7415538770998898
9600074  0.7415538770998898
10500155  0.7411174100283884
4000014  0.7405097737372692
4000021  0.7405097737372692
1900025  0.7404776211562992
9600068  0.7401069413269881
9600066  0.7393866424299881
5200040  0.7379523313946862
7100052  0.7372382989764953
10500093  0.7361614697097331
1900041  0.7346007217252428
2900018  0.7346007217252428
1200009  0.7344027565506374
1200012  0.7344027565506374
3300019  0.7344027565506374
3300020  0.7344027565506374
3300021  0.7344027565506374
3300022  0.7344027565506374
3300023  0.7344027565506374
3300024  0.7344027565506374
3300025  0.7344027565506374
3300026  0.7344027565506374
3300031  0.7344027565506374
3300032  0.7344027565506374
3300037  0.7344027565506374
3300041  0.7344027565506374
3300044  0.7344027565506374
5600020  0.7344027565506374
5600021  0.7344027565506374
5600023  0.7344027565506374
5600024  0.7344027565506374
5600028  0.7344027565506374
5600035  0.7344027565506374
6500017  0.7344027565506374
6500018  0.7344027565506374
6500019  0.7344027565506374
6900018  0.7344027565506374
6900019  0.7344027565506374
6900021  0.7344027565506374
6900022  0.7344027565506374
6900023  0.7344027565506374
8300038  0.7344027565506374
8600040  0.7344027565506374
8600041  0.7344027565506374
8600043  0.7344027565506374
8600045  0.7344027565506374
8600046  0.7344027565506374
2900013  0.7338759058391019
2900014  0.7338759058391019
2900015  0.7338759058391019
8600061  0.7338759058391019
8600068  0.7338759058391019
9600059  0.7336989684095315
1100007  0.7329971997473633
8600059  0.7329971997473633
8600065  0.7329971997473633
7900091  0.7322974409246101
4000016  0.7320871776806313
4000017  0.7320871776806313
10400069  0.7315633004648318
10400070  0.7315633004648318
10400074  0.7315633004648318
10500145  0.7312285203707888
7300018  0.7304361406498084
7300019  0.7304361406498084
7300020  0.7304361406498084
1900011  0.7302101280587284
1900015  0.7302101280587284
1900016  0.7302101280587284
1900017  0.7302101280587284
1900018  0.7302101280587284
5200068  0.7302101280587284
9200049  0.7272228404076417
7800032  0.7268516837237984
10500148  0.7268473851258611
7400024  0.7259899742522248
8500063  0.7259899742522248
3400031  0.7254083184417033
8600036  0.7254083184417033
10600057  0.7250770235820068
8300039  0.7243039461385115
7900041  0.7220393572576206
7900042  0.7220393572576206
9600096  0.7220393572576206
9600103  0.7220393572576206
9600104  0.7220393572576206
10400059  0.721541411966957
7900079  0.7204915755049655
8600047  0.720320213491481
3200072  0.7197214079139103
10500089  0.716736459053637
3400027  0.7147790504128467
8600034  0.7147790504128467
9600090  0.7119823937878192
9600092  0.7119823937878192
3000013  0.710542589697962
5200028  0.710542589697962
5200029  0.710542589697962
7100029  0.710542589697962
7100030  0.710542589697962
7200018  0.710542589697962
7200019  0.710542589697962
7200020  0.710542589697962
9600086  0.710542589697962
9600087  0.710542589697962
9600088  0.710542589697962
7900071  0.7091114853454515
7100053  0.707688993470931
7900036  0.7062750280354577
7900037  0.7062750280354577
7900038  0.7062750280354577
5100021  0.7055712161735124
5100022  0.7055712161735124
9200027  0.7008985242235436
9200028  0.7008985242235436
9200029  0.7008985242235436
9200034  0.7008985242235436
9200045  0.6945888926441961
4000029  0.6928247415667782
9200030  0.6926784846777412
10500143  0.687226623470126
10500144  0.687226623470126
10500151  0.687226623470126
10500052  0.673764051259031
10500053  0.673764051259031
10500054  0.673764051259031
10500055  0.673764051259031
10500056  0.673764051259031
10500057  0.673764051259031
10500058  0.673764051259031
10500059  0.673764051259031
10500060  0.673764051259031
10500065  0.673764051259031
3100049  0.6615849938215378
6400017  0.6615849938215378
6400018  0.6615849938215378
6400020  0.6615849938215378
6400021  0.6615849938215378
6400022  0.6615849938215378
6400023  0.6615849938215378
6400026  0.6615849938215378
6400028  0.6615849938215378
3100017  0.6605568890918542
3100018  0.6605568890918542
3100019  0.6605568890918542
3100020  0.6605568890918542
3100021  0.6605568890918542
3100031  0.6605568890918542
3100033  0.6605568890918542
3100034  0.6605568890918542
3100035  0.6605568890918542
3100036  0.6605568890918542
3100037  0.6605568890918542
3100039  0.6605568890918542
3100040  0.6605568890918542
3100041  0.6605568890918542
3100046  0.6605568890918542
3100052  0.6605568890918542
3100053  0.6605568890918542
3100054  0.6605568890918542
3100055  0.6605568890918542
10500066  0.6588923722269955
3100013  0.6381585828080621
9200105  0.6350230404430066
9200106  0.6350230404430066
9200112  0.6350230404430066
11401113  0.6310748173073197
2400025  0.6277813288992005
5200072  0.6269026981972505
5200073  0.6269026981972505
9800045  0.6269026981972505
9800046  0.6269026981972505
9800047  0.6269026981972505
1400015  0.6264647640200199
2500012  0.6264647640200199
2500015  0.6264647640200199
3200076  0.6264647640200199
3200080  0.6264647640200199
3200081  0.6264647640200199
3300013  0.6264647640200199
5100015  0.6264647640200199
5100018  0.6264647640200199
5600015  0.6264647640200199
6000016  0.6264647640200199
6000017  0.6264647640200199
6000023  0.6264647640200199
7100107  0.6264647640200199
7100110  0.6264647640200199
7100111  0.6264647640200199
7500024  0.6264647640200199
7500028  0.6264647640200199
7500030  0.6264647640200199
7500031  0.6264647640200199
7500032  0.6264647640200199
7500040  0.6264647640200199
7500044  0.6264647640200199
7500049  0.6264647640200199
7500053  0.6264647640200199
7500055  0.6264647640200199
7500059  0.6264647640200199
7500063  0.6264647640200199
7500064  0.6264647640200199
7500066  0.6264647640200199
7900020  0.6264647640200199
7900024  0.6264647640200199
7900026  0.6264647640200199
7900027  0.6264647640200199
7900031  0.6264647640200199
7900032  0.6264647640200199
7900033  0.6264647640200199
8000049  0.6264647640200199
8000050  0.6264647640200199
8000051  0.6264647640200199
8000053  0.6264647640200199
8000058  0.6264647640200199
8000061  0.6264647640200199
8000064  0.6264647640200199
8000068  0.6264647640200199
8000075  0.6264647640200199
8000076  0.6264647640200199
8000077  0.6264647640200199
8000084  0.6264647640200199
8000085  0.6264647640200199
8000086  0.6264647640200199
8000089  0.6264647640200199
8000093  0.6264647640200199
8000111  0.6264647640200199
8000112  0.6264647640200199
8000113  0.6264647640200199
8600023  0.6264647640200199
8600024  0.6264647640200199
8600027  0.6264647640200199
8600028  0.6264647640200199
8600029  0.6264647640200199
8600030  0.6264647640200199
8900037  0.6264647640200199
8900039  0.6264647640200199
8900041  0.6264647640200199
8900042  0.6264647640200199
8900043  0.6264647640200199
8900046  0.6264647640200199
8900052  0.6264647640200199
8900054  0.6264647640200199
8900056  0.6264647640200199
8900060  0.6264647640200199
9500033  0.6264647640200199
9600037  0.6264647640200199
9600038  0.6264647640200199
9600042  0.6264647640200199
9600043  0.6264647640200199
9600044  0.6264647640200199
9600045  0.6264647640200199
9600046  0.6264647640200199
9600047  0.6264647640200199
10000039  0.6264647640200199
10900073  0.6264647640200199
2400014  0.626027746342823
2400018  0.626027746342823
2400021  0.626027746342823
2400024  0.626027746342823
2400036  0.626027746342823
3200053  0.626027746342823
8900036  0.626027746342823
3200049  0.6255916419733912
8000044  0.6255916419733912
8900035  0.6255916419733912
1400009  0.6251564477350012
1400011  0.6251564477350012
3400013  0.6251564477350012
8000021  0.6251564477350012
8000023  0.6251564477350012
8000028  0.6251564477350012
8000030  0.6251564477350012
8000037  0.6251564477350012
8900049  0.6245649222822229
11401681  0.6242887770215942
3200067  0.6238562942699841
3200068  0.6238562942699841
3200013  0.6234247090960383
2400037  0.6227036856542321
11400893  0.6227036856542321
6600017  0.6217072823920975
6600021  0.6217072823920975
7400019  0.6217072823920975
8800025  0.6217072823920975
8800027  0.6217072823920975
8800028  0.6217072823920975
8800029  0.6217072823920975
8800030  0.6217072823920975
8800031  0.6217072823920975
8800036  0.6217072823920975
8800037  0.6217072823920975
8800038  0.6217072823920975
8800041  0.6217072823920975
9300032  0.6217072823920975
9700038  0.6217072823920975
9700060  0.6217072823920975
11000095  0.6217072823920975
11400646  0.6217072823920975
11400657  0.6217072823920975
11400689  0.6217072823920975
11400702  0.6217072823920975
11400743  0.6217072823920975
11400777  0.6217072823920975
5300015  0.6195803268509782
5300018  0.6195803268509782
5300019  0.6195803268509782
8900031  0.6195803268509782
8900032  0.6195803268509782
9800038  0.6195803268509782
9800040  0.6195803268509782
9800041  0.6195803268509782
9800042  0.6195803268509782
10300044  0.6195803268509782
10300047  0.6195803268509782
10400051  0.6195803268509782
2400011  0.6178943908637378
8900026  0.6178943908637378
8900027  0.6178943908637378
8900028  0.6178943908637378
1700010  0.6137390351095148
1700018  0.6137390351095148
1700020  0.6137390351095148
1700024  0.6137390351095148
1700027  0.6137390351095148
5200015  0.6137390351095148
5200018  0.6137390351095148
5200021  0.6137390351095148
5200022  0.6137390351095148
5200024  0.6137390351095148
5200048  0.6137390351095148
5200049  0.6137390351095148
7100018  0.6137390351095148
7100020  0.6137390351095148
7100021  0.6137390351095148
7100025  0.6137390351095148
7100069  0.6137390351095148
7100071  0.6137390351095148
7100077  0.6137390351095148
7100083  0.6137390351095148
7100084  0.6137390351095148
7100103  0.6137390351095148
7800020  0.6137390351095148
8300022  0.6137390351095148
8300024  0.6137390351095148
8300100  0.6137390351095148
8300105  0.6137390351095148
8500022  0.6137390351095148
8500029  0.6137390351095148
8500031  0.6137390351095148
8500032  0.6137390351095148
8500034  0.6137390351095148
8500037  0.6137390351095148
8500038  0.6137390351095148
8500039  0.6137390351095148
8500040  0.6137390351095148
8500047  0.6137390351095148
8500048  0.6137390351095148
10100044  0.6137390351095148
9100053  0.6130941577810153
10700110  0.6126438498555674
7600059  0.6121945327068553
9100043  0.6121945327068553
9100046  0.6121945327068553
9100047  0.6121945327068553
9100048  0.6121945327068553
7600020  0.611965212327582
8500055  0.611965212327582
9000026  0.611965212327582
9100026  0.611965212327582
9100028  0.611965212327582
9100029  0.611965212327582
10700089  0.611965212327582
10700093  0.611965212327582
10700094  0.611965212327582
10700095  0.611965212327582
10700096  0.611965212327582
10700098  0.611965212327582
10700101  0.611965212327582
10700102  0.611965212327582
10700103  0.611965212327582
10700112  0.611965212327582
7600030  0.6108524897349551
7600031  0.6108524897349551
7600032  0.6108524897349551
9100041  0.6108524897349551
10700107  0.6108524897349551
10700130  0.6108524897349551
9000080  0.6104070995993727
9000081  0.6104070995993727
9000082  0.6104070995993727
9000083  0.6104070995993727
9000097  0.6104070995993727
10700116  0.6104070995993727
10700117  0.6104070995993727
8500026  0.61005559815589
7800039  0.6099626822855612
10700104  0.6099626822855612
8000078  0.6086707939009363
8000079  0.6086707939009363
8000117  0.6086707939009363
8000118  0.6086707939009363
8000119  0.6086707939009363
8000120  0.6086707939009363
2200029  0.6053271393242172
2200030  0.6053271393242172
2200031  0.6053271393242172
2200034  0.6053271393242172
2200035  0.6053271393242172
2200036  0.6053271393242172
2200037  0.6053271393242172
2200038  0.6053271393242172
2200039  0.6053271393242172
2200040  0.6053271393242172
2200041  0.6053271393242172
2200045  0.6053271393242172
2200046  0.6053271393242172
2200047  0.6053271393242172
2200048  0.6053271393242172
2200049  0.6053271393242172
2200050  0.6053271393242172
2200051  0.6053271393242172
2200052  0.6053271393242172
2200056  0.6053271393242172
2200057  0.6053271393242172
2200058  0.6053271393242172
2200059  0.6053271393242172
2200060  0.6053271393242172
2200061  0.6053271393242172
2200062  0.6053271393242172
2200063  0.6053271393242172
2200064  0.6053271393242172
2200014  0.6040540546668838
1900029  0.5907837310215858
1900033  0.5565102166179744
10400080  0.5525319964028814
10400082  0.5525319964028814
10400084  0.5525319964028814
10400086  0.5525319964028814
10400088  0.5525319964028814
10400090  0.5525319964028814
10400092  0.5525319964028814
10400076  0.5515850685494771
10400100  0.5502859466671128
10400102  0.5502859466671128
10400104  0.5502859466671128
10400106  0.5502859466671128
10400110  0.5502859466671128
10400094  0.5493264237982246
10400096  0.5493264237982246
10400098  0.5493264237982246
11401139  0.5026619531513277
1500009  0.40383581134955066
1500011  0.40383581134955066
1500017  0.40383581134955066
1500019  0.40383581134955066
1500022  0.40383581134955066
1500023  0.40383581134955066
1500029  0.40383581134955066
1500030  0.40383581134955066
1500031  0.40383581134955066
10700120  0.3967700648491102
10700121  0.3967700648491102
10700123  0.3967700648491102
10700127  0.3967700648491102
10700133  0.3967700648491102
10700136  0.3967700648491102
4300014  0.39561498215115415
4300015  0.39561498215115415
4300016  0.39561498215115415
4300017  0.39561498215115415
4300020  0.39561498215115415
4300021  0.39561498215115415
4300023  0.39561498215115415
4300026  0.39561498215115415
4300027  0.39561498215115415
4300028  0.39561498215115415
9000034  0.39470007798270856
9000047  0.39470007798270856
9000048  0.39470007798270856
9000051  0.39470007798270856
9000052  0.39470007798270856
9000058  0.39470007798270856
9000059  0.39470007798270856
9000086  0.3941209139466145
9000087  0.3941209139466145
9000089  0.3941209139466145
9000093  0.3941209139466145
9000100  0.3941209139466145
9000103  0.3941209139466145
3200057  0.39239860018244554
3200058  0.39239860018244554
6000021  0.39239860018244554
9000084  0.3916502366120904
9000085  0.3916502366120904
10700118  0.3916502366120904
10700119  0.3916502366120904
9000033  0.3910935195764242
9100035  0.38957758157233713
11401502  0.18864566947613626
7900072  0.1269935956509239
7700020  0.12149935412959198
7700024  0.12149935412959198
7700025  0.12149935412959198
7700026  0.12149935412959198
7900057  0.12149935412959198
7900059  0.12149935412959198
7900062  0.12149935412959198
7900064  0.12149935412959198
9600093  0.12002230207372903
2100031  0.11992342030681759
6800022  0.11980609085885487
5200044  0.11966625363777936
5200045  0.11966625363777936
6800030  0.11942292676120721
10500171  0.11942292676120721
2100028  0.11930999725437873
5700015  0.11930999725437873
5700016  0.11930999725437873
5700017  0.11930999725437873
7700030  0.11930999725437873
7700040  0.11930999725437873
7700041  0.11930999725437873
7900073  0.11930999725437873
7900074  0.11930999725437873
7900075  0.11930999725437873
10500230  0.11930999725437873
10500231  0.11930999725437873
7100062  0.11909776465718927
7100063  0.11909776465718927
7100064  0.11909776465718927
2100024  0.11870589212075747
5200052  0.11870589212075747
5200053  0.11870589212075747
2100021  0.11852836040689503
2100057  0.11852836040689503
9600094  0.11808627262599268
9800065  0.11790354342258516
7700031  0.11768665634414893
2100054  0.1172234212659108
7100087  0.11694718908652013
7100088  0.11694718908652013
7900054  0.11694718908652013
7900055  0.11694718908652013
7900056  0.11694718908652013
3000015  0.11682000341638914
2100020  0.11666160333890062
2100050  0.11637703170200853
6800034  0.11637703170200853
9800051  0.11610338361306005
9800052  0.11610338361306005
10500179  0.11574769902869565
2100046  0.11554871489874856
6800017  0.11473783670563346
6800018  0.11473783670563346
6800019  0.11473783670563346
7200023  0.1143387473687796
7200024  0.1143387473687796
2100011  0.11339006505599926
2100013  0.11339006505599926
2100016  0.11339006505599926
3900014  0.11240394191600005
3900015  0.11240394191600005
3900016  0.11240394191600005
7900046  0.11165706359887695
7900047  0.11165706359887695
9800066  0.11056414596919097
11401082  0.11056414596919097
5200032  0.11054806741955761
7100033  0.11054806741955761
7100034  0.11054806741955761
7100035  0.11054806741955761
9800056  0.10881182989180434
5100025  0.10847125994877835
5100026  0.10847125994877835
5100027  0.10847125994877835
7900045  0.10847125994877835
10500174  0.09582674800359015
