2600813  0.7921209335327148
2600817  0.7921209335327148
2600818  0.7921209335327148
2600819  0.7921209335327148
2600822  0.7921209335327148
2600826  0.7921209335327148
2600827  0.7921209335327148
2600828  0.7921209335327148
2600831  0.7921209335327148
2600832  0.7921209335327148
2600833  0.7921209335327148
2600834  0.7921209335327148
2600837  0.7921209335327148
2600838  0.7921209335327148
2600841  0.7921209335327148
2600842  0.7921209335327148
2600843  0.7921209335327148
2600844  0.7921209335327148
2600846  0.7921209335327148
2600847  0.7921209335327148
2600848  0.7921209335327148
2600854  0.7921209335327148
2600856  0.7921209335327148
2600864  0.7921209335327148
2600865  0.7921209335327148
2600866  0.7921209335327148
2600867  0.7921209335327148
2600868  0.7921209335327148
2600870  0.7921209335327148
2600871  0.7921209335327148
2600872  0.7921209335327148
2600875  0.7921209335327148
2700116  0.7921209335327148
2700117  0.7921209335327148
2700118  0.7921209335327148
2700119  0.7921209335327148
2700120  0.7921209335327148
2700124  0.7921209335327148
2700125  0.7921209335327148
2700139  0.7921209335327148
2700140  0.7921209335327148
2700149  0.7921209335327148
2700154  0.7921209335327148
2700159  0.7921209335327148
2700160  0.7921209335327148
2700173  0.7921209335327148
2700176  0.7921209335327148
2700184  0.7921209335327148
2700185  0.7921209335327148
2700186  0.7921209335327148
2700190  0.7921209335327148
2700191  0.7921209335327148
2700192  0.7921209335327148
2700193  0.7921209335327148
2700194  0.7921209335327148
2700197  0.7921209335327148
2700208  0.7921209335327148
2700212  0.7921209335327148
2700213  0.7921209335327148
2700217  0.7921209335327148
2700218  0.7921209335327148
2700219  0.7921209335327148
2700220  0.7921209335327148
2700221  0.7921209335327148
2700222  0.7921209335327148
2700223  0.7921209335327148
2700225  0.7921209335327148
2700227  0.7921209335327148
2700240  0.7921209335327148
2700241  0.7921209335327148
2700242  0.7921209335327148
2700243  0.7921209335327148
2700245  0.7921209335327148
2700255  0.7921209335327148
2700256  0.7921209335327148
2700257  0.7921209335327148
2700258  0.7921209335327148
2700260  0.7921209335327148
2700275  0.7921209335327148
2700278  0.7921209335327148
2700279  0.7921209335327148
2700280  0.7921209335327148
2700281  0.7921209335327148
2700282  0.7921209335327148
2700283  0.7921209335327148
2700285  0.7921209335327148
2700286  0.7921209335327148
2700292  0.7921209335327148
2700294  0.7921209335327148
2700312  0.7921209335327148
2700317  0.7921209335327148
2700318  0.7921209335327148
2700319  0.7921209335327148
2700320  0.7921209335327148
2700321  0.7921209335327148
2700323  0.7921209335327148
2700332  0.7921209335327148
2700338  0.7921209335327148
2700339  0.7921209335327148
2700340  0.7921209335327148
2700343  0.7921209335327148
2700344  0.7921209335327148
2700345  0.7921209335327148
2700346  0.7921209335327148
2700347  0.7921209335327148
2700348  0.7921209335327148
2700351  0.7921209335327148
2700352  0.7921209335327148
2700353  0.7921209335327148
2700355  0.7921209335327148
2700357  0.7921209335327148
3200050  0.7921209335327148
3200051  0.7921209335327148
3200052  0.7921209335327148
3200053  0.7921209335327148
3300044  0.7921209335327148
3300045  0.7921209335327148
3300046  0.7921209335327148
3300056  0.7921209335327148
3300057  0.7921209335327148
3300061  0.7921209335327148
3300065  0.7921209335327148
3300066  0.7921209335327148
3300638  0.7921209335327148
4400068  0.7921209335327148
4400069  0.7921209335327148
4400079  0.7921209335327148
4400081  0.7921209335327148
4400085  0.7921209335327148
4400086  0.7921209335327148
4400087  0.7921209335327148
4400088  0.7921209335327148
4400089  0.7921209335327148
4400090  0.7921209335327148
4400093  0.7921209335327148
4400094  0.7921209335327148
4400096  0.7921209335327148
4400097  0.7921209335327148
4400100  0.7921209335327148
4400102  0.7921209335327148
4400105  0.7921209335327148
4400106  0.7921209335327148
4400107  0.7921209335327148
4400108  0.7921209335327148
4400111  0.7921209335327148
4400115  0.7921209335327148
4400116  0.7921209335327148
4400117  0.7921209335327148
4400118  0.7921209335327148
4400119  0.7921209335327148
4400120  0.7921209335327148
4400121  0.7921209335327148
4400123  0.7921209335327148
4400126  0.7921209335327148
4400127  0.7921209335327148
4400128  0.7921209335327148
4400133  0.7921209335327148
4400139  0.7921209335327148
4400155  0.7921209335327148
4400156  0.7921209335327148
4400157  0.7921209335327148
4400161  0.7921209335327148
4400227  0.7921209335327148
4600077  0.7921209335327148
4600078  0.7921209335327148
4600079  0.7921209335327148
4600095  0.7921209335327148
4600096  0.7921209335327148
4600097  0.7921209335327148
4600115  0.7921209335327148
4600116  0.7921209335327148
4600119  0.7921209335327148
4600122  0.7921209335327148
4600123  0.7921209335327148
4600127  0.7921209335327148
4600128  0.7921209335327148
4600132  0.7921209335327148
4600133  0.7921209335327148
4600138  0.7921209335327148
4600140  0.7921209335327148
4600298  0.7921209335327148
4600316  0.7921209335327148
4600317  0.7921209335327148
4600321  0.7921209335327148
4600325  0.7921209335327148
4600326  0.7921209335327148
4600331  0.7921209335327148
4600332  0.7921209335327148
4600336  0.7921209335327148
4600337  0.7921209335327148
4600338  0.7921209335327148
4600342  0.7921209335327148
4600344  0.7921209335327148
4600348  0.7921209335327148
4600355  0.7921209335327148
4600367  0.7921209335327148
4600371  0.7921209335327148
4600372  0.7921209335327148
4600401  0.7921209335327148
4600407  0.7921209335327148
4600597  0.7921209335327148
4600598  0.7921209335327148
4600600  0.7921209335327148
4600601  0.7921209335327148
4600603  0.7921209335327148
4600617  0.7921209335327148
4600618  0.7921209335327148
5200231  0.7921209335327148
5200248  0.7921209335327148
5200249  0.7921209335327148
5200250  0.7921209335327148
5200251  0.7921209335327148
5200252  0.7921209335327148
5200361  0.7921209335327148
5200362  0.7921209335327148
5200367  0.7921209335327148
5200371  0.7921209335327148
5200374  0.7921209335327148
5200375  0.7921209335327148
5200376  0.7921209335327148
5200377  0.7921209335327148
5200378  0.7921209335327148
5200379  0.7921209335327148
5200384  0.7921209335327148
5200385  0.7921209335327148
5200386  0.7921209335327148
5200387  0.7921209335327148
5200388  0.7921209335327148
5200389  0.7921209335327148
5200390  0.7921209335327148
5200396  0.7921209335327148
5200397  0.7921209335327148
5200398  0.7921209335327148
5200399  0.7921209335327148
5200400  0.7921209335327148
5200402  0.7921209335327148
5200403  0.7921209335327148
5200404  0.7921209335327148
5200405  0.7921209335327148
5200406  0.7921209335327148
5200411  0.7921209335327148
5200417  0.7921209335327148
5400062  0.7921209335327148
5400107  0.7921209335327148
5400143  0.7921209335327148
5400144  0.7921209335327148
5400145  0.7921209335327148
5400147  0.7921209335327148
2600811  0.26978787779808044
2600338  0.07059352099895477
2600339  0.06852357089519501
2600348  0.06844300031661987
2600345  0.0666971281170845
2600340  0.06535904109477997
2600335  0.06489530950784683
2600293  0.06471063941717148
2600294  0.06441202014684677
2600283  0.0642046257853508
2600284  0.064202681183815
2600344  0.0639548972249031
2600292  0.06346185505390167
2600271  0.06331710517406464
2600268  0.06311935931444168
2600276  0.0630873590707779
2600285  0.06278984248638153
2600342  0.06252594292163849
2600275  0.06228902190923691
2600302  0.062288783490657806
2600288  0.06228867173194885
2600279  0.062231771647930145
2600331  0.061164017766714096
2600330  0.06115539371967316
2600305  0.061080995947122574
2600295  0.06092431768774986
2600343  0.06069224327802658
2600300  0.060548681765794754
2600310  0.06053021922707558
2600316  0.060435786843299866
2600298  0.06037897989153862
2600274  0.060330405831336975
2600313  0.05973504111170769
2600314  0.05907600373029709
2600318  0.058625489473342896
2600320  0.05859103053808212
2600324  0.05837010592222214
2600315  0.058352261781692505
2600299  0.0582733154296875
2600257  0.05812310799956322
2600351  0.057561103254556656
2600317  0.057230353355407715
2600311  0.05664558336138725
2600267  0.05658702924847603
2600256  0.05504509434103966
2600312  0.0546136274933815
2500046  0.05452447384595871
2600255  0.05434676259756088
2600266  0.0536477230489254
2600258  0.05343138054013252
2600176  0.05291839689016342
2600177  0.0521552674472332
2600172  0.05214754864573479
2500047  0.05192334204912186
2600169  0.051495712250471115
2600175  0.051131680607795715
2600263  0.05109814181923866
2600173  0.05093797296285629
2600259  0.05090704560279846
2600166  0.050879765301942825
2500081  0.050729941576719284
2600802  0.050652116537094116
2600174  0.050204161554574966
2600212  0.049632132053375244
2500048  0.04952578619122505
2600810  0.04951909929513931
2600798  0.04947391524910927
2600260  0.04939135164022446
2600179  0.049320317804813385
2600201  0.049211837351322174
2600202  0.04905511438846588
2500049  0.04900064691901207
2600254  0.04834296926856041
2600805  0.04820005223155022
2600191  0.048113755881786346
2600809  0.04765674099326134
2600253  0.047645099461078644
2600250  0.04752511903643608
2600246  0.04724985361099243
2600505  0.04724607616662979
2600248  0.04698015749454498
2600213  0.04683702439069748
2600245  0.046829961240291595
2600247  0.046707239001989365
2600506  0.04661138728260994
2600448  0.04653831571340561
2600237  0.04641355574131012
2600796  0.046180129051208496
2600498  0.046173326671123505
2600192  0.04592326283454895
2600467  0.045793306082487106
2600249  0.045741282403469086
2600499  0.04572432488203049
2600223  0.04570193961262703
2600465  0.04552321881055832
2600504  0.04534722492098808
2600236  0.045142948627471924
2600501  0.04506804794073105
2600444  0.04500453546643257
2600807  0.04499959573149681
2600806  0.04495881497859955
2600808  0.04493439570069313
2600517  0.04479289799928665
2600507  0.04472462087869644
2600460  0.04470645263791084
2600457  0.044674042612314224
2600795  0.04436478391289711
2600516  0.0442785806953907
2600454  0.04412786662578583
2600224  0.044047560542821884
2600508  0.043685849756002426
2600518  0.04345400258898735
2600515  0.043280549347400665
2600794  0.043187689036130905
2600793  0.043019138276576996
2600524  0.04288686811923981
2600526  0.04280881956219673
2600525  0.042511314153671265
2600791  0.04247488081455231
2600523  0.042197875678539276
2600510  0.04185856506228447
2600792  0.041740573942661285
2600522  0.041318379342556
2600519  0.0410345233976841
2600520  0.04048558324575424
2600437  0.03127269446849823
2600417  0.031256578862667084
2600415  0.030709754675626755
2600411  0.030413221567869186
2600423  0.030164556577801704
2600352  0.029257798567414284
2600371  0.02906634286046028
2600421  0.02901076152920723
2600372  0.02879895269870758
2600362  0.028700198978185654
2600367  0.02862696535885334
2600368  0.0285728108137846
2600359  0.028329448774456978
2600418  0.028237199410796165
2600357  0.02813911624252796
2600356  0.02792656049132347
2600353  0.02774728462100029
2600419  0.02771456353366375
2600410  0.027545485645532608
2600363  0.027532462030649185
2600355  0.027517246082425117
2600382  0.027470124885439873
2600381  0.02745528519153595
2600420  0.027425356209278107
2600354  0.02730870060622692
2600380  0.027089925482869148
2600401  0.027006050571799278
2600373  0.026697441935539246
2600374  0.026644114404916763
2600392  0.02629822865128517
2600398  0.02628668025135994
2600389  0.026068195700645447
2600379  0.025986798107624054
2600391  0.025974875316023827
2600394  0.025907760486006737
2600393  0.02581612765789032
2600395  0.025710325688123703
2600388  0.025650160387158394
2600383  0.025201398879289627
2600387  0.024959377944469452
2600384  0.024955708533525467
