2700240  inf
2700241  inf
2700242  inf
2700243  inf
2700245  inf
2500046  71.70370370370371
2500047  71.70370370370371
2500048  71.70370370370371
2500049  71.70370370370371
2700184  71.70370370370371
2700185  71.70370370370371
2700186  71.70370370370371
2700190  71.70370370370371
2700191  71.70370370370371
2700192  71.70370370370371
2700193  71.70370370370371
2700194  71.70370370370371
2700197  71.70370370370371
2700213  71.70370370370371
2700217  71.70370370370371
2700218  71.70370370370371
2700219  71.70370370370371
2700220  71.70370370370371
2700221  71.70370370370371
2700222  71.70370370370371
2700223  71.70370370370371
2700225  71.70370370370371
2700227  71.70370370370371
2700173  69.14285714285714
2700176  69.14285714285714
2700208  69.14285714285714
2700212  69.14285714285714
2700332  69.14285714285714
2700338  69.14285714285714
2700339  69.14285714285714
2700340  69.14285714285714
2700343  69.14285714285714
2700344  69.14285714285714
2700345  69.14285714285714
2700346  69.14285714285714
2700347  69.14285714285714
2700348  69.14285714285714
2700351  69.14285714285714
2700352  69.14285714285714
2700353  69.14285714285714
2700355  69.14285714285714
2700357  69.14285714285714
2700116  64.53333333333333
2700117  64.53333333333333
2700118  64.53333333333333
2700119  64.53333333333333
2700120  64.53333333333333
2700124  64.53333333333333
2700125  64.53333333333333
2700139  64.53333333333333
2700140  64.53333333333333
2700159  64.53333333333333
2700160  64.53333333333333
3200050  64.53333333333333
3200051  64.53333333333333
3200052  64.53333333333333
3200053  64.53333333333333
2600279  38.892857142857146
2600283  38.892857142857146
2600284  38.892857142857146
2600285  38.892857142857146
2600288  38.892857142857146
2600292  38.892857142857146
2600293  38.892857142857146
2600294  38.892857142857146
2600295  38.892857142857146
2600298  38.892857142857146
2600299  38.892857142857146
2600300  38.892857142857146
2600302  38.892857142857146
2600305  38.892857142857146
2600310  38.892857142857146
2600311  38.892857142857146
2600312  38.892857142857146
2600313  38.892857142857146
2600314  38.892857142857146
2600315  38.892857142857146
2600316  38.892857142857146
2600317  38.892857142857146
2600318  38.892857142857146
2600320  38.892857142857146
2600324  38.892857142857146
2600330  38.892857142857146
2600331  38.892857142857146
2600335  38.892857142857146
2600338  38.892857142857146
2600339  38.892857142857146
2600340  38.892857142857146
2600342  38.892857142857146
2600343  38.892857142857146
2600344  38.892857142857146
2600345  38.892857142857146
2600348  38.892857142857146
2600351  38.892857142857146
2600352  38.892857142857146
2600353  38.892857142857146
2600354  38.892857142857146
2600355  38.892857142857146
2600356  38.892857142857146
2600357  38.892857142857146
2600359  38.892857142857146
2600362  38.892857142857146
2600363  38.892857142857146
2600367  38.892857142857146
2600368  38.892857142857146
2600371  38.892857142857146
2600372  38.892857142857146
2600373  38.892857142857146
2600374  38.892857142857146
2600379  38.892857142857146
2600380  38.892857142857146
2600381  38.892857142857146
2600382  38.892857142857146
2600383  38.892857142857146
2600384  38.892857142857146
2600387  38.892857142857146
2600388  38.892857142857146
2600389  38.892857142857146
2600391  38.892857142857146
2600392  38.892857142857146
2600393  38.892857142857146
2600394  38.892857142857146
2600395  38.892857142857146
2600398  38.892857142857146
2600401  38.892857142857146
2600410  38.892857142857146
2600411  38.892857142857146
2600415  38.892857142857146
2600417  38.892857142857146
2600418  38.892857142857146
2600419  38.892857142857146
2600420  38.892857142857146
2600421  38.892857142857146
2600423  38.892857142857146
2600437  38.892857142857146
2600454  38.892857142857146
2600457  38.892857142857146
2600460  38.892857142857146
2600465  38.892857142857146
2600467  38.892857142857146
2600498  38.892857142857146
2600499  38.892857142857146
2600501  38.892857142857146
2600504  38.892857142857146
2600505  38.892857142857146
2600506  38.892857142857146
2600507  38.892857142857146
2600510  38.892857142857146
2600515  38.892857142857146
2600516  38.892857142857146
2600517  38.892857142857146
2600518  38.892857142857146
2600519  38.892857142857146
2600520  38.892857142857146
2600522  38.892857142857146
2600523  38.892857142857146
2600524  38.892857142857146
2600864  38.892857142857146
2600865  38.892857142857146
2600866  38.892857142857146
2600867  38.892857142857146
2600868  38.892857142857146
2600870  38.892857142857146
2600871  38.892857142857146
2600872  38.892857142857146
2600875  38.892857142857146
2600508  37.925925925925924
2600245  37.55172413793103
2600246  37.55172413793103
2600247  37.55172413793103
2600248  37.55172413793103
2600249  37.55172413793103
2600250  37.55172413793103
2600253  37.55172413793103
2600254  37.55172413793103
2600255  37.55172413793103
2600256  37.55172413793103
2600257  37.55172413793103
2600258  37.55172413793103
2600259  37.55172413793103
2600260  37.55172413793103
2600263  37.55172413793103
2600266  37.55172413793103
2600267  37.55172413793103
2600268  37.55172413793103
2600271  37.55172413793103
2600274  37.55172413793103
2600275  37.55172413793103
2600276  37.55172413793103
2600791  37.55172413793103
2600792  37.55172413793103
2600793  37.55172413793103
2600794  37.55172413793103
2600795  37.55172413793103
2600796  37.55172413793103
2600798  37.55172413793103
2600802  37.55172413793103
2600805  37.55172413793103
2600806  37.55172413793103
2600807  37.55172413793103
2600808  37.55172413793103
2600809  37.55172413793103
2600810  37.55172413793103
2600811  37.55172413793103
2600813  37.55172413793103
2600817  37.55172413793103
2600818  37.55172413793103
2600819  37.55172413793103
2600822  37.55172413793103
2600826  37.55172413793103
2600827  37.55172413793103
2600828  37.55172413793103
2600831  37.55172413793103
2600832  37.55172413793103
2600833  37.55172413793103
2600834  37.55172413793103
2600837  37.55172413793103
2600838  37.55172413793103
2600841  37.55172413793103
2600444  35.310344827586206
2600525  35.310344827586206
2600526  35.310344827586206
2600842  35.310344827586206
2600843  35.310344827586206
2600844  35.310344827586206
2600846  35.310344827586206
2600847  35.310344827586206
2600848  35.310344827586206
2600166  35.12903225806452
2600169  35.12903225806452
2600172  35.12903225806452
2600173  35.12903225806452
2600174  35.12903225806452
2600175  35.12903225806452
2600176  35.12903225806452
2600177  35.12903225806452
2600179  35.12903225806452
2600191  35.12903225806452
2600192  35.12903225806452
2600201  35.12903225806452
2600202  35.12903225806452
2600212  35.12903225806452
2600213  35.12903225806452
2600223  35.12903225806452
2600224  35.12903225806452
2600236  35.12903225806452
2600237  35.12903225806452
2600854  26.28125
2600856  26.28125
3300056  19.862068965517242
3300057  19.862068965517242
3300061  19.862068965517242
3300065  19.862068965517242
3300066  19.862068965517242
2600448  16.941176470588236
2500081  15.625
3300638  4.5675675675675675
4400068  4.5675675675675675
4400069  4.5675675675675675
4400079  4.5675675675675675
4400081  4.5675675675675675
4400085  4.5675675675675675
4400086  4.5675675675675675
4400087  4.5675675675675675
4400088  4.5675675675675675
4400089  4.5675675675675675
4400090  4.5675675675675675
4400093  4.5675675675675675
4400094  4.5675675675675675
4400096  4.5675675675675675
4400097  4.5675675675675675
4400100  4.5675675675675675
4400102  4.5675675675675675
4400105  4.5675675675675675
4400115  4.5675675675675675
4400116  4.5675675675675675
4400117  4.5675675675675675
4400118  4.5675675675675675
4400119  4.5675675675675675
4400120  4.5675675675675675
4400123  4.5675675675675675
4400126  4.5675675675675675
4400127  4.5675675675675675
4400128  4.5675675675675675
4400133  4.5675675675675675
4400139  4.5675675675675675
4400155  4.5675675675675675
4400156  4.5675675675675675
4400227  4.5675675675675675
5200231  4.5675675675675675
5200248  4.5675675675675675
5200249  4.5675675675675675
5200250  4.5675675675675675
5200251  4.5675675675675675
5200252  4.5675675675675675
4400161  4.114285714285714
4400106  3.891891891891892
4400107  3.891891891891892
4400108  3.891891891891892
4400111  3.891891891891892
4400121  3.891891891891892
4400157  3.891891891891892
2700275  0.09523809523809523
2700278  0.09523809523809523
2700279  0.09523809523809523
2700280  0.09523809523809523
2700281  0.09523809523809523
2700282  0.09523809523809523
2700283  0.09523809523809523
2700285  0.09523809523809523
2700286  0.09523809523809523
2700292  0.09523809523809523
2700312  0.09523809523809523
3300044  0.09523809523809523
3300045  0.09523809523809523
3300046  0.09523809523809523
4600077  0.09523809523809523
4600078  0.09523809523809523
4600079  0.09523809523809523
4600095  0.09523809523809523
4600096  0.09523809523809523
4600097  0.09523809523809523
4600298  0.09523809523809523
4600316  0.09523809523809523
4600317  0.09523809523809523
4600321  0.09523809523809523
4600325  0.09523809523809523
4600326  0.09523809523809523
4600331  0.09523809523809523
4600332  0.09523809523809523
4600336  0.09523809523809523
4600337  0.09523809523809523
4600338  0.09523809523809523
4600342  0.09523809523809523
4600344  0.09523809523809523
4600348  0.09523809523809523
4600367  0.09523809523809523
4600371  0.09523809523809523
4600372  0.09523809523809523
4600401  0.09523809523809523
4600407  0.09523809523809523
4600597  0.09523809523809523
4600598  0.09523809523809523
4600600  0.09523809523809523
4600601  0.09523809523809523
4600603  0.09523809523809523
4600617  0.09523809523809523
4600618  0.09523809523809523
5200361  0.09523809523809523
5200362  0.09523809523809523
5200367  0.09523809523809523
5200417  0.09523809523809523
5400062  0.09523809523809523
5400107  0.09523809523809523
5400143  0.09523809523809523
5400144  0.09523809523809523
5400145  0.09523809523809523
5400147  0.09523809523809523
2700149  0.09090909090909091
2700154  0.09090909090909091
2700255  0.023255813953488372
2700256  0.023255813953488372
2700257  0.023255813953488372
2700258  0.023255813953488372
2700260  0.023255813953488372
2700294  0.023255813953488372
2700317  0.023255813953488372
2700318  0.023255813953488372
2700319  0.023255813953488372
2700320  0.023255813953488372
2700321  0.023255813953488372
2700323  0.023255813953488372
4600115  0.023255813953488372
4600116  0.023255813953488372
4600119  0.023255813953488372
4600122  0.023255813953488372
4600123  0.023255813953488372
4600127  0.023255813953488372
4600128  0.023255813953488372
4600132  0.023255813953488372
4600133  0.023255813953488372
4600138  0.023255813953488372
4600140  0.023255813953488372
4600355  0.023255813953488372
5200371  0.023255813953488372
5200374  0.023255813953488372
5200375  0.023255813953488372
5200376  0.023255813953488372
5200377  0.023255813953488372
5200378  0.023255813953488372
5200379  0.023255813953488372
5200384  0.023255813953488372
5200385  0.023255813953488372
5200386  0.023255813953488372
5200387  0.023255813953488372
5200388  0.023255813953488372
5200389  0.023255813953488372
5200390  0.023255813953488372
5200396  0.023255813953488372
5200397  0.023255813953488372
5200398  0.023255813953488372
5200399  0.023255813953488372
5200400  0.023255813953488372
5200402  0.023255813953488372
5200403  0.023255813953488372
5200404  0.023255813953488372
5200405  0.023255813953488372
5200406  0.023255813953488372
5200411  0.023255813953488372
