2700240  1.0
2700241  1.0
2700242  1.0
2700243  1.0
2700245  1.0
2500046  0.7872218936609645
2500047  0.7872218936609645
2500048  0.7872218936609645
2500049  0.7872218936609645
2700184  0.7872218936609645
2700185  0.7872218936609645
2700186  0.7872218936609645
2700190  0.7872218936609645
2700191  0.7872218936609645
2700192  0.7872218936609645
2700193  0.7872218936609645
2700194  0.7872218936609645
2700197  0.7872218936609645
2700213  0.7872218936609645
2700217  0.7872218936609645
2700218  0.7872218936609645
2700219  0.7872218936609645
2700220  0.7872218936609645
2700221  0.7872218936609645
2700222  0.7872218936609645
2700223  0.7872218936609645
2700225  0.7872218936609645
2700227  0.7872218936609645
2700173  0.7817359599705717
2700176  0.7817359599705717
2700208  0.7817359599705717
2700212  0.7817359599705717
2700332  0.7817359599705717
2700338  0.7817359599705717
2700339  0.7817359599705717
2700340  0.7817359599705717
2700343  0.7817359599705717
2700344  0.7817359599705717
2700345  0.7817359599705717
2700346  0.7817359599705717
2700347  0.7817359599705717
2700348  0.7817359599705717
2700351  0.7817359599705717
2700352  0.7817359599705717
2700353  0.7817359599705717
2700355  0.7817359599705717
2700357  0.7817359599705717
2700116  0.7710996009560598
2700117  0.7710996009560598
2700118  0.7710996009560598
2700119  0.7710996009560598
2700120  0.7710996009560598
2700124  0.7710996009560598
2700125  0.7710996009560598
2700139  0.7710996009560598
2700140  0.7710996009560598
2700159  0.7710996009560598
2700160  0.7710996009560598
3200050  0.7710996009560598
3200051  0.7710996009560598
3200052  0.7710996009560598
3200053  0.7710996009560598
2600508  0.703679195413668
2600279  0.7035623639735143
2600283  0.7035623639735143
2600284  0.7035623639735143
2600285  0.7035623639735143
2600288  0.7035623639735143
2600292  0.7035623639735143
2600293  0.7035623639735143
2600294  0.7035623639735143
2600295  0.7035623639735143
2600298  0.7035623639735143
2600299  0.7035623639735143
2600300  0.7035623639735143
2600302  0.7035623639735143
2600305  0.7035623639735143
2600310  0.7035623639735143
2600311  0.7035623639735143
2600312  0.7035623639735143
2600313  0.7035623639735143
2600314  0.7035623639735143
2600315  0.7035623639735143
2600316  0.7035623639735143
2600317  0.7035623639735143
2600318  0.7035623639735143
2600320  0.7035623639735143
2600324  0.7035623639735143
2600330  0.7035623639735143
2600331  0.7035623639735143
2600335  0.7035623639735143
2600338  0.7035623639735143
2600339  0.7035623639735143
2600340  0.7035623639735143
2600342  0.7035623639735143
2600343  0.7035623639735143
2600344  0.7035623639735143
2600345  0.7035623639735143
2600348  0.7035623639735143
2600351  0.7035623639735143
2600352  0.7035623639735143
2600353  0.7035623639735143
2600354  0.7035623639735143
2600355  0.7035623639735143
2600356  0.7035623639735143
2600357  0.7035623639735143
2600359  0.7035623639735143
2600362  0.7035623639735143
2600363  0.7035623639735143
2600367  0.7035623639735143
2600368  0.7035623639735143
2600371  0.7035623639735143
2600372  0.7035623639735143
2600373  0.7035623639735143
2600374  0.7035623639735143
2600379  0.7035623639735143
2600380  0.7035623639735143
2600381  0.7035623639735143
2600382  0.7035623639735143
2600383  0.7035623639735143
2600384  0.7035623639735143
2600387  0.7035623639735143
2600388  0.7035623639735143
2600389  0.7035623639735143
2600391  0.7035623639735143
2600392  0.7035623639735143
2600393  0.7035623639735143
2600394  0.7035623639735143
2600395  0.7035623639735143
2600398  0.7035623639735143
2600401  0.7035623639735143
2600410  0.7035623639735143
2600411  0.7035623639735143
2600415  0.7035623639735143
2600417  0.7035623639735143
2600418  0.7035623639735143
2600419  0.7035623639735143
2600420  0.7035623639735143
2600421  0.7035623639735143
2600423  0.7035623639735143
2600437  0.7035623639735143
2600454  0.7035623639735143
2600457  0.7035623639735143
2600460  0.7035623639735143
2600465  0.7035623639735143
2600467  0.7035623639735143
2600498  0.7035623639735143
2600499  0.7035623639735143
2600501  0.7035623639735143
2600504  0.7035623639735143
2600505  0.7035623639735143
2600506  0.7035623639735143
2600507  0.7035623639735143
2600510  0.7035623639735143
2600515  0.7035623639735143
2600516  0.7035623639735143
2600517  0.7035623639735143
2600518  0.7035623639735143
2600519  0.7035623639735143
2600520  0.7035623639735143
2600522  0.7035623639735143
2600523  0.7035623639735143
2600524  0.7035623639735143
2600864  0.7035623639735143
2600865  0.7035623639735143
2600866  0.7035623639735143
2600867  0.7035623639735143
2600868  0.7035623639735143
2600870  0.7035623639735143
2600871  0.7035623639735143
2600872  0.7035623639735143
2600875  0.7035623639735143
2600245  0.696630546019236
2600246  0.696630546019236
2600247  0.696630546019236
2600248  0.696630546019236
2600249  0.696630546019236
2600250  0.696630546019236
2600253  0.696630546019236
2600254  0.696630546019236
2600255  0.696630546019236
2600256  0.696630546019236
2600257  0.696630546019236
2600258  0.696630546019236
2600259  0.696630546019236
2600260  0.696630546019236
2600263  0.696630546019236
2600266  0.696630546019236
2600267  0.696630546019236
2600268  0.696630546019236
2600271  0.696630546019236
2600274  0.696630546019236
2600275  0.696630546019236
2600276  0.696630546019236
2600791  0.696630546019236
2600792  0.696630546019236
2600793  0.696630546019236
2600794  0.696630546019236
2600795  0.696630546019236
2600796  0.696630546019236
2600798  0.696630546019236
2600802  0.696630546019236
2600805  0.696630546019236
2600806  0.696630546019236
2600807  0.696630546019236
2600808  0.696630546019236
2600809  0.696630546019236
2600810  0.696630546019236
2600811  0.696630546019236
2600813  0.696630546019236
2600817  0.696630546019236
2600818  0.696630546019236
2600819  0.696630546019236
2600822  0.696630546019236
2600826  0.696630546019236
2600827  0.696630546019236
2600828  0.696630546019236
2600831  0.696630546019236
2600832  0.696630546019236
2600833  0.696630546019236
2600834  0.696630546019236
2600837  0.696630546019236
2600838  0.696630546019236
2600841  0.696630546019236
2600444  0.6891687876063168
2600525  0.6891687876063168
2600526  0.6891687876063168
2600842  0.6891687876063168
2600843  0.6891687876063168
2600844  0.6891687876063168
2600846  0.6891687876063168
2600847  0.6891687876063168
2600848  0.6891687876063168
2600166  0.6833601774141302
2600169  0.6833601774141302
2600172  0.6833601774141302
2600173  0.6833601774141302
2600174  0.6833601774141302
2600175  0.6833601774141302
2600176  0.6833601774141302
2600177  0.6833601774141302
2600179  0.6833601774141302
2600191  0.6833601774141302
2600192  0.6833601774141302
2600201  0.6833601774141302
2600202  0.6833601774141302
2600212  0.6833601774141302
2600213  0.6833601774141302
2600223  0.6833601774141302
2600224  0.6833601774141302
2600236  0.6833601774141302
2600237  0.6833601774141302
2600854  0.6446036254878612
2600856  0.6446036254878612
3300056  0.6298366572977736
3300057  0.6298366572977736
3300061  0.6298366572977736
3300065  0.6298366572977736
3300066  0.6298366572977736
2600448  0.5869391856534222
2500081  0.5556927805929838
4400161  0.46709936649691375
3300638  0.4496144015129485
4400068  0.4496144015129485
4400069  0.4496144015129485
4400079  0.4496144015129485
4400081  0.4496144015129485
4400085  0.4496144015129485
4400086  0.4496144015129485
4400087  0.4496144015129485
4400088  0.4496144015129485
4400089  0.4496144015129485
4400090  0.4496144015129485
4400093  0.4496144015129485
4400094  0.4496144015129485
4400096  0.4496144015129485
4400097  0.4496144015129485
4400100  0.4496144015129485
4400102  0.4496144015129485
4400105  0.4496144015129485
4400115  0.4496144015129485
4400116  0.4496144015129485
4400117  0.4496144015129485
4400118  0.4496144015129485
4400119  0.4496144015129485
4400120  0.4496144015129485
4400123  0.4496144015129485
4400126  0.4496144015129485
4400127  0.4496144015129485
4400128  0.4496144015129485
4400133  0.4496144015129485
4400139  0.4496144015129485
4400155  0.4496144015129485
4400156  0.4496144015129485
4400227  0.4496144015129485
5200231  0.4496144015129485
5200248  0.4496144015129485
5200249  0.4496144015129485
5200250  0.4496144015129485
5200251  0.4496144015129485
5200252  0.4496144015129485
4400106  0.43876345447627835
4400107  0.43876345447627835
4400108  0.43876345447627835
4400111  0.43876345447627835
4400121  0.43876345447627835
4400157  0.43876345447627835
2700275  0.21320071635561041
2700278  0.21320071635561041
2700279  0.21320071635561041
2700280  0.21320071635561041
2700281  0.21320071635561041
2700282  0.21320071635561041
2700283  0.21320071635561041
2700285  0.21320071635561041
2700286  0.21320071635561041
2700292  0.21320071635561041
2700312  0.21320071635561041
3300044  0.21320071635561041
3300045  0.21320071635561041
3300046  0.21320071635561041
4600077  0.21320071635561041
4600078  0.21320071635561041
4600079  0.21320071635561041
4600095  0.21320071635561041
4600096  0.21320071635561041
4600097  0.21320071635561041
4600298  0.21320071635561041
4600316  0.21320071635561041
4600317  0.21320071635561041
4600321  0.21320071635561041
4600325  0.21320071635561041
4600326  0.21320071635561041
4600331  0.21320071635561041
4600332  0.21320071635561041
4600336  0.21320071635561041
4600337  0.21320071635561041
4600338  0.21320071635561041
4600342  0.21320071635561041
4600344  0.21320071635561041
4600348  0.21320071635561041
4600367  0.21320071635561041
4600371  0.21320071635561041
4600372  0.21320071635561041
4600401  0.21320071635561041
4600407  0.21320071635561041
4600597  0.21320071635561041
4600598  0.21320071635561041
4600600  0.21320071635561041
4600601  0.21320071635561041
4600603  0.21320071635561041
4600617  0.21320071635561041
4600618  0.21320071635561041
5200361  0.21320071635561041
5200362  0.21320071635561041
5200367  0.21320071635561041
5200417  0.21320071635561041
5400062  0.21320071635561041
5400107  0.21320071635561041
5400143  0.21320071635561041
5400144  0.21320071635561041
5400145  0.21320071635561041
5400147  0.21320071635561041
2700149  0.15075567228888181
2700154  0.15075567228888181
2700255  0.15075567228888181
2700256  0.15075567228888181
2700257  0.15075567228888181
2700258  0.15075567228888181
2700260  0.15075567228888181
2700294  0.15075567228888181
2700317  0.15075567228888181
2700318  0.15075567228888181
2700319  0.15075567228888181
2700320  0.15075567228888181
2700321  0.15075567228888181
2700323  0.15075567228888181
4600115  0.15075567228888181
4600116  0.15075567228888181
4600119  0.15075567228888181
4600122  0.15075567228888181
4600123  0.15075567228888181
4600127  0.15075567228888181
4600128  0.15075567228888181
4600132  0.15075567228888181
4600133  0.15075567228888181
4600138  0.15075567228888181
4600140  0.15075567228888181
4600355  0.15075567228888181
5200371  0.15075567228888181
5200374  0.15075567228888181
5200375  0.15075567228888181
5200376  0.15075567228888181
5200377  0.15075567228888181
5200378  0.15075567228888181
5200379  0.15075567228888181
5200384  0.15075567228888181
5200385  0.15075567228888181
5200386  0.15075567228888181
5200387  0.15075567228888181
5200388  0.15075567228888181
5200389  0.15075567228888181
5200390  0.15075567228888181
5200396  0.15075567228888181
5200397  0.15075567228888181
5200398  0.15075567228888181
5200399  0.15075567228888181
5200400  0.15075567228888181
5200402  0.15075567228888181
5200403  0.15075567228888181
5200404  0.15075567228888181
5200405  0.15075567228888181
5200406  0.15075567228888181
5200411  0.15075567228888181
