5800156  0.933177649974823
5800157  0.9320895075798035
5800271  0.9315361380577087
5800272  0.9311785101890564
5800270  0.9304507374763489
6100206  0.9283950328826904
5800269  0.9280364513397217
4800054  0.9279362559318542
5800273  0.9273518919944763
5800274  0.9270356297492981
4900051  0.9256556630134583
4900050  0.925457239151001
6300035  0.9246459603309631
5800268  0.9229798913002014
4000130  0.9217275381088257
4000139  0.9216316938400269
4800053  0.9211968183517456
4000136  0.9201710820198059
4200191  0.9194144606590271
4000094  0.9167834520339966
4000131  0.9161457419395447
4000135  0.9149696230888367
4400041  0.9142806529998779
4400042  0.9139516949653625
4000079  0.9137880206108093
4700040  0.9137704372406006
4400043  0.9134773015975952
4000132  0.9119505286216736
4000080  0.911796510219574
4700038  0.9102915525436401
4000078  0.909100353717804
6300036  0.9080937504768372
4700039  0.9033029079437256
2100277  0.9024685025215149
2100179  0.9024625420570374
2100256  0.9016852974891663
2100285  0.9009531140327454
2100198  0.9006648659706116
2100288  0.8995118141174316
2200080  0.8985669016838074
2100160  0.8972810506820679
2100218  0.8970056176185608
2100237  0.8960187435150146
2100128  0.896009624004364
2103421  0.8958608508110046
2200041  0.8951008915901184
2100141  0.8944556713104248
2200081  0.889045000076294
3000078  0.8887974619865417
3600054  0.888358473777771
3600056  0.8880327939987183
3300264  0.8865153193473816
3600055  0.8861939907073975
4000075  0.8857285976409912
4000069  0.8835585117340088
2100115  0.8835241794586182
3000077  0.8826475143432617
2200084  0.8824248909950256
3900395  0.8822470903396606
3000070  0.8811567425727844
4000070  0.8810526728630066
3600043  0.8807710409164429
3300267  0.8802283406257629
4000071  0.8787754774093628
2200086  0.8785735368728638
2200085  0.877622663974762
4000072  0.8734245896339417
1700192  0.8524684309959412
1800199  0.8492295742034912
1900035  0.84769606590271
1700193  0.846473217010498
1900036  0.8463408350944519
1700218  0.8406916856765747
2000036  0.8404722213745117
1900037  0.8398633599281311
2000035  0.8397112488746643
1500075  0.838656485080719
1700191  0.8379743695259094
1600218  0.8373162150382996
1700199  0.8342708945274353
2000037  0.8336160182952881
1500057  0.8322769999504089
2100097  0.8232637643814087
7200053  0.8205822706222534
7100074  0.8199016451835632
9000099  0.8195300698280334
9000115  0.8146411776542664
9000101  0.812620222568512
7100071  0.811839759349823
9000133  0.81104576587677
7100047  0.8106639385223389
7100067  0.8104236721992493
7100051  0.8091067671775818
9600261  0.8088842034339905
7100050  0.8055636286735535
9600265  0.805405855178833
7100068  0.8040685057640076
1200049  0.8040274381637573
9000117  0.8037526607513428
1500049  0.803650975227356
9600266  0.8034478425979614
1400048  0.8034330010414124
9000134  0.8032195568084717
1400051  0.8028919696807861
6300041  0.8025575876235962
1400050  0.8025447726249695
1300048  0.8020985126495361
9600267  0.7988667488098145
1400052  0.7976727485656738
1500045  0.7975674867630005
1200048  0.7973400950431824
1400047  0.7969754338264465
9600262  0.7968010306358337
9600268  0.7960314154624939
1300049  0.7946630120277405
1100172  0.7940685153007507
9600270  0.7936549782752991
1500046  0.7925552725791931
9600107  0.7923263907432556
1100169  0.7907507419586182
1500047  0.789222776889801
9600259  0.7890902757644653
9600264  0.7889480590820312
6300040  0.788921058177948
1100166  0.787725567817688
9600258  0.7872353196144104
9600271  0.7852690815925598
9600269  0.784243106842041
1500048  0.7824024558067322
9600263  0.7818666100502014
9600104  0.78159099817276
9600272  0.7683817744255066
9000135  0.7592443823814392
9600103  0.741599440574646
9000140  0.7398561239242554
9000224  0.7396657466888428
9500052  0.7349997758865356
9000215  0.7331717014312744
9500058  0.7281692624092102
9600098  0.7275722622871399
9000142  0.7274167537689209
9000137  0.7261014580726624
9000207  0.7237899303436279
9600099  0.7222508788108826
1100165  0.7188428044319153
9000139  0.7179009318351746
9500081  0.7163197994232178
9000143  0.7115166783332825
9000138  0.7111783027648926
9000136  0.7042381763458252
9600100  0.698239266872406
1100159  0.6955443024635315
1100066  0.6952972412109375
1000068  0.6951342821121216
1100163  0.6949183940887451
1100093  0.694585919380188
1100161  0.6938328146934509
1100160  0.693706214427948
1100065  0.6935576796531677
1100164  0.6935483813285828
1100136  0.6933177709579468
1100064  0.6932896375656128
1100092  0.6930697560310364
1100162  0.6927279233932495
1100063  0.6923874020576477
1000037  0.6922835111618042
1000038  0.6922835111618042
