2000036  0.32133665680885315
4400042  0.32112640142440796
4700039  0.31925123929977417
9000215  0.31792715191841125
4700040  0.31721386313438416
4700038  0.316257119178772
4400043  0.3160991668701172
6300035  0.3149873912334442
6300041  0.3146657347679138
9500052  0.3143371641635895
9500058  0.31387200951576233
1900037  0.31369152665138245
2000035  0.3120056390762329
3300264  0.3112008571624756
2000037  0.31117984652519226
4000069  0.30931875109672546
1900036  0.3084467947483063
3600043  0.30782637000083923
9500081  0.3074980080127716
9000143  0.30620914697647095
1900035  0.3047370910644531
9600266  0.304015576839447
3300267  0.303663045167923
9600264  0.3030388653278351
9000101  0.3015613555908203
9000133  0.3011884391307831
6300036  0.3010566532611847
1100162  0.3010304868221283
9600272  0.30045586824417114
6300040  0.3001832067966461
9600100  0.29987767338752747
3000077  0.2992914915084839
4400041  0.29900601506233215
1700192  0.2978454828262329
9000138  0.297208309173584
9600265  0.2968541085720062
1100092  0.29677584767341614
4000079  0.2966240644454956
9000115  0.29658758640289307
1000068  0.2953421473503113
9600099  0.2950119972229004
4000135  0.29446941614151
1100093  0.2941395938396454
1100164  0.2939343750476837
1600218  0.29386910796165466
3000078  0.29380786418914795
7200053  0.2937919795513153
9600259  0.29353415966033936
4000070  0.29351159930229187
1700191  0.29334285855293274
9600107  0.293292373418808
9600263  0.2930345833301544
9000117  0.29275524616241455
3600054  0.2927408814430237
9000135  0.29257094860076904
1100160  0.29213252663612366
9000099  0.291565477848053
1100161  0.29100462794303894
1100136  0.2905120551586151
1000038  0.2903223931789398
1700199  0.2902606129646301
1700193  0.29021885991096497
1100166  0.2899725139141083
9000139  0.2898145616054535
9000224  0.2898074984550476
9600098  0.28978821635246277
2103421  0.28957468271255493
1100169  0.28930678963661194
7100068  0.2892898619174957
4000071  0.28915977478027344
1100159  0.2888214588165283
9600268  0.28867265582084656
3600056  0.2886265814304352
2100277  0.288620263338089
2100237  0.28850725293159485
9000136  0.28806695342063904
9600270  0.2879352867603302
2100256  0.28793367743492126
9600271  0.287759006023407
9600269  0.28767046332359314
9000137  0.28748875856399536
1500057  0.2874470353126526
7100047  0.28705596923828125
9000140  0.28701451420783997
9600267  0.2869352698326111
5800273  0.28678715229034424
4000078  0.2867429554462433
1100165  0.28651919960975647
5800157  0.28593793511390686
2100218  0.28592050075531006
2100097  0.2855546772480011
7100051  0.2853337228298187
4000130  0.2846822142601013
2100141  0.28464367985725403
2100115  0.28449776768684387
4000075  0.2844015955924988
9600104  0.2842324376106262
5800271  0.28416621685028076
4000080  0.2841480076313019
2100160  0.2840692698955536
4000139  0.2839505076408386
7100067  0.2835608422756195
2100179  0.2834470272064209
1000037  0.2833239436149597
4000131  0.2831191420555115
4000132  0.2827598452568054
9600262  0.2827366292476654
1100064  0.28233933448791504
1100066  0.28183713555336
7100071  0.28181928396224976
4000072  0.28134506940841675
3600055  0.28133904933929443
4000094  0.281193345785141
2100288  0.28118985891342163
1400051  0.28116491436958313
1100163  0.280426561832428
1100172  0.2798090875148773
3900395  0.27979525923728943
9600258  0.27934178709983826
5800156  0.27877628803253174
4900050  0.27823594212532043
1700218  0.2782105803489685
9000207  0.2778739035129547
4000136  0.2775081396102905
9600103  0.27732545137405396
9000134  0.2772068381309509
7100050  0.2763637900352478
5800274  0.27634355425834656
1100063  0.27620065212249756
1300048  0.2760374844074249
1800199  0.2760322093963623
1500075  0.27550622820854187
2100128  0.2751234769821167
9600261  0.27505356073379517
9000142  0.2749599814414978
3000070  0.2739003896713257
2200081  0.27370357513427734
7100074  0.272780179977417
1100065  0.2723885774612427
1200049  0.27183079719543457
5800268  0.271786093711853
4800054  0.27156862616539
2200084  0.2713823616504669
5800270  0.27101635932922363
1500047  0.26973429322242737
5800269  0.2697310149669647
2200080  0.269131600856781
4200191  0.2689131498336792
6100206  0.26821044087409973
1300049  0.26785141229629517
1500046  0.2671811878681183
2100285  0.267120361328125
2200085  0.2661128342151642
4900051  0.2652658224105835
2200041  0.2649092972278595
2100198  0.2648829519748688
2200086  0.26416751742362976
1400050  0.2635788023471832
4800053  0.2634778618812561
5800272  0.2632670998573303
1400047  0.2631056606769562
1200048  0.26286444067955017
1400048  0.26238587498664856
1400052  0.26204854249954224
1500048  0.26191774010658264
1500045  0.256671667098999
1500049  0.2549583911895752
