1400350  1.0
1400351  1.0
1400352  1.0
1500455  1.0
1500456  1.0
1500457  1.0
1500458  1.0
1500459  1.0
1500460  1.0
1500461  1.0
1600316  1.0
1600317  1.0
1600318  1.0
1600319  1.0
1600321  1.0
1600333  1.0
1600334  1.0
1600335  1.0
1600337  1.0
1600338  1.0
1600299  0.5
1600300  0.5
1600301  0.5
1600302  0.5
1600304  0.5
1600197  0.19999999999999996
1600198  0.19999999999999996
1600234  0.125
1600209  0.11111111111111116
1600210  0.11111111111111116
1600157  0.02857142857142858
1600229  0.022346368715083775
1600232  0.022346368715083775
1600233  0.022346368715083775
1600238  0.022346368715083775
1600239  0.022346368715083775
1600240  0.022346368715083775
1600242  0.022346368715083775
1500323  0.022222222222222254
1600150  0.022222222222222254
1600153  0.022222222222222254
1600154  0.022222222222222254
1600155  0.022222222222222254
1600098  0.021164021164021163
1600099  0.021164021164021163
1600100  0.021164021164021163
1600101  0.021164021164021163
1600102  0.021164021164021163
1400233  0.015873015873015928
1400234  0.015873015873015928
1500189  0.015748031496062964
1500303  0.015748031496062964
1500304  0.015748031496062964
1500333  0.015748031496062964
1500334  0.015748031496062964
1500182  0.014598540145985384
1500185  0.014598540145985384
1500320  0.014598540145985384
1500322  0.014598540145985384
1500326  0.014598540145985384
1500327  0.014598540145985384
1500337  0.014598540145985384
1500339  0.014598540145985384
1500340  0.014598540145985384
1500341  0.014598540145985384
1500343  0.014598540145985384
1500095  0.014184397163120588
1500096  0.014184397163120588
1500103  0.013245033112582738
1500104  0.013245033112582738
1500105  0.013245033112582738
1500106  0.013245033112582738
1500107  0.013245033112582738
1500108  0.013245033112582738
1400218  0.009708737864077666
1400219  0.009708737864077666
1400220  0.009708737864077666
1400073  0.008000000000000007
1400074  0.008000000000000007
1400075  0.008000000000000007
1100170  0.005555555555555536
1100171  0.005555555555555536
1100184  0.005555555555555536
1100185  0.005555555555555536
1100192  0.005555555555555536
1000071  0.005235602094240788
1000072  0.005235602094240788
1000073  0.005235602094240788
1100094  0.005102040816326481
1100095  0.005102040816326481
1100096  0.005102040816326481
1100097  0.005102040816326481
1200063  0.005102040816326481
1200064  0.005102040816326481
1200065  0.005102040816326481
