1600333  0.12221155315637589
1600321  0.12120819836854935
1600318  0.1178167313337326
1600334  0.11500353366136551
1600316  0.11432982981204987
1600337  0.11408939212560654
1600317  0.11310189217329025
1600338  0.11201509833335876
1600335  0.08865578472614288
1500461  0.08658770471811295
1500456  0.08199238032102585
1500323  0.08172648400068283
1400352  0.0748784989118576
1600319  0.07360569387674332
1500459  0.07289129495620728
1500457  0.07203768938779831
1500455  0.07152008265256882
1500458  0.07049662619829178
1400350  0.06962011009454727
1600304  0.06926343590021133
1600157  0.06683334708213806
1600233  0.06469124555587769
1600240  0.06444910168647766
1400234  0.06409413367509842
1600238  0.06400473415851593
1600299  0.06394420564174652
1400219  0.06358222663402557
1500333  0.06356704980134964
1400220  0.06343540549278259
1400073  0.0631508082151413
1500340  0.06286269426345825
1600209  0.06269370019435883
1100170  0.06117451563477516
1500337  0.06096421554684639
1400351  0.06067103147506714
1500107  0.06050160154700279
1500106  0.06047797203063965
1500343  0.05962076410651207
1500334  0.05960472673177719
1500185  0.05957503989338875
1600197  0.05935266241431236
1400233  0.05924901366233826
1600302  0.058581672608852386
1600234  0.05825303867459297
1500105  0.05821302533149719
1100171  0.05810334160923958
1600155  0.05805925279855728
1600229  0.05800575017929077
1500460  0.05788372829556465
1400074  0.05773433670401573
1500303  0.05716465786099434
1600210  0.056650031358003616
1500327  0.05664525181055069
1600300  0.05655470862984657
1100096  0.05629098787903786
1500108  0.05605596303939819
1500096  0.05539187043905258
1400218  0.055384114384651184
1600301  0.05527575686573982
1600150  0.05507701262831688
1100184  0.05479919910430908
1500304  0.05413923040032387
1600102  0.05367730185389519
1500341  0.05315305292606354
1500339  0.05296432226896286
1100192  0.052827510982751846
1100097  0.05258689820766449
1500189  0.052546098828315735
1400075  0.05183994397521019
1600154  0.051745716482400894
1500320  0.050913646817207336
1600098  0.05074917525053024
1500104  0.050325438380241394
1500322  0.05021502077579498
1600198  0.04996529221534729
1500182  0.04993800073862076
1600099  0.049555663019418716
1500326  0.04955240339040756
1500095  0.04888976365327835
1200065  0.048832911998033524
1600153  0.04808379337191582
1500103  0.048027899116277695
1100095  0.04779994487762451
1600232  0.047769058495759964
1600239  0.04660375788807869
1200064  0.04547565057873726
1600242  0.045024242252111435
1100185  0.04460056126117706
1100094  0.04147686809301376
1000072  0.038528770208358765
1200063  0.03840535506606102
1600100  0.038364049047231674
1600101  0.03818783536553383
1000071  0.03611358627676964
1000073  0.035425763577222824
