1600316  1.0
1600317  1.0
1600318  1.0
1600321  1.0
1600333  1.0
1600334  1.0
1600337  1.0
1600338  1.0
1600335  0.8660254037844387
1500455  0.7071067811865475
1500456  0.7071067811865475
1500457  0.7071067811865475
1500458  0.7071067811865475
1500459  0.7071067811865475
1500460  0.7071067811865475
1500461  0.7071067811865475
1400350  0.5
1400351  0.5
1400352  0.5
1600319  0.5
1600299  0.35355339059327373
1600300  0.35355339059327373
1600301  0.35355339059327373
1600302  0.35355339059327373
1600304  0.35355339059327373
1600234  0.25
1600209  0.23570226039551587
1600210  0.23570226039551587
1600197  0.22360679774997896
1600198  0.22360679774997896
1600157  0.1690308509457033
1600229  0.14948701855038718
1600232  0.14948701855038718
1600233  0.14948701855038718
1600238  0.14948701855038718
1600239  0.14948701855038718
1600240  0.14948701855038718
1600242  0.14948701855038718
1600150  0.14907119849998599
1600153  0.14907119849998599
1600154  0.14907119849998599
1600155  0.14907119849998599
1600098  0.14547859349066158
1600099  0.14547859349066158
1600100  0.14547859349066158
1600101  0.14547859349066158
1600102  0.14547859349066158
1500323  0.10540925533894598
1500189  0.08873565094161139
1500303  0.08873565094161139
1500304  0.08873565094161139
1500333  0.08873565094161139
1500334  0.08873565094161139
1500182  0.0854357657716761
1500185  0.0854357657716761
1500320  0.0854357657716761
1500322  0.0854357657716761
1500326  0.0854357657716761
1500327  0.0854357657716761
1500337  0.0854357657716761
1500339  0.0854357657716761
1500340  0.0854357657716761
1500341  0.0854357657716761
1500343  0.0854357657716761
1500095  0.0842151921066519
1500096  0.0842151921066519
1500103  0.08137884587711594
1500104  0.08137884587711594
1500105  0.08137884587711594
1500106  0.08137884587711594
1500107  0.08137884587711594
1500108  0.08137884587711594
1400233  0.0629940788348712
1400234  0.0629940788348712
1400218  0.04926646390821466
1400219  0.04926646390821466
1400220  0.04926646390821466
1400073  0.044721359549995794
1400074  0.044721359549995794
1400075  0.044721359549995794
1100170  0.037267799624996496
1100171  0.037267799624996496
1100184  0.037267799624996496
1100185  0.037267799624996496
1100192  0.037267799624996496
1000071  0.03617873026462108
1000072  0.03617873026462108
1000073  0.03617873026462108
1100094  0.03571428571428571
1100095  0.03571428571428571
1100096  0.03571428571428571
1100097  0.03571428571428571
1200063  0.03571428571428571
1200064  0.03571428571428571
1200065  0.03571428571428571
