3300135  inf
3300136  inf
3300330  inf
3800056  inf
3800057  inf
3800139  inf
3800140  inf
4400167  inf
5100083  inf
5100084  inf
2102480  1.0
2102482  1.0
2102483  1.0
2102484  1.0
5300081  0.5
5300082  0.5
3400204  0.3333333333333333
3400205  0.3333333333333333
3400206  0.3333333333333333
3400207  0.3333333333333333
5300324  0.3333333333333333
5300406  0.3333333333333333
5300427  0.3333333333333333
5400063  0.3333333333333333
5400064  0.3333333333333333
5400105  0.3333333333333333
5400106  0.3333333333333333
2200674  0.2
2200675  0.2
2200676  0.2
2200677  0.2
2200678  0.2
2200679  0.2
2200682  0.2
2200683  0.2
2200686  0.2
2200687  0.2
2200688  0.2
2200689  0.2
2200690  0.2
2200691  0.2
2200694  0.2
2200695  0.2
2200698  0.2
2200699  0.2
2200700  0.2
2200704  0.2
2200706  0.2
2200712  0.2
2200754  0.2
2200755  0.2
2200756  0.2
2200757  0.2
2200758  0.2
2200759  0.2
2200762  0.2
2200763  0.2
2200766  0.2
2200767  0.2
2200768  0.2
2200769  0.2
2200770  0.2
2200771  0.2
2200774  0.2
2200775  0.2
2200778  0.2
2200779  0.2
2200780  0.2
2200781  0.2
2200782  0.2
2200783  0.2
2200786  0.2
2200787  0.2
2200790  0.2
2200791  0.2
2200792  0.2
2200795  0.2
2200796  0.2
2200797  0.2
2200801  0.2
2200803  0.2
2200809  0.2
3300050  0.2
3300051  0.2
3400395  0.2
3400398  0.2
3400482  0.2
3400485  0.2
3400488  0.2
3400489  0.2
3400503  0.2
5000041  0.2
5000044  0.2
5000047  0.2
5000050  0.2
5000053  0.2
5000056  0.2
5000059  0.2
5000063  0.2
5000067  0.2
5000071  0.2
5000095  0.2
5000096  0.2
5000097  0.2
5000098  0.2
5000099  0.2
5000137  0.2
5000138  0.2
5000139  0.2
5000140  0.2
5000141  0.2
5000151  0.2
5000152  0.2
5000153  0.2
5000154  0.2
5000155  0.2
5000168  0.2
5000169  0.2
5000170  0.2
5000171  0.2
5000172  0.2
5000198  0.2
5000206  0.2
5000214  0.2
5000243  0.2
5000249  0.2
5000275  0.2
5000276  0.2
5000286  0.2
5000287  0.2
5000321  0.2
5000322  0.2
5000326  0.2
5000327  0.2
5000328  0.2
5000329  0.2
5000330  0.2
5000331  0.2
5000453  0.2
5000454  0.2
5000462  0.2
5000463  0.2
5000519  0.2
5100042  0.2
5100118  0.2
5200054  0.2
5200055  0.2
5200056  0.2
5200074  0.2
5200075  0.2
5200076  0.2
5200079  0.2
5200080  0.2
5200081  0.2
5200094  0.2
5200120  0.2
5200134  0.2
5300034  0.2
5300055  0.2
5300056  0.2
5300057  0.2
5300058  0.2
5300059  0.2
5300066  0.2
5300067  0.2
5300068  0.2
5300069  0.2
5300070  0.2
5300090  0.2
5300091  0.2
5300092  0.2
5300093  0.2
5300094  0.2
5300095  0.2
5300096  0.2
5300105  0.2
5300137  0.2
5300138  0.2
5300141  0.2
5300142  0.2
5300147  0.2
5300148  0.2
5300149  0.2
5300150  0.2
5300171  0.2
5300225  0.2
5300235  0.2
5300236  0.2
5300322  0.2
5300323  0.2
5300326  0.2
5300327  0.2
5300339  0.2
5300340  0.2
5300341  0.2
5300342  0.2
5300344  0.2
5300345  0.2
5300346  0.2
5300347  0.2
5300349  0.2
5300350  0.2
5300351  0.2
5300352  0.2
5300356  0.2
5300357  0.2
5300358  0.2
5300359  0.2
5300360  0.2
5300364  0.2
5300365  0.2
5300376  0.2
5400042  0.2
5400043  0.2
5400049  0.2
5400056  0.2
5400057  0.2
5400058  0.2
5400060  0.2
5400074  0.2
5400075  0.2
5400076  0.2
5400077  0.2
5400078  0.2
5400079  0.2
5400080  0.2
5400082  0.2
5400086  0.2
5400099  0.2
5400100  0.2
5400101  0.2
5400103  0.2
5400112  0.2
5400113  0.2
5400114  0.2
5400115  0.2
5400116  0.2
5400117  0.2
5400118  0.2
5400120  0.2
5400122  0.2
5400125  0.2
5400126  0.2
5400131  0.2
5400136  0.2
5600137  0.2
5600138  0.2
5600139  0.2
5600140  0.2
5600144  0.2
5600150  0.2
5600152  0.2
5600153  0.2
5600155  0.2
5600158  0.2
5600162  0.2
5600170  0.2
5600171  0.2
5600173  0.2
5600178  0.2
5600179  0.2
5600180  0.2
5600181  0.2
5600185  0.2
5600186  0.2
5600190  0.2
2102456  0.16666666666666666
3200242  0.16666666666666666
3200243  0.16666666666666666
3300132  0.16666666666666666
3300134  0.16666666666666666
3300151  0.16666666666666666
3300152  0.16666666666666666
3300153  0.16666666666666666
3300155  0.16666666666666666
3300156  0.16666666666666666
3300157  0.16666666666666666
3300158  0.16666666666666666
3300159  0.16666666666666666
3300160  0.16666666666666666
3300161  0.16666666666666666
3300162  0.16666666666666666
3300163  0.16666666666666666
3300164  0.16666666666666666
3300165  0.16666666666666666
3300166  0.16666666666666666
3300170  0.16666666666666666
3300175  0.16666666666666666
3300176  0.16666666666666666
3300181  0.16666666666666666
7000510  0.16666666666666666
7000511  0.16666666666666666
7000512  0.16666666666666666
7000513  0.16666666666666666
7000523  0.16666666666666666
7000524  0.16666666666666666
7000526  0.16666666666666666
7000527  0.16666666666666666
2102458  0.125
2102459  0.125
2102570  0.125
3400198  0.125
3400199  0.125
7000500  0.125
7000501  0.125
7000502  0.125
7000503  0.125
7000504  0.125
2102445  0.1111111111111111
2102446  0.1111111111111111
2102447  0.1111111111111111
2102557  0.1111111111111111
2102558  0.1111111111111111
2102560  0.1111111111111111
2102561  0.1111111111111111
2102562  0.1111111111111111
2102564  0.1111111111111111
2102565  0.1111111111111111
7000443  0.1111111111111111
7000444  0.1111111111111111
7000461  0.1111111111111111
7000462  0.1111111111111111
7000463  0.1111111111111111
2100361  0.1
2100364  0.1
2100365  0.1
2100366  0.1
2102306  0.1
2102436  0.1
2102439  0.1
2102443  0.1
2102450  0.1
2102455  0.1
2102461  0.1
2102462  0.1
2102463  0.1
2102465  0.1
2102466  0.1
2102467  0.1
2102470  0.1
2102471  0.1
2102472  0.1
2102473  0.1
2102474  0.1
2102477  0.1
2102485  0.1
2102486  0.1
2102487  0.1
2102488  0.1
2102489  0.1
2102490  0.1
2102491  0.1
2102493  0.1
2102494  0.1
2102496  0.1
2102497  0.1
2102498  0.1
2102500  0.1
2102501  0.1
2102502  0.1
2102505  0.1
2102507  0.1
2102508  0.1
2102512  0.1
2102513  0.1
2102516  0.1
2102527  0.1
2102528  0.1
2102529  0.1
2102530  0.1
2102531  0.1
2102532  0.1
2102533  0.1
2102536  0.1
2102538  0.1
2102539  0.1
2102540  0.1
2102543  0.1
2102546  0.1
2102547  0.1
2102548  0.1
2102549  0.1
2102550  0.1
2102552  0.1
2102553  0.1
2102555  0.1
2102569  0.1
2102573  0.1
2102671  0.1
2102672  0.1
2102676  0.1
2102677  0.1
2102680  0.1
2102681  0.1
2102683  0.1
2102685  0.1
2102686  0.1
2102687  0.1
2102689  0.1
2102694  0.1
2102696  0.1
2103056  0.1
2103057  0.1
2103586  0.1
2103589  0.1
2103590  0.1
2103593  0.1
2103596  0.1
7000436  0.1
7000437  0.1
2102221  0.09090909090909091
3500397  0.09090909090909091
7000419  0.09090909090909091
7000420  0.09090909090909091
7000421  0.09090909090909091
7000423  0.09090909090909091
7000424  0.09090909090909091
7000425  0.09090909090909091
7000426  0.09090909090909091
7000439  0.09090909090909091
7000499  0.09090909090909091
3300042  0.07692307692307693
3300125  0.07692307692307693
3400453  0.07692307692307693
3400454  0.07692307692307693
3400502  0.07692307692307693
3400505  0.07692307692307693
3400506  0.07692307692307693
4400156  0.07692307692307693
7000288  0.07692307692307693
7000289  0.07692307692307693
7000292  0.07692307692307693
2102662  0.07142857142857142
2102665  0.07142857142857142
2102666  0.07142857142857142
3300087  0.07142857142857142
3300088  0.07142857142857142
3400089  0.07142857142857142
3400091  0.07142857142857142
3400101  0.07142857142857142
3400108  0.07142857142857142
3400111  0.07142857142857142
3400112  0.07142857142857142
3400115  0.07142857142857142
3400135  0.07142857142857142
3400176  0.07142857142857142
3400179  0.07142857142857142
3400180  0.07142857142857142
3400181  0.07142857142857142
3400182  0.07142857142857142
3400187  0.07142857142857142
3400188  0.07142857142857142
3400192  0.07142857142857142
3400193  0.07142857142857142
3400194  0.07142857142857142
3400195  0.07142857142857142
3400196  0.07142857142857142
3400201  0.07142857142857142
3400202  0.07142857142857142
3400211  0.07142857142857142
3400214  0.07142857142857142
3400215  0.07142857142857142
3400217  0.07142857142857142
3400317  0.07142857142857142
3400318  0.07142857142857142
3400319  0.07142857142857142
3400354  0.07142857142857142
3400355  0.07142857142857142
3500217  0.07142857142857142
3500531  0.07142857142857142
3500532  0.07142857142857142
3500533  0.07142857142857142
3500536  0.07142857142857142
3500537  0.07142857142857142
3500538  0.07142857142857142
3500539  0.07142857142857142
3500540  0.07142857142857142
3500541  0.07142857142857142
3500542  0.07142857142857142
3500543  0.07142857142857142
3500544  0.07142857142857142
3500545  0.07142857142857142
6300101  0.07142857142857142
6300103  0.07142857142857142
6300104  0.07142857142857142
6300105  0.07142857142857142
7000418  0.07142857142857142
7000441  0.07142857142857142
7000457  0.07142857142857142
7000458  0.07142857142857142
7000460  0.07142857142857142
7000483  0.07142857142857142
7000597  0.07142857142857142
7500115  0.07142857142857142
7500119  0.07142857142857142
7500124  0.07142857142857142
7500128  0.07142857142857142
7500130  0.07142857142857142
2102661  0.06666666666666667
2103582  0.06666666666666667
3300063  0.06666666666666667
3300064  0.06666666666666667
3400457  0.06666666666666667
3400458  0.06666666666666667
3500506  0.06666666666666667
3500508  0.06666666666666667
3500509  0.06666666666666667
3500615  0.06666666666666667
3500616  0.06666666666666667
3500617  0.06666666666666667
4400164  0.06666666666666667
4800139  0.06666666666666667
4800143  0.06666666666666667
4800144  0.06666666666666667
4800145  0.06666666666666667
4800146  0.06666666666666667
4800147  0.06666666666666667
4800148  0.06666666666666667
4800149  0.06666666666666667
4800150  0.06666666666666667
4800152  0.06666666666666667
4800153  0.06666666666666667
4800158  0.06666666666666667
4900060  0.06666666666666667
4900067  0.06666666666666667
7000405  0.06666666666666667
7000406  0.06666666666666667
7000496  0.06666666666666667
7000497  0.06666666666666667
3400452  0.0625
3400461  0.0625
3400462  0.0625
3800182  0.0625
3800183  0.0625
4400158  0.0625
4800047  0.0625
4800048  0.0625
4800094  0.0625
4800107  0.0625
4800109  0.0625
4800118  0.0625
4800120  0.0625
7000530  0.0625
7000531  0.0625
7000586  0.0625
7000587  0.0625
7000588  0.0625
7000590  0.0625
7000591  0.0625
7000592  0.0625
7000593  0.0625
7000594  0.0625
7000596  0.0625
7000599  0.0625
7000603  0.0625
3300224  0.058823529411764705
3300233  0.058823529411764705
3300270  0.058823529411764705
3300271  0.058823529411764705
3300272  0.058823529411764705
3300273  0.058823529411764705
3300274  0.058823529411764705
3300275  0.058823529411764705
3300277  0.058823529411764705
3300344  0.058823529411764705
3300348  0.058823529411764705
3400357  0.058823529411764705
3400358  0.058823529411764705
3400494  0.058823529411764705
3400495  0.058823529411764705
3400498  0.058823529411764705
3400499  0.058823529411764705
3500295  0.058823529411764705
3500339  0.058823529411764705
3500340  0.058823529411764705
3500341  0.058823529411764705
3500342  0.058823529411764705
3500592  0.058823529411764705
3500593  0.058823529411764705
3500594  0.058823529411764705
3500628  0.058823529411764705
3500633  0.058823529411764705
4200431  0.058823529411764705
4200460  0.058823529411764705
4400155  0.058823529411764705
7000276  0.058823529411764705
7000328  0.058823529411764705
7000329  0.058823529411764705
7000330  0.058823529411764705
7000335  0.058823529411764705
7000351  0.058823529411764705
7000352  0.058823529411764705
7000353  0.058823529411764705
7000355  0.058823529411764705
7000363  0.058823529411764705
7000380  0.058823529411764705
7000381  0.058823529411764705
7000382  0.058823529411764705
7000383  0.058823529411764705
7000385  0.058823529411764705
7000386  0.058823529411764705
7000387  0.058823529411764705
7000388  0.058823529411764705
7000393  0.058823529411764705
7000416  0.058823529411764705
7000446  0.058823529411764705
7000447  0.058823529411764705
7000494  0.058823529411764705
7000611  0.058823529411764705
7000612  0.058823529411764705
7000613  0.058823529411764705
7000615  0.058823529411764705
7000616  0.058823529411764705
7000617  0.058823529411764705
7000618  0.058823529411764705
7000619  0.058823529411764705
7000621  0.058823529411764705
7000622  0.058823529411764705
7000624  0.058823529411764705
7000628  0.058823529411764705
2102149  0.05555555555555555
2102150  0.05555555555555555
2102153  0.05555555555555555
2102601  0.05555555555555555
2102602  0.05555555555555555
2102607  0.05555555555555555
2103424  0.05555555555555555
2103492  0.05555555555555555
2900353  0.05555555555555555
2900364  0.05555555555555555
2900365  0.05555555555555555
2900368  0.05555555555555555
2900380  0.05555555555555555
2900381  0.05555555555555555
2900382  0.05555555555555555
2900386  0.05555555555555555
3000040  0.05555555555555555
3000041  0.05555555555555555
3000042  0.05555555555555555
3000043  0.05555555555555555
3000044  0.05555555555555555
3000050  0.05555555555555555
3000057  0.05555555555555555
3100261  0.05555555555555555
3100262  0.05555555555555555
3100263  0.05555555555555555
3100264  0.05555555555555555
3300207  0.05555555555555555
3300208  0.05555555555555555
3300213  0.05555555555555555
3300214  0.05555555555555555
3300215  0.05555555555555555
3300219  0.05555555555555555
3300220  0.05555555555555555
3300221  0.05555555555555555
3300222  0.05555555555555555
3300223  0.05555555555555555
3300226  0.05555555555555555
3300229  0.05555555555555555
3300230  0.05555555555555555
3300232  0.05555555555555555
3300282  0.05555555555555555
3300296  0.05555555555555555
3300297  0.05555555555555555
3300298  0.05555555555555555
3300299  0.05555555555555555
3300300  0.05555555555555555
3300301  0.05555555555555555
3300304  0.05555555555555555
3300306  0.05555555555555555
3300309  0.05555555555555555
3300310  0.05555555555555555
3300311  0.05555555555555555
3300312  0.05555555555555555
3300313  0.05555555555555555
3300314  0.05555555555555555
3300315  0.05555555555555555
3300316  0.05555555555555555
3300317  0.05555555555555555
3300318  0.05555555555555555
3300319  0.05555555555555555
3300320  0.05555555555555555
3300321  0.05555555555555555
3300322  0.05555555555555555
3300326  0.05555555555555555
3300333  0.05555555555555555
3300334  0.05555555555555555
3300335  0.05555555555555555
3300337  0.05555555555555555
3300339  0.05555555555555555
3400308  0.05555555555555555
3500390  0.05555555555555555
3500395  0.05555555555555555
3500396  0.05555555555555555
4200417  0.05555555555555555
4200418  0.05555555555555555
4200419  0.05555555555555555
4200423  0.05555555555555555
4200429  0.05555555555555555
4200430  0.05555555555555555
4200433  0.05555555555555555
4200436  0.05555555555555555
4200440  0.05555555555555555
4200448  0.05555555555555555
4200450  0.05555555555555555
4200451  0.05555555555555555
4200452  0.05555555555555555
4200453  0.05555555555555555
4200455  0.05555555555555555
4200457  0.05555555555555555
4200462  0.05555555555555555
4200463  0.05555555555555555
4200469  0.05555555555555555
4400047  0.05555555555555555
4400054  0.05555555555555555
4400055  0.05555555555555555
4400056  0.05555555555555555
4400062  0.05555555555555555
4400063  0.05555555555555555
4400064  0.05555555555555555
4400066  0.05555555555555555
4400069  0.05555555555555555
4400103  0.05555555555555555
4400124  0.05555555555555555
4400152  0.05555555555555555
4400153  0.05555555555555555
4400154  0.05555555555555555
4400160  0.05555555555555555
4400161  0.05555555555555555
4400162  0.05555555555555555
6700202  0.05555555555555555
6700204  0.05555555555555555
6700207  0.05555555555555555
6700210  0.05555555555555555
6800426  0.05555555555555555
6900132  0.05555555555555555
6900133  0.05555555555555555
6900134  0.05555555555555555
6900135  0.05555555555555555
6900136  0.05555555555555555
6900137  0.05555555555555555
6900138  0.05555555555555555
6900139  0.05555555555555555
6900140  0.05555555555555555
6900146  0.05555555555555555
6900149  0.05555555555555555
6900150  0.05555555555555555
6900151  0.05555555555555555
6900152  0.05555555555555555
6900153  0.05555555555555555
6900154  0.05555555555555555
6900159  0.05555555555555555
6900166  0.05555555555555555
6900168  0.05555555555555555
6900175  0.05555555555555555
6900184  0.05555555555555555
6900185  0.05555555555555555
6900187  0.05555555555555555
6900194  0.05555555555555555
6900195  0.05555555555555555
6900196  0.05555555555555555
6900199  0.05555555555555555
6900200  0.05555555555555555
6900201  0.05555555555555555
6900202  0.05555555555555555
6900203  0.05555555555555555
6900204  0.05555555555555555
6900205  0.05555555555555555
6900207  0.05555555555555555
6900208  0.05555555555555555
6900209  0.05555555555555555
6900210  0.05555555555555555
6900215  0.05555555555555555
6900248  0.05555555555555555
6900249  0.05555555555555555
6900251  0.05555555555555555
6900253  0.05555555555555555
6900255  0.05555555555555555
6900259  0.05555555555555555
6900261  0.05555555555555555
6900265  0.05555555555555555
6900266  0.05555555555555555
6900267  0.05555555555555555
6900268  0.05555555555555555
6900269  0.05555555555555555
6900270  0.05555555555555555
6900324  0.05555555555555555
6900332  0.05555555555555555
6900340  0.05555555555555555
6900353  0.05555555555555555
6900354  0.05555555555555555
6900355  0.05555555555555555
6900356  0.05555555555555555
6900358  0.05555555555555555
6900359  0.05555555555555555
6900360  0.05555555555555555
6900361  0.05555555555555555
6900363  0.05555555555555555
6900364  0.05555555555555555
6900367  0.05555555555555555
6900379  0.05555555555555555
6900380  0.05555555555555555
6900381  0.05555555555555555
6900382  0.05555555555555555
6900384  0.05555555555555555
6900385  0.05555555555555555
6900386  0.05555555555555555
6900387  0.05555555555555555
6900389  0.05555555555555555
6900390  0.05555555555555555
6900393  0.05555555555555555
6900404  0.05555555555555555
6900405  0.05555555555555555
6900406  0.05555555555555555
6900407  0.05555555555555555
6900408  0.05555555555555555
6900409  0.05555555555555555
6900410  0.05555555555555555
6900411  0.05555555555555555
6900413  0.05555555555555555
6900414  0.05555555555555555
7000224  0.05555555555555555
7000245  0.05555555555555555
7000246  0.05555555555555555
7000247  0.05555555555555555
7000248  0.05555555555555555
7000249  0.05555555555555555
7000250  0.05555555555555555
7000251  0.05555555555555555
7000257  0.05555555555555555
7000274  0.05555555555555555
7000275  0.05555555555555555
7000278  0.05555555555555555
7000327  0.05555555555555555
7000334  0.05555555555555555
7000340  0.05555555555555555
7000349  0.05555555555555555
7000359  0.05555555555555555
7000360  0.05555555555555555
7000361  0.05555555555555555
7000370  0.05555555555555555
7000372  0.05555555555555555
7000373  0.05555555555555555
7000379  0.05555555555555555
7000391  0.05555555555555555
7000392  0.05555555555555555
7000395  0.05555555555555555
7000397  0.05555555555555555
7000401  0.05555555555555555
7000402  0.05555555555555555
7000403  0.05555555555555555
7000410  0.05555555555555555
7000455  0.05555555555555555
7000485  0.05555555555555555
7000486  0.05555555555555555
7000539  0.05555555555555555
7000541  0.05555555555555555
7000542  0.05555555555555555
2500063  0.05263157894736842
2500070  0.05263157894736842
2500071  0.05263157894736842
3200187  0.05263157894736842
3200188  0.05263157894736842
3400281  0.05263157894736842
3400290  0.05263157894736842
3400292  0.05263157894736842
3400293  0.05263157894736842
3400297  0.05263157894736842
3400298  0.05263157894736842
3400300  0.05263157894736842
3400305  0.05263157894736842
3400306  0.05263157894736842
3400307  0.05263157894736842
3400312  0.05263157894736842
3400324  0.05263157894736842
3400325  0.05263157894736842
3400326  0.05263157894736842
3400329  0.05263157894736842
3400346  0.05263157894736842
3400348  0.05263157894736842
3400349  0.05263157894736842
3400350  0.05263157894736842
3400351  0.05263157894736842
3400352  0.05263157894736842
3400360  0.05263157894736842
3400361  0.05263157894736842
3400362  0.05263157894736842
3400363  0.05263157894736842
3400369  0.05263157894736842
3400468  0.05263157894736842
3500082  0.05263157894736842
3500083  0.05263157894736842
3500084  0.05263157894736842
3500085  0.05263157894736842
3500086  0.05263157894736842
3500087  0.05263157894736842
3500088  0.05263157894736842
3500150  0.05263157894736842
3500155  0.05263157894736842
3500156  0.05263157894736842
3500163  0.05263157894736842
3500164  0.05263157894736842
3500165  0.05263157894736842
3500166  0.05263157894736842
3500167  0.05263157894736842
3500168  0.05263157894736842
3500185  0.05263157894736842
3500262  0.05263157894736842
3500263  0.05263157894736842
3500264  0.05263157894736842
3500265  0.05263157894736842
3500317  0.05263157894736842
3500319  0.05263157894736842
3500321  0.05263157894736842
3500323  0.05263157894736842
3500548  0.05263157894736842
3900089  0.05263157894736842
4900046  0.05263157894736842
4900053  0.05263157894736842
5800036  0.05263157894736842
5800037  0.05263157894736842
5800038  0.05263157894736842
5800039  0.05263157894736842
5800045  0.05263157894736842
5800052  0.05263157894736842
5800059  0.05263157894736842
5800066  0.05263157894736842
5800075  0.05263157894736842
5800076  0.05263157894736842
5800077  0.05263157894736842
5800082  0.05263157894736842
5800083  0.05263157894736842
5800085  0.05263157894736842
5800088  0.05263157894736842
6200057  0.05263157894736842
6200058  0.05263157894736842
6200059  0.05263157894736842
6200060  0.05263157894736842
6200070  0.05263157894736842
6200081  0.05263157894736842
7300166  0.05263157894736842
7300167  0.05263157894736842
2100375  0.05
2102202  0.05
2102203  0.05
2102288  0.05
2102289  0.05
2102588  0.05
2102589  0.05
2102590  0.05
2102592  0.05
2102600  0.05
2103579  0.05
3200062  0.05
3400380  0.05
3400381  0.05
3400383  0.05
3400390  0.05
3400391  0.05
3400405  0.05
3400406  0.05
3500297  0.05
3500408  0.05
3500501  0.05
3500503  0.05
3500504  0.05
3500580  0.05
3500583  0.05
3500587  0.05
3500588  0.05
3500589  0.05
3500590  0.05
3500601  0.05
3500614  0.05
3500619  0.05
3900095  0.05
3900096  0.05
4700065  0.05
4700066  0.05
4800032  0.05
4800133  0.05
6000234  0.05
6000239  0.05
6000240  0.05
6600075  0.05
6600077  0.05
6600078  0.05
7300159  0.05
7300164  0.05
7300170  0.05
7300171  0.05
2102302  0.047619047619047616
2102583  0.047619047619047616
2102587  0.047619047619047616
2102613  0.047619047619047616
2102625  0.047619047619047616
2102637  0.047619047619047616
2102647  0.047619047619047616
2102660  0.047619047619047616
2103569  0.047619047619047616
2103571  0.047619047619047616
2103575  0.047619047619047616
2103576  0.047619047619047616
2103577  0.047619047619047616
2103580  0.047619047619047616
2103671  0.047619047619047616
3200081  0.047619047619047616
3200082  0.047619047619047616
3200083  0.047619047619047616
3200129  0.047619047619047616
3200130  0.047619047619047616
3200131  0.047619047619047616
3200132  0.047619047619047616
3200138  0.047619047619047616
3200139  0.047619047619047616
3200140  0.047619047619047616
3200141  0.047619047619047616
3200143  0.047619047619047616
3200200  0.047619047619047616
3200230  0.047619047619047616
3500294  0.047619047619047616
3500499  0.047619047619047616
3500500  0.047619047619047616
3500511  0.047619047619047616
3800161  0.047619047619047616
3800162  0.047619047619047616
2100113  0.045454545454545456
2100126  0.045454545454545456
2100139  0.045454545454545456
2100158  0.045454545454545456
2100177  0.045454545454545456
2100196  0.045454545454545456
2100216  0.045454545454545456
2100235  0.045454545454545456
2100254  0.045454545454545456
2100275  0.045454545454545456
2100283  0.045454545454545456
2100286  0.045454545454545456
2101588  0.045454545454545456
2101590  0.045454545454545456
2101591  0.045454545454545456
2101592  0.045454545454545456
2101593  0.045454545454545456
2101596  0.045454545454545456
2101598  0.045454545454545456
2101608  0.045454545454545456
2101610  0.045454545454545456
2101611  0.045454545454545456
2101612  0.045454545454545456
2101613  0.045454545454545456
2101614  0.045454545454545456
2101616  0.045454545454545456
2101627  0.045454545454545456
2101628  0.045454545454545456
2101631  0.045454545454545456
2101632  0.045454545454545456
2101633  0.045454545454545456
2101634  0.045454545454545456
2101637  0.045454545454545456
2101638  0.045454545454545456
2101639  0.045454545454545456
2101640  0.045454545454545456
2101643  0.045454545454545456
2101644  0.045454545454545456
2101645  0.045454545454545456
2101646  0.045454545454545456
2101672  0.045454545454545456
2101673  0.045454545454545456
2101675  0.045454545454545456
2101676  0.045454545454545456
2101677  0.045454545454545456
2101678  0.045454545454545456
2101679  0.045454545454545456
2101681  0.045454545454545456
2101682  0.045454545454545456
2101683  0.045454545454545456
2101684  0.045454545454545456
2101685  0.045454545454545456
2101687  0.045454545454545456
2101702  0.045454545454545456
2101729  0.045454545454545456
2101730  0.045454545454545456
2101732  0.045454545454545456
2101733  0.045454545454545456
2101734  0.045454545454545456
2101735  0.045454545454545456
2101738  0.045454545454545456
2101740  0.045454545454545456
2101751  0.045454545454545456
2101752  0.045454545454545456
2101754  0.045454545454545456
2101755  0.045454545454545456
2101756  0.045454545454545456
2101758  0.045454545454545456
2102135  0.045454545454545456
2102136  0.045454545454545456
2102138  0.045454545454545456
2102141  0.045454545454545456
2102142  0.045454545454545456
2102143  0.045454545454545456
2102144  0.045454545454545456
2102148  0.045454545454545456
2102156  0.045454545454545456
2102161  0.045454545454545456
2102175  0.045454545454545456
2102181  0.045454545454545456
2102182  0.045454545454545456
2102183  0.045454545454545456
2102185  0.045454545454545456
2102186  0.045454545454545456
2102187  0.045454545454545456
2102188  0.045454545454545456
2102190  0.045454545454545456
2102191  0.045454545454545456
2102192  0.045454545454545456
2102193  0.045454545454545456
2102195  0.045454545454545456
2102196  0.045454545454545456
2102204  0.045454545454545456
2102205  0.045454545454545456
2102206  0.045454545454545456
2102209  0.045454545454545456
2102210  0.045454545454545456
2102213  0.045454545454545456
2102215  0.045454545454545456
2102217  0.045454545454545456
2102219  0.045454545454545456
2102233  0.045454545454545456
2102236  0.045454545454545456
2102237  0.045454545454545456
2102241  0.045454545454545456
2102246  0.045454545454545456
2102247  0.045454545454545456
2102261  0.045454545454545456
2102267  0.045454545454545456
2102268  0.045454545454545456
2102269  0.045454545454545456
2102271  0.045454545454545456
2102272  0.045454545454545456
2102273  0.045454545454545456
2102274  0.045454545454545456
2102276  0.045454545454545456
2102277  0.045454545454545456
2102278  0.045454545454545456
2102279  0.045454545454545456
2102281  0.045454545454545456
2102282  0.045454545454545456
2102290  0.045454545454545456
2102291  0.045454545454545456
2102292  0.045454545454545456
2102298  0.045454545454545456
2102300  0.045454545454545456
2102304  0.045454545454545456
2103020  0.045454545454545456
2103334  0.045454545454545456
2103338  0.045454545454545456
2103342  0.045454545454545456
2103343  0.045454545454545456
2103347  0.045454545454545456
2103348  0.045454545454545456
2600091  0.045454545454545456
3100037  0.045454545454545456
3100041  0.045454545454545456
3100045  0.045454545454545456
3100049  0.045454545454545456
3100068  0.045454545454545456
3100069  0.045454545454545456
3100070  0.045454545454545456
3100071  0.045454545454545456
3100150  0.045454545454545456
3100158  0.045454545454545456
3200111  0.045454545454545456
3200112  0.045454545454545456
3200113  0.045454545454545456
3200114  0.045454545454545456
3200115  0.045454545454545456
3200116  0.045454545454545456
3200120  0.045454545454545456
3200181  0.045454545454545456
3200182  0.045454545454545456
3200198  0.045454545454545456
3200199  0.045454545454545456
3200202  0.045454545454545456
3200208  0.045454545454545456
3200286  0.045454545454545456
3400050  0.045454545454545456
3400051  0.045454545454545456
3400052  0.045454545454545456
3400066  0.045454545454545456
3400067  0.045454545454545456
3400068  0.045454545454545456
3400226  0.045454545454545456
3400236  0.045454545454545456
3400238  0.045454545454545456
3400242  0.045454545454545456
3400264  0.045454545454545456
3400265  0.045454545454545456
3400267  0.045454545454545456
3400279  0.045454545454545456
3400283  0.045454545454545456
3400415  0.045454545454545456
3400416  0.045454545454545456
3400417  0.045454545454545456
3400439  0.045454545454545456
3400440  0.045454545454545456
3400442  0.045454545454545456
3400443  0.045454545454545456
3400445  0.045454545454545456
3400448  0.045454545454545456
3400449  0.045454545454545456
3400467  0.045454545454545456
3400472  0.045454545454545456
3400476  0.045454545454545456
3400477  0.045454545454545456
3400511  0.045454545454545456
3500093  0.045454545454545456
3500094  0.045454545454545456
3500095  0.045454545454545456
3500096  0.045454545454545456
3500097  0.045454545454545456
3500098  0.045454545454545456
3500099  0.045454545454545456
3500115  0.045454545454545456
3500116  0.045454545454545456
3500117  0.045454545454545456
3500118  0.045454545454545456
3500119  0.045454545454545456
3500120  0.045454545454545456
3500121  0.045454545454545456
3500122  0.045454545454545456
3500123  0.045454545454545456
3500181  0.045454545454545456
3500182  0.045454545454545456
3500194  0.045454545454545456
3500202  0.045454545454545456
3500210  0.045454545454545456
3500225  0.045454545454545456
3500226  0.045454545454545456
3500235  0.045454545454545456
3500242  0.045454545454545456
3500243  0.045454545454545456
3500245  0.045454545454545456
3500252  0.045454545454545456
3500253  0.045454545454545456
3500254  0.045454545454545456
3500255  0.045454545454545456
3500281  0.045454545454545456
3500292  0.045454545454545456
3500293  0.045454545454545456
3500300  0.045454545454545456
3500312  0.045454545454545456
3500313  0.045454545454545456
3500336  0.045454545454545456
3500344  0.045454545454545456
3500365  0.045454545454545456
3500385  0.045454545454545456
3500387  0.045454545454545456
3500388  0.045454545454545456
3500393  0.045454545454545456
3500394  0.045454545454545456
3500404  0.045454545454545456
3500405  0.045454545454545456
3500406  0.045454545454545456
3500407  0.045454545454545456
3500412  0.045454545454545456
3500489  0.045454545454545456
3500490  0.045454545454545456
3500494  0.045454545454545456
3500495  0.045454545454545456
3500496  0.045454545454545456
3500515  0.045454545454545456
3500516  0.045454545454545456
3500517  0.045454545454545456
3500519  0.045454545454545456
3500520  0.045454545454545456
3500522  0.045454545454545456
3500524  0.045454545454545456
3500525  0.045454545454545456
3500527  0.045454545454545456
3500567  0.045454545454545456
3500568  0.045454545454545456
3500569  0.045454545454545456
3500570  0.045454545454545456
3500572  0.045454545454545456
3500577  0.045454545454545456
3500605  0.045454545454545456
3600050  0.045454545454545456
3600052  0.045454545454545456
3600055  0.045454545454545456
3600058  0.045454545454545456
3700024  0.045454545454545456
3700027  0.045454545454545456
3700030  0.045454545454545456
3700033  0.045454545454545456
3700036  0.045454545454545456
3800048  0.045454545454545456
3800049  0.045454545454545456
3800148  0.045454545454545456
3800155  0.045454545454545456
3800156  0.045454545454545456
3800157  0.045454545454545456
3800159  0.045454545454545456
3800166  0.045454545454545456
3800167  0.045454545454545456
3800168  0.045454545454545456
3800176  0.045454545454545456
3800177  0.045454545454545456
3800178  0.045454545454545456
3800180  0.045454545454545456
3800189  0.045454545454545456
3800190  0.045454545454545456
3800191  0.045454545454545456
3800192  0.045454545454545456
3800194  0.045454545454545456
3800195  0.045454545454545456
3800199  0.045454545454545456
3800204  0.045454545454545456
3900037  0.045454545454545456
3900051  0.045454545454545456
3900052  0.045454545454545456
3900053  0.045454545454545456
3900054  0.045454545454545456
3900066  0.045454545454545456
3900073  0.045454545454545456
3900084  0.045454545454545456
3900156  0.045454545454545456
4000104  0.045454545454545456
4000105  0.045454545454545456
4000106  0.045454545454545456
4000107  0.045454545454545456
4000113  0.045454545454545456
4000120  0.045454545454545456
4100036  0.045454545454545456
4100039  0.045454545454545456
4100043  0.045454545454545456
4100047  0.045454545454545456
4100051  0.045454545454545456
4100065  0.045454545454545456
4100066  0.045454545454545456
4100067  0.045454545454545456
4100128  0.045454545454545456
4300054  0.045454545454545456
4300058  0.045454545454545456
4300063  0.045454545454545456
4300068  0.045454545454545456
4300073  0.045454545454545456
4300078  0.045454545454545456
4300083  0.045454545454545456
4600029  0.045454545454545456
4600042  0.045454545454545456
4600043  0.045454545454545456
4600044  0.045454545454545456
4600045  0.045454545454545456
4600058  0.045454545454545456
4600059  0.045454545454545456
4600074  0.045454545454545456
4600087  0.045454545454545456
4600094  0.045454545454545456
4600102  0.045454545454545456
4700039  0.045454545454545456
4700040  0.045454545454545456
4700052  0.045454545454545456
4700058  0.045454545454545456
4700059  0.045454545454545456
4800037  0.045454545454545456
4800038  0.045454545454545456
4800060  0.045454545454545456
4800061  0.045454545454545456
4800208  0.045454545454545456
4800209  0.045454545454545456
4800211  0.045454545454545456
4800224  0.045454545454545456
4800225  0.045454545454545456
4800227  0.045454545454545456
4800230  0.045454545454545456
4800231  0.045454545454545456
4800232  0.045454545454545456
4800235  0.045454545454545456
4800237  0.045454545454545456
4800240  0.045454545454545456
4800241  0.045454545454545456
4800246  0.045454545454545456
4800250  0.045454545454545456
4900037  0.045454545454545456
4900038  0.045454545454545456
4900039  0.045454545454545456
4900040  0.045454545454545456
5900245  0.045454545454545456
5900496  0.045454545454545456
6000230  0.045454545454545456
6000244  0.045454545454545456
6400524  0.045454545454545456
6400525  0.045454545454545456
6400526  0.045454545454545456
6400527  0.045454545454545456
6400532  0.045454545454545456
6400533  0.045454545454545456
6400539  0.045454545454545456
6400545  0.045454545454545456
6400546  0.045454545454545456
6400552  0.045454545454545456
6600035  0.045454545454545456
6600036  0.045454545454545456
6600037  0.045454545454545456
7400196  0.045454545454545456
