2100119  0.29911649227142334
2300068  0.2978016436100006
1100171  0.29645591974258423
1100128  0.2941988706588745
2100145  0.2931502163410187
2100078  0.29265695810317993
2200061  0.2904975712299347
2100075  0.2872657775878906
2200082  0.2872461974620819
2100147  0.28672605752944946
2200080  0.2855544984340668
2200084  0.28476184606552124
1100178  0.28459709882736206
2100106  0.2812492251396179
2600161  0.27664437890052795
2100132  0.2741909325122833
2200081  0.2739761769771576
2100148  0.27232515811920166
2200067  0.2713282108306885
2600156  0.2676500380039215
2100100  0.26597556471824646
2400095  0.26322075724601746
2700140  0.26170143485069275
2100103  0.26135173439979553
2700153  0.2609400153160095
2700149  0.25913113355636597
2400101  0.25864705443382263
1100174  0.2577041685581207
2100072  0.2576887309551239
1100179  0.25721949338912964
1100036  0.2570992410182953
2600200  0.2561311721801758
2600133  0.25494951009750366
2100082  0.25338214635849
1900168  0.2521654963493347
2700146  0.25022977590560913
2100076  0.24923425912857056
1900172  0.24814297258853912
2700145  0.24610453844070435
2600059  0.2458670437335968
1900136  0.2458161860704422
1900146  0.245348259806633
2400060  0.2436775416135788
1900051  0.24345903098583221
1900141  0.24275702238082886
2700133  0.2417464554309845
1900161  0.2412959635257721
2700141  0.2411579191684723
1900134  0.24064373970031738
1900142  0.23984171450138092
2100185  0.23920981585979462
1900139  0.2390160858631134
1900135  0.23881924152374268
2600126  0.2381870001554489
2400102  0.23610331118106842
2100162  0.2354428917169571
1900143  0.23328952491283417
2100170  0.23288968205451965
2600130  0.23246882855892181
2100192  0.23229147493839264
2100053  0.2300335317850113
2400097  0.22967445850372314
2100052  0.22924093902111053
2400099  0.22906440496444702
2600204  0.2287449985742569
1900166  0.2282406985759735
2600197  0.225721076130867
1900165  0.22518470883369446
2400106  0.224595308303833
1900167  0.22419896721839905
1900137  0.22395449876785278
2400096  0.22365957498550415
1900169  0.22335056960582733
1900178  0.2226731777191162
1900133  0.22182169556617737
1900138  0.2217300683259964
2700142  0.22166620194911957
1900052  0.21867287158966064
1900144  0.21861743927001953
1900170  0.21785090863704681
1900140  0.21769647300243378
2400093  0.21741323173046112
1900162  0.21636301279067993
2100051  0.2156769037246704
2100184  0.21479567885398865
2100050  0.2127619981765747
1900145  0.2113131433725357
2100180  0.2108682543039322
2400040  0.2094225138425827
2400090  0.20869630575180054
2200045  0.207359179854393
2100163  0.20394906401634216
2100158  0.1993931382894516
2200046  0.19183722138404846
2000038  0.18718039989471436
2000039  0.1726824939250946
