1501018  0.7071067811865475
1501063  0.7071067811865475
1501022  0.6123724356957946
1501023  0.6123724356957946
1501024  0.6123724356957946
1501026  0.6123724356957946
1501066  0.6123724356957946
1501067  0.6123724356957946
1501068  0.6123724356957946
1501070  0.6123724356957946
1200383  0.5669467095138409
1200392  0.5669467095138409
1200442  0.5669467095138409
1200443  0.5669467095138409
1200452  0.5669467095138409
1200393  0.5
1200453  0.5
1501178  0.5
1501182  0.5
1200396  0.4902903378454601
1200400  0.4902903378454601
1200401  0.4902903378454601
1200404  0.4902903378454601
1200406  0.4902903378454601
1200407  0.4902903378454601
1200409  0.4902903378454601
1200410  0.4902903378454601
1200411  0.4902903378454601
1200414  0.4902903378454601
1200415  0.4902903378454601
1200416  0.4902903378454601
1200417  0.4902903378454601
1200420  0.4902903378454601
1200422  0.4902903378454601
1200425  0.4902903378454601
1200426  0.4902903378454601
1200427  0.4902903378454601
1200428  0.4902903378454601
1200429  0.4902903378454601
1200430  0.4902903378454601
1200432  0.4902903378454601
1200433  0.4902903378454601
1200434  0.4902903378454601
1200456  0.4902903378454601
1200460  0.4902903378454601
1200927  0.4902903378454601
1200928  0.4902903378454601
1200826  0.408248290463863
1200864  0.408248290463863
1200866  0.408248290463863
1200922  0.3952847075210474
1200867  0.3922322702763681
1200871  0.3922322702763681
1003754  0.36084391824351614
1003766  0.36084391824351614
1003784  0.36084391824351614
1003785  0.36084391824351614
1003787  0.36084391824351614
1106142  0.36084391824351614
1106150  0.36084391824351614
1106158  0.36084391824351614
1106166  0.36084391824351614
1200874  0.36084391824351614
1200875  0.36084391824351614
1200882  0.36084391824351614
1200883  0.36084391824351614
1200884  0.36084391824351614
1200890  0.36084391824351614
1200899  0.36084391824351614
1200900  0.36084391824351614
1200901  0.36084391824351614
1200902  0.36084391824351614
1200903  0.36084391824351614
1200910  0.36084391824351614
1200911  0.36084391824351614
1200917  0.36084391824351614
1200919  0.36084391824351614
1200925  0.36084391824351614
1200931  0.36084391824351614
1403711  0.36084391824351614
1403722  0.36084391824351614
1403747  0.36084391824351614
1403748  0.36084391824351614
1403750  0.36084391824351614
1200807  0.34299717028501764
1100029  0.3227486121839514
1101535  0.3227486121839514
1103043  0.3227486121839514
1104074  0.3227486121839514
1105103  0.3227486121839514
1200080  0.3227486121839514
1200464  0.31980107453341566
1200471  0.31980107453341566
1200472  0.31980107453341566
1200473  0.31980107453341566
1200475  0.31980107453341566
1200476  0.31980107453341566
1200478  0.31980107453341566
1200479  0.31980107453341566
1200480  0.31980107453341566
1200483  0.31980107453341566
1200484  0.31980107453341566
1200485  0.31980107453341566
1200486  0.31980107453341566
1200489  0.31980107453341566
1200491  0.31980107453341566
1200493  0.31980107453341566
1200494  0.31980107453341566
1200497  0.31980107453341566
1200498  0.31980107453341566
1200499  0.31980107453341566
1200500  0.31980107453341566
1200501  0.31980107453341566
1200502  0.31980107453341566
1200504  0.31980107453341566
1200505  0.31980107453341566
1200506  0.31980107453341566
1200545  0.31980107453341566
1200549  0.31980107453341566
1202261  0.3
1202267  0.3
1202268  0.3
1202269  0.3
1202271  0.3
1202272  0.3
1202273  0.3
1202274  0.3
1202276  0.3
1202277  0.3
1202278  0.3
1202279  0.3
1202281  0.3
1202282  0.3
1202290  0.3
1202291  0.3
1202292  0.3
1202302  0.26064301757134345
1202175  0.25916052767440806
1202181  0.25916052767440806
1202182  0.25916052767440806
1202183  0.25916052767440806
1202185  0.25916052767440806
1202186  0.25916052767440806
1202187  0.25916052767440806
1202188  0.25916052767440806
1202190  0.25916052767440806
1202191  0.25916052767440806
1202192  0.25916052767440806
1202193  0.25916052767440806
1202195  0.25916052767440806
1202196  0.25916052767440806
1202204  0.25916052767440806
1202205  0.25916052767440806
1202206  0.25916052767440806
1202246  0.25
1202247  0.25
1202298  0.25
1202233  0.24659848095803594
1202236  0.24659848095803594
1202237  0.24659848095803594
1202241  0.24659848095803594
1201730  0.23145502494313785
1201732  0.23145502494313785
1201733  0.23145502494313785
1201734  0.23145502494313785
1201735  0.23145502494313785
1201751  0.23145502494313785
1201752  0.23145502494313785
1201754  0.23145502494313785
1201755  0.23145502494313785
1201756  0.23145502494313785
1201758  0.23145502494313785
1202161  0.228747855498907
1202209  0.228747855498907
1202213  0.228747855498907
1201588  0.22613350843332272
1201590  0.22613350843332272
1201591  0.22613350843332272
1201592  0.22613350843332272
1201593  0.22613350843332272
1201596  0.22613350843332272
1201598  0.22613350843332272
1201608  0.22613350843332272
1201610  0.22613350843332272
1201611  0.22613350843332272
1201612  0.22613350843332272
1201613  0.22613350843332272
1201614  0.22613350843332272
1201616  0.22613350843332272
1201627  0.22613350843332272
1201628  0.22613350843332272
1201631  0.22613350843332272
1201632  0.22613350843332272
1201633  0.22613350843332272
1201634  0.22613350843332272
1201637  0.22613350843332272
1201638  0.22613350843332272
1201639  0.22613350843332272
1201640  0.22613350843332272
1201643  0.22613350843332272
1201644  0.22613350843332272
1201645  0.22613350843332272
1201646  0.22613350843332272
1201672  0.22613350843332272
1201673  0.22613350843332272
1201675  0.22613350843332272
1201676  0.22613350843332272
1201677  0.22613350843332272
1201678  0.22613350843332272
1201679  0.22613350843332272
1201681  0.22613350843332272
1201682  0.22613350843332272
1201683  0.22613350843332272
1201684  0.22613350843332272
1201685  0.22613350843332272
1201687  0.22613350843332272
1201702  0.22613350843332272
1201729  0.22613350843332272
1201738  0.22613350843332272
1201740  0.22613350843332272
1202135  0.22360679774997896
1202136  0.22360679774997896
1202138  0.22360679774997896
1202141  0.22360679774997896
1202142  0.22360679774997896
1202148  0.22360679774997896
1202156  0.22360679774997896
1202238  0.22360679774997896
1202217  0.22271770159368698
1501166  0.19695964928958382
1500059  0.18650096164806276
1500062  0.18650096164806276
1500065  0.18650096164806276
1500067  0.18650096164806276
1500069  0.18650096164806276
1500098  0.18650096164806276
1500099  0.18650096164806276
1500100  0.18650096164806276
1500102  0.18650096164806276
1500103  0.18650096164806276
1500105  0.18650096164806276
1200104  0.18257418583505539
1200106  0.18257418583505539
1200115  0.18257418583505539
1200128  0.18257418583505539
1200141  0.18257418583505539
1200160  0.18257418583505539
1200179  0.18257418583505539
1200198  0.18257418583505539
1200218  0.18257418583505539
1200237  0.18257418583505539
1200256  0.18257418583505539
1200277  0.18257418583505539
1200285  0.18257418583505539
1200288  0.18257418583505539
1500385  0.17496355305594127
1500376  0.17437145811572893
1202221  0.1720618004029213
1202143  0.14744195615489714
1202144  0.14744195615489714
1202306  0.125
1202157  0.10206207261596577
1202242  0.10206207261596577
