2700810  0.4738306701183319
2700228  0.4731940031051636
2700399  0.4728016257286072
2700167  0.47278642654418945
2700239  0.4721582531929016
2700725  0.4720158576965332
2700234  0.47190728783607483
2700813  0.47179195284843445
2700698  0.4716099798679352
2700818  0.4711156487464905
2700785  0.47028830647468567
2700194  0.47022873163223267
2700589  0.4701864719390869
2700168  0.47005683183670044
2700276  0.4697718024253845
2700216  0.4696093201637268
2700481  0.46946221590042114
2700773  0.46932390332221985
2700440  0.4690900444984436
2700328  0.4690810739994049
2700491  0.46906670928001404
2700783  0.46882888674736023
2700193  0.468781977891922
2700645  0.46877360343933105
2700237  0.46860167384147644
2700842  0.4684145152568817
2700395  0.4684005677700043
2700171  0.46831586956977844
2700784  0.4683109223842621
2700567  0.46818849444389343
2700356  0.46815037727355957
2700473  0.4680444002151489
2700227  0.4680364429950714
2700798  0.4680047035217285
2700766  0.46782785654067993
2700597  0.467410147190094
2700184  0.4673204720020294
2700781  0.4671964645385742
2700562  0.4671768546104431
2700559  0.46716442704200745
2700500  0.4671442210674286
2700368  0.46713149547576904
2700249  0.46711310744285583
2700682  0.46709954738616943
2700279  0.4670499861240387
2700499  0.4670284390449524
2700598  0.4669978618621826
2700823  0.4669925272464752
2700794  0.46696391701698303
2700782  0.46693703532218933
2700183  0.46692684292793274
2700166  0.4669228494167328
2700539  0.46689853072166443
2700483  0.466797411441803
2700824  0.4667932987213135
2700482  0.4667697846889496
2700246  0.4666934609413147
2700367  0.4664498567581177
2700349  0.46643170714378357
2700369  0.4664306640625
2700514  0.4663577377796173
2700321  0.46629831194877625
2700377  0.46626991033554077
2700355  0.46625810861587524
2700498  0.46613579988479614
2700690  0.46610885858535767
2700265  0.4660126566886902
2700204  0.466007262468338
2700814  0.4659603536128998
2700788  0.4659339189529419
2700325  0.46591150760650635
2700359  0.46585091948509216
2700308  0.465771347284317
2700819  0.4657563865184784
2700726  0.465732604265213
2700822  0.4656201899051666
2700226  0.4656151235103607
2700386  0.46548399329185486
2700301  0.46541863679885864
2700786  0.4653378427028656
2700287  0.4653109908103943
2700364  0.46526309847831726
2700404  0.46518945693969727
2700424  0.46516960859298706
2700442  0.46512749791145325
2700163  0.46509432792663574
2700334  0.4650426208972931
2700350  0.46499136090278625
2700288  0.4649553894996643
2700336  0.4647926688194275
2700708  0.46469801664352417
2700848  0.4646817743778229
2700331  0.46463513374328613
2700808  0.46458515524864197
2700269  0.46438416838645935
2700587  0.4642640948295593
2700696  0.46420979499816895
2700160  0.46420446038246155
2700495  0.46416109800338745
2700724  0.46409323811531067
2700727  0.4640834927558899
2700391  0.46407559514045715
2700317  0.46398013830184937
2700809  0.463979572057724
2700719  0.4639101028442383
2700277  0.4638200104236603
2700256  0.46378380060195923
2700397  0.4634934365749359
2700695  0.46348440647125244
2700357  0.463447630405426
2700270  0.46337196230888367
2700512  0.4633614718914032
2700415  0.46330276131629944
2700730  0.4633018374443054
2700419  0.46325886249542236
2700292  0.4632258713245392
2700245  0.4632076025009155
2700518  0.4631944000720978
2700407  0.4631514251232147
2700385  0.46305713057518005
2700261  0.46305111050605774
2700330  0.46304354071617126
2700290  0.4630184471607208
2700795  0.4629826843738556
2700315  0.462811678647995
2800138  0.46280965209007263
2700656  0.4627905488014221
2700585  0.4627649188041687
2700531  0.46268051862716675
2700371  0.46258383989334106
2700340  0.4625760614871979
2700320  0.4625627100467682
2700841  0.4625568985939026
2700403  0.4625456631183624
2700490  0.46254098415374756
2700715  0.46253296732902527
2700523  0.46252772212028503
2800329  0.46251732110977173
2700560  0.4624714255332947
2700515  0.46246641874313354
2700235  0.46241843700408936
2700707  0.4623827040195465
2700252  0.4623556435108185
2700322  0.462340384721756
2700225  0.4622819423675537
2700480  0.4622448980808258
2700678  0.46223756670951843
2700242  0.4622325897216797
2700767  0.46222442388534546
2700691  0.4621928632259369
2700568  0.4621652364730835
2800345  0.46214285492897034
2700556  0.46212470531463623
2700777  0.462099552154541
2700516  0.4620812237262726
2700476  0.46203887462615967
2700485  0.46194788813591003
2700830  0.4619103670120239
2700608  0.4618659019470215
2700844  0.46184036135673523
2700564  0.4618321359157562
2800241  0.4617747664451599
2700479  0.4617488384246826
2700238  0.4616992473602295
2700647  0.4615757167339325
2700642  0.46156957745552063
2700804  0.4615340232849121
2700378  0.46151381731033325
2700394  0.46147581934928894
2700668  0.4614693820476532
2700684  0.4614451229572296
2700661  0.4614314138889313
2700339  0.46133360266685486
2700236  0.4613119065761566
2700728  0.46129661798477173
2700262  0.46128034591674805
2700592  0.46124207973480225
2700501  0.46122804284095764
2700229  0.46120765805244446
2700525  0.46118518710136414
2800242  0.46115779876708984
2700205  0.46114715933799744
2700232  0.4611376225948334
2700402  0.4611365497112274
2700360  0.46111100912094116
2700282  0.4610320031642914
2700832  0.46099093556404114
2700519  0.4609861373901367
2700566  0.46097588539123535
2700594  0.46096697449684143
2700344  0.46093156933784485
2700770  0.4608965814113617
2700803  0.4608471393585205
2700817  0.4608405530452728
2700508  0.4608040153980255
2700493  0.4607292115688324
2700793  0.46070003509521484
2700716  0.46066153049468994
2700329  0.4605320692062378
2700540  0.46053194999694824
2800124  0.46050041913986206
2700574  0.46049708127975464
2700307  0.4604807496070862
2700169  0.4604620933532715
2700294  0.46043944358825684
2700497  0.46043872833251953
2700847  0.4603511095046997
2700316  0.46027857065200806
2700272  0.46020790934562683
2700807  0.4601971507072449
2700769  0.46018850803375244
2700408  0.46014711260795593
2700289  0.4599929451942444
2700644  0.4599420130252838
2700275  0.45993372797966003
2700771  0.4598919749259949
2700522  0.45987382531166077
2700295  0.4598391354084015
2700689  0.4597474932670593
2700347  0.4597463309764862
2700215  0.4597332775592804
2700396  0.45972225069999695
2700381  0.4596995413303375
2700521  0.4596635103225708
2700569  0.4596221446990967
2700537  0.4596152603626251
2700697  0.4595703184604645
2700643  0.4594570994377136
2700736  0.4594419002532959
2700549  0.459423303604126
2700387  0.4593895375728607
2700723  0.45930686593055725
2700370  0.45930618047714233
2800335  0.4592638313770294
2700374  0.4591524600982666
2700699  0.459139347076416
2700532  0.4591338038444519
2700510  0.4591245651245117
2800244  0.4591194987297058
2700605  0.45908400416374207
2700780  0.4590281844139099
2800118  0.45898470282554626
2700667  0.45888954401016235
2700692  0.45876023173332214
2700393  0.45874688029289246
2700851  0.45874452590942383
2700843  0.458731472492218
2800211  0.4586956799030304
2700802  0.4586498737335205
2800172  0.4586254060268402
2700253  0.4585755467414856
2700659  0.45855075120925903
2700575  0.45854562520980835
2700363  0.45852747559547424
2700648  0.45831915736198425
2700658  0.4581465423107147
2700573  0.458102285861969
2700553  0.4580825865268707
2700612  0.45804786682128906
2700586  0.45803606510162354
2800219  0.4580225944519043
2700672  0.4579554498195648
2700652  0.45789629220962524
2700529  0.4578837454319
2700739  0.4578293263912201
2700677  0.45782768726348877
2700312  0.45778998732566833
2700735  0.4577745199203491
2700768  0.4576512277126312
2700517  0.4576117992401123
2700384  0.4575945734977722
2700293  0.45756447315216064
2700561  0.45753422379493713
2700429  0.4575188457965851
2800185  0.45745348930358887
2700224  0.45742854475975037
2700319  0.4573673903942108
2700680  0.4573569893836975
2800191  0.4573330581188202
2800159  0.45731186866760254
2800220  0.4569491147994995
2700591  0.4567781686782837
2700260  0.45675942301750183
2800336  0.4567553400993347
2700548  0.4567446708679199
2700233  0.4567182958126068
2700271  0.4565826654434204
2400051  0.4565567672252655
2700409  0.45646247267723083
2700383  0.4564615786075592
2700534  0.4564157724380493
2700509  0.45641231536865234
2800218  0.4562850892543793
2700820  0.45626747608184814
2800349  0.456264853477478
2700679  0.45621025562286377
2800189  0.45618027448654175
2700533  0.4561660885810852
2700380  0.45603764057159424
2800196  0.4560089409351349
2700676  0.45598646998405457
2700405  0.45589637756347656
2800184  0.4558789134025574
2700579  0.45582228899002075
2700530  0.45568200945854187
2800224  0.4556334912776947
2700492  0.4556046724319458
2700570  0.4555925130844116
2700434  0.45551636815071106
2700348  0.45549336075782776
2800337  0.455440878868103
2700602  0.4554348886013031
2700365  0.4553702175617218
2800340  0.45535537600517273
2800117  0.4553523659706116
2800175  0.4553416967391968
2700593  0.45533454418182373
2700536  0.4553122818470001
2700657  0.45530587434768677
2800344  0.4552973508834839
2800352  0.4551139771938324
2700511  0.45511338114738464
2700541  0.4550761580467224
2700358  0.4550755023956299
2800348  0.4550244212150574
2700332  0.45454415678977966
2700846  0.4545319378376007
2500046  0.45447221398353577
2700590  0.45444339513778687
2700840  0.454404354095459
2800116  0.4542648494243622
2800212  0.4541783034801483
2700581  0.4541745185852051
2800240  0.454049676656723
2700297  0.4538962244987488
2700474  0.4537404775619507
2800115  0.4536391496658325
2700666  0.453518271446228
2700714  0.4533936083316803
2700600  0.4533826410770416
2700333  0.4533570110797882
2800350  0.45309510827064514
2400050  0.4527125060558319
2700606  0.4525074362754822
2700599  0.45237720012664795
2500049  0.45224910974502563
2800239  0.45223331451416016
2500048  0.4520847499370575
2700494  0.4520568251609802
2800158  0.45203065872192383
2800190  0.45199868083000183
2800222  0.4517863392829895
2700291  0.4516574740409851
2700683  0.4516499936580658
2700607  0.451633095741272
2700571  0.4514358341693878
2400053  0.45126351714134216
2700681  0.45126187801361084
2800123  0.4511871635913849
2800192  0.44968363642692566
2800216  0.4496099352836609
2400052  0.44948673248291016
2800119  0.4493950605392456
2800183  0.44936859607696533
2800221  0.44881993532180786
2500077  0.44832056760787964
2800139  0.44793495535850525
2800217  0.4469234347343445
2800343  0.4467541575431824
2800226  0.44669491052627563
2800342  0.4462270140647888
2800207  0.44555509090423584
2800354  0.44535335898399353
2800193  0.44371089339256287
2800341  0.4433358311653137
2500047  0.4423050582408905
