1100751  0.7453559924999299
1100752  0.7453559924999299
1100753  0.7453559924999299
1100754  0.7453559924999299
1100755  0.7453559924999299
1100756  0.7453559924999299
1100757  0.7453559924999299
1100760  0.7453559924999299
1100765  0.7453559924999299
1101231  0.6859943405700354
1101232  0.6859943405700354
1101233  0.6859943405700354
1101236  0.6859943405700354
1101283  0.6859943405700354
1101238  0.6666666666666666
1101239  0.6666666666666666
1101240  0.6666666666666666
1101241  0.6666666666666666
1101242  0.6666666666666666
1101243  0.6666666666666666
1101244  0.6666666666666666
1101247  0.6666666666666666
1101252  0.6666666666666666
1100742  0.5892556509887896
1100745  0.5892556509887896
1100746  0.5892556509887896
1100747  0.5892556509887896
1100750  0.5892556509887896
1100779  0.5892556509887896
1101213  0.5270462766947299
1800072  0.4216370213557839
1800073  0.4216370213557839
1800076  0.4216370213557839
1800077  0.4216370213557839
1800078  0.4216370213557839
1800095  0.4216370213557839
2700067  0.4216370213557839
2700098  0.4216370213557839
2700099  0.4216370213557839
2700100  0.4216370213557839
2700101  0.4216370213557839
2700102  0.4216370213557839
2700131  0.4216370213557839
2700216  0.4216370213557839
2700220  0.4216370213557839
2700221  0.4216370213557839
2700222  0.4216370213557839
2700223  0.4216370213557839
2700244  0.4216370213557839
2700256  0.4216370213557839
2700259  0.4216370213557839
2700260  0.4216370213557839
2700262  0.4216370213557839
2700333  0.4216370213557839
2200051  0.4063712768871578
2300055  0.3624732559981062
1500066  0.3585685828003181
1500067  0.3585685828003181
1101284  0.3333333333333333
2100064  0.3333333333333333
2100065  0.3333333333333333
2400078  0.3333333333333333
2400079  0.3333333333333333
2400080  0.3333333333333333
2400081  0.3333333333333333
2400082  0.3333333333333333
2400083  0.3333333333333333
2400084  0.3333333333333333
2500073  0.3333333333333333
2500074  0.3333333333333333
2500075  0.3333333333333333
2500084  0.3333333333333333
2500087  0.3333333333333333
2500088  0.3333333333333333
2500089  0.3333333333333333
2500091  0.3333333333333333
2500099  0.3333333333333333
2500113  0.3333333333333333
2500116  0.3333333333333333
2500147  0.3333333333333333
2600064  0.3333333333333333
2600065  0.3333333333333333
2600079  0.3333333333333333
2600080  0.3333333333333333
2600094  0.3333333333333333
2600095  0.3333333333333333
2600189  0.3333333333333333
1300315  0.3285091522175248
1300316  0.3285091522175248
1300318  0.3285091522175248
1300328  0.3285091522175248
1300329  0.3285091522175248
1300336  0.3285091522175248
1900070  0.3285091522175248
1900071  0.3285091522175248
1900082  0.3285091522175248
1900083  0.3285091522175248
1900084  0.3285091522175248
1300104  0.3194575716689438
1300105  0.3194575716689438
1300113  0.3194575716689438
1300114  0.3194575716689438
1300117  0.3194575716689438
1300118  0.3194575716689438
1300119  0.3194575716689438
1300120  0.3194575716689438
1300121  0.3194575716689438
1300122  0.3194575716689438
1300297  0.3194575716689438
1300298  0.3194575716689438
1100726  0.2721655269759087
1600176  0.2606233456578416
1600177  0.2606233456578416
1600189  0.2606233456578416
1600190  0.2606233456578416
1600196  0.2606233456578416
1600095  0.24828176658071038
1600096  0.24828176658071038
1600097  0.24828176658071038
1600098  0.24828176658071038
1700063  0.24828176658071038
1700064  0.24828176658071038
1700065  0.24828176658071038
1000049  0.23754227473946876
2000087  0.23754227473946876
2000088  0.23754227473946876
2000091  0.23754227473946876
2000092  0.23754227473946876
2000093  0.23754227473946876
2100097  0.23570226039551587
2100098  0.23570226039551587
2100099  0.23570226039551587
2100112  0.23570226039551587
2100113  0.23570226039551587
2100114  0.23570226039551587
2100127  0.23570226039551587
2100128  0.23570226039551587
2100129  0.23570226039551587
2100142  0.23570226039551587
2100143  0.23570226039551587
2100144  0.23570226039551587
2400092  0.23570226039551587
2400101  0.23570226039551587
2400119  0.23570226039551587
2400128  0.23570226039551587
2500173  0.23570226039551587
2500174  0.23570226039551587
2500187  0.23570226039551587
2500188  0.23570226039551587
2500215  0.23570226039551587
2500216  0.23570226039551587
2500229  0.23570226039551587
2500230  0.23570226039551587
2600120  0.23570226039551587
2600121  0.23570226039551587
2600135  0.23570226039551587
2600136  0.23570226039551587
2600162  0.23570226039551587
2600163  0.23570226039551587
2600177  0.23570226039551587
2600178  0.23570226039551587
1100780  0.13608276348795434
