1200235  1.0
1200238  1.0
1200239  1.0
1200240  1.0
1300446  1.0
1300447  1.0
1300449  1.0
1300452  1.0
1300453  1.0
1300455  1.0
1300456  1.0
1300457  1.0
1300458  1.0
1300460  1.0
1300463  1.0
1300465  1.0
1300469  1.0
1300470  1.0
1300472  1.0
1300474  1.0
1300475  1.0
1300478  1.0
1300480  1.0
1300482  1.0
1300484  1.0
1300485  1.0
1300486  1.0
1300490  1.0
1300492  1.0
1300494  1.0
1300495  1.0
1300496  1.0
1300498  1.0
1300501  1.0
1300502  1.0
1300503  1.0
1300506  1.0
1300510  1.0
1300511  1.0
1300514  1.0
1300521  1.0
1300522  1.0
1300525  1.0
1300530  1.0
1300535  1.0
1300536  1.0
1300537  1.0
1300541  1.0
1300543  1.0
1300555  1.0
1300556  1.0
1300558  1.0
1300560  1.0
1300563  1.0
1300564  1.0
1300568  1.0
1300569  1.0
1300572  1.0
1300576  1.0
1300578  1.0
1300579  1.0
1300580  1.0
1300584  1.0
1300586  1.0
1300587  1.0
1300588  1.0
1300609  1.0
1300612  1.0
1300613  1.0
1300614  1.0
1300714  1.0
1300718  1.0
1300725  1.0
1200159  0.8
1200195  0.75
1300682  0.75
1300685  0.75
1301296  0.75
1301299  0.75
1301300  0.75
1301304  0.75
1300631  0.6666666666666667
1300634  0.6666666666666667
1300647  0.6666666666666667
1300650  0.6666666666666667
1300664  0.6666666666666667
1300668  0.6666666666666667
1300698  0.6666666666666667
1300701  0.6666666666666667
1000089  0.5
1000111  0.5
1000129  0.5
1000147  0.5
1000165  0.5
1000186  0.5
1000204  0.5
1000222  0.5
1000240  0.5
1000259  0.5
1000277  0.5
1000295  0.5
1000313  0.5
1000331  0.5
1000349  0.5
1000368  0.5
1000387  0.5
1000405  0.5
1000423  0.5
1000441  0.5
1000442  0.5
1000461  0.5
1000480  0.5
1000498  0.5
1000516  0.5
1000535  0.5
1000553  0.5
1000571  0.5
1000589  0.5
1000607  0.5
1000625  0.5
1000643  0.5
1000661  0.5
1000679  0.5
1000697  0.5
1000715  0.5
1000733  0.5
1000753  0.5
1000772  0.5
1000790  0.5
1000809  0.5
1000827  0.5
1000845  0.5
1000860  0.5
1000870  0.5
1000880  0.5
1000890  0.5
1000900  0.5
1000910  0.5
1000922  0.5
1000942  0.5
1000954  0.5
1000966  0.5
1000978  0.5
1000990  0.5
1001002  0.5
1001014  0.5
1001026  0.5
1001038  0.5
1001050  0.5
1001062  0.5
1001074  0.5
1001086  0.5
1001099  0.5
1001111  0.5
1001123  0.5
1001135  0.5
1001147  0.5
1001160  0.5
1001173  0.5
1001186  0.5
1001199  0.5
1001212  0.5
1001224  0.5
1001236  0.5
1001277  0.5
1001288  0.5
1001298  0.5
1001316  0.5
1001383  0.5
1001399  0.5
1001402  0.5
1001418  0.5
1001421  0.5
1001435  0.5
1001438  0.5
1100027  0.5
1100032  0.5
1100037  0.5
1100042  0.5
1100047  0.5
1100052  0.5
1100057  0.5
1100062  0.5
1100067  0.5
1100072  0.5
1100089  0.5
1100090  0.5
1100091  0.5
1100092  0.5
1100105  0.5
1100132  0.5
1100134  0.5
1100136  0.5
1100138  0.5
1100140  0.5
1100142  0.5
1100144  0.5
1100146  0.5
1100147  0.5
1300033  0.04938271604938271
1300035  0.04938271604938271
1300037  0.04938271604938271
1300039  0.04938271604938271
1300041  0.04938271604938271
1300043  0.04938271604938271
1300045  0.04938271604938271
1300047  0.04938271604938271
1300049  0.04938271604938271
1300051  0.04938271604938271
1300053  0.04938271604938271
1300055  0.04938271604938271
1300057  0.04938271604938271
1300059  0.04938271604938271
1300061  0.04938271604938271
1300063  0.04938271604938271
1300065  0.04938271604938271
1300067  0.04938271604938271
