1400109  inf
2000056  inf
2000057  inf
2000058  inf
2000060  inf
1800040  12.8
1800060  12.8
1800090  12.8
1800093  12.8
1800095  12.8
1800096  12.8
1800097  12.8
1800099  12.8
1800101  12.8
1800102  12.8
1800106  12.8
1800158  12.8
1800160  12.8
1800162  12.8
1800168  12.8
1800169  12.8
1800170  12.8
1800171  12.8
1800173  12.8
1800174  12.8
1800177  12.8
1800179  12.8
1800182  12.8
1800186  12.8
1800161  8.333333333333334
1000045  5.333333333333333
1000046  5.333333333333333
1100038  5.333333333333333
1100039  5.333333333333333
1400039  5.333333333333333
1400042  5.333333333333333
1400050  5.333333333333333
1400051  5.333333333333333
1400052  5.333333333333333
1400053  5.333333333333333
1400076  5.333333333333333
1400077  5.333333333333333
1400093  5.333333333333333
1400097  5.333333333333333
1400098  5.333333333333333
1300047  0.14285714285714285
1300049  0.14285714285714285
1300050  0.14285714285714285
1300053  0.14285714285714285
1300054  0.14285714285714285
1300057  0.14285714285714285
1300083  0.14285714285714285
1300085  0.14285714285714285
1300094  0.14285714285714285
1300100  0.14285714285714285
1300113  0.14285714285714285
1300114  0.14285714285714285
1300115  0.14285714285714285
1300151  0.14285714285714285
1300152  0.14285714285714285
1300153  0.14285714285714285
1300154  0.14285714285714285
1300155  0.14285714285714285
1300235  0.14285714285714285
1300265  0.14285714285714285
1300266  0.14285714285714285
1300267  0.14285714285714285
1300271  0.14285714285714285
1300272  0.14285714285714285
1500044  0.14285714285714285
1500045  0.14285714285714285
1800180  0.14285714285714285
1900036  0.14285714285714285
1900038  0.14285714285714285
1900039  0.14285714285714285
